0 	-0.016364966 	0.0094201888 	1.0666996
2.0100503e-05 	0.0050380121 	0.02119895 	1.0659202
4.0201005e-05 	0.0050380121 	0.02119895 	1.0659202
6.0301508e-05 	0.012983169 	0.02182444 	1.0632185
8.040201e-05 	0.012983169 	0.02182444 	1.0632185
0.00010050251 	0.012983169 	0.02182444 	1.0632185
0.00012060302 	0.015796129 	0.023886617 	1.0596251
0.00014070352 	0.015796129 	0.023886617 	1.0596251
0.00016080402 	0.015796129 	0.023886617 	1.0596251
0.00018090452 	0.017839198 	0.025424116 	1.0561027
0.00020100503 	0.017839198 	0.025424116 	1.0561027
0.00022110553 	0.017839198 	0.025424116 	1.0561027
0.00024120603 	0.019513448 	0.026034823 	1.0533704
0.00026130653 	0.019513448 	0.026034823 	1.0533704
0.00028140704 	0.020792551 	0.025763834 	1.0518293
0.00030150754 	0.020792551 	0.025763834 	1.0518293
0.00032160804 	0.020792551 	0.025763834 	1.0518293
0.00034170854 	0.0216105 	0.024748845 	1.0515576
0.00036180905 	0.0216105 	0.024748845 	1.0515576
0.00038190955 	0.0216105 	0.024748845 	1.0515576
0.00040201005 	0.021951937 	0.023098583 	1.0523774
0.00042211055 	0.021951937 	0.023098583 	1.0523774
0.00044221106 	0.021951937 	0.023098583 	1.0523774
0.00046231156 	0.021874788 	0.020848878 	1.0539644
0.00048241206 	0.021874788 	0.020848878 	1.0539644
0.00050251256 	0.021507842 	0.017993759 	1.0559592
0.00052261307 	0.021507842 	0.017993759 	1.0559592
0.00054271357 	0.021507842 	0.017993759 	1.0559592
0.00056281407 	0.021017194 	0.014560596 	1.0580454
0.00058291457 	0.021017194 	0.014560596 	1.0580454
0.00060301508 	0.021017194 	0.014560596 	1.0580454
0.00062311558 	0.020556343 	0.010697249 	1.0599962
0.00064321608 	0.020556343 	0.010697249 	1.0599962
0.00066331658 	0.020556343 	0.010697249 	1.0599962
0.00068341709 	0.020204742 	0.0066929314 	1.0617146
0.00070351759 	0.020204742 	0.0066929314 	1.0617146
0.00072361809 	0.019925113 	0.0029037667 	1.0632472
0.00074371859 	0.019925113 	0.0029037667 	1.0632472
0.0007638191 	0.019925113 	0.0029037667 	1.0632472
0.0007839196 	0.019553432 	-0.0003869724 	1.06473
0.0008040201 	0.019553432 	-0.0003869724 	1.06473
0.0008241206 	0.019553432 	-0.0003869724 	1.06473
0.00084422111 	0.018874405 	-0.0030965713 	1.0662333
0.00086432161 	0.018874405 	-0.0030965713 	1.0662333
0.00088442211 	0.018874405 	-0.0030965713 	1.0662333
0.00090452261 	0.017696051 	-0.0053616805 	1.0675672
0.00092462312 	0.017696051 	-0.0053616805 	1.0675672
0.00094472362 	0.016107303 	-0.0074254522 	1.0681054
0.00096482412 	0.016107303 	-0.0074254522 	1.0681054
0.00098492462 	0.016107303 	-0.0074254522 	1.0681054
0.0010050251 	0.014054606 	-0.0096477474 	1.0667138
0.0010251256 	0.014054606 	-0.0096477474 	1.0667138
0.0010452261 	0.014054606 	-0.0096477474 	1.0667138
0.0010653266 	0.012026948 	-0.01209161 	1.0616869
0.0010854271 	0.012026948 	-0.01209161 	1.0616869
0.0011055276 	0.015564858 	-0.0089344242 	1.0667121
0.0011256281 	0.013653923 	-0.010132255 	1.0569733
0.0011457286 	0.013653923 	-0.010132255 	1.0569733
0.0011658291 	0.013653923 	-0.010132255 	1.0569733
0.0011859296 	0.012392568 	-0.0113112 	1.0431991
0.0012060302 	0.0093553248 	-0.016771249 	1.0399156
0.0012261307 	0.0093553248 	-0.016771249 	1.0399156
0.0012462312 	0.0085514368 	-0.018840265 	1.0247981
0.0012663317 	0.0085514368 	-0.018840265 	1.0247981
0.0012864322 	0.0085514368 	-0.018840265 	1.0247981
0.0013065327 	0.0077908119 	-0.020961854 	1.0088005
0.0013266332 	0.0077908119 	-0.020961854 	1.0088005
0.0013467337 	0.0077908119 	-0.020961854 	1.0088005
0.0013668342 	0.0067225879 	-0.02351045 	0.99358951
0.0013869347 	0.0067225879 	-0.02351045 	0.99358951
0.0014070352 	0.0067225879 	-0.02351045 	0.99358951
0.0014271357 	0.0049469116 	-0.026722332 	0.98068162
0.0014472362 	0.0049469116 	-0.026722332 	0.98068162
0.0014673367 	0.0049469116 	-0.026722332 	0.98068162
0.0014874372 	0.002155287 	-0.030375979 	0.9711686
0.0015075377 	0.002155287 	-0.030375979 	0.9711686
0.0015276382 	-0.0017216875 	-0.033744299 	0.96571538
0.0015477387 	-0.0017216875 	-0.033744299 	0.96571538
0.0015678392 	-0.0017216875 	-0.033744299 	0.96571538
0.0015879397 	-0.0064894944 	-0.036132346 	0.96446709
0.0016080402 	-0.0064894944 	-0.036132346 	0.96446709
0.0016281407 	-0.0064894944 	-0.036132346 	0.96446709
0.0016482412 	-0.009939512 	-0.031916288 	0.96473174
0.0016683417 	-0.011775917 	-0.038029466 	0.96646333
0.0016884422 	-0.017528803 	-0.041811182 	0.96906139
0.0017085427 	-0.017528803 	-0.041811182 	0.96906139
0.0017286432 	-0.017528803 	-0.041811182 	0.96906139
0.0017487437 	-0.024629451 	-0.050879886 	0.96811017
0.0017688442 	-0.024629451 	-0.050879886 	0.96811017
0.0017889447 	-0.024629451 	-0.050879886 	0.96811017
0.0018090452 	-0.034599187 	-0.06677762 	0.95900785
0.0018291457 	-0.034599187 	-0.06677762 	0.95900785
0.0018492462 	-0.047980365 	-0.086517728 	0.93790733
0.0018693467 	-0.047980365 	-0.086517728 	0.93790733
0.0018894472 	-0.047980365 	-0.086517728 	0.93790733
0.0019095477 	-0.062509196 	-0.10402036 	0.90427672
0.0019296482 	-0.062509196 	-0.10402036 	0.90427672
0.0019497487 	-0.073750999 	-0.11487847 	0.86600483
0.0019698492 	-0.073750999 	-0.11487847 	0.86600483
0.0019899497 	-0.078452984 	-0.11888143 	0.83977859
0.0020100503 	-0.078452984 	-0.11888143 	0.83977859
0.0020301508 	-0.078452984 	-0.11888143 	0.83977859
0.0020502513 	-0.07615138 	-0.11857865 	0.8383947
0.0020703518 	-0.07615138 	-0.11857865 	0.8383947
0.0020904523 	-0.068639707 	-0.11741393 	0.85737855
0.0021105528 	-0.068639707 	-0.11741393 	0.85737855
0.0021306533 	-0.068639707 	-0.11741393 	0.85737855
0.0021507538 	-0.058878838 	-0.11838135 	0.88083812
0.0021708543 	-0.058878838 	-0.11838135 	0.88083812
0.0021909548 	-0.049071878 	-0.12205892 	0.89817018
0.0022110553 	-0.049071878 	-0.12205892 	0.89817018
0.0022311558 	-0.040136198 	-0.12684651 	0.90831316
0.0022512563 	-0.040136198 	-0.12684651 	0.90831316
0.0022713568 	-0.03250455 	-0.13087521 	0.91346879
0.0022914573 	-0.03250455 	-0.13087521 	0.91346879
0.0023115578 	-0.03250455 	-0.13087521 	0.91346879
0.0023316583 	-0.026498789 	-0.1328957 	0.91535522
0.0023517588 	-0.026498789 	-0.1328957 	0.91535522
0.0023718593 	-0.022208082 	-0.13221929 	0.91498934
0.0023919598 	-0.022208082 	-0.13221929 	0.91498934
0.0024120603 	-0.019459505 	-0.12855827 	0.91299182
0.0024321608 	-0.019459505 	-0.12855827 	0.91299182
0.0024522613 	-0.017818275 	-0.12195922 	0.90979332
0.0024723618 	-0.017818275 	-0.12195922 	0.90979332
0.0024924623 	-0.016685876 	-0.11275827 	0.90572214
0.0025125628 	-0.016685876 	-0.11275827 	0.90572214
0.0025326633 	-0.015554863 	-0.10147595 	0.9009696
0.0025527638 	-0.015554863 	-0.10147595 	0.9009696
0.0025728643 	-0.014214252 	-0.088713524 	0.89556443
0.0025929648 	-0.014214252 	-0.088713524 	0.89556443
0.0026130653 	-0.012820723 	-0.075144017 	0.88954095
0.0026331658 	-0.012820723 	-0.075144017 	0.88954095
0.0026532663 	-0.011706327 	-0.061422644 	0.88319475
0.0026733668 	-0.011706327 	-0.061422644 	0.88319475
0.0026934673 	-0.011159738 	-0.04792655 	0.87711004
0.0027135678 	-0.011159738 	-0.04792655 	0.87711004
0.0027336683 	-0.011313681 	-0.034591716 	0.87188578
0.0027537688 	-0.011313681 	-0.034591716 	0.87188578
0.0027738693 	-0.012134859 	-0.021103552 	0.86780035
0.0027939698 	-0.012134859 	-0.021103552 	0.86780035
0.0028140704 	-0.0136098 	-0.0072238413 	0.86475015
0.0028341709 	-0.0136098 	-0.0072238413 	0.86475015
0.0028542714 	-0.015485336 	0.0070721585 	0.86241695
0.0028743719 	-0.017381561 	0.021636393 	0.8604059
0.0028944724 	-0.017381561 	0.021636393 	0.8604059
0.0029145729 	-0.019154715 	0.036344211 	0.85838987
0.0029346734 	-0.019154715 	0.036344211 	0.85838987
0.0029547739 	-0.020618631 	0.051171773 	0.85615957
0.0029748744 	-0.020618631 	0.051171773 	0.85615957
0.0029949749 	-0.021502441 	0.066084326 	0.85361268
0.0030150754 	-0.021640173 	0.080935243 	0.8507865
0.0030351759 	-0.021640173 	0.080935243 	0.8507865
0.0030552764 	-0.020952795 	0.0954743 	0.8478906
0.0030753769 	-0.020952795 	0.0954743 	0.8478906
0.0030954774 	-0.019429239 	0.10941389 	0.84527511
0.0031155779 	-0.017174612 	0.12247931 	0.84336997
0.0031356784 	-0.017174612 	0.12247931 	0.84336997
0.0031557789 	-0.014360127 	0.13443966 	0.84256089
0.0031758794 	-0.014360127 	0.13443966 	0.84256089
0.0031959799 	-0.011202704 	0.14508958 	0.84306589
0.0032160804 	-0.0079258716 	0.15418884 	0.84483612
0.0032361809 	-0.0079258716 	0.15418884 	0.84483612
0.0032562814 	-0.0047293256 	0.1613886 	0.84749874
0.0032763819 	-0.0018037081 	0.16619451 	0.85031482
0.0032964824 	-0.0018037081 	0.16619451 	0.85031482
0.0033165829 	0.00069969928 	0.16796864 	0.85215429
0.0033366834 	0.002719726 	0.16613325 	0.85153551
0.0033567839 	0.002719726 	0.16613325 	0.85153551
0.0033768844 	0.0042642706 	0.16058712 	0.84686181
0.0033969849 	0.0053373047 	0.15222691 	0.83691827
0.0034170854 	0.0053373047 	0.15222691 	0.83691827
0.0034371859 	0.0058549428 	0.14307387 	0.82126632
0.0034572864 	0.0056302089 	0.13533978 	0.7999103
0.0034773869 	0.0044985018 	0.12965177 	0.77221168
0.0034974874 	0.0044985018 	0.12965177 	0.77221168
0.0035175879 	0.0024448869 	0.12407618 	0.73657122
0.0035376884 	-0.00055102774 	0.11538383 	0.69285634
0.0035577889 	-0.0048287753 	0.1017211 	0.64610216
0.0035778894 	-0.0048287753 	0.1017211 	0.64610216
0.0035979899 	-0.010839737 	0.084152326 	0.60561942
0.0036180905 	-0.018332997 	0.065566853 	0.57784704
0.003638191 	-0.026045289 	0.048431225 	0.56101151
0.0036582915 	-0.026045289 	0.048431225 	0.56101151
0.003678392 	-0.032420253 	0.033736105 	0.54775874
0.0036984925 	-0.036478565 	0.02144141 	0.5313317
0.003718593 	-0.038038971 	0.011244153 	0.50880731
0.0037386935 	-0.037439787 	0.0029445032 	0.48053928
0.003758794 	-0.035190713 	-0.0035335168 	0.44825847
0.0037788945 	-0.035190713 	-0.0035335168 	0.44825847
0.003798995 	-0.031767285 	-0.0082142792 	0.41358446
0.0038190955 	-0.027566303 	-0.011112116 	0.37732796
0.003839196 	-0.022944644 	-0.012259143 	0.3394686
0.0038592965 	-0.018244732 	-0.011800197 	0.29963921
0.003879397 	-0.013775951 	-0.010107623 	0.25756267
0.0038994975 	-0.0097457213 	-0.0077420758 	0.2134565
0.003919598 	-0.0062559845 	-0.0052904634 	0.16772988
0.0039396985 	-0.0033832205 	-0.0032366277 	0.12070603
0.003959799 	-0.0012699656 	-0.0018523184 	0.072664241
0.0039798995 	-0.00013418284 	-0.00092131681 	0.02410896
0.004 	-0.00013418284 	-0.00092131681 	0.02410896
