0 	0.030684238 	-0.0070856278 	0.96755515
5.5555556e-05 	0.031220563 	0.00587257 	0.97126776
0.00011111111 	0.031469125 	0.0062735549 	0.97549287
0.00016666667 	0.032679734 	0.0029592063 	0.98081665
0.00022222222 	0.034123148 	-0.0019948832 	0.98734185
0.00027777778 	0.035073331 	-0.0070448916 	0.99431482
0.00033333333 	0.034894661 	-0.010688222 	1.000332
0.00038888889 	0.033251129 	-0.011710948 	1.0042327
0.00044444444 	0.030240951 	-0.0094532779 	1.005894
0.0005 	0.026266109 	-0.0038441683 	1.0061876
0.00055555556 	0.021867454 	0.0046482088 	1.0063104
0.00061111111 	0.017570428 	0.01524222 	1.0072619
0.00066666667 	0.013774256 	0.026851517 	1.0098128
0.00072222222 	0.010776557 	0.038281213 	1.0146624
0.00077777778 	0.0087792253 	0.048264851 	1.0222206
0.00083333333 	0.0079159669 	0.055534669 	1.0321123
0.00088888889 	0.0082683313 	0.059038269 	1.0428321
0.00094444444 	0.0095647579 	0.058494539 	1.0521563
0.001 	0.011549604 	0.054599748 	1.0586576
0.0010617199 	0.013338296 	0.049496568 	1.0610086
0.0011225874 	0.014293122 	0.045675458 	1.0602586
0.0011826143 	0.014369916 	0.044160739 	1.0583938
0.0012418122 	0.013778376 	0.044967089 	1.0572172
0.0013001926 	0.012823085 	0.047659928 	1.0579308
0.0013577668 	0.011900798 	0.051801035 	1.0609153
0.0014145458 	0.011449401 	0.057107365 	1.0656973
0.0014705407 	0.011833315 	0.063297129 	1.0711664
0.0015257623 	0.013230776 	0.069832537 	1.0760014
0.0015802213 	0.01556741 	0.075937691 	1.0790937
0.0016339282 	0.018511495 	0.080974034 	1.0798076
0.0016868934 	0.021530593 	0.084879863 	1.0780633
0.0017391271 	0.023941725 	0.088292502 	1.0743999
0.0017906395 	0.025074314 	0.092313586 	1.0698597
0.0018414404 	0.024589857 	0.097848139 	1.0654974
0.0018915398 	0.022905909 	0.10469451 	1.0615004
0.0019409473 	0.021180785 	0.11139653 	1.0566752
0.0019896725 	0.020509304 	0.11614959 	1.0490957
0.0020377248 	0.021173357 	0.11703335 	1.0371699
0.0020851134 	0.022329988 	0.11233699 	1.0199173
0.0021318476 	0.022547836 	0.10205537 	0.99645232
0.0021779364 	0.021081385 	0.089181695 	0.96560021
0.0022233887 	0.018570408 	0.078241232 	0.92697058
0.0022682133 	0.016266864 	0.072265479 	0.88360492
0.0023124189 	0.014494213 	0.071145399 	0.84283011
0.0023560139 	0.012661099 	0.072182185 	0.81279871
0.0023990069 	0.010164233 	0.072223136 	0.79777468
0.0024414062 	0.0066376859 	0.069838303 	0.7966387
0.0024832199 	0.0021718184 	0.065428802 	0.80463065
0.0025244562 	-0.0029707604 	0.059931627 	0.81590649
0.002565123 	-0.008713355 	0.053852409 	0.82530024
0.0026052281 	-0.015036261 	0.047189687 	0.82939391
0.0026447794 	-0.022009005 	0.039850719 	0.82717443
0.0026837845 	-0.029848756 	0.031975336 	0.82078023
0.0027222509 	-0.03866763 	0.024091942 	0.81481218
0.0027601861 	-0.048216519 	0.016653174 	0.8131387
0.0027975974 	-0.057684386 	0.0093994483 	0.81590071
0.002834492 	-0.065985249 	0.0015122816 	0.82059086
0.0028708772 	-0.072324405 	-0.007519701 	0.82524542
0.0029067598 	-0.076577817 	-0.017458276 	0.82956718
0.0029421469 	-0.079076834 	-0.027676148 	0.83350702
0.0029770452 	-0.080231976 	-0.037671594 	0.83690661
0.0030114616 	-0.080313534 	-0.047157063 	0.83972856
0.0030454028 	-0.079476427 	-0.05588213 	0.842104
0.0030788752 	-0.077772033 	-0.063568679 	0.84417327
0.0031118853 	-0.075210706 	-0.069899647 	0.84594132
0.0031444395 	-0.071805525 	-0.074572413 	0.84720663
0.0031765442 	-0.067588906 	-0.077353521 	0.84755792
0.0032082055 	-0.062611622 	-0.078094809 	0.84642912
0.0032394295 	-0.056944761 	-0.076717108 	0.84319217
0.0032702223 	-0.050696293 	-0.073199898 	0.83724839
0.0033005899 	-0.044037778 	-0.067623537 	0.82809166
0.0033305381 	-0.037224242 	-0.060281572 	0.81533673
0.0033600727 	-0.030591623 	-0.051832992 	0.79871992
0.0033891994 	-0.024518246 	-0.043388338 	0.7780647
0.0034179239 	-0.01935702 	-0.036365684 	0.75323197
0.0034462517 	-0.015371054 	-0.032009485 	0.72417814
0.0034741882 	-0.012707875 	-0.030712696 	0.6912795
0.003501739 	-0.011397398 	-0.031593762 	0.65581585
0.0035289093 	-0.011314144 	-0.032773586 	0.62010412
0.0035557043 	-0.012112037 	-0.032275403 	0.58688198
0.0035821293 	-0.013240399 	-0.028894942 	0.55828532
0.0036081894 	-0.014117959 	-0.02245551 	0.53520267
0.0036338895 	-0.014313921 	-0.013535562 	0.51730173
0.0036592348 	-0.013715308 	-0.0030720528 	0.50338178
0.00368423 	-0.012419354 	0.0078635425 	0.49177463
0.00370888 	-0.010561235 	0.018179383 	0.48067489
0.0037331896 	-0.0083277095 	0.02688356 	0.46849649
0.0037571635 	-0.0059244277 	0.033172543 	0.45414726
0.0037808063 	-0.0035647125 	0.036504508 	0.43705741
0.0038041226 	-0.0014550017 	0.036653266 	0.41691733
0.0038271169 	0.00021987355 	0.033760779 	0.39326182
0.0038497936 	0.0013416064 	0.028366892 	0.36514306
0.0038721572 	0.0018875763 	0.021382961 	0.33110742
0.0038942119 	0.0019142598 	0.013977515 	0.28951338
0.003915962 	0.0015494162 	0.0073660125 	0.23909648
0.0039374118 	0.00097769536 	0.0025403367 	0.17953058
0.0039585653 	0.0004114069 	9.0397648e-06 	0.11177854
0.0039794267 	4.9031023e-05 	-0.00039010606 	0.038165578
0.004 	-1.8894185e-05 	0.0017564479 	0.036035861
