0 	-0.0068125636 	-0.016357347 	1.0064387
2.0100503e-05 	-0.0090589285 	0.0010547162 	1.0047055
4.0201005e-05 	-0.0090589285 	0.0010547162 	1.0047055
6.0301508e-05 	-0.0045787153 	-0.0026875225 	1.0018656
8.040201e-05 	-0.0045787153 	-0.0026875225 	1.0018656
0.00010050251 	-0.0045787153 	-0.0026875225 	1.0018656
0.00012060302 	-0.0036817159 	-0.0085943134 	0.99742353
0.00014070352 	-0.0036817159 	-0.0085943134 	0.99742353
0.00016080402 	-0.0036817159 	-0.0085943134 	0.99742353
0.00018090452 	-0.0041476375 	-0.013067236 	0.99140557
0.00020100503 	-0.0041476375 	-0.013067236 	0.99140557
0.00022110553 	-0.0041476375 	-0.013067236 	0.99140557
0.00024120603 	-0.0055008747 	-0.015930044 	0.98431512
0.00026130653 	-0.0055008747 	-0.015930044 	0.98431512
0.00028140704 	-0.0075944733 	-0.01780098 	0.97676833
0.00030150754 	-0.0075944733 	-0.01780098 	0.97676833
0.00032160804 	-0.0075944733 	-0.01780098 	0.97676833
0.00034170854 	-0.010281299 	-0.019695948 	0.96907266
0.00036180905 	-0.010281299 	-0.019695948 	0.96907266
0.00038190955 	-0.010281299 	-0.019695948 	0.96907266
0.00040201005 	-0.0133418 	-0.022573141 	0.96132153
0.00042211055 	-0.0133418 	-0.022573141 	0.96132153
0.00044221106 	-0.0133418 	-0.022573141 	0.96132153
0.00046231156 	-0.016550911 	-0.026738123 	0.95415401
0.00048241206 	-0.016550911 	-0.026738123 	0.95415401
0.00050251256 	-0.01977783 	-0.031573473 	0.94912755
0.00052261307 	-0.01977783 	-0.031573473 	0.94912755
0.00054271357 	-0.01977783 	-0.031573473 	0.94912755
0.00056281407 	-0.02297589 	-0.036026047 	0.9475918
0.00058291457 	-0.02297589 	-0.036026047 	0.9475918
0.00060301508 	-0.02297589 	-0.036026047 	0.9475918
0.00062311558 	-0.026069599 	-0.039626439 	0.94904601
0.00064321608 	-0.026069599 	-0.039626439 	0.94904601
0.00066331658 	-0.026069599 	-0.039626439 	0.94904601
0.00068341709 	-0.028857337 	-0.042939492 	0.95105883
0.00070351759 	-0.028857337 	-0.042939492 	0.95105883
0.00072361809 	-0.031022196 	-0.046753408 	0.95091233
0.00074371859 	-0.031022196 	-0.046753408 	0.95091233
0.0007638191 	-0.031022196 	-0.046753408 	0.95091233
0.0007839196 	-0.032281768 	-0.050789642 	0.94717494
0.0008040201 	-0.032281768 	-0.050789642 	0.94717494
0.0008241206 	-0.032281768 	-0.050789642 	0.94717494
0.00084422111 	-0.032493892 	-0.053101384 	0.94009015
0.00086432161 	-0.032493892 	-0.053101384 	0.94009015
0.00088442211 	-0.032493892 	-0.053101384 	0.94009015
0.00090452261 	-0.03162183 	-0.050181524 	0.9312274
0.00092462312 	-0.03162183 	-0.050181524 	0.9312274
0.00094472362 	-0.029659119 	-0.037252351 	0.92261568
0.00096482412 	-0.036840765 	-0.03787911 	0.92526838
0.00098492462 	-0.036840765 	-0.03787911 	0.92526838
0.0010050251 	-0.026113156 	-0.0085879349 	0.91442937
0.0010251256 	-0.026113156 	-0.0085879349 	0.91442937
0.0010452261 	-0.026113156 	-0.0085879349 	0.91442937
0.0010653266 	-0.020794211 	0.035916685 	0.90369315
0.0010854271 	-0.020794211 	0.035916685 	0.90369315
0.0011055276 	-0.020794211 	0.035916685 	0.90369315
0.0011256281 	-0.018237233 	0.074667851 	0.88489689
0.0011457286 	-0.018237233 	0.074667851 	0.88489689
0.0011658291 	-0.018544056 	0.068480803 	0.89266795
0.0011859296 	-0.017140216 	0.090494651 	0.87127517
0.0012060302 	-0.023018968 	0.090008973 	0.86067388
0.0012261307 	-0.023018968 	0.090008973 	0.86067388
0.0012462312 	-0.030228788 	0.088035589 	0.84038115
0.0012663317 	-0.030228788 	0.088035589 	0.84038115
0.0012864322 	-0.030228788 	0.088035589 	0.84038115
0.0013065327 	-0.034994279 	0.082008361 	0.82964931
0.0013266332 	-0.034994279 	0.082008361 	0.82964931
0.0013467337 	-0.034994279 	0.082008361 	0.82964931
0.0013668342 	-0.036490831 	0.077482109 	0.82819915
0.0013869347 	-0.036490831 	0.077482109 	0.82819915
0.0014070352 	-0.024938921 	0.080642881 	0.83869551
0.0014271357 	-0.024102931 	0.075533258 	0.84355681
0.0014472362 	-0.035582851 	0.074025022 	0.83191798
0.0014673367 	-0.035582851 	0.074025022 	0.83191798
0.0014874372 	-0.033509663 	0.070984276 	0.8366252
0.0015075377 	-0.033509663 	0.070984276 	0.8366252
0.0015276382 	-0.031415234 	0.068716783 	0.83973599
0.0015477387 	-0.031415234 	0.068716783 	0.83973599
0.0015678392 	-0.031415234 	0.068716783 	0.83973599
0.0015879397 	-0.029729712 	0.067278855 	0.84058131
0.0016080402 	-0.029729712 	0.067278855 	0.84058131
0.0016281407 	-0.029729712 	0.067278855 	0.84058131
0.0016482412 	-0.028243187 	0.066191031 	0.84017018
0.0016683417 	-0.028243187 	0.066191031 	0.84017018
0.0016884422 	-0.026632453 	0.064856541 	0.83994623
0.0017085427 	-0.026632453 	0.064856541 	0.83994623
0.0017286432 	-0.026632453 	0.064856541 	0.83994623
0.0017487437 	-0.024672383 	0.062876499 	0.8407931
0.0017688442 	-0.024672383 	0.062876499 	0.8407931
0.0017889447 	-0.024672383 	0.062876499 	0.8407931
0.0018090452 	-0.022308928 	0.060038883 	0.84294152
0.0018291457 	-0.022308928 	0.060038883 	0.84294152
0.0018492462 	-0.019604133 	0.056268029 	0.84625871
0.0018693467 	-0.019604133 	0.056268029 	0.84625871
0.0018894472 	-0.019604133 	0.056268029 	0.84625871
0.0019095477 	-0.016710717 	0.051606371 	0.85049379
0.0019296482 	-0.016710717 	0.051606371 	0.85049379
0.0019497487 	-0.013854802 	0.046211318 	0.85542803
0.0019698492 	-0.013854802 	0.046211318 	0.85542803
0.0019899497 	-0.0031300234 	0.030992209 	0.88060891
0.0020100503 	-0.011314086 	0.040369371 	0.86092215
0.0020301508 	-0.011314086 	0.040369371 	0.86092215
0.0020502513 	-0.0093821663 	0.034474595 	0.86687685
0.0020703518 	-0.0093821663 	0.034474595 	0.86687685
0.0020904523 	-0.0082767296 	0.028947603 	0.87315005
0.0021105528 	-0.0082767296 	0.028947603 	0.87315005
0.0021306533 	-0.0082767296 	0.028947603 	0.87315005
0.0021507538 	-0.0080960377 	0.024132378 	0.87949906
0.0021708543 	-0.0080960377 	0.024132378 	0.87949906
0.0021909548 	-0.0087773153 	0.020168699 	0.88555003
0.0022110553 	-0.0087773153 	0.020168699 	0.88555003
0.0022311558 	-0.010092372 	0.016995311 	0.89086527
0.0022512563 	-0.010092372 	0.016995311 	0.89086527
0.0022713568 	-0.011770201 	0.014347666 	0.89501446
0.0022914573 	-0.011770201 	0.014347666 	0.89501446
0.0023115578 	-0.011770201 	0.014347666 	0.89501446
0.0023316583 	-0.013627711 	0.011877393 	0.89766317
0.0023517588 	-0.013627711 	0.011877393 	0.89766317
0.0023718593 	-0.015548774 	0.0092856846 	0.89851336
0.0023919598 	-0.015548774 	0.0092856846 	0.89851336
0.0024120603 	-0.017547194 	0.0063925604 	0.89729143
0.0024321608 	-0.017547194 	0.0063925604 	0.89729143
0.0024522613 	-0.019729449 	0.0030456324 	0.89377484
0.0024723618 	-0.019729449 	0.0030456324 	0.89377484
0.0024924623 	-0.02204592 	-0.00091559524 	0.88790929
0.0025125628 	-0.02204592 	-0.00091559524 	0.88790929
0.0025326633 	-0.024199528 	-0.0057379438 	0.88004732
0.0025527638 	-0.024199528 	-0.0057379438 	0.88004732
0.0025728643 	-0.025918251 	-0.011621398 	0.87102353
0.0025929648 	-0.025918251 	-0.011621398 	0.87102353
0.0026130653 	-0.027111681 	-0.018425588 	0.86193953
0.0026331658 	-0.027111681 	-0.018425588 	0.86193953
0.0026532663 	-0.02775289 	-0.025531556 	0.85377012
0.0026733668 	-0.02775289 	-0.025531556 	0.85377012
0.0026934673 	-0.027859006 	-0.03207969 	0.84705958
0.0027135678 	-0.027859006 	-0.03207969 	0.84705958
0.0027336683 	-0.027426704 	-0.037324926 	0.8418722
0.0027537688 	-0.027426704 	-0.037324926 	0.8418722
0.0027738693 	-0.026411339 	-0.040849761 	0.83795755
0.0027939698 	-0.026411339 	-0.040849761 	0.83795755
0.0028140704 	-0.024764008 	-0.042539671 	0.83496968
0.0028341709 	-0.024764008 	-0.042539671 	0.83496968
0.0028542714 	-0.022483013 	-0.042440342 	0.832605
0.0028743719 	-0.019648276 	-0.040665714 	0.8306293
0.0028944724 	-0.019648276 	-0.040665714 	0.8306293
0.0029145729 	-0.016410683 	-0.037389924 	0.82884865
0.0029346734 	-0.016410683 	-0.037389924 	0.82884865
0.0029547739 	-0.012967637 	-0.032881609 	0.8270784
0.0029748744 	-0.012967637 	-0.032881609 	0.8270784
0.0029949749 	-0.0095097538 	-0.027518802 	0.82516121
0.0030150754 	-0.0061851757 	-0.021757048 	0.82301184
0.0030351759 	-0.0061851757 	-0.021757048 	0.82301184
0.0030552764 	-0.0031220021 	-0.01605771 	0.82066536
0.0030753769 	-0.0031220021 	-0.01605771 	0.82066536
0.0030954774 	-0.00040911965 	-0.01083361 	0.81828221
0.0031155779 	0.0019263665 	-0.0064038274 	0.81608846
0.0031356784 	0.0019263665 	-0.0064038274 	0.81608846
0.0031557789 	0.0038725721 	-0.0029713622 	0.81431744
0.0031758794 	0.0038725721 	-0.0029713622 	0.81431744
0.0031959799 	0.0054047817 	-0.00063578871 	0.81314956
0.0032160804 	0.0065351282 	0.00058564231 	0.81268871
0.0032361809 	0.0065351282 	0.00058564231 	0.81268871
0.0032562814 	0.0073032404 	0.00074323285 	0.81296038
0.0032763819 	0.007760323 	-6.6041151e-05 	0.81392253
0.0032964824 	0.007760323 	-6.6041151e-05 	0.81392253
0.0033165829 	0.0079719206 	-0.0017139615 	0.8154766
0.0033366834 	0.008000833 	-0.0040568112 	0.81747476
0.0033567839 	0.008000833 	-0.0040568112 	0.81747476
0.0033768844 	0.0079322263 	-0.0069366486 	0.81971785
0.0033969849 	0.0078521609 	-0.010192037 	0.82194105
0.0034170854 	0.0078521609 	-0.010192037 	0.82194105
0.0034371859 	0.007840463 	-0.013661839 	0.82380689
0.0034572864 	0.0079592004 	-0.01718475 	0.8249106
0.0034773869 	0.0082427699 	-0.02059405 	0.8248029
0.0034974874 	0.0082427699 	-0.02059405 	0.8248029
0.0035175879 	0.0086892307 	-0.023708836 	0.82302399
0.0035376884 	0.0092604121 	-0.026325143 	0.81913793
0.0035577889 	0.0098883297 	-0.028219286 	0.81276441
0.0035778894 	0.0098883297 	-0.028219286 	0.81276441
0.0035979899 	0.010487859 	-0.029172783 	0.80360308
0.0036180905 	0.010978081 	-0.029025321 	0.791456
0.003638191 	0.01129808 	-0.027741552 	0.77624154
0.0036582915 	0.01129808 	-0.027741552 	0.77624154
0.003678392 	0.011417247 	-0.025461792 	0.75798233
0.0036984925 	0.01133264 	-0.022493913 	0.73674316
0.003718593 	0.01105132 	-0.019224181 	0.71251949
0.0037386935 	0.010576194 	-0.015985002 	0.68510564
0.003758794 	0.0099003281 	-0.012962141 	0.65398719
0.0037788945 	0.0099003281 	-0.012962141 	0.65398719
0.003798995 	0.0090113014 	-0.010221204 	0.61827989
0.0038190955 	0.0079179226 	-0.0078330504 	0.57671471
0.003839196 	0.0066633024 	-0.0059640894 	0.52774647
0.0038592965 	0.0053320584 	-0.0047949716 	0.46998699
0.003879397 	0.0040486118 	-0.0043132558 	0.40311731
0.0038994975 	0.002913624 	-0.0042117125 	0.32887997
0.003919598 	0.0019497477 	-0.0040251638 	0.25107278
0.0039396985 	0.0011337174 	-0.0033763239 	0.17407089
0.003959799 	0.00048076666 	-0.002140062 	0.10094721
0.0039798995 	6.4720327e-05 	-0.00054467192 	0.032571574
0.004 	6.4720327e-05 	-0.00054467192 	0.032571574
