0 	0.025897927 	0.0065208482 	1.0580547
5.5555556e-05 	0.024453781 	0.015312502 	1.0537283
0.00011111111 	0.026467445 	0.016973567 	1.0494498
0.00016666667 	0.029003486 	0.01749355 	1.0454015
0.00022222222 	0.031027537 	0.017456978 	1.0417702
0.00027777778 	0.032013592 	0.016864508 	1.0387322
0.00033333333 	0.031634247 	0.015620499 	1.0364558
0.00038888889 	0.029789644 	0.013581714 	1.0350834
0.00044444444 	0.026715045 	0.010507863 	1.034675
0.0005 	0.02300873 	0.0060294592 	1.0350807
0.00055555556 	0.019485407 	-0.00020574951 	1.0358103
0.00061111111 	0.016836861 	-0.0081995037 	1.0360264
0.00066666667 	0.015357405 	-0.017416103 	1.03472
0.00072222222 	0.014975871 	-0.026993112 	1.0310167
0.00077777778 	0.015513271 	-0.036199431 	1.0245073
0.00083333333 	0.016874471 	-0.044723012 	1.015502
0.00088888889 	0.019050185 	-0.052619831 	1.0050677
0.00094444444 	0.021942806 	-0.060065455 	0.99476644
0.001 	0.025546532 	-0.06766643 	0.98569101
0.0010617199 	0.029586665 	-0.075005328 	0.98032191
0.0011225874 	0.033448047 	-0.081365062 	0.98065636
0.0011826143 	0.036818778 	-0.086397236 	0.98741236
0.0012418122 	0.039422785 	-0.089865008 	1.0002346
0.0013001926 	0.041169789 	-0.091808943 	1.0176928
0.0013577668 	0.04216508 	-0.092620683 	1.037649
0.0014145458 	0.042709943 	-0.092941862 	1.0578321
0.0014705407 	0.043196425 	-0.09340484 	1.0763182
0.0015257623 	0.043931516 	-0.094442615 	1.0918146
0.0015802213 	0.045072321 	-0.096222324 	1.1037196
0.0016339282 	0.046597509 	-0.098786162 	1.1119907
0.0016868934 	0.048397093 	-0.10217598 	1.116912
0.0017391271 	0.050411594 	-0.10657577 	1.1188569
0.0017906395 	0.052702768 	-0.11224899 	1.1180255
0.0018414404 	0.055344989 	-0.11917121 	1.1141705
0.0018915398 	0.058096026 	-0.12680975 	1.1064121
0.0019409473 	0.060433666 	-0.13475633 	1.0933497
0.0019896725 	0.062071616 	-0.14341575 	1.0739288
0.0020377248 	0.063196828 	-0.15307536 	1.0492969
0.0020851134 	0.064243996 	-0.16239663 	1.0234804
0.0021318476 	0.065717259 	-0.16875455 	1.0008296
0.0021779364 	0.067951697 	-0.17002839 	0.9826968
0.0022233887 	0.070886752 	-0.16562879 	0.96705425
0.0022682133 	0.074063337 	-0.15636042 	0.95067351
0.0023124189 	0.076914506 	-0.14370167 	0.93138503
0.0023560139 	0.078942499 	-0.12914157 	0.90891458
0.0023990069 	0.079610119 	-0.11364631 	0.88484037
0.0024414062 	0.078295047 	-0.097529837 	0.86198987
0.0024832199 	0.074527815 	-0.080689917 	0.84340984
0.0025244562 	0.068058306 	-0.063047054 	0.83112554
0.002565123 	0.059075867 	-0.044918384 	0.82573026
0.0026052281 	0.048156502 	-0.027008621 	0.82673682
0.0026447794 	0.036121532 	-0.01015412 	0.83346929
0.0026837845 	0.023612021 	0.0049906386 	0.84517227
0.0027222509 	0.011561879 	0.018009991 	0.86004748
0.0027601861 	0.0012378299 	0.028513766 	0.8744663
0.0027975974 	-0.0065659996 	0.036159232 	0.88429869
0.002834492 	-0.01176618 	0.040925674 	0.88737319
0.0028708772 	-0.015047807 	0.043522579 	0.88480826
0.0029067598 	-0.017444959 	0.04524761 	0.88017353
0.0029421469 	-0.019780316 	0.047402379 	0.8774632
0.0029770452 	-0.022387124 	0.050765009 	0.87933518
0.0030114616 	-0.025072791 	0.055310597 	0.88638584
0.0030454028 	-0.027372553 	0.060297822 	0.8974356
0.0030788752 	-0.028813064 	0.064690747 	0.91036874
0.0031118853 	-0.029054207 	0.067633756 	0.92302742
0.0031444395 	-0.027941468 	0.068683351 	0.93377314
0.0031765442 	-0.025492282 	0.067793668 	0.94164249
0.0032082055 	-0.021854433 	0.065184862 	0.94622667
0.0032394295 	-0.017254377 	0.061224467 	0.94749208
0.0032702223 	-0.011933889 	0.056332416 	0.94564128
0.0033005899 	-0.0060953335 	0.050890444 	0.94100657
0.0033305381 	8.5592996e-05 	0.045229707 	0.93398134
0.0033600727 	0.0064968724 	0.039585175 	0.92497012
0.0033891994 	0.013069495 	0.034103232 	0.91434935
0.0034179239 	0.019714047 	0.028855411 	0.90245441
0.0034462517 	0.026339146 	0.023859385 	0.88955423
0.0034741882 	0.032836367 	0.019105743 	0.87589231
0.003501739 	0.03906888 	0.014581529 	0.86169129
0.0035289093 	0.044870736 	0.010290471 	0.84711748
0.0035557043 	0.050056384 	0.0062616135 	0.8322292
0.0035821293 	0.054413462 	0.0025472136 	0.81699229
0.0036081894 	0.057676051 	-0.00078650287 	0.80145372
0.0036338895 	0.059468529 	-0.0036336882 	0.78614054
0.0036592348 	0.059299225 	-0.0057465263 	0.77237693
0.00368423 	0.056642931 	-0.0064025246 	0.76203252
0.00370888 	0.0511299 	-0.0037934408 	0.7561634
0.0037331896 	0.042877243 	0.0050511797 	0.75227857
0.0037571635 	0.0328304 	0.022280641 	0.74161123
0.0037808063 	0.022858951 	0.04576754 	0.71036831
0.0038041226 	0.015035737 	0.068477752 	0.64799974
0.0038271169 	0.010301447 	0.083128031 	0.55691796
0.0038497936 	0.0079862717 	0.087259616 	0.45218352
0.0038721572 	0.0067165587 	0.083124138 	0.35065138
0.0038942119 	0.005500629 	0.074182824 	0.26180289
0.003915962 	0.0040293081 	0.062618878 	0.18702516
0.0039374118 	0.0024324252 	0.048940174 	0.12366782
0.0039585653 	0.001019303 	0.032553119 	0.068796954
0.0039794267 	0.00013076465 	0.012419086 	0.020852239
0.004 	0.00016059654 	0.0038468162 	0.027113617
