0 	0.066937817 	-0.058005183 	1.0098329
5.5555556e-05 	0.017754189 	0.073199699 	1.0075549
0.00011111111 	0.0072274239 	0.067554363 	1.0068393
0.00016666667 	0.0028607991 	0.060672607 	1.0062646
0.00022222222 	0.0010412911 	0.054013859 	1.0056478
0.00027777778 	0.00073185698 	0.047947833 	1.0048205
0.00033333333 	0.0014998279 	0.042591567 	1.0036765
0.00038888889 	0.003073923 	0.037969662 	1.002191
0.00044444444 	0.0052213398 	0.034073773 	1.0004138
0.0005 	0.0077259681 	0.030915318 	0.99844353
0.00055555556 	0.010395616 	0.028554854 	0.99637649
0.00061111111 	0.013073072 	0.027118109 	0.99426489
0.00066666667 	0.015638899 	0.026779086 	0.99213073
0.00072222222 	0.018008738 	0.027675597 	0.99008037
0.00077777778 	0.020101108 	0.029725505 	0.98850784
0.00083333333 	0.021840641 	0.032407938 	0.98818494
0.00088888889 	0.023068324 	0.03473181 	0.98990562
0.00094444444 	0.023823079 	0.03568971 	0.9937545
0.001 	0.024288932 	0.034558078 	0.99916489
0.0010617451 	0.024899163 	0.031150502 	1.0044033
0.0011226367 	0.026407316 	0.026044843 	1.0079252
0.0011826866 	0.029296096 	0.019582386 	1.0098201
0.0012419064 	0.033673475 	0.012190341 	1.0113131
0.0013003077 	0.038995262 	0.0047050429 	1.0138155
0.0013579017 	0.044441285 	-0.0018255172 	1.0180568
0.0014146996 	0.049348885 	-0.0068761042 	1.0239306
0.0014707124 	0.053413906 	-0.01057282 	1.0307807
0.0015259509 	0.05672462 	-0.013447932 	1.0377928
0.001580426 	0.059532246 	-0.016054231 	1.0442864
0.001634148 	0.062093167 	-0.018721916 	1.0498982
0.0016871274 	0.064565222 	-0.021523296 	1.0545514
0.0017393745 	0.067020969 	-0.024309812 	1.0582337
0.0017908994 	0.069528981 	-0.026863329 	1.0607312
0.0018417121 	0.072188447 	-0.0290343 	1.0615532
0.0018918224 	0.075084773 	-0.030878304 	1.0601354
0.0019412401 	0.078165367 	-0.03263318 	1.0562119
0.0019899746 	0.081083685 	-0.034470816 	1.050152
0.0020380356 	0.083170892 	-0.036222597 	1.0430593
0.0020854322 	0.08363787 	-0.03742563 	1.0364914
0.0021321736 	0.08193982 	-0.037710028 	1.0318171
0.002178269 	0.07810218 	-0.037145848 	1.0295393
0.0022237272 	0.072740992 	-0.036207412 	1.0290348
0.002268557 	0.066704988 	-0.035536763 	1.028904
0.0023127672 	0.060541528 	-0.03575086 	1.0277338
0.0023563662 	0.054163528 	-0.03729218 	1.0247712
0.0023993626 	0.046960589 	-0.04016279 	1.0201716
0.0024417647 	0.038233662 	-0.043876786 	1.0147725
0.0024835806 	0.027654389 	-0.047784867 	1.0093237
0.0025248186 	0.015558908 	-0.051104653 	1.0031793
0.0025654865 	0.0029277936 	-0.052385692 	0.99362024
0.0026055923 	-0.0092506718 	-0.05001901 	0.97745989
0.0026451437 	-0.020175842 	-0.044085896 	0.95343104
0.0026841484 	-0.029329379 	-0.037702277 	0.9227684
0.002722614 	-0.036452528 	-0.036170159 	0.88836975
0.0027605478 	-0.041223056 	-0.042968236 	0.85438425
0.0027979573 	-0.043798827 	-0.055230379 	0.82505936
0.0028348498 	-0.044992989 	-0.065962893 	0.80252062
0.0028712322 	-0.04561349 	-0.071463785 	0.78607847
0.0029071118 	-0.045893952 	-0.073231674 	0.77446293
0.0029424953 	-0.04567129 	-0.073763294 	0.76779192
0.0029773898 	-0.044742379 	-0.073879503 	0.76647195
0.003011802 	-0.043080239 	-0.073040532 	0.76953755
0.0030457385 	-0.04096951 	-0.070538204 	0.77496877
0.0030792059 	-0.038910015 	-0.066249049 	0.78053714
0.0031122107 	-0.037253531 	-0.060810209 	0.78461131
0.0031447592 	-0.036155205 	-0.055165729 	0.78653766
0.0031768579 	-0.035668022 	-0.050053379 	0.78639839
0.0032085129 	-0.035755496 	-0.045873104 	0.78447533
0.0032397303 	-0.036316624 	-0.042724169 	0.78095572
0.0032705162 	-0.037124982 	-0.040500098 	0.77598
0.0033008765 	-0.03789437 	-0.038956931 	0.76965334
0.0033308172 	-0.03833676 	-0.037776434 	0.76208452
0.0033603441 	-0.03820016 	-0.036632033 	0.75342101
0.0033894627 	-0.037295233 	-0.035241552 	0.74385174
0.0034181789 	-0.035511548 	-0.033409388 	0.73360511
0.0034464982 	-0.032821055 	-0.031011562 	0.72290715
0.003474426 	-0.029269616 	-0.028063347 	0.7119721
0.0035019678 	-0.024994251 	-0.024685301 	0.70097717
0.0035291288 	-0.020092879 	-0.021068306 	0.69004169
0.0035559144 	-0.014736084 	-0.017412707 	0.67922985
0.0035823298 	-0.0092487385 	-0.013912537 	0.66855462
0.0036083801 	-0.0039287289 	-0.010730136 	0.65800171
0.0036340702 	0.00091938193 	-0.0079725577 	0.64751003
0.0036594053 	0.0049823971 	-0.005689255 	0.6369395
0.0036843901 	0.0080052071 	-0.0038878076 	0.62604156
0.0037090296 	0.0097993509 	-0.0025583553 	0.61434951
0.0037333285 	0.010270857 	-0.0017013198 	0.60095644
0.0037572915 	0.0095218388 	-0.0013223524 	0.58416493
0.0037809233 	0.0078818597 	-0.0013987484 	0.56124565
0.0038042285 	0.0058899276 	-0.0018384869 	0.52887704
0.0038272115 	0.0041212983 	-0.0024715323 	0.4845377
0.0038498768 	0.0029172974 	-0.0031204661 	0.42815403
0.0038722288 	0.002247392 	-0.0036815218 	0.36265428
0.0038942718 	0.0018518144 	-0.0041096878 	0.29279408
0.0039160102 	0.001484541 	-0.0043375287 	0.22306359
0.003937448 	0.0010244648 	-0.0041924308 	0.15613412
0.0039585896 	0.00051372607 	-0.0033813638 	0.092495766
0.0039794389 	9.0177921e-05 	-0.0015500642 	0.030928853
0.004 	5.6028727e-05 	-0.0047274918 	0.027425787
