0 	-0.038644897 	-0.0043723962 	1.1213224
2.0100503e-05 	-0.0049761713 	0.039923015 	1.1220243
4.0201005e-05 	-0.0049761713 	0.039923015 	1.1220243
6.0301508e-05 	0.0134298 	0.039613962 	1.1221807
8.040201e-05 	0.0134298 	0.039613962 	1.1221807
0.00010050251 	0.0134298 	0.039613962 	1.1221807
0.00012060302 	0.018734152 	0.039368215 	1.1215807
0.00014070352 	0.018734152 	0.039368215 	1.1215807
0.00016080402 	0.018734152 	0.039368215 	1.1215807
0.00018090452 	0.021782621 	0.039729174 	1.1200589
0.00020100503 	0.021782621 	0.039729174 	1.1200589
0.00022110553 	0.021782621 	0.039729174 	1.1200589
0.00024120603 	0.02415419 	0.03989237 	1.1176103
0.00026130653 	0.02415419 	0.03989237 	1.1176103
0.00028140704 	0.026123848 	0.039364263 	1.1144109
0.00030150754 	0.026123848 	0.039364263 	1.1144109
0.00032160804 	0.026123848 	0.039364263 	1.1144109
0.00034170854 	0.02764172 	0.037850134 	1.1107762
0.00036180905 	0.02764172 	0.037850134 	1.1107762
0.00038190955 	0.02764172 	0.037850134 	1.1107762
0.00040201005 	0.028580371 	0.035215648 	1.1071142
0.00042211055 	0.028580371 	0.035215648 	1.1071142
0.00044221106 	0.028580371 	0.035215648 	1.1071142
0.00046231156 	0.028902588 	0.03143929 	1.103796
0.00048241206 	0.028902588 	0.03143929 	1.103796
0.00050251256 	0.02887351 	0.02648367 	1.1008421
0.00052261307 	0.02887351 	0.02648367 	1.1008421
0.00054271357 	0.02887351 	0.02648367 	1.1008421
0.00056281407 	0.029230117 	0.020166662 	1.0975068
0.00058291457 	0.029230117 	0.020166662 	1.0975068
0.00060301508 	0.029230117 	0.020166662 	1.0975068
0.00062311558 	0.030912199 	0.012254402 	1.0925362
0.00064321608 	0.030912199 	0.012254402 	1.0925362
0.00066331658 	0.030912199 	0.012254402 	1.0925362
0.00068341709 	0.034035784 	0.002956854 	1.0855757
0.00070351759 	0.034035784 	0.002956854 	1.0855757
0.00072361809 	0.037066304 	-0.006606594 	1.0780576
0.00074371859 	0.037066304 	-0.006606594 	1.0780576
0.0007638191 	0.037066304 	-0.006606594 	1.0780576
0.0007839196 	0.037694611 	-0.014517426 	1.0715634
0.0008040201 	0.037694611 	-0.014517426 	1.0715634
0.0008241206 	0.037694611 	-0.014517426 	1.0715634
0.00084422111 	0.034950623 	-0.019264737 	1.0656997
0.00086432161 	0.034950623 	-0.019264737 	1.0656997
0.00088442211 	0.034950623 	-0.019264737 	1.0656997
0.00090452261 	0.029948262 	-0.020914665 	1.0587125
0.00092462312 	0.029948262 	-0.020914665 	1.0587125
0.00094472362 	0.0250116 	-0.020885233 	1.0497878
0.00096482412 	0.01505278 	-0.016761657 	1.0352804
0.00098492462 	0.01505278 	-0.016761657 	1.0352804
0.0010050251 	0.013896995 	-0.017752608 	1.024715
0.0010251256 	0.021724516 	-0.021001466 	1.03952
0.0010452261 	0.021724516 	-0.021001466 	1.03952
0.0010653266 	0.021086113 	-0.022096375 	1.0299877
0.0010854271 	0.021086113 	-0.022096375 	1.0299877
0.0011055276 	0.021086113 	-0.022096375 	1.0299877
0.0011256281 	0.022335166 	-0.023751008 	1.023067
0.0011457286 	0.022335166 	-0.023751008 	1.023067
0.0011658291 	0.022335166 	-0.023751008 	1.023067
0.0011859296 	0.024539756 	-0.025551479 	1.0192658
0.0012060302 	0.024539756 	-0.025551479 	1.0192658
0.0012261307 	0.024539756 	-0.025551479 	1.0192658
0.0012462312 	0.027140381 	-0.027483971 	1.0189489
0.0012663317 	0.027140381 	-0.027483971 	1.0189489
0.0012864322 	0.027140381 	-0.027483971 	1.0189489
0.0013065327 	0.029664641 	-0.02978464 	1.022144
0.0013266332 	0.029664641 	-0.02978464 	1.022144
0.0013467337 	0.029664641 	-0.02978464 	1.022144
0.0013668342 	0.031725222 	-0.032660873 	1.0280818
0.0013869347 	0.031725222 	-0.032660873 	1.0280818
0.0014070352 	0.031725222 	-0.032660873 	1.0280818
0.0014271357 	0.032987325 	-0.036078892 	1.0353655
0.0014472362 	0.032987325 	-0.036078892 	1.0353655
0.0014673367 	0.032987325 	-0.036078892 	1.0353655
0.0014874372 	0.033174333 	-0.039691267 	1.0425424
0.0015075377 	0.033174333 	-0.039691267 	1.0425424
0.0015276382 	0.032111196 	-0.042916792 	1.0484897
0.0015477387 	0.032111196 	-0.042916792 	1.0484897
0.0015678392 	0.032111196 	-0.042916792 	1.0484897
0.0015879397 	0.029863386 	-0.045192839 	1.0524883
0.0016080402 	0.029863386 	-0.045192839 	1.0524883
0.0016281407 	0.029863386 	-0.045192839 	1.0524883
0.0016482412 	0.026830627 	-0.046228206 	1.0541325
0.0016683417 	0.026830627 	-0.046228206 	1.0541325
0.0016884422 	0.023758076 	-0.046146146 	1.0531214
0.0017085427 	0.023758076 	-0.046146146 	1.0531214
0.0017286432 	0.023758076 	-0.046146146 	1.0531214
0.0017487437 	0.021558215 	-0.045370578 	1.0491065
0.0017688442 	0.021558215 	-0.045370578 	1.0491065
0.0017889447 	0.021558215 	-0.045370578 	1.0491065
0.0018090452 	0.020965674 	-0.044380737 	1.0417396
0.0018291457 	0.020965674 	-0.044380737 	1.0417396
0.0018492462 	0.022351822 	-0.043493613 	1.0309629
0.0018693467 	0.022351822 	-0.043493613 	1.0309629
0.0018894472 	0.022351822 	-0.043493613 	1.0309629
0.0019095477 	0.025692151 	-0.042867203 	1.0173148
0.0019296482 	0.025692151 	-0.042867203 	1.0173148
0.0019497487 	0.030639979 	-0.042527562 	1.001986
0.0019698492 	0.030639979 	-0.042527562 	1.001986
0.0019899497 	0.036634424 	-0.042368137 	0.98651416
0.0020100503 	0.036634424 	-0.042368137 	0.98651416
0.0020301508 	0.036634424 	-0.042368137 	0.98651416
0.0020502513 	0.043060144 	-0.042178096 	0.97234691
0.0020703518 	0.043060144 	-0.042178096 	0.97234691
0.0020904523 	0.049381369 	-0.041684386 	0.96047052
0.0021105528 	0.049381369 	-0.041684386 	0.96047052
0.0021306533 	0.049381369 	-0.041684386 	0.96047052
0.0021507538 	0.055198789 	-0.040641869 	0.95131577
0.0021708543 	0.055198789 	-0.040641869 	0.95131577
0.0021909548 	0.060273806 	-0.038901142 	0.94486649
0.0022110553 	0.060273806 	-0.038901142 	0.94486649
0.0022311558 	0.064482762 	-0.036444712 	0.94085548
0.0022512563 	0.064482762 	-0.036444712 	0.94085548
0.0022713568 	0.067757413 	-0.033361905 	0.9389114
0.0022914573 	0.067757413 	-0.033361905 	0.9389114
0.0023115578 	0.067757413 	-0.033361905 	0.9389114
0.0023316583 	0.070050254 	-0.029795349 	0.93868164
0.0023517588 	0.070050254 	-0.029795349 	0.93868164
0.0023718593 	0.071288314 	-0.025878206 	0.93989015
0.0023919598 	0.071288314 	-0.025878206 	0.93989015
0.0024120603 	0.071357312 	-0.021715543 	0.94236603
0.0024321608 	0.071357312 	-0.021715543 	0.94236603
0.0024522613 	0.070169939 	-0.017396683 	0.94609528
0.0024723618 	0.070169939 	-0.017396683 	0.94609528
0.0024924623 	0.067664385 	-0.012994226 	0.95116744
0.0025125628 	0.067664385 	-0.012994226 	0.95116744
0.0025326633 	0.063786528 	-0.0085692129 	0.95770643
0.0025527638 	0.063786528 	-0.0085692129 	0.95770643
0.0025728643 	0.058567545 	-0.0042200914 	0.96576905
0.0025929648 	0.058567545 	-0.0042200914 	0.96576905
0.0026130653 	0.052205773 	-3.9660332e-05 	0.97515732
0.0026331658 	0.052205773 	-3.9660332e-05 	0.97515732
0.0026532663 	0.045110427 	0.0039499082 	0.98525656
0.0026733668 	0.045110427 	0.0039499082 	0.98525656
0.0026934673 	0.037809719 	0.00784617 	0.99494523
0.0027135678 	0.037809719 	0.00784617 	0.99494523
0.0027336683 	0.030953601 	0.011889781 	1.002556
0.0027537688 	0.030953601 	0.011889781 	1.002556
0.0027738693 	0.025312287 	0.016415097 	1.0059489
0.0027939698 	0.025312287 	0.016415097 	1.0059489
0.0028140704 	0.021481327 	0.021693372 	1.0025486
0.0028341709 	0.021481327 	0.021693372 	1.0025486
0.0028542714 	0.019717162 	0.027693703 	0.98963387
0.0028743719 	0.019904154 	0.033966598 	0.96507845
0.0028944724 	0.019904154 	0.033966598 	0.96507845
0.0029145729 	0.021466614 	0.039668522 	0.92870529
0.0029346734 	0.021466614 	0.039668522 	0.92870529
0.0029547739 	0.023371621 	0.043721273 	0.88376522
0.0029748744 	0.023371621 	0.043721273 	0.88376522
0.0029949749 	0.02446885 	0.045113209 	0.83693932
0.0030150754 	0.024078819 	0.043354984 	0.79559135
0.0030351759 	0.024078819 	0.043354984 	0.79559135
0.0030552764 	0.022249323 	0.038751126 	0.76431403
0.0030753769 	0.022249323 	0.038751126 	0.76431403
0.0030954774 	0.019524344 	0.03220672 	0.74369482
0.0031155779 	0.016539347 	0.024787456 	0.73162455
0.0031356784 	0.016539347 	0.024787456 	0.73162455
0.0031557789 	0.013767083 	0.0173889 	0.72525042
0.0031758794 	0.013767083 	0.0173889 	0.72525042
0.0031959799 	0.011476729 	0.010621934 	0.72218631
0.0032160804 	0.0097704171 	0.0048115553 	0.72080191
0.0032361809 	0.0097704171 	0.0048115553 	0.72080191
0.0032562814 	0.0086907092 	9.9318294e-05 	0.72010663
0.0032763819 	0.0082668398 	-0.0034981623 	0.71950692
0.0032964824 	0.0082668398 	-0.0034981623 	0.71950692
0.0033165829 	0.0084971062 	-0.0060323624 	0.71864852
0.0033366834 	0.0093707448 	-0.007581227 	0.71733077
0.0033567839 	0.0093707448 	-0.007581227 	0.71733077
0.0033768844 	0.010822636 	-0.0082414358 	0.71544178
0.0033969849 	0.01272787 	-0.0081429864 	0.71293356
0.0034170854 	0.01272787 	-0.0081429864 	0.71293356
0.0034371859 	0.014921266 	-0.0074561596 	0.70981908
0.0034572864 	0.017195013 	-0.0063849261 	0.70616646
0.0034773869 	0.019319447 	-0.0051402718 	0.70209324
0.0034974874 	0.019319447 	-0.0051402718 	0.70209324
0.0035175879 	0.021081127 	-0.0039016577 	0.69772312
0.0035376884 	0.022318928 	-0.0027836298 	0.69312602
0.0035577889 	0.022950065 	-0.0018206396 	0.68827838
0.0035778894 	0.022950065 	-0.0018206396 	0.68827838
0.0035979899 	0.023004194 	-0.00097787035 	0.68308582
0.0036180905 	0.022574641 	-0.00018975152 	0.67744038
0.003638191 	0.02171714 	0.0005996536 	0.67130973
0.0036582915 	0.02171714 	0.0005996536 	0.67130973
0.003678392 	0.020430886 	0.0013847146 	0.66471556
0.0036984925 	0.018685151 	0.002028494 	0.65759692
0.003718593 	0.016457892 	0.0021974023 	0.6495386
0.0037386935 	0.013801479 	0.0013839261 	0.63944283
0.003758794 	0.010889166 	-0.00091992827 	0.62533334
0.0037788945 	0.010889166 	-0.00091992827 	0.62533334
0.003798995 	0.0079908214 	-0.0048879923 	0.60444423
0.0038190955 	0.0053983888 	-0.010029675 	0.57383441
0.003839196 	0.0033665022 	-0.015162934 	0.53141547
0.0038592965 	0.0019891024 	-0.018861743 	0.47695358
0.003879397 	0.0011611354 	-0.020118516 	0.41240797
0.0038994975 	0.00069602009 	-0.01878701 	0.34106858
0.003919598 	0.00041881718 	-0.015506018 	0.26610969
0.0039396985 	0.00022326025 	-0.011248241 	0.18968692
0.003959799 	7.7528183e-05 	-0.0068125626 	0.11303886
0.0039798995 	-1.8135465e-06 	-0.0024436367 	0.037146469
0.004 	-1.8135465e-06 	-0.0024436367 	0.037146469
