0 	-0.042789028 	-0.0038479139 	1.1351368
2.0100503e-05 	-0.0062980106 	0.048475708 	1.1378781
4.0201005e-05 	-0.0062980106 	0.048475708 	1.1378781
6.0301508e-05 	0.016537485 	0.052338499 	1.1399623
8.040201e-05 	0.016537485 	0.052338499 	1.1399623
0.00010050251 	0.016537485 	0.052338499 	1.1399623
0.00012060302 	0.024199868 	0.055650971 	1.1414227
0.00014070352 	0.024199868 	0.055650971 	1.1414227
0.00016080402 	0.024199868 	0.055650971 	1.1414227
0.00018090452 	0.028708797 	0.059492448 	1.1420181
0.00020100503 	0.028708797 	0.059492448 	1.1420181
0.00022110553 	0.028708797 	0.059492448 	1.1420181
0.00024120603 	0.03165373 	0.063465041 	1.1412048
0.00026130653 	0.03165373 	0.063465041 	1.1412048
0.00028140704 	0.033060001 	0.067599783 	1.1387056
0.00030150754 	0.033060001 	0.067599783 	1.1387056
0.00032160804 	0.033060001 	0.067599783 	1.1387056
0.00034170854 	0.032676776 	0.071761952 	1.1351796
0.00036180905 	0.032676776 	0.071761952 	1.1351796
0.00038190955 	0.032676776 	0.071761952 	1.1351796
0.00040201005 	0.030553438 	0.075445804 	1.1316998
0.00042211055 	0.030553438 	0.075445804 	1.1316998
0.00044221106 	0.030553438 	0.075445804 	1.1316998
0.00046231156 	0.027217966 	0.07826837 	1.1281962
0.00048241206 	0.027217966 	0.07826837 	1.1281962
0.00050251256 	0.023345721 	0.080260174 	1.1231278
0.00052261307 	0.023345721 	0.080260174 	1.1231278
0.00054271357 	0.023345721 	0.080260174 	1.1231278
0.00056281407 	0.019317671 	0.081299861 	1.115415
0.00058291457 	0.019317671 	0.081299861 	1.115415
0.00060301508 	0.019317671 	0.081299861 	1.115415
0.00062311558 	0.024360287 	0.082509519 	1.1088352
0.00064321608 	0.024360287 	0.082509519 	1.1088352
0.00066331658 	0.024360287 	0.082509519 	1.1088352
0.00068341709 	0.020121445 	0.079327921 	1.1005095
0.00070351759 	0.020121445 	0.079327921 	1.1005095
0.00072361809 	0.016017461 	0.072974553 	1.093855
0.00074371859 	0.016017461 	0.072974553 	1.093855
0.0007638191 	0.016017461 	0.072974553 	1.093855
0.0007839196 	0.0036366266 	0.061558668 	1.0880462
0.0008040201 	0.0036366266 	0.061558668 	1.0880462
0.0008241206 	0.0036366266 	0.061558668 	1.0880462
0.00084422111 	0.00093228975 	0.050350124 	1.0851541
0.00086432161 	0.00093228975 	0.050350124 	1.0851541
0.00088442211 	0.00093228975 	0.050350124 	1.0851541
0.00090452261 	-0.00093809892 	0.038080681 	1.0823152
0.00092462312 	-0.00093809892 	0.038080681 	1.0823152
0.00094472362 	-0.0020412362 	0.025438448 	1.0793565
0.00096482412 	-0.0020412362 	0.025438448 	1.0793565
0.00098492462 	-0.0020412362 	0.025438448 	1.0793565
0.0010050251 	-0.0023434332 	0.012499782 	1.0763552
0.0010251256 	-0.0023434332 	0.012499782 	1.0763552
0.0010452261 	-0.0023434332 	0.012499782 	1.0763552
0.0010653266 	-0.0017491338 	0.0003139471 	1.0734005
0.0010854271 	-0.0017491338 	0.0003139471 	1.0734005
0.0011055276 	-0.0017491338 	0.0003139471 	1.0734005
0.0011256281 	-0.00025778256 	-0.0096639419 	1.0700653
0.0011457286 	-0.00025778256 	-0.0096639419 	1.0700653
0.0011658291 	-0.00025778256 	-0.0096639419 	1.0700653
0.0011859296 	0.001749564 	-0.016350146 	1.0651302
0.0012060302 	0.001749564 	-0.016350146 	1.0651302
0.0012261307 	0.001749564 	-0.016350146 	1.0651302
0.0012462312 	0.0041032378 	-0.018643718 	1.0570815
0.0012663317 	0.0041032378 	-0.018643718 	1.0570815
0.0012864322 	0.0041032378 	-0.018643718 	1.0570815
0.0013065327 	0.0067932941 	-0.015372022 	1.0449464
0.0013266332 	0.0067932941 	-0.015372022 	1.0449464
0.0013467337 	0.0067932941 	-0.015372022 	1.0449464
0.0013668342 	0.009806174 	-0.0061080971 	1.0291604
0.0013869347 	0.009806174 	-0.0061080971 	1.0291604
0.0014070352 	0.009806174 	-0.0061080971 	1.0291604
0.0014271357 	0.012608527 	0.0071976726 	1.0118754
0.0014472362 	0.012608527 	0.0071976726 	1.0118754
0.0014673367 	0.012608527 	0.0071976726 	1.0118754
0.0014874372 	0.014147929 	0.019687391 	0.99581034
0.0015075377 	0.014147929 	0.019687391 	0.99581034
0.0015276382 	0.013631516 	0.026077671 	0.98274893
0.0015477387 	0.013631516 	0.026077671 	0.98274893
0.0015678392 	0.013631516 	0.026077671 	0.98274893
0.0015879397 	0.0086289842 	0.021335628 	0.97879882
0.0016080402 	0.011170174 	0.023988054 	0.97359767
0.0016281407 	0.011170174 	0.023988054 	0.97359767
0.0016482412 	0.0076320426 	0.015002951 	0.96874306
0.0016683417 	0.0076320426 	0.015002951 	0.96874306
0.0016884422 	0.004117384 	0.0034575706 	0.96771733
0.0017085427 	0.004117384 	0.0034575706 	0.96771733
0.0017286432 	0.004117384 	0.0034575706 	0.96771733
0.0017487437 	0.0014833806 	-0.0056477084 	0.96902796
0.0017688442 	0.0014833806 	-0.0056477084 	0.96902796
0.0017889447 	0.0014833806 	-0.0056477084 	0.96902796
0.0018090452 	0.00018386578 	-0.008804593 	0.97075782
0.0018291457 	0.00018386578 	-0.008804593 	0.97075782
0.0018492462 	0.00040374462 	-0.005235808 	0.97145192
0.0018693467 	0.00040374462 	-0.005235808 	0.97145192
0.0018894472 	0.00040374462 	-0.005235808 	0.97145192
0.0019095477 	0.0021809353 	0.0035859286 	0.97039251
0.0019296482 	0.0021809353 	0.0035859286 	0.97039251
0.0019497487 	0.0056116864 	0.015557788 	0.96726985
0.0019698492 	0.0056116864 	0.015557788 	0.96726985
0.0019899497 	0.010574863 	0.028798176 	0.96207604
0.0020100503 	0.010574863 	0.028798176 	0.96207604
0.0020301508 	0.010574863 	0.028798176 	0.96207604
0.0020502513 	0.016666897 	0.041949095 	0.95517126
0.0020703518 	0.016666897 	0.041949095 	0.95517126
0.0020904523 	-0.0030238102 	0.036683077 	0.97483048
0.0021105528 	0.023361532 	0.053903079 	0.94737161
0.0021306533 	0.023361532 	0.053903079 	0.94737161
0.0021507538 	0.030124042 	0.063773916 	0.9396886
0.0021708543 	0.030124042 	0.063773916 	0.9396886
0.0021909548 	0.036421634 	0.0709836 	0.93299756
0.0022110553 	0.036421634 	0.0709836 	0.93299756
0.0022311558 	0.041750824 	0.075370128 	0.92785649
0.0022512563 	0.041750824 	0.075370128 	0.92785649
0.0022713568 	0.045725844 	0.077172526 	0.92445429
0.0022914573 	0.045725844 	0.077172526 	0.92445429
0.0023115578 	0.045725844 	0.077172526 	0.92445429
0.0023316583 	0.048212032 	0.076813767 	0.92260703
0.0023517588 	0.048212032 	0.076813767 	0.92260703
0.0023718593 	0.049389243 	0.074634859 	0.92177817
0.0023919598 	0.049389243 	0.074634859 	0.92177817
0.0024120603 	0.049664574 	0.070778084 	0.92125566
0.0024321608 	0.049664574 	0.070778084 	0.92125566
0.0024522613 	0.049473511 	0.065290931 	0.92050709
0.0024723618 	0.049473511 	0.065290931 	0.92050709
0.0024924623 	0.049086423 	0.05830401 	0.91949776
0.0025125628 	0.049086423 	0.05830401 	0.91949776
0.0025326633 	0.048532713 	0.050090186 	0.91875294
0.0025527638 	0.048532713 	0.050090186 	0.91875294
0.0025728643 	0.047620674 	0.041026739 	0.91903938
0.0025929648 	0.047620674 	0.041026739 	0.91903938
0.0026130653 	0.046126635 	0.031642445 	0.92077864
0.0026331658 	0.046126635 	0.031642445 	0.92077864
0.0026532663 	0.043982994 	0.022620402 	0.92350695
0.0026733668 	0.043982994 	0.022620402 	0.92350695
0.0026934673 	0.041403484 	0.014678294 	0.92573047
0.0027135678 	0.041403484 	0.014678294 	0.92573047
0.0027336683 	0.038912144 	0.0082542783 	0.92536183
0.0027537688 	0.038912144 	0.0082542783 	0.92536183
0.0027738693 	0.037161459 	0.0031887524 	0.92054682
0.0027939698 	0.037161459 	0.0031887524 	0.92054682
0.0028140704 	0.036700473 	-0.0013270889 	0.91036104
0.0028341709 	0.036700473 	-0.0013270889 	0.91036104
0.0028542714 	0.037726807 	-0.0064594911 	0.89501106
0.0028743719 	0.040255367 	-0.013311951 	0.87558914
0.0028944724 	0.040255367 	-0.013311951 	0.87558914
0.0029145729 	0.044272818 	-0.022648296 	0.85358304
0.0029346734 	0.044272818 	-0.022648296 	0.85358304
0.0029547739 	0.049629135 	-0.034642856 	0.83034149
0.0029748744 	0.049629135 	-0.034642856 	0.83034149
0.0029949749 	0.056085413 	-0.048756695 	0.80676644
0.0030150754 	0.063282718 	-0.063792066 	0.78347143
0.0030351759 	0.063282718 	-0.063792066 	0.78347143
0.0030552764 	0.070636993 	-0.078144824 	0.76141824
0.0030753769 	0.070636993 	-0.078144824 	0.76141824
0.0030954774 	0.077343222 	-0.09026077 	0.74227808
0.0031155779 	0.082545195 	-0.09905359 	0.72786903
0.0031356784 	0.082545195 	-0.09905359 	0.72786903
0.0031557789 	0.085572552 	-0.10392712 	0.7192179
0.0031758794 	0.085572552 	-0.10392712 	0.7192179
0.0031959799 	0.086092924 	-0.10469526 	0.71612878
0.0032160804 	0.084047064 	-0.10164301 	0.71747934
0.0032361809 	0.084047064 	-0.10164301 	0.71747934
0.0032562814 	0.079627646 	-0.095436049 	0.72183469
0.0032763819 	0.073392181 	-0.08683704 	0.72788109
0.0032964824 	0.073392181 	-0.08683704 	0.72788109
0.0033165829 	0.066147895 	-0.076540903 	0.73455567
0.0033366834 	0.058638083 	-0.065157945 	0.74105103
0.0033567839 	0.058638083 	-0.065157945 	0.74105103
0.0033768844 	0.051358995 	-0.053229427 	0.74687644
0.0033969849 	0.044538284 	-0.04122269 	0.75199213
0.0034170854 	0.044538284 	-0.04122269 	0.75199213
0.0034371859 	0.038192674 	-0.029509366 	0.75689951
0.0034572864 	0.032175593 	-0.018354418 	0.76257596
0.0034773869 	0.026361068 	-0.0080256173 	0.77008744
0.0034974874 	0.026361068 	-0.0080256173 	0.77008744
0.0035175879 	0.020606263 	0.0011861699 	0.78024561
0.0035376884 	0.014857111 	0.00911585 	0.7931452
0.0035577889 	0.0091895523 	0.015829947 	0.80769939
0.0035778894 	0.0091895523 	0.015829947 	0.80769939
0.0035979899 	0.0037820836 	0.02166569 	0.82143696
0.0036180905 	-0.0010330495 	0.027291644 	0.83080006
0.003638191 	-0.0050580563 	0.03365844 	0.83187541
0.0036582915 	-0.0050580563 	0.03365844 	0.83187541
0.003678392 	-0.0082885065 	0.04174318 	0.82137097
0.0036984925 	-0.010870441 	0.052112074 	0.79751916
0.003718593 	-0.013152435 	0.064459311 	0.76055306
0.0037386935 	-0.015381931 	0.077438473 	0.71251967
0.003758794 	-0.017421702 	0.08903341 	0.65639735
0.0037788945 	-0.017421702 	0.08903341 	0.65639735
0.003798995 	-0.01876174 	0.097269095 	0.59504211
0.0038190955 	-0.018882203 	0.10074589 	0.53074131
0.003839196 	-0.017623069 	0.098884139 	0.46535621
0.0038592965 	-0.015240471 	0.09204698 	0.40037087
0.003879397 	-0.01220802 	0.081404931 	0.33668996
0.0038994975 	-0.0089940967 	0.068457997 	0.27452213
0.003919598 	-0.0059498694 	0.054470404 	0.21351315
0.0039396985 	-0.0033194662 	0.040096055 	0.15301892
0.003959799 	-0.0013112016 	0.025258652 	0.092363851
0.0039798995 	-0.00016094087 	0.0092218916 	0.031083873
0.004 	-0.00016094087 	0.0092218916 	0.031083873
