0 	-0.006451242 	0.04669038 	1.067082
5.5555625e-05 	0.012477962 	0.046893607 	1.0684108
0.00011111111 	0.016811596 	0.04547658 	1.0736063
0.00016666667 	0.019042545 	0.04365405 	1.0824186
0.00022222222 	0.021270681 	0.041373916 	1.0936832
0.00027777778 	0.024077193 	0.038823978 	1.105963
0.00033333333 	0.027592461 	0.036352291 	1.1178985
0.00038888889 	0.031721024 	0.034330566 	1.1283614
0.00044444444 	0.03618662 	0.032907295 	1.1365779
0.0005 	0.040567345 	0.031843886 	1.1422377
0.00055555556 	0.044401215 	0.030628941 	1.1455406
0.00061111111 	0.047277881 	0.028808839 	1.1471037
0.00066666667 	0.048932032 	0.02629908 	1.1476838
0.00072222222 	0.049304889 	0.023418427 	1.1478517
0.00077777778 	0.048579936 	0.020675577 	1.1478352
0.00083333333 	0.047131268 	0.018434897 	1.1474955
0.00088888889 	0.045486011 	0.016708389 	1.1464513
0.00094444444 	0.044127678 	0.015167503 	1.1442566
0.001 	0.043318227 	0.013202993 	1.1405022
0.0010617199 	0.043349973 	0.010304098 	1.1348879
0.0011225874 	0.043961623 	0.0064476963 	1.1280768
0.0011826143 	0.044690569 	0.0018152841 	1.1207073
0.0012418122 	0.04514066 	-0.0033324932 	1.1134268
0.0013001926 	0.045072096 	-0.0087916808 	1.1067373
0.0013577668 	0.044455972 	-0.014388319 	1.1009609
0.0014145458 	0.043439716 	-0.019854537 	1.0961681
0.0014705407 	0.042256159 	-0.024750696 	1.0921695
0.0015257623 	0.041159851 	-0.028562617 	1.0886113
0.0015802213 	0.0403283 	-0.030924216 	1.0851668
0.0016339282 	0.039829102 	-0.031776976 	1.0816915
0.0016868934 	0.039637694 	-0.031367018 	1.0782568
0.0017391271 	0.039617408 	-0.030057085 	1.0750607
0.0017906395 	0.039504399 	-0.028107026 	1.0723445
0.0018414404 	0.038901341 	-0.025516871 	1.0703584
0.0018915398 	0.037292164 	-0.021980425 	1.0693758
0.0019409473 	0.034141742 	-0.016986542 	1.0696335
0.0019896725 	0.029006561 	-0.010095284 	1.0710003
0.0020377248 	0.021682194 	-0.0014062816 	1.0722006
0.0020851134 	0.012446126 	0.0079021553 	1.07002
0.0021318476 	0.0021480771 	0.015267668 	1.0598339
0.0021779364 	-0.0081291223 	0.017404468 	1.0388528
0.0022233887 	-0.017471847 	0.012102266 	1.0099895
0.0022682133 	-0.024976321 	-0.00061305371 	0.98106984
0.0023124189 	-0.029640317 	-0.0189546 	0.95896107
0.0023560139 	-0.030710514 	-0.040540516 	0.94548187
0.0023990069 	-0.028022997 	-0.062848314 	0.93807504
0.0024414062 	-0.022083012 	-0.083193857 	0.9327308
0.0024832199 	-0.01385691 	-0.099278987 	0.92631329
0.0025244562 	-0.004506396 	-0.1097437 	0.91736252
0.002565123 	0.0048507927 	-0.11449655 	0.90603849
0.0026052281 	0.013411297 	-0.11442579 	0.89353087
0.0026447794 	0.020784999 	-0.11064318 	0.88135422
0.0026837845 	0.026892904 	-0.10407586 	0.87085324
0.0027222509 	0.031813905 	-0.095336554 	0.86298209
0.0027601861 	0.035668653 	-0.084800294 	0.85825664
0.0027975974 	0.038553526 	-0.072736613 	0.85679967
0.002834492 	0.040531623 	-0.059414854 	0.85845363
0.0028708772 	0.041654569 	-0.045176835 	0.86294197
0.0029067598 	0.041989319 	-0.030467119 	0.8699822
0.0029421469 	0.041624857 	-0.015780981 	0.87926046
0.0029770452 	0.040834251 	-0.0016307703 	0.89022293
0.0030114616 	0.039874777 	0.011586559 	0.90207308
0.0030454028 	0.038862306 	0.023590324 	0.91396047
0.0030788752 	0.037872673 	0.034159173 	0.92507983
0.0031118853 	0.036898461 	0.043135658 	0.9347614
0.0031444395 	0.035912671 	0.050419327 	0.94256537
0.0031765442 	0.034889348 	0.055972656 	0.94832098
0.0032082055 	0.03379679 	0.059825348 	0.95210686
0.0032394295 	0.032600411 	0.06209143 	0.95419024
0.0032702223 	0.031272369 	0.062996302 	0.95495459
0.0033005899 	0.029804201 	0.062881827 	0.95481681
0.0033305381 	0.028230712 	0.062143043 	0.95408381
0.0033600727 	0.026646609 	0.061114957 	0.95274986
0.0033891994 	0.025193421 	0.059988807 	0.95033982
0.0034179239 	0.024014661 	0.058823803 	0.94592862
0.0034462517 	0.023210573 	0.057623397 	0.9383362
0.0034741882 	0.022818517 	0.056393649 	0.92639451
0.003501739 	0.022809243 	0.055136919 	0.90921302
0.0035289093 	0.023076765 	0.053802263 	0.88645422
0.0035557043 	0.023423404 	0.052237564 	0.85859433
0.0035821293 	0.023566623 	0.05017939 	0.82703502
0.0036081894 	0.023190582 	0.047292763 	0.7938899
0.0036338895 	0.022035664 	0.043253945 	0.76139798
0.0036592348 	0.01998818 	0.037853982 	0.73115706
0.00368423 	0.017125044 	0.031088241 	0.70350924
0.00370888 	0.013695305 	0.023198147 	0.67732669
0.0037331896 	0.010054407 	0.014660691 	0.65027984
0.0037571635 	0.0065976767 	0.006131404 	0.61946265
0.0037808063 	0.0036749401 	-0.0016381224 	0.58223442
0.0038041226 	0.0015160975 	-0.0079389696 	0.53689338
0.0038271169 	0.00017865101 	-0.012274966 	0.48308237
0.0038497936 	-0.00044558481 	-0.014492507 	0.42194795
0.0038721572 	-0.0005885139 	-0.014820281 	0.35577247
0.0038942119 	-0.00050531963 	-0.013737195 	0.28729211
0.003915962 	-0.00036665861 	-0.011740913 	0.21896425
0.0039374118 	-0.00024868015 	-0.0091393906 	0.15252148
0.0039585653 	-0.00015042996 	-0.0059829752 	0.088942842
0.0039794267 	-4.026762e-05 	-0.0021803145 	0.028670599
0.004 	-4.026762e-05 	-0.0021803145 	0.028670599
