0 	-0.033265978 	0.037106133 	1.0889741
2.0100503e-05 	-0.033265978 	0.037106133 	1.0889741
4.0201005e-05 	-0.033265978 	0.037106133 	1.0889741
6.0301508e-05 	-0.047095756 	0.014359644 	1.0926063
8.040201e-05 	-0.047095756 	0.014359644 	1.0926063
0.00010050251 	-0.047095756 	0.014359644 	1.0926063
0.00012060302 	-0.049192563 	0.00295989 	1.0945946
0.00014070352 	-0.049192563 	0.00295989 	1.0945946
0.00016080402 	-0.049192563 	0.00295989 	1.0945946
0.00018090452 	-0.05003093 	-0.0056840668 	1.0943354
0.00020100503 	-0.05003093 	-0.0056840668 	1.0943354
0.00022110553 	-0.05003093 	-0.0056840668 	1.0943354
0.00024120603 	-0.050781707 	-0.012741493 	1.0912754
0.00026130653 	-0.050781707 	-0.012741493 	1.0912754
0.00028140704 	-0.051668537 	-0.018421525 	1.0854107
0.00030150754 	-0.051668537 	-0.018421525 	1.0854107
0.00032160804 	-0.051668537 	-0.018421525 	1.0854107
0.00034170854 	-0.052600706 	-0.022951985 	1.0774642
0.00036180905 	-0.052600706 	-0.022951985 	1.0774642
0.00038190955 	-0.052600706 	-0.022951985 	1.0774642
0.00040201005 	-0.05339347 	-0.026533892 	1.0685276
0.00042211055 	-0.05339347 	-0.026533892 	1.0685276
0.00044221106 	-0.05339347 	-0.026533892 	1.0685276
0.00046231156 	-0.053886954 	-0.029265975 	1.0595235
0.00048241206 	-0.053886954 	-0.029265975 	1.0595235
0.00050251256 	-0.053978178 	-0.031251245 	1.0509534
0.00052261307 	-0.053978178 	-0.031251245 	1.0509534
0.00054271357 	-0.053978178 	-0.031251245 	1.0509534
0.00056281407 	-0.053596943 	-0.032676436 	1.0429836
0.00058291457 	-0.053596943 	-0.032676436 	1.0429836
0.00060301508 	-0.053596943 	-0.032676436 	1.0429836
0.00062311558 	-0.052697711 	-0.033750956 	1.0356343
0.00064321608 	-0.052697711 	-0.033750956 	1.0356343
0.00066331658 	-0.052697711 	-0.033750956 	1.0356343
0.00068341709 	-0.051275066 	-0.034551303 	1.0288882
0.00070351759 	-0.051275066 	-0.034551303 	1.0288882
0.00072361809 	-0.049404522 	-0.034902589 	1.0227219
0.00074371859 	-0.049404522 	-0.034902589 	1.0227219
0.0007638191 	-0.049404522 	-0.034902589 	1.0227219
0.0007839196 	-0.047289522 	-0.034416412 	1.0171
0.0008040201 	-0.047289522 	-0.034416412 	1.0171
0.0008241206 	-0.047289522 	-0.034416412 	1.0171
0.00084422111 	-0.045266647 	-0.032688859 	1.0119458
0.00086432161 	-0.045266647 	-0.032688859 	1.0119458
0.00088442211 	-0.045266647 	-0.032688859 	1.0119458
0.00090452261 	-0.04384613 	-0.029581069 	1.0071362
0.00092462312 	-0.04384613 	-0.029581069 	1.0071362
0.00094472362 	-0.043635676 	-0.025520591 	1.0025296
0.00096482412 	-0.043635676 	-0.025520591 	1.0025296
0.00098492462 	-0.043635676 	-0.025520591 	1.0025296
0.0010050251 	-0.046690106 	-0.022863063 	0.99841362
0.0010251256 	-0.046690106 	-0.022863063 	0.99841362
0.0010452261 	-0.046690106 	-0.022863063 	0.99841362
0.0010653266 	-0.051230836 	-0.021020623 	0.99331631
0.0010854271 	-0.051230836 	-0.021020623 	0.99331631
0.0011055276 	-0.051230836 	-0.021020623 	0.99331631
0.0011256281 	-0.057549872 	-0.021319504 	0.98808036
0.0011457286 	-0.057549872 	-0.021319504 	0.98808036
0.0011658291 	-0.057549872 	-0.021319504 	0.98808036
0.0011859296 	-0.064320576 	-0.022322407 	0.98258579
0.0012060302 	-0.064320576 	-0.022322407 	0.98258579
0.0012261307 	-0.064320576 	-0.022322407 	0.98258579
0.0012462312 	-0.069895209 	-0.022570993 	0.97678478
0.0012663317 	-0.069895209 	-0.022570993 	0.97678478
0.0012864322 	-0.069895209 	-0.022570993 	0.97678478
0.0013065327 	-0.073002939 	-0.021576268 	0.97064452
0.0013266332 	-0.073002939 	-0.021576268 	0.97064452
0.0013467337 	-0.073002939 	-0.021576268 	0.97064452
0.0013668342 	-0.073151285 	-0.019665905 	0.96433821
0.0013869347 	-0.073151285 	-0.019665905 	0.96433821
0.0014070352 	-0.073151285 	-0.019665905 	0.96433821
0.0014271357 	-0.070547434 	-0.017260318 	0.95818202
0.0014472362 	-0.070547434 	-0.017260318 	0.95818202
0.0014673367 	-0.070547434 	-0.017260318 	0.95818202
0.0014874372 	-0.065716955 	-0.014597102 	0.95239389
0.0015075377 	-0.065716955 	-0.014597102 	0.95239389
0.0015276382 	-0.059313776 	-0.011747901 	0.94692811
0.0015477387 	-0.059313776 	-0.011747901 	0.94692811
0.0015678392 	-0.059313776 	-0.011747901 	0.94692811
0.0015879397 	-0.052051392 	-0.0087135243 	0.94149051
0.0016080402 	-0.052051392 	-0.0087135243 	0.94149051
0.0016281407 	-0.052051392 	-0.0087135243 	0.94149051
0.0016482412 	-0.044592973 	-0.0055406081 	0.9357218
0.0016683417 	-0.044592973 	-0.0055406081 	0.9357218
0.0016884422 	-0.037456043 	-0.0023403428 	0.92940652
0.0017085427 	-0.037456043 	-0.0023403428 	0.92940652
0.0017286432 	-0.037456043 	-0.0023403428 	0.92940652
0.0017487437 	-0.030952624 	0.00075461336 	0.92259223
0.0017688442 	-0.030952624 	0.00075461336 	0.92259223
0.0017889447 	-0.030952624 	0.00075461336 	0.92259223
0.0018090452 	-0.025192787 	0.0036935975 	0.9155609
0.0018291457 	-0.025192787 	0.0036935975 	0.9155609
0.0018492462 	-0.020155374 	0.0065550071 	0.90875777
0.0018693467 	-0.020155374 	0.0065550071 	0.90875777
0.0018894472 	-0.020155374 	0.0065550071 	0.90875777
0.0019095477 	-0.015777061 	0.0094972424 	0.90273613
0.0019296482 	-0.015777061 	0.0094972424 	0.90273613
0.0019497487 	-0.011993815 	0.012636827 	0.89804205
0.0019698492 	-0.011993815 	0.012636827 	0.89804205
0.0019899497 	-0.0087727516 	0.015929403 	0.8950328
0.0020100503 	-0.0087727516 	0.015929403 	0.8950328
0.0020301508 	-0.0087727516 	0.015929403 	0.8950328
0.0020502513 	-0.0061116773 	0.019160022 	0.89373954
0.0020703518 	-0.0061116773 	0.019160022 	0.89373954
0.0020904523 	-0.0039910776 	0.02203277 	0.89383541
0.0021105528 	-0.0039910776 	0.02203277 	0.89383541
0.0021306533 	-0.0039910776 	0.02203277 	0.89383541
0.0021507538 	-0.002358733 	0.024285476 	0.8947243
0.0021708543 	-0.002358733 	0.024285476 	0.8947243
0.0021909548 	-0.0011004448 	0.025789353 	0.89569826
0.0022110553 	-0.0011004448 	0.025789353 	0.89569826
0.0022311558 	-3.4517352e-05 	0.02658005 	0.89613359
0.0022512563 	-3.4517352e-05 	0.02658005 	0.89613359
0.0022713568 	0.0010345783 	0.026821323 	0.89563537
0.0022914573 	0.0010345783 	0.026821323 	0.89563537
0.0023115578 	0.0010345783 	0.026821323 	0.89563537
0.0023316583 	0.0022549767 	0.026733129 	0.89409407
0.0023517588 	0.0022549767 	0.026733129 	0.89409407
0.0023718593 	0.0037077505 	0.026517757 	0.89165089
0.0023919598 	0.0037077505 	0.026517757 	0.89165089
0.0024120603 	0.0053911507 	0.026325385 	0.88860003
0.0024321608 	0.0053911507 	0.026325385 	0.88860003
0.0024522613 	0.0072281409 	0.026257064 	0.88527887
0.0024723618 	0.0072281409 	0.026257064 	0.88527887
0.0024924623 	0.0090979012 	0.026387331 	0.88196961
0.0025125628 	0.0090979012 	0.026387331 	0.88196961
0.0025326633 	0.010863332 	0.026799305 	0.87884181
0.0025527638 	0.010863332 	0.026799305 	0.87884181
0.0025728643 	0.012400961 	0.027604318 	0.87592345
0.0025929648 	0.012400961 	0.027604318 	0.87592345
0.0026130653 	0.013622308 	0.028934509 	0.87309821
0.0026331658 	0.013622308 	0.028934509 	0.87309821
0.0026532663 	0.014494567 	0.030890047 	0.87010923
0.0026733668 	0.014494567 	0.030890047 	0.87010923
0.0026934673 	0.015049095 	0.033464677 	0.8665806
0.0027135678 	0.015049095 	0.033464677 	0.8665806
0.0027336683 	0.015368908 	0.036475865 	0.86206167
0.0027537688 	0.015368908 	0.036475865 	0.86206167
0.0027738693 	0.015558179 	0.039541014 	0.85610683
0.0027939698 	0.015558179 	0.039541014 	0.85610683
0.0028140704 	0.015701173 	0.042100399 	0.84839511
0.0028341709 	0.015701173 	0.042100399 	0.84839511
0.0028542714 	0.015809941 	0.043476764 	0.83892883
0.0028743719 	0.015774421 	0.042958153 	0.82828313
0.0028944724 	0.015774421 	0.042958153 	0.82828313
0.0029145729 	0.015379148 	0.039914394 	0.81757918
0.0029346734 	0.015379148 	0.039914394 	0.81757918
0.0029547739 	0.014437981 	0.034016122 	0.80766294
0.0029748744 	0.014437981 	0.034016122 	0.80766294
0.0029949749 	0.013000033 	0.025754857 	0.79784184
0.0030150754 	0.011348291 	0.016945297 	0.78595232
0.0030351759 	0.011348291 	0.016945297 	0.78595232
0.0030552764 	0.0095592542 	0.010477757 	0.77067235
0.0030753769 	0.0095592542 	0.010477757 	0.77067235
0.0030954774 	0.007161585 	0.0091159036 	0.75353693
0.0031155779 	0.0032883856 	0.014148429 	0.73765497
0.0031356784 	0.0032883856 	0.014148429 	0.73765497
0.0031557789 	-0.0025428785 	0.024791129 	0.72499583
0.0031758794 	-0.0025428785 	0.024791129 	0.72499583
0.0031959799 	-0.0099238467 	0.03865201 	0.71544112
0.0032160804 	-0.017851127 	0.052979342 	0.70748315
0.0032361809 	-0.017851127 	0.052979342 	0.70748315
0.0032562814 	-0.025180292 	0.065709727 	0.69925765
0.0032763819 	-0.030927399 	0.075660054 	0.68917001
0.0032964824 	-0.030927399 	0.075660054 	0.68917001
0.0033165829 	-0.034526322 	0.082207254 	0.67617111
0.0033366834 	-0.035877147 	0.085061321 	0.65987366
0.0033567839 	-0.035877147 	0.085061321 	0.65987366
0.0033768844 	-0.035233097 	0.08427339 	0.64061824
0.0033969849 	-0.033054137 	0.080279226 	0.61945767
0.0034170854 	-0.033054137 	0.080279226 	0.61945767
0.0034371859 	-0.029898791 	0.073806216 	0.59794253
0.0034572864 	-0.026331412 	0.065705716 	0.57771804
0.0034773869 	-0.022841736 	0.056833702 	0.56001118
0.0034974874 	-0.022841736 	0.056833702 	0.56001118
0.0035175879 	-0.019774239 	0.047963985 	0.54521219
0.0035376884 	-0.017266723 	0.039681068 	0.53279199
0.0035577889 	-0.015258482 	0.032307228 	0.52159869
0.0035778894 	-0.015258482 	0.032307228 	0.52159869
0.0035979899 	-0.013551989 	0.025972122 	0.51030004
0.0036180905 	-0.011968477 	0.020705422 	0.49773803
0.003638191 	-0.010433687 	0.01653431 	0.48310125
0.0036582915 	-0.010433687 	0.01653431 	0.48310125
0.003678392 	-0.0088961189 	0.013516046 	0.46588301
0.0036984925 	-0.0073467216 	0.011650467 	0.4458796
0.003718593 	-0.0058369321 	0.010829749 	0.42313862
0.0037386935 	-0.004438005 	0.010829864 	0.39788568
0.003758794 	-0.0032121986 	0.011343765 	0.3704437
0.0037788945 	-0.0032121986 	0.011343765 	0.3704437
0.003798995 	-0.0021997204 	0.012036768 	0.34115602
0.0038190955 	-0.0014173793 	0.012605165 	0.31032268
0.003839196 	-0.00087005334 	0.012825452 	0.27815652
0.0038592965 	-0.00053637464 	0.012575901 	0.24478079
0.003879397 	-0.000362074 	0.011839752 	0.21024516
0.0038994975 	-0.00028350907 	0.010674387 	0.17457143
0.003919598 	-0.00023734036 	0.0091628853 	0.13779401
0.0039396985 	-0.00017860286 	0.0073542104 	0.099959412
0.003959799 	-9.6185225e-05 	0.0051795268 	0.06106505
0.0039798995 	-1.2102097e-05 	0.0022909261 	0.020959096
0.004 	-1.2102097e-05 	0.0022909261 	0.020959096
