0 	0.036881935 	-0.035382107 	1.0553698
5.5555625e-05 	0.021686405 	-0.048815315 	1.0471701
0.00011111111 	0.019865583 	-0.051545743 	1.0391282
0.00016666667 	0.021281122 	-0.05230985 	1.0315488
0.00022222222 	0.023849421 	-0.051844752 	1.0246972
0.00027777778 	0.026933048 	-0.050269512 	1.0188112
0.00033333333 	0.030290933 	-0.047592489 	1.0140945
0.00038888889 	0.03382071 	-0.043786309 	1.010713
0.00044444444 	0.037480698 	-0.038824172 	1.008767
0.0005 	0.041260562 	-0.032689241 	1.008281
0.00055555556 	0.045159376 	-0.025396572 	1.0091709
0.00061111111 	0.049165567 	-0.017010635 	1.0112576
0.00066666667 	0.053215627 	-0.0076631429 	1.0142573
0.00072222222 	0.057171385 	0.0024208169 	1.0178097
0.00077777778 	0.060818887 	0.012939411 	1.0215272
0.00083333333 	0.063814288 	0.023461633 	1.0250232
0.00088888889 	0.065873814 	0.033471488 	1.0281007
0.00094444444 	0.066316158 	0.042455717 	1.0304749
0.001 	0.065278301 	0.050326797 	1.0327097
0.0010617199 	0.061724449 	0.056332452 	1.0346953
0.0011225874 	0.056358768 	0.060265224 	1.0365592
0.0011826143 	0.049933041 	0.06264934 	1.0385399
0.0012418122 	0.043073175 	0.064023456 	1.0409158
0.0013001926 	0.036247875 	0.064812397 	1.0438874
0.0013577668 	0.029699189 	0.065317662 	1.0472536
0.0014145458 	0.023471013 	0.065692722 	1.0501137
0.0014705407 	0.017471146 	0.065825179 	1.0506626
0.0015257623 	0.011545021 	0.065273691 	1.0463068
0.0015802213 	0.0056563607 	0.063467749 	1.0347772
0.0016339282 	7.795446e-05 	0.060101282 	1.0162326
0.0016868934 	-0.0046133596 	0.055366797 	0.99417781
0.0017391271 	-0.0078423883 	0.049859281 	0.97322861
0.0017906395 	-0.0094438709 	0.044162806 	0.95611392
0.0018414404 	-0.009712479 	0.038467121 	0.94315097
0.0018915398 	-0.0091133511 	0.032609831 	0.93362693
0.0019409473 	-0.0080913514 	0.026402695 	0.92700855
0.0019896725 	-0.0070226489 	0.019885375 	0.92324913
0.0020377248 	-0.0061855586 	0.013348632 	0.92252862
0.0020851134 	-0.0058053555 	0.0071752073 	0.92494992
0.0021318476 	-0.0059242874 	0.0016100959 	0.93037889
0.0021779364 	-0.0063447107 	-0.0033505199 	0.93841658
0.0022233887 	-0.006790872 	-0.0080354755 	0.94843464
0.0022682133 	-0.0069420257 	-0.012958065 	0.95962498
0.0023124189 	-0.0065710468 	-0.018579071 	0.97108103
0.0023560139 	-0.0056367295 	-0.025069455 	0.9819253
0.0023990069 	-0.0042582836 	-0.032200409 	0.99139746
0.0024414062 	-0.0026898803 	-0.039416428 	0.99886885
0.0024832199 	-0.001191264 	-0.046070749 	1.0037975
0.0025244562 	7.3665617e-05 	-0.051735038 	1.0056683
0.002565123 	0.0011094162 	-0.056403999 	1.0039617
0.0026052281 	0.0021281755 	-0.060547975 	0.99828534
0.0026447794 	0.0034614271 	-0.064930055 	0.98874532
0.0026837845 	0.0053566296 	-0.070138478 	0.97656819
0.0027222509 	0.0078751585 	-0.07588011 	0.96436138
0.0027601861 	0.010894448 	-0.080569412 	0.95485923
0.0027975974 	0.014962758 	-0.082286925 	0.94825171
0.002834492 	0.020771311 	-0.080845832 	0.941661
0.0028708772 	0.028409907 	-0.078214381 	0.93287928
0.0029067598 	0.037057737 	-0.076460884 	0.92307212
0.0029421469 	0.044951423 	-0.07624946 	0.91465201
0.0029770452 	0.050599494 	-0.077288756 	0.90892867
0.0030114616 	0.053054304 	-0.078992894 	0.9057181
0.0030454028 	0.05183321 	-0.080520569 	0.90308232
0.0030788752 	0.047362885 	-0.080497245 	0.8978469
0.0031118853 	0.040615898 	-0.077295995 	0.8860629
0.0031444395 	0.032519811 	-0.069815274 	0.86469471
0.0031765442 	0.023683564 	-0.057734874 	0.8332633
0.0032082055 	0.014326186 	-0.041683513 	0.79447655
0.0032394295 	0.0048513872 	-0.02282366 	0.75305351
0.0032702223 	-0.0039489501 	-0.002428063 	0.713242
0.0033005899 	-0.011286373 	0.018301743 	0.67687286
0.0033305381 	-0.016640477 	0.03776501 	0.64345671
0.0033600727 	-0.019689033 	0.053955781 	0.61167638
0.0033891994 	-0.020343683 	0.064987234 	0.581041
0.0034179239 	-0.019053827 	0.069624967 	0.55290639
0.0034462517 	-0.01675098 	0.067738625 	0.53026299
0.0034741882 	-0.014442003 	0.060485653 	0.51618465
0.003501739 	-0.012860924 	0.0496059 	0.51203218
0.0035289093 	-0.012364241 	0.036763727 	0.51717085
0.0035557043 	-0.012947873 	0.023036267 	0.52985522
0.0035821293 	-0.014416166 	0.0089458056 	0.54789717
0.0036081894 	-0.016518563 	-0.0052457353 	0.56861265
0.0036338895 	-0.019042013 	-0.019326332 	0.58871667
0.0036592348 	-0.021706357 	-0.032941059 	0.6046072
0.00368423 	-0.024253638 	-0.04564146 	0.61323228
0.00370888 	-0.026562804 	-0.056847387 	0.61217639
0.0037331896 	-0.028417732 	-0.06592651 	0.59999158
0.0037571635 	-0.02943013 	-0.072358716 	0.57609068
0.0037808063 	-0.029109918 	-0.075774534 	0.54045765
0.0038041226 	-0.027125857 	-0.075888259 	0.49366653
0.0038271169 	-0.023590966 	-0.072541128 	0.43742858
0.0038497936 	-0.019107488 	-0.06596468 	0.3749809
0.0038721572 	-0.014462702 	-0.056929591 	0.31035899
0.0038942119 	-0.010239913 	-0.046489685 	0.24691472
0.003915962 	-0.0066783499 	-0.035619574 	0.18644208
0.0039374118 	-0.0037995678 	-0.025078208 	0.12939681
0.0039585653 	-0.0016214365 	-0.015314719 	0.075606246
0.0039794267 	-0.00024694687 	-0.0059243405 	0.024697438
0.004 	-0.00024694687 	-0.0059243405 	0.024697438
