0 	-0.043161848 	0.0115316 	1.0835546
5.5555625e-05 	-0.031662971 	0.032347 	1.0867346
0.00011111111 	-0.025171734 	0.03824896 	1.0892285
0.00016666667 	-0.020589959 	0.041426334 	1.0909634
0.00022222222 	-0.016794536 	0.043564561 	1.091916
0.00027777778 	-0.013433111 	0.045089118 	1.0921025
0.00033333333 	-0.010379571 	0.04610405 	1.0915692
0.00038888889 	-0.0075921124 	0.04659327 	1.0903832
0.00044444444 	-0.0050626941 	0.046514913 	1.088616
0.0005 	-0.0027990379 	0.045865992 	1.0863251
0.00055555556 	-0.00080309164 	0.044722255 	1.0835439
0.00061111111 	0.00095001828 	0.043232431 	1.0802724
0.00066666667 	0.0025083393 	0.041600562 	1.0764827
0.00072222222 	0.0039363918 	0.040029792 	1.0721239
0.00077777778 	0.0053110743 	0.038655958 	1.0671388
0.00083333333 	0.0066690772 	0.0375028 	1.0614948
0.00088888889 	0.0080441782 	0.036494596 	1.0552028
0.00094444444 	0.0093997821 	0.035404873 	1.0482845
0.001 	0.010834763 	0.034108973 	1.0403652
0.0010617199 	0.012238416 	0.032309056 	1.0313868
0.0011225874 	0.013417454 	0.029839604 	1.0220564
0.0011826143 	0.013942214 	0.026521509 	1.0131659
0.0012418122 	0.013346347 	0.022158004 	1.0057913
0.0013001926 	0.011373103 	0.016565813 	1.000803
0.0013577668 	0.0081093273 	0.00978088 	0.99857559
0.0014145458 	0.0038261281 	0.0023442402 	0.99901473
0.0014705407 	-0.0011689293 	-0.0047636666 	1.0015518
0.0015257623 	-0.0064816396 	-0.010470874 	1.0051892
0.0015802213 	-0.01168998 	-0.013963307 	1.0088026
0.0016339282 	-0.016467443 	-0.014889536 	1.0115915
0.0016868934 	-0.020665628 	-0.013443357 	1.0133443
0.0017391271 	-0.024288047 	-0.010319067 	1.0143267
0.0017906395 	-0.027349932 	-0.0064537423 	1.0149282
0.0018414404 	-0.029810668 	-0.0026584976 	1.0153409
0.0018915398 	-0.031598807 	0.0005751002 	1.0154768
0.0019409473 	-0.032699315 	0.0030586798 	1.0150948
0.0019896725 	-0.033171693 	0.0047842441 	1.0139268
0.0020377248 	-0.033128268 	0.0057775869 	1.0117173
0.0020851134 	-0.032632409 	0.0060827459 	1.0082332
0.0021318476 	-0.031687925 	0.0058373462 	1.0033259
0.0021779364 	-0.030283585 	0.0052527257 	0.9970259
0.0022233887 	-0.02842719 	0.0045790825 	0.98955253
0.0022682133 	-0.026147184 	0.0039497832 	0.98121665
0.0023124189 	-0.023530029 	0.003282266 	0.97232408
0.0023560139 	-0.020739389 	0.002313751 	0.96315778
0.0023990069 	-0.017873217 	0.00062192005 	0.95407296
0.0024414062 	-0.014955808 	-0.0023234456 	0.9454594
0.0024832199 	-0.012100119 	-0.0070219049 	0.93751206
0.0025244562 	-0.0094260951 	-0.013585524 	0.93023023
0.002565123 	-0.0069851688 	-0.021503867 	0.92354998
0.0026052281 	-0.004813493 	-0.029795721 	0.91734685
0.0026447794 	-0.0027659396 	-0.03749024 	0.91133462
0.0026837845 	-0.00061385936 	-0.043958329 	0.90499867
0.0027222509 	0.0016913042 	-0.048883754 	0.89844291
0.0027601861 	0.003614504 	-0.052049585 	0.89311349
0.0027975974 	0.0043949666 	-0.053277463 	0.89083328
0.002834492 	0.0036567952 	-0.052629625 	0.89189394
0.0028708772 	0.0015198206 	-0.05049333 	0.89458688
0.0029067598 	-0.0013488505 	-0.047353953 	0.89630407
0.0029421469 	-0.0040916603 	-0.0433747 	0.89486723
0.0029770452 	-0.0059879639 	-0.038224215 	0.88905893
0.0030114616 	-0.0063657563 	-0.031270154 	0.87836784
0.0030454028 	-0.0047771531 	-0.02187714 	0.8625488
0.0030788752 	-0.0010948846 	-0.0097896307 	0.84151924
0.0031118853 	0.0042572514 	0.0045836009 	0.81558275
0.0031444395 	0.010666373 	0.02002359 	0.7857023
0.0031765442 	0.017546755 	0.03463778 	0.75368034
0.0032082055 	0.024058119 	0.046343971 	0.72214477
0.0032394295 	0.029358732 	0.053320353 	0.69432643
0.0032702223 	0.032737843 	0.054502404 	0.67339368
0.0033005899 	0.033666049 	0.049883022 	0.66176014
0.0033305381 	0.031908539 	0.040442025 	0.66046461
0.0033600727 	0.027639793 	0.027720737 	0.66887779
0.0033891994 	0.021426129 	0.013268429 	0.68493944
0.0034179239 	0.014033856 	-0.0017255621 	0.70550411
0.0034462517 	0.0064051118 	-0.016554164 	0.72694746
0.0034741882 	-0.00045406789 	-0.030834002 	0.74574879
0.003501739 	-0.0058069931 	-0.044332157 	0.75895988
0.0035289093 	-0.0092296836 	-0.056853737 	0.76455563
0.0035557043 	-0.010606961 	-0.068187554 	0.76168059
0.0035821293 	-0.01015915 	-0.078074056 	0.7507168
0.0036081894 	-0.008383461 	-0.086172253 	0.73314583
0.0036338895 	-0.0059366585 	-0.092061531 	0.7112012
0.0036592348 	-0.0034820359 	-0.095295076 	0.6872886
0.00368423 	-0.0015383894 	-0.095479699 	0.66336364
0.00370888 	-0.00037244804 	-0.092357448 	0.64040921
0.0037331896 	1.5534554e-05 	-0.085886278 	0.6181749
0.0037571635 	-0.00017397355 	-0.0763255 	0.59524422
0.0037808063 	-0.00064327406 	-0.06432629 	0.56940866
0.0038041226 	-0.0011246997 	-0.050973475 	0.53825179
0.0038271169 	-0.0014602363 	-0.037689191 	0.49977229
0.0038497936 	-0.0016003611 	-0.025940386 	0.45286793
0.0038721572 	-0.0015674634 	-0.016828269 	0.39754062
0.0038942119 	-0.0014039185 	-0.010744075 	0.33475903
0.003915962 	-0.0011365965 	-0.0072989351 	0.26610738
0.0039374118 	-0.00078101658 	-0.0055610798 	0.19336895
0.0039585653 	-0.00038021244 	-0.0043742911 	0.11803238
0.0039794267 	-3.8987037e-05 	-0.002397914 	0.040600139
0.004 	-3.8987037e-05 	-0.002397914 	0.040600139
