0 	-0.033196151 	0.014730544 	1.0551005
2.0100503e-05 	-0.033196151 	0.014730544 	1.0551005
4.0201005e-05 	-0.033196151 	0.014730544 	1.0551005
6.0301508e-05 	-0.022548082 	0.028549504 	1.0573916
8.040201e-05 	-0.022548082 	0.028549504 	1.0573916
0.00010050251 	-0.022548082 	0.028549504 	1.0573916
0.00012060302 	-0.01779108 	0.031601101 	1.0595586
0.00014070352 	-0.01779108 	0.031601101 	1.0595586
0.00016080402 	-0.01779108 	0.031601101 	1.0595586
0.00018090452 	-0.014561213 	0.033081811 	1.0615081
0.00020100503 	-0.014561213 	0.033081811 	1.0615081
0.00022110553 	-0.014561213 	0.033081811 	1.0615081
0.00024120603 	-0.011696048 	0.034281433 	1.0631146
0.00026130653 	-0.011696048 	0.034281433 	1.0631146
0.00028140704 	-0.0056777539 	0.032565858 	1.0644494
0.00030150754 	-0.0056777539 	0.032565858 	1.0644494
0.00032160804 	-0.0056777539 	0.032565858 	1.0644494
0.00034170854 	-0.0058187559 	0.037018984 	1.064697
0.00036180905 	-0.0058187559 	0.037018984 	1.064697
0.00038190955 	-0.0058187559 	0.037018984 	1.064697
0.00040201005 	-0.0026674986 	0.038387653 	1.0644837
0.00042211055 	-0.0026674986 	0.038387653 	1.0644837
0.00044221106 	-0.0026674986 	0.038387653 	1.0644837
0.00046231156 	0.00054306982 	0.039272689 	1.0637053
0.00048241206 	0.00054306982 	0.039272689 	1.0637053
0.00050251256 	0.0036526637 	0.039208953 	1.0626626
0.00052261307 	0.0036526637 	0.039208953 	1.0626626
0.00054271357 	0.0036526637 	0.039208953 	1.0626626
0.00056281407 	0.0064672954 	0.03788475 	1.0617236
0.00058291457 	0.0064672954 	0.03788475 	1.0617236
0.00060301508 	0.0064672954 	0.03788475 	1.0617236
0.00062311558 	0.012348417 	0.032405559 	1.0613011
0.00064321608 	0.012348417 	0.032405559 	1.0613011
0.00066331658 	0.012348417 	0.032405559 	1.0613011
0.00068341709 	0.01395405 	0.029466701 	1.0605663
0.00070351759 	0.010668881 	0.032009727 	1.0605961
0.00072361809 	0.012145415 	0.02882427 	1.0595891
0.00074371859 	0.012145415 	0.02882427 	1.0595891
0.0007638191 	0.012145415 	0.02882427 	1.0595891
0.0007839196 	0.013601854 	0.026882005 	1.0571852
0.0008040201 	0.013601854 	0.026882005 	1.0571852
0.0008241206 	0.013601854 	0.026882005 	1.0571852
0.00084422111 	0.015449843 	0.02704211 	1.0526527
0.00086432161 	0.015449843 	0.02704211 	1.0526527
0.00088442211 	0.015449843 	0.02704211 	1.0526527
0.00090452261 	0.0180037 	0.029536897 	1.0458324
0.00092462312 	0.0180037 	0.029536897 	1.0458324
0.00094472362 	0.021167761 	0.033866807 	1.0372461
0.00096482412 	0.021167761 	0.033866807 	1.0372461
0.00098492462 	0.021167761 	0.033866807 	1.0372461
0.0010050251 	0.024975532 	0.039566234 	1.0270817
0.0010251256 	0.024975532 	0.039566234 	1.0270817
0.0010452261 	0.024975532 	0.039566234 	1.0270817
0.0010653266 	0.028853002 	0.045554244 	1.0165178
0.0010854271 	0.028853002 	0.045554244 	1.0165178
0.0011055276 	0.028853002 	0.045554244 	1.0165178
0.0011256281 	0.03206124 	0.050741788 	1.0066302
0.0011457286 	0.03206124 	0.050741788 	1.0066302
0.0011658291 	0.03206124 	0.050741788 	1.0066302
0.0011859296 	0.034230802 	0.054922308 	0.99723585
0.0012060302 	0.034230802 	0.054922308 	0.99723585
0.0012261307 	0.034230802 	0.054922308 	0.99723585
0.0012462312 	0.03513861 	0.058174424 	0.98832552
0.0012663317 	0.03513861 	0.058174424 	0.98832552
0.0012864322 	0.03513861 	0.058174424 	0.98832552
0.0013065327 	0.034721382 	0.060398477 	0.98070898
0.0013266332 	0.034721382 	0.060398477 	0.98070898
0.0013467337 	0.034721382 	0.060398477 	0.98070898
0.0013668342 	0.033210908 	0.061000898 	0.97572124
0.0013869347 	0.033210908 	0.061000898 	0.97572124
0.0014070352 	0.033210908 	0.061000898 	0.97572124
0.0014271357 	0.031135207 	0.059094396 	0.97428772
0.0014472362 	0.031135207 	0.059094396 	0.97428772
0.0014673367 	0.031135207 	0.059094396 	0.97428772
0.0014874372 	0.029040469 	0.054078681 	0.97637609
0.0015075377 	0.029040469 	0.054078681 	0.97637609
0.0015276382 	0.027224401 	0.046042327 	0.98125619
0.0015477387 	0.027224401 	0.046042327 	0.98125619
0.0015678392 	0.027224401 	0.046042327 	0.98125619
0.0015879397 	0.025638717 	0.035765723 	0.9879532
0.0016080402 	0.025638717 	0.035765723 	0.9879532
0.0016281407 	0.025638717 	0.035765723 	0.9879532
0.0016482412 	0.024105482 	0.024330948 	0.99500968
0.0016683417 	0.024105482 	0.024330948 	0.99500968
0.0016884422 	0.022667768 	0.012868691 	1.0001136
0.0017085427 	0.022667768 	0.012868691 	1.0001136
0.0017286432 	0.022667768 	0.012868691 	1.0001136
0.0017487437 	0.021458559 	0.0022888709 	1.0007897
0.0017688442 	0.021458559 	0.0022888709 	1.0007897
0.0017889447 	0.021458559 	0.0022888709 	1.0007897
0.0018090452 	0.020412068 	-0.0070798694 	0.99554001
0.0018291457 	0.020412068 	-0.0070798694 	0.99554001
0.0018492462 	0.019228859 	-0.015413901 	0.98457098
0.0018693467 	0.019228859 	-0.015413901 	0.98457098
0.0018894472 	0.019228859 	-0.015413901 	0.98457098
0.0019095477 	0.017637273 	-0.022992106 	0.96995646
0.0019296482 	0.017637273 	-0.022992106 	0.96995646
0.0019497487 	0.015680531 	-0.029843565 	0.95470753
0.0019698492 	0.015680531 	-0.029843565 	0.95470753
0.0019899497 	0.013619465 	-0.035791643 	0.94118375
0.0020100503 	0.013619465 	-0.035791643 	0.94118375
0.0020301508 	0.013619465 	-0.035791643 	0.94118375
0.0020502513 	0.011705807 	-0.040573323 	0.93032033
0.0020703518 	0.011705807 	-0.040573323 	0.93032033
0.0020904523 	0.010023534 	-0.043889067 	0.92196633
0.0021105528 	0.010023534 	-0.043889067 	0.92196633
0.0021306533 	0.010023534 	-0.043889067 	0.92196633
0.0021507538 	0.0084834512 	-0.045476992 	0.91551819
0.0021708543 	0.0084834512 	-0.045476992 	0.91551819
0.0021909548 	0.006934088 	-0.045274239 	0.91027511
0.0022110553 	0.006934088 	-0.045274239 	0.91027511
0.0022311558 	0.005279048 	-0.043508064 	0.90552572
0.0022512563 	0.005279048 	-0.043508064 	0.90552572
0.0022713568 	0.0034998739 	-0.040647035 	0.90058366
0.0022914573 	0.0034998739 	-0.040647035 	0.90058366
0.0023115578 	0.0034998739 	-0.040647035 	0.90058366
0.0023316583 	0.0015758675 	-0.037199299 	0.89493011
0.0023517588 	0.0015758675 	-0.037199299 	0.89493011
0.0023718593 	-0.00063556467 	-0.033431538 	0.88845571
0.0023919598 	-0.00063556467 	-0.033431538 	0.88845571
0.0024120603 	-0.0034073578 	-0.029171133 	0.88167523
0.0024321608 	-0.0034073578 	-0.029171133 	0.88167523
0.0024522613 	-0.0069805218 	-0.023890072 	0.87571431
0.0024723618 	-0.0069805218 	-0.023890072 	0.87571431
0.0024924623 	-0.011289103 	-0.01709816 	0.871864
0.0025125628 	-0.011289103 	-0.01709816 	0.871864
0.0025326633 	-0.015772636 	-0.0087300437 	0.870816
0.0025527638 	-0.015772636 	-0.0087300437 	0.870816
0.0025728643 	-0.019756158 	0.00084627563 	0.87214711
0.0025929648 	-0.019756158 	0.00084627563 	0.87214711
0.0026130653 	-0.022577639 	0.011067468 	0.87461113
0.0026331658 	-0.022577639 	0.011067468 	0.87461113
0.0026532663 	-0.023818077 	0.021061315 	0.87692596
0.0026733668 	-0.023818077 	0.021061315 	0.87692596
0.0026934673 	-0.023560797 	0.030065643 	0.87845532
0.0027135678 	-0.023560797 	0.030065643 	0.87845532
0.0027336683 	-0.022300168 	0.037219104 	0.87907272
0.0027537688 	-0.022300168 	0.037219104 	0.87907272
0.0027738693 	-0.020817207 	0.041998698 	0.87853776
0.0027939698 	-0.020817207 	0.041998698 	0.87853776
0.0028140704 	-0.019668902 	0.044888362 	0.87577014
0.0028341709 	-0.019668902 	0.044888362 	0.87577014
0.0028542714 	-0.018118443 	0.047766221 	0.86816289
0.0028743719 	-0.013994999 	0.0530817 	0.85204669
0.0028944724 	-0.013994999 	0.0530817 	0.85204669
0.0029145729 	-0.0055730164 	0.061727848 	0.82558012
0.0029346734 	-0.0055730164 	0.061727848 	0.82558012
0.0029547739 	0.0073482752 	0.071801882 	0.79077108
0.0029748744 	0.0073482752 	0.071801882 	0.79077108
0.0029949749 	0.023335594 	0.080111852 	0.75220644
0.0030150754 	0.039775696 	0.083858548 	0.71451335
0.0030351759 	0.039775696 	0.083858548 	0.71451335
0.0030552764 	0.053878628 	0.082031561 	0.68105608
0.0030753769 	0.053878628 	0.082031561 	0.68105608
0.0030954774 	0.062881152 	0.076156285 	0.65506001
0.0031155779 	0.065607244 	0.069087552 	0.64020573
0.0031356784 	0.065607244 	0.069087552 	0.64020573
0.0031557789 	0.06421325 	0.062435808 	0.63693424
0.0031758794 	0.06421325 	0.062435808 	0.63693424
0.0031959799 	0.062249036 	0.055248607 	0.64048301
0.0032160804 	0.062122465 	0.04701671 	0.64454388
0.0032361809 	0.062122465 	0.04701671 	0.64454388
0.0032562814 	0.06410479 	0.040062335 	0.6450149
0.0032763819 	0.066957979 	0.037780386 	0.64075618
0.0032964824 	0.066957979 	0.037780386 	0.64075618
0.0033165829 	0.068796621 	0.041663342 	0.63246901
0.0033366834 	0.067702765 	0.051122818 	0.62116123
0.0033567839 	0.067702765 	0.051122818 	0.62116123
0.0033768844 	0.062085726 	0.064066464 	0.60838375
0.0033969849 	0.051248611 	0.076355293 	0.59819359
0.0034170854 	0.051248611 	0.076355293 	0.59819359
0.0034371859 	0.035877497 	0.081025287 	0.59766821
0.0034572864 	0.018235809 	0.072070318 	0.61262274
0.0034773869 	0.001108665 	0.050656155 	0.64116266
0.0034974874 	0.001108665 	0.050656155 	0.64116266
0.0035175879 	-0.013166779 	0.024682544 	0.67338974
0.0035376884 	-0.023044858 	0.0016504615 	0.69860694
0.0035577889 	-0.028010342 	-0.015356509 	0.71036348
0.0035778894 	-0.028010342 	-0.015356509 	0.71036348
0.0035979899 	-0.028331846 	-0.026460709 	0.70692876
0.0036180905 	-0.024693526 	-0.032544786 	0.68914096
0.003638191 	-0.018057759 	-0.034360688 	0.65868607
0.0036582915 	-0.018057759 	-0.034360688 	0.65868607
0.003678392 	-0.0095344587 	-0.032714503 	0.61745524
0.0036984925 	-0.00033677904 	-0.02873314 	0.56761399
0.003718593 	0.0084353163 	-0.023842062 	0.51178419
0.0037386935 	0.015809525 	-0.019450185 	0.45324534
0.003758794 	0.020860951 	-0.016500819 	0.39571369
0.0037788945 	0.020860951 	-0.016500819 	0.39571369
0.003798995 	0.02314343 	-0.015163207 	0.34258441
0.0038190955 	0.022633752 	-0.014918829 	0.29599482
0.003839196 	0.019885053 	-0.015011779 	0.25595862
0.0038592965 	0.015922695 	-0.014897527 	0.22062615
0.003879397 	0.0116925 	-0.014280582 	0.18744777
0.0038994975 	0.0078726409 	-0.012944572 	0.15431644
0.003919598 	0.0048044792 	-0.010693411 	0.12015621
0.0039396985 	0.0025342051 	-0.0075194487 	0.084915613
0.003959799 	0.00097375149 	-0.0038453657 	0.049354558
0.0039798995 	9.7353144e-05 	-0.00066105598 	0.015040979
0.004 	9.7353144e-05 	-0.00066105598 	0.015040979
