0 	-0.024997383 	-0.015957447 	0.98786328
2.0100503e-05 	-0.024997383 	-0.015957447 	0.98786328
4.0201005e-05 	-0.024997383 	-0.015957447 	0.98786328
6.0301508e-05 	-0.035740406 	-0.0018356916 	0.97349779
8.040201e-05 	-0.035740406 	-0.0018356916 	0.97349779
0.00010050251 	-0.035740406 	-0.0018356916 	0.97349779
0.00012060302 	-0.027052661 	0.017256794 	0.96857586
0.00014070352 	-0.027052661 	0.017256794 	0.96857586
0.00016080402 	-0.027052661 	0.017256794 	0.96857586
0.00018090452 	-0.031286745 	0.013693468 	0.96150003
0.00020100503 	-0.031286745 	0.013693468 	0.96150003
0.00022110553 	-0.031286745 	0.013693468 	0.96150003
0.00024120603 	-0.03444598 	0.0087228065 	0.95785075
0.00026130653 	-0.048263072 	-0.00096836415 	0.95380716
0.00028140704 	-0.050002572 	-0.0047372095 	0.95311788
0.00030150754 	-0.050002572 	-0.0047372095 	0.95311788
0.00032160804 	-0.050002572 	-0.0047372095 	0.95311788
0.00034170854 	-0.050181698 	-0.0094550887 	0.9538162
0.00036180905 	-0.050181698 	-0.0094550887 	0.9538162
0.00038190955 	-0.03693456 	-0.0042372215 	0.95782691
0.00040201005 	-0.036406546 	-0.011429997 	0.95947163
0.00042211055 	-0.036406546 	-0.011429997 	0.95947163
0.00044221106 	-0.036406546 	-0.011429997 	0.95947163
0.00046231156 	-0.035081641 	-0.018320993 	0.96103523
0.00048241206 	-0.035081641 	-0.018320993 	0.96103523
0.00050251256 	-0.03327885 	-0.024413422 	0.96184015
0.00052261307 	-0.03327885 	-0.024413422 	0.96184015
0.00054271357 	-0.03327885 	-0.024413422 	0.96184015
0.00056281407 	-0.031313421 	-0.029508537 	0.961407
0.00058291457 	-0.031313421 	-0.029508537 	0.961407
0.00060301508 	-0.031313421 	-0.029508537 	0.961407
0.00062311558 	-0.029480874 	-0.033737272 	0.95956308
0.00064321608 	-0.029480874 	-0.033737272 	0.95956308
0.00066331658 	-0.029480874 	-0.033737272 	0.95956308
0.00068341709 	-0.028029617 	-0.037485174 	0.95654472
0.00070351759 	-0.034086089 	-0.036062216 	0.94863398
0.00072361809 	-0.031477952 	-0.039869048 	0.94506513
0.00074371859 	-0.027130364 	-0.041236236 	0.9529898
0.0007638191 	-0.027130364 	-0.041236236 	0.9529898
0.0007839196 	-0.026878885 	-0.045377568 	0.94980772
0.0008040201 	-0.026878885 	-0.045377568 	0.94980772
0.0008241206 	-0.029453387 	-0.044300584 	0.94172724
0.00084422111 	-0.028128238 	-0.04949196 	0.9393648
0.00086432161 	-0.028128238 	-0.04949196 	0.9393648
0.00088442211 	-0.028128238 	-0.04949196 	0.9393648
0.00090452261 	-0.027638053 	-0.055269103 	0.93881099
0.00092462312 	-0.027638053 	-0.055269103 	0.93881099
0.00094472362 	-0.028211442 	-0.061122706 	0.94085984
0.00096482412 	-0.028211442 	-0.061122706 	0.94085984
0.00098492462 	-0.028211442 	-0.061122706 	0.94085984
0.0010050251 	-0.030113058 	-0.06660143 	0.94622566
0.0010251256 	-0.030113058 	-0.06660143 	0.94622566
0.0010452261 	-0.030113058 	-0.06660143 	0.94622566
0.0010653266 	-0.033704805 	-0.070709051 	0.95530907
0.0010854271 	-0.033704805 	-0.070709051 	0.95530907
0.0011055276 	-0.033704805 	-0.070709051 	0.95530907
0.0011256281 	-0.03873543 	-0.073191563 	0.9663116
0.0011457286 	-0.03873543 	-0.073191563 	0.9663116
0.0011658291 	-0.03873543 	-0.073191563 	0.9663116
0.0011859296 	-0.044271805 	-0.075167749 	0.97690794
0.0012060302 	-0.044271805 	-0.075167749 	0.97690794
0.0012261307 	-0.044271805 	-0.075167749 	0.97690794
0.0012462312 	-0.04923375 	-0.078225699 	0.98471914
0.0012663317 	-0.04923375 	-0.078225699 	0.98471914
0.0012864322 	-0.04923375 	-0.078225699 	0.98471914
0.0013065327 	-0.052926716 	-0.083189095 	0.98807471
0.0013266332 	-0.052926716 	-0.083189095 	0.98807471
0.0013467337 	-0.052926716 	-0.083189095 	0.98807471
0.0013668342 	-0.055438679 	-0.089466495 	0.98621493
0.0013869347 	-0.055438679 	-0.089466495 	0.98621493
0.0014070352 	-0.055438679 	-0.089466495 	0.98621493
0.0014271357 	-0.057066037 	-0.095778814 	0.97911859
0.0014472362 	-0.057066037 	-0.095778814 	0.97911859
0.0014673367 	-0.057066037 	-0.095778814 	0.97911859
0.0014874372 	-0.05759049 	-0.10128015 	0.96757535
0.0015075377 	-0.05759049 	-0.10128015 	0.96757535
0.0015276382 	-0.056246205 	-0.10580237 	0.95365077
0.0015477387 	-0.056246205 	-0.10580237 	0.95365077
0.0015678392 	-0.056246205 	-0.10580237 	0.95365077
0.0015879397 	-0.05233137 	-0.10941408 	0.94042717
0.0016080402 	-0.05233137 	-0.10941408 	0.94042717
0.0016281407 	-0.05233137 	-0.10941408 	0.94042717
0.0016482412 	-0.04587391 	-0.11204213 	0.93069443
0.0016683417 	-0.04587391 	-0.11204213 	0.93069443
0.0016884422 	-0.0377375 	-0.11323586 	0.92561472
0.0017085427 	-0.0377375 	-0.11323586 	0.92561472
0.0017286432 	-0.0377375 	-0.11323586 	0.92561472
0.0017487437 	-0.029361922 	-0.11202988 	0.92432093
0.0017688442 	-0.029361922 	-0.11202988 	0.92432093
0.0017889447 	-0.029361922 	-0.11202988 	0.92432093
0.0018090452 	-0.022270967 	-0.10741524 	0.92446261
0.0018291457 	-0.022270967 	-0.10741524 	0.92446261
0.0018492462 	-0.017321284 	-0.099136019 	0.92346135
0.0018693467 	-0.017321284 	-0.099136019 	0.92346135
0.0018894472 	-0.017321284 	-0.099136019 	0.92346135
0.0019095477 	-0.01438901 	-0.087789396 	0.919581
0.0019296482 	-0.01438901 	-0.087789396 	0.919581
0.0019497487 	-0.012797626 	-0.074147795 	0.91227092
0.0019698492 	-0.012797626 	-0.074147795 	0.91227092
0.0019899497 	-0.011916061 	-0.059026742 	0.9021537
0.0020100503 	-0.011916061 	-0.059026742 	0.9021537
0.0020301508 	-0.011916061 	-0.059026742 	0.9021537
0.0020502513 	-0.011378281 	-0.043503058 	0.89079914
0.0020703518 	-0.011378281 	-0.043503058 	0.89079914
0.0020904523 	-0.010962381 	-0.028764061 	0.88016754
0.0021105528 	-0.010962381 	-0.028764061 	0.88016754
0.0021306533 	-0.010962381 	-0.028764061 	0.88016754
0.0021507538 	-0.010405469 	-0.0156451 	0.87191903
0.0021708543 	-0.010405469 	-0.0156451 	0.87191903
0.0021909548 	-0.009368714 	-0.0043668783 	0.86694936
0.0022110553 	-0.009368714 	-0.0043668783 	0.86694936
0.0022311558 	-0.0075655032 	0.0053338073 	0.86521771
0.0022512563 	-0.0075655032 	0.0053338073 	0.86521771
0.0022713568 	-0.0047611027 	0.013887659 	0.86582123
0.0022914573 	-0.0047611027 	0.013887659 	0.86582123
0.0023115578 	-0.0047611027 	0.013887659 	0.86582123
0.0023316583 	-0.00093487383 	0.021719882 	0.86727562
0.0023517588 	-0.00093487383 	0.021719882 	0.86727562
0.0023718593 	0.003668675 	0.029122247 	0.86793941
0.0023919598 	0.003668675 	0.029122247 	0.86793941
0.0024120603 	0.0087530213 	0.036206685 	0.86646345
0.0024321608 	0.0087530213 	0.036206685 	0.86646345
0.0024522613 	0.014007515 	0.042799717 	0.86214257
0.0024723618 	0.014007515 	0.042799717 	0.86214257
0.0024924623 	0.019123355 	0.048364248 	0.85499515
0.0025125628 	0.019123355 	0.048364248 	0.85499515
0.0025326633 	0.02377858 	0.052062244 	0.84561182
0.0025527638 	0.02377858 	0.052062244 	0.84561182
0.0025728643 	0.027656597 	0.053061588 	0.83494424
0.0025929648 	0.027656597 	0.053061588 	0.83494424
0.0026130653 	0.030532816 	0.050927357 	0.82405059
0.0026331658 	0.030532816 	0.050927357 	0.82405059
0.0026532663 	0.032328918 	0.04583614 	0.81383953
0.0026733668 	0.032328918 	0.04583614 	0.81383953
0.0026934673 	0.033102156 	0.038479395 	0.80488272
0.0027135678 	0.033102156 	0.038479395 	0.80488272
0.0027336683 	0.03297069 	0.029795971 	0.79734075
0.0027537688 	0.03297069 	0.029795971 	0.79734075
0.0027738693 	0.032017546 	0.020709286 	0.79098063
0.0027939698 	0.032017546 	0.020709286 	0.79098063
0.0028140704 	0.030234122 	0.011981852 	0.78519766
0.0028341709 	0.030234122 	0.011981852 	0.78519766
0.0028542714 	0.027572375 	0.004211214 	0.77902181
0.0028743719 	0.024106265 	-0.0020919731 	0.7712496
0.0028944724 	0.024106265 	-0.0020919731 	0.7712496
0.0029145729 	0.020044327 	-0.0064276467 	0.76092264
0.0029346734 	0.020044327 	-0.0064276467 	0.76092264
0.0029547739 	0.015829221 	-0.0083209095 	0.74781403
0.0029748744 	0.015829221 	-0.0083209095 	0.74781403
0.0029949749 	0.012157028 	-0.0074459889 	0.7325317
0.0030150754 	0.009664668 	-0.0038764494 	0.71614761
0.0030351759 	0.009664668 	-0.0038764494 	0.71614761
0.0030552764 	0.0086168938 	0.0016737712 	0.69978962
0.0030753769 	0.0086168938 	0.0016737712 	0.69978962
0.0030954774 	0.0089392455 	0.007951261 	0.68457004
0.0031155779 	0.010330674 	0.013616825 	0.67161982
0.0031356784 	0.010330674 	0.013616825 	0.67161982
0.0031557789 	0.012319644 	0.017661301 	0.66192024
0.0031758794 	0.012319644 	0.017661301 	0.66192024
0.0031959799 	0.014453164 	0.019602875 	0.65600877
0.0032160804 	0.016390934 	0.019458266 	0.65383289
0.0032361809 	0.016390934 	0.019458266 	0.65383289
0.0032562814 	0.017927248 	0.017590743 	0.65484301
0.0032763819 	0.018967054 	0.014523716 	0.65821344
0.0032964824 	0.018967054 	0.014523716 	0.65821344
0.0033165829 	0.019495743 	0.010783257 	0.66306202
0.0033366834 	0.019545168 	0.0068003862 	0.66860735
0.0033567839 	0.019545168 	0.0068003862 	0.66860735
0.0033768844 	0.019179726 	0.0028663588 	0.67423268
0.0033969849 	0.018493014 	-0.00085020799 	0.67949596
0.0034170854 	0.018493014 	-0.00085020799 	0.67949596
0.0034371859 	0.017592361 	-0.0042799594 	0.68413409
0.0034572864 	0.016566093 	-0.0074185056 	0.68803596
0.0034773869 	0.015500191 	-0.010301982 	0.69118253
0.0034974874 	0.015500191 	-0.010301982 	0.69118253
0.0035175879 	0.014494115 	-0.012981403 	0.6936186
0.0035376884 	0.013629865 	-0.015500931 	0.69541698
0.0035577889 	0.012959231 	-0.017879911 	0.69664701
0.0035778894 	0.012959231 	-0.017879911 	0.69664701
0.0035979899 	0.012496666 	-0.020096126 	0.6973542
0.0036180905 	0.012216406 	-0.022080053 	0.6975384
0.003638191 	0.012055801 	-0.023721863 	0.69710855
0.0036582915 	0.012055801 	-0.023721863 	0.69710855
0.003678392 	0.011926667 	-0.024891109 	0.69578857
0.0036984925 	0.011733602 	-0.025465299 	0.6929608
0.003718593 	0.01139474 	-0.025359029 	0.68747063
0.0037386935 	0.010857828 	-0.024546348 	0.67747826
0.003758794 	0.010104845 	-0.023077491 	0.66050519
0.0037788945 	0.010104845 	-0.023077491 	0.66050519
0.003798995 	0.0091448725 	-0.021095385 	0.63381982
0.0038190955 	0.0080046592 	-0.018837838 	0.59517617
0.003839196 	0.0067270554 	-0.016581458 	0.54367817
0.0038592965 	0.0053758512 	-0.014515265 	0.48035092
0.003879397 	0.0040322837 	-0.012636701 	0.40805392
0.0038994975 	0.0027803499 	-0.010784871 	0.33071286
0.003919598 	0.0016940936 	-0.0087881014 	0.25224679
0.0039396985 	0.00083728232 	-0.0065712123 	0.1756935
0.003959799 	0.00026482773 	-0.0041446425 	0.10276088
0.0039798995 	1.5399696e-05 	-0.0015083963 	0.033641795
0.004 	1.5399696e-05 	-0.0015083963 	0.033641795
