0 	-0.019578259 	-0.027015089 	0.98007481
2.0100503e-05 	-0.031484172 	0.025566456 	0.98572929
4.0201005e-05 	-0.031484172 	0.025566456 	0.98572929
6.0301508e-05 	-0.017667373 	0.043679107 	0.99154827
8.040201e-05 	-0.017667373 	0.043679107 	0.99154827
0.00010050251 	-0.017667373 	0.043679107 	0.99154827
0.00012060302 	-0.011924188 	0.051610985 	0.99741507
0.00014070352 	-0.011924188 	0.051610985 	0.99741507
0.00016080402 	-0.011924188 	0.051610985 	0.99741507
0.00018090452 	-0.0082548517 	0.057485508 	1.0032094
0.00020100503 	-0.0082548517 	0.057485508 	1.0032094
0.00022110553 	-0.0082548517 	0.057485508 	1.0032094
0.00024120603 	-0.0052381741 	0.062196638 	1.0088279
0.00026130653 	-0.0052381741 	0.062196638 	1.0088279
0.00028140704 	-0.0024165984 	0.065949333 	1.0142048
0.00030150754 	-0.0024165984 	0.065949333 	1.0142048
0.00032160804 	-0.0024165984 	0.065949333 	1.0142048
0.00034170854 	0.00042343163 	0.068840803 	1.019336
0.00036180905 	0.00042343163 	0.068840803 	1.019336
0.00038190955 	0.00042343163 	0.068840803 	1.019336
0.00040201005 	0.0034132754 	0.0709238 	1.0242849
0.00042211055 	0.0034132754 	0.0709238 	1.0242849
0.00044221106 	0.0034132754 	0.0709238 	1.0242849
0.00046231156 	0.0066263681 	0.072243911 	1.0291703
0.00048241206 	0.0066263681 	0.072243911 	1.0291703
0.00050251256 	0.010072459 	0.072862649 	1.0341447
0.00052261307 	0.010072459 	0.072862649 	1.0341447
0.00054271357 	0.010072459 	0.072862649 	1.0341447
0.00056281407 	0.013693747 	0.072894228 	1.0393747
0.00058291457 	0.013693747 	0.072894228 	1.0393747
0.00060301508 	0.013693747 	0.072894228 	1.0393747
0.00062311558 	0.017390975 	0.072523924 	1.0450153
0.00064321608 	0.017390975 	0.072523924 	1.0450153
0.00066331658 	0.017390975 	0.072523924 	1.0450153
0.00068341709 	0.02108724 	0.071971164 	1.0511712
0.00070351759 	0.02108724 	0.071971164 	1.0511712
0.00072361809 	0.024770512 	0.071408607 	1.0578579
0.00074371859 	0.024770512 	0.071408607 	1.0578579
0.0007638191 	0.024770512 	0.071408607 	1.0578579
0.0007839196 	0.02858174 	0.070884568 	1.0649057
0.0008040201 	0.02858174 	0.070884568 	1.0649057
0.0008241206 	0.02858174 	0.070884568 	1.0649057
0.00084422111 	0.032621632 	0.070255316 	1.071891
0.00086432161 	0.032621632 	0.070255316 	1.071891
0.00088442211 	0.032621632 	0.070255316 	1.071891
0.00090452261 	0.037126774 	0.069465144 	1.0777344
0.00092462312 	0.037126774 	0.069465144 	1.0777344
0.00094472362 	0.041806798 	0.068642139 	1.0811998
0.00096482412 	0.041806798 	0.068642139 	1.0811998
0.00098492462 	0.041806798 	0.068642139 	1.0811998
0.0010050251 	0.046679002 	0.068056861 	1.0808615
0.0010251256 	0.046679002 	0.068056861 	1.0808615
0.0010452261 	0.046679002 	0.068056861 	1.0808615
0.0010653266 	0.051074514 	0.067927435 	1.0758741
0.0010854271 	0.051074514 	0.067927435 	1.0758741
0.0011055276 	0.053476792 	0.065867011 	1.0759504
0.0011256281 	0.056603076 	0.06476562 	1.0666711
0.0011457286 	0.056603076 	0.06476562 	1.0666711
0.0011658291 	0.056603076 	0.06476562 	1.0666711
0.0011859296 	0.059069973 	0.062815709 	1.0559523
0.0012060302 	0.057293573 	0.067001799 	1.0578617
0.0012261307 	0.057293573 	0.067001799 	1.0578617
0.0012462312 	0.05940588 	0.065050431 	1.0474459
0.0012663317 	0.05940588 	0.065050431 	1.0474459
0.0012864322 	0.05940588 	0.065050431 	1.0474459
0.0013065327 	0.060861913 	0.061660185 	1.0366953
0.0013266332 	0.060861913 	0.061660185 	1.0366953
0.0013467337 	0.060861913 	0.061660185 	1.0366953
0.0013668342 	0.063588586 	0.050653861 	1.0236041
0.0013869347 	0.061436296 	0.056839772 	1.0254782
0.0014070352 	0.061436296 	0.056839772 	1.0254782
0.0014271357 	0.060800083 	0.050859727 	1.0137849
0.0014472362 	0.060800083 	0.050859727 	1.0137849
0.0014673367 	0.063475918 	0.045153283 	1.0134885
0.0014874372 	0.05864172 	0.044315023 	1.0020954
0.0015075377 	0.05864172 	0.044315023 	1.0020954
0.0015276382 	0.054696399 	0.038450518 	0.99122553
0.0015477387 	0.054696399 	0.038450518 	0.99122553
0.0015678392 	0.054696399 	0.038450518 	0.99122553
0.0015879397 	0.054831837 	0.034505917 	0.98514569
0.0016080402 	0.048929261 	0.034888834 	0.98192538
0.0016281407 	0.048929261 	0.034888834 	0.98192538
0.0016482412 	0.041963253 	0.034368671 	0.97462953
0.0016683417 	0.041963253 	0.034368671 	0.97462953
0.0016884422 	0.035150475 	0.035772975 	0.96922788
0.0017085427 	0.035150475 	0.035772975 	0.96922788
0.0017286432 	0.035150475 	0.035772975 	0.96922788
0.0017487437 	0.029957132 	0.036690302 	0.96515944
0.0017688442 	0.029957132 	0.036690302 	0.96515944
0.0017889447 	0.029957132 	0.036690302 	0.96515944
0.0018090452 	0.027294668 	0.034881359 	0.96204846
0.0018291457 	0.027294668 	0.034881359 	0.96204846
0.0018492462 	0.027334423 	0.029292057 	0.9600132
0.0018693467 	0.027334423 	0.029292057 	0.9600132
0.0018894472 	0.027334423 	0.029292057 	0.9600132
0.0019095477 	0.029759386 	0.020138133 	0.9592355
0.0019296482 	0.029759386 	0.020138133 	0.9592355
0.0019497487 	0.034081039 	0.0084550097 	0.95949672
0.0019698492 	0.034081039 	0.0084550097 	0.95949672
0.0019899497 	0.039641066 	-0.0044197977 	0.9602448
0.0020100503 	0.039641066 	-0.0044197977 	0.9602448
0.0020301508 	0.039641066 	-0.0044197977 	0.9602448
0.0020502513 	0.045892498 	-0.017171051 	0.96089914
0.0020703518 	0.045892498 	-0.017171051 	0.96089914
0.0020904523 	0.052428834 	-0.028718581 	0.96104945
0.0021105528 	0.052428834 	-0.028718581 	0.96104945
0.0021306533 	0.052428834 	-0.028718581 	0.96104945
0.0021507538 	0.058854675 	-0.038358511 	0.96059241
0.0021708543 	0.058854675 	-0.038358511 	0.96059241
0.0021909548 	0.064939263 	-0.045728718 	0.95964068
0.0022110553 	0.064939263 	-0.045728718 	0.95964068
0.0022311558 	0.070598514 	-0.050715918 	0.95840547
0.0022512563 	0.070598514 	-0.050715918 	0.95840547
0.0022713568 	0.075837787 	-0.053335437 	0.95708601
0.0022914573 	0.075837787 	-0.053335437 	0.95708601
0.0023115578 	0.075837787 	-0.053335437 	0.95708601
0.0023316583 	0.080704837 	-0.05368204 	0.95580701
0.0023517588 	0.080704837 	-0.05368204 	0.95580701
0.0023718593 	0.085240814 	-0.051956728 	0.95456996
0.0023919598 	0.085240814 	-0.051956728 	0.95456996
0.0024120603 	0.089436503 	-0.04848963 	0.95325211
0.0024321608 	0.089436503 	-0.04848963 	0.95325211
0.0024522613 	0.093228312 	-0.043779943 	0.9516045
0.0024723618 	0.093228312 	-0.043779943 	0.9516045
0.0024924623 	0.096523253 	-0.038428954 	0.94934037
0.0025125628 	0.096523253 	-0.038428954 	0.94934037
0.0025326633 	0.099228774 	-0.033055435 	0.94619379
0.0025527638 	0.099228774 	-0.033055435 	0.94619379
0.0025728643 	0.10126679 	-0.028153342 	0.94198883
0.0025929648 	0.10126679 	-0.028153342 	0.94198883
0.0026130653 	0.1026142 	-0.023980217 	0.93666738
0.0026331658 	0.1026142 	-0.023980217 	0.93666738
0.0026532663 	0.10328904 	-0.020474298 	0.93026291
0.0026733668 	0.10328904 	-0.020474298 	0.93026291
0.0026934673 	0.10332005 	-0.017254073 	0.92287038
0.0027135678 	0.10332005 	-0.017254073 	0.92287038
0.0027336683 	0.1027067 	-0.013698258 	0.91473019
0.0027537688 	0.1027067 	-0.013698258 	0.91473019
0.0027738693 	0.10139385 	-0.0091508852 	0.90641764
0.0027939698 	0.10139385 	-0.0091508852 	0.90641764
0.0028140704 	0.099347498 	-0.0031644645 	0.89900056
0.0028341709 	0.099347498 	-0.0031644645 	0.89900056
0.0028542714 	0.096575796 	0.0042460569 	0.89391903
0.0028743719 	0.093157636 	0.012549938 	0.89241538
0.0028944724 	0.093157636 	0.012549938 	0.89241538
0.0029145729 	0.089375925 	0.02090131 	0.89464641
0.0029346734 	0.089375925 	0.02090131 	0.89464641
0.0029547739 	0.085733489 	0.028463817 	0.89915275
0.0029748744 	0.085733489 	0.028463817 	0.89915275
0.0029949749 	0.082764009 	0.034640184 	0.903519
0.0030150754 	0.080736596 	0.039121405 	0.90576936
0.0030351759 	0.080736596 	0.039121405 	0.90576936
0.0030552764 	0.079543929 	0.041814291 	0.90522554
0.0030753769 	0.079543929 	0.041814291 	0.90522554
0.0030954774 	0.078812826 	0.042749124 	0.90235081
0.0031155779 	0.078109069 	0.042041487 	0.89812234
0.0031356784 	0.078109069 	0.042041487 	0.89812234
0.0031557789 	0.077082776 	0.039902633 	0.89351437
0.0031758794 	0.077082776 	0.039902633 	0.89351437
0.0031959799 	0.075524214 	0.036660251 	0.88923194
0.0032160804 	0.073353672 	0.032744452 	0.88560721
0.0032361809 	0.073353672 	0.032744452 	0.88560721
0.0032562814 	0.070595105 	0.028628861 	0.88260804
0.0032763819 	0.067348867 	0.024749054 	0.8799565
0.0032964824 	0.067348867 	0.024749054 	0.8799565
0.0033165829 	0.063723998 	0.021426326 	0.87730454
0.0033366834 	0.059800257 	0.018862323 	0.87439277
0.0033567839 	0.059800257 	0.018862323 	0.87439277
0.0033768844 	0.055627939 	0.017168763 	0.87111652
0.0033969849 	0.051234082 	0.016409224 	0.86749499
0.0034170854 	0.051234082 	0.016409224 	0.86749499
0.0034371859 	0.046650007 	0.016631309 	0.86358299
0.0034572864 	0.04193604 	0.017866198 	0.85936696
0.0034773869 	0.037200092 	0.020114935 	0.85467578
0.0034974874 	0.037200092 	0.020114935 	0.85467578
0.0035175879 	0.032607556 	0.023296752 	0.84911907
0.0035376884 	0.028375836 	0.027195809 	0.84206247
0.0035577889 	0.024747986 	0.031407675 	0.83266295
0.0035778894 	0.024747986 	0.031407675 	0.83266295
0.0035979899 	0.021937627 	0.035314785 	0.82000155
0.0036180905 	0.020057676 	0.038134472 	0.8033346
0.003638191 	0.019049098 	0.039064427 	0.78240916
0.0036582915 	0.019049098 	0.039064427 	0.78240916
0.003678392 	0.018654659 	0.037504608 	0.75769624
0.0036984925 	0.018479127 	0.033297514 	0.73032741
0.003718593 	0.018123486 	0.026876865 	0.70164289
0.0037386935 	0.017340908 	0.019237619 	0.67250911
0.003758794 	0.016161055 	0.011698329 	0.64278791
0.0037788945 	0.016161055 	0.011698329 	0.64278791
0.003798995 	0.014807633 	0.0055534643 	0.61129989
0.0038190955 	0.013448678 	0.0016869316 	0.57631377
0.003839196 	0.012087232 	0.00028855215 	0.53611798
0.0038592965 	0.010611884 	0.00082137972 	0.48936341
0.003879397 	0.0089050835 	0.0022744598 	0.43505523
0.0038994975 	0.0069458243 	0.0036439506 	0.37246798
0.003919598 	0.0048503504 	0.0043645395 	0.30122856
0.0039396985 	0.002845121 	0.004381082 	0.22165475
0.003959799 	0.0011986185 	0.0037454868 	0.13517279
0.0039798995 	0.0001563281 	0.0019935547 	0.044758835
0.004 	0.0001563281 	0.0019935547 	0.044758835
