0 	-0.019448457 	0.005072632 	1.0546155
5.5555625e-05 	-0.02160447 	-0.0058792778 	1.056052
0.00011111111 	-0.022158795 	-0.010183201 	1.0564639
0.00016666667 	-0.022720925 	-0.012781136 	1.0560718
0.00022222222 	-0.023297563 	-0.014578528 	1.0550171
0.00027777778 	-0.023865123 	-0.015919948 	1.0533717
0.00033333333 	-0.024381901 	-0.016988824 	1.0511604
0.00038888889 	-0.024794284 	-0.017874385 	1.0483879
0.00044444444 	-0.025051339 	-0.018596241 	1.0450635
0.0005 	-0.025116939 	-0.019123245 	1.0412189
0.00055555556 	-0.024970889 	-0.019383929 	1.0369196
0.00061111111 	-0.024602524 	-0.01926963 	1.0322705
0.00066666667 	-0.023999042 	-0.018625238 	1.0274181
0.00072222222 	-0.023133011 	-0.017246386 	1.0225516
0.00077777778 	-0.021950611 	-0.014882504 	1.01789
0.00083333333 	-0.020368251 	-0.01127415 	1.0136427
0.00088888889 	-0.018308406 	-0.0062692557 	1.0099371
0.00094444444 	-0.015692436 	2.2364569e-05 	1.0067332
0.001 	-0.012343866 	0.0076799922 	1.0036407
0.0010617224 	-0.0083863373 	0.015769058 	1.000641
0.0011225923 	-0.0043276101 	0.022806418 	0.99838915
0.0011826215 	-0.00051891226 	0.02802269 	0.9976589
0.0012418217 	0.0029950659 	0.030907567 	0.99872204
0.0013002041 	0.0064894565 	0.031212116 	1.0007831
0.0013577803 	0.010498576 	0.029327211 	1.002539
0.0014145612 	0.015167586 	0.02637939 	1.0035685
0.0014705579 	0.020018846 	0.023766449 	1.0046237
0.0015257812 	0.024391907 	0.021977579 	1.0062822
0.0015802418 	0.027936102 	0.020736621 	1.0083045
0.0016339502 	0.030874275 	0.019646259 	1.0101748
0.0016869168 	0.033692529 	0.018562074 	1.0115829
0.0017391518 	0.036808908 	0.017654363 	1.0125316
0.0017906654 	0.040432182 	0.017206986 	1.0132567
0.0018414676 	0.044523769 	0.017364732 	1.0140748
0.0018915681 	0.048816325 	0.018037256 	1.015261
0.0019409766 	0.052863459 	0.018946442 	1.0169493
0.0019897027 	0.056105689 	0.019727845 	1.0191097
0.0020377558 	0.058179317 	0.019909602 	1.0215769
0.0020851453 	0.058749452 	0.01902296 	1.0241311
0.0021318802 	0.057705876 	0.016642354 	1.0265531
0.0021779697 	0.055221894 	0.012686369 	1.028565
0.0022234225 	0.051398733 	0.0075210321 	1.0299037
0.0022682477 	0.046436511 	0.0020280633 	1.0303833
0.0023124537 	0.040648658 	-0.0025856652 	1.0299495
0.0023560491 	0.034534442 	-0.0052625878 	1.028514
0.0023990425 	0.028907426 	-0.0055786624 	1.0255406
0.002441442 	0.024621106 	-0.0037519852 	1.0196017
0.002483256 	0.022158083 	-0.00011739622 	1.0085683
0.0025244924 	0.021263755 	0.0054015754 	0.99070778
0.0025651593 	0.020843768 	0.013171295 	0.96603188
0.0026052645 	0.019490941 	0.023086735 	0.93692354
0.0026448158 	0.016177683 	0.034046787 	0.90746893
0.0026838209 	0.010623985 	0.044092675 	0.8818726
0.0027222872 	0.0031499286 	0.051451433 	0.86290067
0.0027602223 	-0.005538798 	0.055687111 	0.85118785
0.0027976334 	-0.01452562 	0.057731682 	0.84564108
0.0028345278 	-0.02293657 	0.058886258 	0.8444187
0.0028709126 	-0.030174573 	0.05996894 	0.84577609
0.002906795 	-0.036011181 	0.061172159 	0.84840921
0.0029421817 	-0.040498889 	0.062322337 	0.85143527
0.0029770797 	-0.04382059 	0.0631417 	0.85426447
0.0030114957 	-0.046199796 	0.063422235 	0.8565233
0.0030454363 	-0.04785121 	0.0630718 	0.85801455
0.0030789082 	-0.048946049 	0.062057324 	0.85868894
0.0031119178 	-0.04959094 	0.060342242 	0.85861344
0.0031444715 	-0.049828384 	0.057887277 	0.85792121
0.0031765755 	-0.049645676 	0.05469824 	0.85676462
0.0032082362 	-0.048991996 	0.050867317 	0.85527476
0.0032394596 	-0.047798093 	0.046581983 	0.85353038
0.0032702517 	-0.045994262 	0.042104171 	0.85154016
0.0033006186 	-0.043530577 	0.037732279 	0.84923676
0.003330566 	-0.040392986 	0.033759675 	0.84648309
0.0033600998 	-0.036615631 	0.030438202 	0.84309314
0.0033892257 	-0.032288285 	0.027953074 	0.8388568
0.0034179494 	-0.0275555 	0.026410529 	0.83356821
0.0034462763 	-0.022612382 	0.025836206 	0.82704127
0.003474212 	-0.017689275 	0.026178671 	0.81912138
0.0035017619 	-0.013033781 	0.027316452 	0.80967319
0.0035289312 	-0.0088858007 	0.02905965 	0.79855476
0.0035557253 	-0.0054440236 	0.031147108 	0.78556169
0.0035821494 	-0.0028308584 	0.033238858 	0.77033993
0.0036082084 	-0.0010626601 	0.034915164 	0.7522949
0.0036339076 	-3.0757978e-05 	0.035735301 	0.73055626
0.0036592518 	0.0004836245 	0.035313773 	0.7040886
0.003684246 	0.00073960748 	0.033469729 	0.67200509
0.003708895 	0.00095785634 	0.030351203 	0.63399345
0.0037332035 	0.0012334045 	0.026428755 	0.59062589
0.0037571763 	0.0015441635 	0.022312245 	0.54331266
0.003780818 	0.0018120981 	0.018496387 	0.49386578
0.0038041332 	0.0019355486 	0.015199331 	0.44388773
0.0038271264 	0.0018690571 	0.012395288 	0.3943154
0.0038498019 	0.0016443495 	0.0099792713 	0.34529054
0.0038721643 	0.0013351553 	0.0079186707 	0.29634059
0.0038942179 	0.0010186509 	0.0062749884 	0.24671904
0.0039159668 	0.00073965708 	0.0051064952 	0.19570379
0.0039374154 	0.00049723238 	0.0043045136 	0.14274501
0.0039585677 	0.00026980677 	0.003459699 	0.087482333
0.0039794279 	5.2636571e-05 	0.0018095946 	0.029844449
0.004 	8.7806169e-05 	0.00061842052 	0.023226564
