0 	0.010377986 	0.0074603342 	1.0989931
5.5555625e-05 	0.013379578 	0.0060305672 	1.0956469
0.00011111111 	0.013718467 	0.0094270293 	1.0924068
0.00016666667 	0.012838625 	0.014928897 	1.0898384
0.00022222222 	0.011159364 	0.021693971 	1.0878788
0.00027777778 	0.0091977503 	0.028949736 	1.0859513
0.00033333333 	0.0074894077 	0.035813636 	1.0833145
0.00038888889 	0.0064088891 	0.041497738 	1.0793948
0.00044444444 	0.0060971773 	0.04555514 	1.0739231
0.0005 	0.0064872139 	0.048008349 	1.0668843
0.00055555556 	0.0073738388 	0.049185536 	1.0583206
0.00061111111 	0.0085250355 	0.049443094 	1.0481425
0.00066666667 	0.0097438924 	0.048933234 	1.0360761
0.00072222222 	0.010919024 	0.047480473 	1.0218191
0.00077777778 	0.012092153 	0.044588537 	1.0053569
0.00083333333 	0.013523404 	0.039688364 	0.9872711
0.00088888889 	0.015581467 	0.032713715 	0.96868822
0.00094444444 	0.018124334 	0.024768926 	0.9507872
0.001 	0.020932436 	0.01795675 	0.93360002
0.0010617199 	0.022077889 	0.015394135 	0.91855008
0.0011225874 	0.020168429 	0.01741987 	0.90672628
0.0011826143 	0.014685286 	0.021440588 	0.89698114
0.0012418122 	0.0061799719 	0.024877732 	0.88785236
0.0013001926 	-0.0037853434 	0.027289013 	0.87977234
0.0013577668 	-0.013153757 	0.030521153 	0.87562417
0.0014145458 	-0.020250199 	0.036331589 	0.87738629
0.0014705407 	-0.024695756 	0.044339783 	0.88256569
0.0015257623 	-0.027209133 	0.052089113 	0.88583485
0.0015802213 	-0.028320671 	0.056976545 	0.88351076
0.0016339282 	-0.028092136 	0.057285452 	0.87516527
0.0016868934 	-0.026491692 	0.052403594 	0.86264038
0.0017391271 	-0.023831777 	0.043396854 	0.84885905
0.0017906395 	-0.021178804 	0.032687672 	0.83646893
0.0018414404 	-0.019500486 	0.023060723 	0.82708373
0.0018915398 	-0.019728825 	0.01642508 	0.82154461
0.0019409473 	-0.022553482 	0.013855367 	0.81961202
0.0019896725 	-0.02719466 	0.01613197 	0.81918482
0.0020377248 	-0.031828207 	0.023159372 	0.81835175
0.0020851134 	-0.034841858 	0.032973391 	0.81953648
0.0021318476 	-0.035853559 	0.043602083 	0.82698513
0.0021779364 	-0.035322873 	0.053810449 	0.8406131
0.0022233887 	-0.033958913 	0.062789086 	0.85662814
0.0022682133 	-0.032315524 	0.070180033 	0.87150771
0.0023124189 	-0.030596831 	0.076110548 	0.88328811
0.0023560139 	-0.028755941 	0.080909935 	0.89114781
0.0023990069 	-0.026608625 	0.084838039 	0.89491941
0.0024414062 	-0.023946466 	0.087982856 	0.8947618
0.0024832199 	-0.020630807 	0.090289509 	0.89098214
0.0025244562 	-0.01664798 	0.091635214 	0.88399157
0.002565123 	-0.012118029 	0.091895635 	0.87434673
0.0026052281 	-0.0072616801 	0.0909746 	0.8627949
0.0026447794 	-0.0023388509 	0.088806286 	0.85026022
0.0026837845 	0.0024071571 	0.085339608 	0.83775459
0.0027222509 	0.0067942403 	0.080533173 	0.82624545
0.0027601861 	0.010715099 	0.074369698 	0.81652767
0.0027975974 	0.014110006 	0.066898443 	0.80913998
0.002834492 	0.016942802 	0.058283373 	0.80433947
0.0028708772 	0.019185867 	0.048849709 	0.80210373
0.0029067598 	0.020806346 	0.039065366 	0.80219449
0.0029421469 	0.021783515 	0.029494464 	0.80421232
0.0029770452 	0.022109615 	0.020704452 	0.80766457
0.0030114616 	0.021813324 	0.013146192 	0.81203991
0.0030454028 	0.020985734 	0.0070563333 	0.81685522
0.0030788752 	0.019752894 	0.0024023151 	0.82168412
0.0031118853 	0.018321761 	-0.00109526 	0.82621152
0.0031444395 	0.016860904 	-0.0038644629 	0.83025681
0.0031765442 	0.01540649 	-0.0063891794 	0.83378052
0.0032082055 	0.013940201 	-0.009135287 	0.83686686
0.0032394295 	0.012414269 	-0.01251332 	0.83965241
0.0032702223 	0.010811779 	-0.016858191 	0.84218677
0.0033005899 	0.0091990908 	-0.022405734 	0.84434641
0.0033305381 	0.0077145382 	-0.029262698 	0.84583199
0.0033600727 	0.0065061672 	-0.037378817 	0.84632368
0.0033891994 	0.0056500353 	-0.04651951 	0.84570067
0.0034179239 	0.005077521 	-0.056322903 	0.84423747
0.0034462517 	0.0046307154 	-0.066328931 	0.8425798
0.0034741882 	0.0041704881 	-0.075975005 	0.84140305
0.003501739 	0.0036804226 	-0.084530925 	0.84081759
0.0035289093 	0.0033185705 	-0.091065925 	0.83982525
0.0035557043 	0.0034062158 	-0.094636349 	0.83626991
0.0035821293 	0.0042064699 	-0.094742187 	0.82751016
0.0036081894 	0.0057325213 	-0.091780921 	0.81153217
0.0036338895 	0.0077655531 	-0.08696559 	0.78789444
0.0036592348 	0.0098909184 	-0.081495954 	0.75802964
0.00368423 	0.011576704 	-0.075657697 	0.72472465
0.00370888 	0.012336839 	-0.069079052 	0.69071165
0.0037331896 	0.012034912 	-0.062202886 	0.65694659
0.0037571635 	0.011121344 	-0.056933195 	0.6223101
0.0037808063 	0.010443359 	-0.054787581 	0.58549668
0.0038041226 	0.010578482 	-0.054449172 	0.54694364
0.0038271169 	0.011221212 	-0.052458701 	0.50812621
0.0038497936 	0.01123627 	-0.046751556 	0.46886722
0.0038721572 	0.0095627324 	-0.038087829 	0.42526109
0.0038942119 	0.006413031 	-0.028052042 	0.36993387
0.003915962 	0.0032213322 	-0.017807754 	0.29745472
0.0039374118 	0.0011077884 	-0.0088689962 	0.21148372
0.0039585653 	0.00013172554 	-0.0028269124 	0.12260598
0.0039794267 	-6.1129141e-05 	-9.8918012e-05 	0.039160484
0.004 	-6.1129141e-05 	-9.8918012e-05 	0.039160484
