0 	0.020063419 	-0.060824593 	1.0516165
2.0100503e-05 	0.020063419 	-0.060824593 	1.0516165
4.0201005e-05 	0.020063419 	-0.060824593 	1.0516165
6.0301508e-05 	0.043261646 	-0.044893817 	1.0530195
8.040201e-05 	0.043261646 	-0.044893817 	1.0530195
0.00010050251 	0.043261646 	-0.044893817 	1.0530195
0.00012060302 	0.046092789 	-0.038515689 	1.0540714
0.00014070352 	0.046092789 	-0.038515689 	1.0540714
0.00016080402 	0.046092789 	-0.038515689 	1.0540714
0.00018090452 	0.045553307 	-0.035114694 	1.0550563
0.00020100503 	0.045553307 	-0.035114694 	1.0550563
0.00022110553 	0.045553307 	-0.035114694 	1.0550563
0.00024120603 	0.055193859 	-0.020153207 	1.0562219
0.00026130653 	0.055193859 	-0.020153207 	1.0562219
0.00028140704 	0.051586403 	-0.020856006 	1.0573095
0.00030150754 	0.051586403 	-0.020856006 	1.0573095
0.00032160804 	0.051586403 	-0.020856006 	1.0573095
0.00034170854 	0.048088509 	-0.021067583 	1.0589655
0.00036180905 	0.048088509 	-0.021067583 	1.0589655
0.00038190955 	0.048088509 	-0.021067583 	1.0589655
0.00040201005 	0.03728806 	-0.02728047 	1.0621409
0.00042211055 	0.03728806 	-0.02728047 	1.0621409
0.00044221106 	0.03728806 	-0.02728047 	1.0621409
0.00046231156 	0.034606888 	-0.025167533 	1.0648768
0.00048241206 	0.034606888 	-0.025167533 	1.0648768
0.00050251256 	0.031904795 	-0.022669442 	1.0677532
0.00052261307 	0.031904795 	-0.022669442 	1.0677532
0.00054271357 	0.031904795 	-0.022669442 	1.0677532
0.00056281407 	0.033919702 	-0.016729554 	1.0705575
0.00058291457 	0.033919702 	-0.016729554 	1.0705575
0.00060301508 	0.033919702 	-0.016729554 	1.0705575
0.00062311558 	0.030897108 	-0.013601746 	1.0736219
0.00064321608 	0.027438459 	-0.015932939 	1.0729517
0.00066331658 	0.027438459 	-0.015932939 	1.0729517
0.00068341709 	0.026103068 	-0.011315146 	1.0746549
0.00070351759 	0.026103068 	-0.011315146 	1.0746549
0.00072361809 	0.025402016 	-0.0055868779 	1.0753755
0.00074371859 	0.025402016 	-0.0055868779 	1.0753755
0.0007638191 	0.025402016 	-0.0055868779 	1.0753755
0.0007839196 	0.02513785 	0.0013748 	1.0749996
0.0008040201 	0.02513785 	0.0013748 	1.0749996
0.0008241206 	0.02513785 	0.0013748 	1.0749996
0.00084422111 	0.025000402 	0.0094905507 	1.0736044
0.00086432161 	0.025000402 	0.0094905507 	1.0736044
0.00088442211 	0.025000402 	0.0094905507 	1.0736044
0.00090452261 	0.024622234 	0.018322206 	1.0712092
0.00092462312 	0.02242241 	0.018637861 	1.0759886
0.00094472362 	0.020569485 	0.025652677 	1.0717392
0.00096482412 	0.020569485 	0.025652677 	1.0717392
0.00098492462 	0.020569485 	0.025652677 	1.0717392
0.0010050251 	0.018250891 	0.031319456 	1.0633275
0.0010251256 	0.018250891 	0.031319456 	1.0633275
0.0010452261 	0.018250891 	0.031319456 	1.0633275
0.0010653266 	0.015617456 	0.034708865 	1.0481276
0.0010854271 	0.015617456 	0.034708865 	1.0481276
0.0011055276 	0.015617456 	0.034708865 	1.0481276
0.0011256281 	0.013340382 	0.035736804 	1.0268832
0.0011457286 	0.013340382 	0.035736804 	1.0268832
0.0011658291 	0.013340382 	0.035736804 	1.0268832
0.0011859296 	0.011526404 	0.03573459 	1.0026996
0.0012060302 	0.011526404 	0.03573459 	1.0026996
0.0012261307 	0.011526404 	0.03573459 	1.0026996
0.0012462312 	0.010414562 	0.036012687 	0.97976819
0.0012663317 	0.010414562 	0.036012687 	0.97976819
0.0012864322 	0.010414562 	0.036012687 	0.97976819
0.0013065327 	0.010013852 	0.03706054 	0.96048147
0.0013266332 	0.010013852 	0.03706054 	0.96048147
0.0013467337 	0.010013852 	0.03706054 	0.96048147
0.0013668342 	0.01022652 	0.038537977 	0.94481131
0.0013869347 	0.01022652 	0.038537977 	0.94481131
0.0014070352 	0.01022652 	0.038537977 	0.94481131
0.0014271357 	0.010807107 	0.039811916 	0.93188704
0.0014472362 	0.010807107 	0.039811916 	0.93188704
0.0014673367 	0.010807107 	0.039811916 	0.93188704
0.0014874372 	0.011359829 	0.04037121 	0.92149641
0.0015075377 	0.011359829 	0.04037121 	0.92149641
0.0015276382 	0.011551903 	0.0398718 	0.91422223
0.0015477387 	0.011551903 	0.0398718 	0.91422223
0.0015678392 	0.011551903 	0.0398718 	0.91422223
0.0015879397 	0.01123873 	0.038111027 	0.91082138
0.0016080402 	0.01123873 	0.038111027 	0.91082138
0.0016281407 	0.01123873 	0.038111027 	0.91082138
0.0016482412 	0.010273451 	0.035026856 	0.91150583
0.0016683417 	0.010273451 	0.035026856 	0.91150583
0.0016884422 	0.0086282697 	0.030773536 	0.91567134
0.0017085427 	0.0086282697 	0.030773536 	0.91567134
0.0017286432 	0.0086282697 	0.030773536 	0.91567134
0.0017487437 	0.0062861435 	0.025665677 	0.92217334
0.0017688442 	0.0062861435 	0.025665677 	0.92217334
0.0017889447 	0.0062861435 	0.025665677 	0.92217334
0.0018090452 	0.0031640826 	0.020103714 	0.92979507
0.0018291457 	0.0031640826 	0.020103714 	0.92979507
0.0018492462 	-0.00072500369 	0.014496769 	0.93751749
0.0018693467 	-0.00072500369 	0.014496769 	0.93751749
0.0018894472 	-0.00072500369 	0.014496769 	0.93751749
0.0019095477 	-0.0052163463 	0.0092341351 	0.94448148
0.0019296482 	-0.0052163463 	0.0092341351 	0.94448148
0.0019497487 	-0.0099570083 	0.0046658602 	0.94978589
0.0019698492 	-0.0099570083 	0.0046658602 	0.94978589
0.0019899497 	-0.014507278 	0.0012073031 	0.95249368
0.0020100503 	-0.014507278 	0.0012073031 	0.95249368
0.0020301508 	-0.014507278 	0.0012073031 	0.95249368
0.0020502513 	-0.018509293 	-0.00081731701 	0.95177094
0.0020703518 	-0.018509293 	-0.00081731701 	0.95177094
0.0020904523 	-0.021807514 	-0.0012280057 	0.94724533
0.0021105528 	-0.021807514 	-0.0012280057 	0.94724533
0.0021306533 	-0.021807514 	-0.0012280057 	0.94724533
0.0021507538 	-0.024494014 	-0.00018324396 	0.9393535
0.0021708543 	-0.024494014 	-0.00018324396 	0.9393535
0.0021909548 	-0.026837037 	0.001717926 	0.92940975
0.0022110553 	-0.026837037 	0.001717926 	0.92940975
0.0022311558 	-0.02911233 	0.003476497 	0.91923731
0.0022512563 	-0.02911233 	0.003476497 	0.91923731
0.0022713568 	-0.031395525 	0.0039419392 	0.91057421
0.0022914573 	-0.031395525 	0.0039419392 	0.91057421
0.0023115578 	-0.031395525 	0.0039419392 	0.91057421
0.0023316583 	-0.033515004 	0.0021697228 	0.90454505
0.0023517588 	-0.033515004 	0.0021697228 	0.90454505
0.0023718593 	-0.035149712 	-0.0022507268 	0.90140116
0.0023919598 	-0.035149712 	-0.0022507268 	0.90140116
0.0024120603 	-0.036063106 	-0.0090498203 	0.90060343
0.0024321608 	-0.036063106 	-0.0090498203 	0.90060343
0.0024522613 	-0.036261354 	-0.017390461 	0.90122309
0.0024723618 	-0.036261354 	-0.017390461 	0.90122309
0.0024924623 	-0.035961772 	-0.026267211 	0.9023589
0.0025125628 	-0.035961772 	-0.026267211 	0.9023589
0.0025326633 	-0.035439358 	-0.034873458 	0.90335575
0.0025527638 	-0.035439358 	-0.034873458 	0.90335575
0.0025728643 	-0.034893326 	-0.04279397 	0.90379006
0.0025929648 	-0.034893326 	-0.04279397 	0.90379006
0.0026130653 	-0.034410586 	-0.049941605 	0.90338637
0.0026331658 	-0.034410586 	-0.049941605 	0.90338637
0.0026532663 	-0.033971026 	-0.056412749 	0.90196675
0.0026733668 	-0.033971026 	-0.056412749 	0.90196675
0.0026934673 	-0.033488382 	-0.062365798 	0.89944798
0.0027135678 	-0.033488382 	-0.062365798 	0.89944798
0.0027336683 	-0.032832586 	-0.067953805 	0.89585402
0.0027537688 	-0.032832586 	-0.067953805 	0.89585402
0.0027738693 	-0.031857887 	-0.073293099 	0.8913222
0.0027939698 	-0.031857887 	-0.073293099 	0.8913222
0.0028140704 	-0.030427512 	-0.078455975 	0.88608692
0.0028341709 	-0.030427512 	-0.078455975 	0.88608692
0.0028542714 	-0.028432006 	-0.083466641 	0.88043314
0.0028743719 	-0.025808134 	-0.088296477 	0.87464227
0.0028944724 	-0.025808134 	-0.088296477 	0.87464227
0.0029145729 	-0.022550599 	-0.092864556 	0.86894446
0.0029346734 	-0.022550599 	-0.092864556 	0.86894446
0.0029547739 	-0.018716102 	-0.097045522 	0.86349033
0.0029748744 	-0.018716102 	-0.097045522 	0.86349033
0.0029949749 	-0.014422261 	-0.10068359 	0.85835006
0.0030150754 	-0.0098372909 	-0.1036162 	0.85353411
0.0030351759 	-0.0098372909 	-0.1036162 	0.85353411
0.0030552764 	-0.0051576177 	-0.10569124 	0.84902207
0.0030753769 	-0.0051576177 	-0.10569124 	0.84902207
0.0030954774 	-0.00061465017 	-0.1067931 	0.84478511
0.0031155779 	0.0035445059 	-0.10686671 	0.84078472
0.0031356784 	0.0035445059 	-0.10686671 	0.84078472
0.0031557789 	0.0070911609 	-0.10594198 	0.83695344
0.0031758794 	0.0070911609 	-0.10594198 	0.83695344
0.0031959799 	0.0098251547 	-0.10415815 	0.83316179
0.0032160804 	0.011606639 	-0.10177213 	0.82919967
0.0032361809 	0.011606639 	-0.10177213 	0.82919967
0.0032562814 	0.01239298 	-0.099130812 	0.82480299
0.0032763819 	0.012269078 	-0.096590233 	0.81974226
0.0032964824 	0.012269078 	-0.096590233 	0.81974226
0.0033165829 	0.011455956 	-0.094390568 	0.81395848
0.0033366834 	0.010280005 	-0.092533222 	0.80768213
0.0033567839 	0.010280005 	-0.092533222 	0.80768213
0.0033768844 	0.0091009938 	-0.090731567 	0.80145907
0.0033969849 	0.0082222125 	-0.088475612 	0.79603427
0.0034170854 	0.0082222125 	-0.088475612 	0.79603427
0.0034371859 	0.0078218979 	-0.085196325 	0.79211706
0.0034572864 	0.007932153 	-0.080450161 	0.79012649
0.0034773869 	0.0084625014 	-0.074044464 	0.7900352
0.0034974874 	0.0084625014 	-0.074044464 	0.7900352
0.0035175879 	0.0092551642 	-0.066063935 	0.79138115
0.0035376884 	0.010144846 	-0.056807185 	0.79342218
0.0035577889 	0.011001814 	-0.046680933 	0.79535433
0.0035778894 	0.011001814 	-0.046680933 	0.79535433
0.0035979899 	0.011750839 	-0.036097999 	0.79650103
0.0036180905 	0.012364492 	-0.025415909 	0.79640938
0.003638191 	0.012843674 	-0.01492572 	0.79482938
0.0036582915 	0.012843674 	-0.01492572 	0.79482938
0.003678392 	0.013197207 	-0.0048783372 	0.79159005
0.0036984925 	0.013422537 	0.0044764847 	0.78640954
0.003718593 	0.013507551 	0.012873079 	0.77872614
0.0037386935 	0.013421569 	0.020049084 	0.76757774
0.003758794 	0.013090465 	0.025793908 	0.75152489
0.0037788945 	0.013090465 	0.025793908 	0.75152489
0.003798995 	0.012397906 	0.030017258 	0.72856773
0.0038190955 	0.011228825 	0.032792656 	0.69604317
0.003839196 	0.0095574737 	0.034318485 	0.65073568
0.0038592965 	0.0075316767 	0.034777259 	0.58965555
0.003879397 	0.0054558499 	0.034207139 	0.51176482
0.0038994975 	0.0036307506 	0.032504882 	0.4198261
0.003919598 	0.0021884059 	0.029442837 	0.32041248
0.0039396985 	0.0011094536 	0.024560686 	0.22121715
0.003959799 	0.00036872136 	0.017166258 	0.12763268
0.0039798995 	1.5723863e-05 	0.0067016609 	0.041105321
0.004 	1.5723863e-05 	0.0067016609 	0.041105321
