0 	-0.013987391 	0.0041339695 	1.0548943
2.0100503e-05 	-0.013987391 	0.0041339695 	1.0548943
4.0201005e-05 	-0.013987391 	0.0041339695 	1.0548943
6.0301508e-05 	-0.018659626 	-0.006746296 	1.0584444
8.040201e-05 	-0.018659626 	-0.006746296 	1.0584444
0.00010050251 	-0.018659626 	-0.006746296 	1.0584444
0.00012060302 	-0.020156113 	-0.01167552 	1.0610426
0.00014070352 	-0.020156113 	-0.01167552 	1.0610426
0.00016080402 	-0.020156113 	-0.01167552 	1.0610426
0.00018090452 	-0.020514082 	-0.013492783 	1.0620877
0.00020100503 	-0.020514082 	-0.013492783 	1.0620877
0.00022110553 	-0.017210459 	-0.016885687 	1.0604327
0.00024120603 	-0.017599739 	-0.015154853 	1.05895
0.00026130653 	-0.017599739 	-0.015154853 	1.05895
0.00028140704 	-0.017321107 	-0.012694392 	1.0561427
0.00030150754 	-0.017321107 	-0.012694392 	1.0561427
0.00032160804 	-0.017321107 	-0.012694392 	1.0561427
0.00034170854 	-0.016569895 	-0.010078991 	1.0523493
0.00036180905 	-0.016569895 	-0.010078991 	1.0523493
0.00038190955 	-0.017159836 	-0.0091985622 	1.0546868
0.00040201005 	-0.015232223 	-0.0069090857 	1.0499188
0.00042211055 	-0.015232223 	-0.0069090857 	1.0499188
0.00044221106 	-0.015232223 	-0.0069090857 	1.0499188
0.00046231156 	-0.013048235 	-0.0049908107 	1.0446944
0.00048241206 	-0.013048235 	-0.0049908107 	1.0446944
0.00050251256 	-0.010626223 	-0.0036449632 	1.0392891
0.00052261307 	-0.010626223 	-0.0036449632 	1.0392891
0.00054271357 	-0.010626223 	-0.0036449632 	1.0392891
0.00056281407 	-0.0080095864 	-0.0029611644 	1.0339492
0.00058291457 	-0.0080095864 	-0.0029611644 	1.0339492
0.00060301508 	-0.0080095864 	-0.0029611644 	1.0339492
0.00062311558 	-0.0052868598 	-0.0029870989 	1.0289315
0.00064321608 	-0.0052868598 	-0.0029870989 	1.0289315
0.00066331658 	-0.0076461375 	-0.0043075914 	1.0281684
0.00068341709 	-0.0051750004 	-0.0051433125 	1.0241294
0.00070351759 	-0.0051750004 	-0.0051433125 	1.0241294
0.00072361809 	-0.0026866606 	-0.0067111903 	1.020903
0.00074371859 	-0.0026866606 	-0.0067111903 	1.020903
0.0007638191 	-0.0026866606 	-0.0067111903 	1.020903
0.0007839196 	0.0023945637 	-0.0078054606 	1.0179125
0.0008040201 	0.0023945637 	-0.0078054606 	1.0179125
0.0008241206 	0.0023945637 	-0.0078054606 	1.0179125
0.00084422111 	0.004427958 	-0.011152057 	1.0158883
0.00086432161 	0.004427958 	-0.011152057 	1.0158883
0.00088442211 	0.004427958 	-0.011152057 	1.0158883
0.00090452261 	0.004011411 	-0.016127736 	1.0160857
0.00092462312 	0.004011411 	-0.016127736 	1.0160857
0.00094472362 	0.0057701176 	-0.020489015 	1.0158053
0.00096482412 	0.0057701176 	-0.020489015 	1.0158053
0.00098492462 	0.0057701176 	-0.020489015 	1.0158053
0.0010050251 	0.007194936 	-0.024990723 	1.0160387
0.0010251256 	0.007194936 	-0.024990723 	1.0160387
0.0010452261 	0.007194936 	-0.024990723 	1.0160387
0.0010653266 	0.0080682219 	-0.027996195 	1.0165615
0.0010854271 	0.0080682219 	-0.027996195 	1.0165615
0.0011055276 	0.0080682219 	-0.027996195 	1.0165615
0.0011256281 	0.0082018442 	-0.028056154 	1.0168261
0.0011457286 	0.0082018442 	-0.028056154 	1.0168261
0.0011658291 	0.0082018442 	-0.028056154 	1.0168261
0.0011859296 	0.0074001563 	-0.024846207 	1.0162344
0.0012060302 	0.0074001563 	-0.024846207 	1.0162344
0.0012261307 	0.0074001563 	-0.024846207 	1.0162344
0.0012462312 	0.005723741 	-0.019344108 	1.0142143
0.0012663317 	0.005723741 	-0.019344108 	1.0142143
0.0012864322 	0.005723741 	-0.019344108 	1.0142143
0.0013065327 	0.0033903402 	-0.013191784 	1.0103176
0.0013266332 	0.0033903402 	-0.013191784 	1.0103176
0.0013467337 	0.00058388085 	-0.0083624191 	1.0070052
0.0013668342 	0.00069425022 	-0.0076931289 	1.0043835
0.0013869347 	0.00069425022 	-0.0076931289 	1.0043835
0.0014070352 	0.00069425022 	-0.0076931289 	1.0043835
0.0014271357 	-0.0021684305 	-0.0032636105 	0.99661772
0.0014472362 	-0.0021684305 	-0.0032636105 	0.99661772
0.0014673367 	-0.0021684305 	-0.0032636105 	0.99661772
0.0014874372 	-0.0051863125 	0.00035706222 	0.98761471
0.0015075377 	-0.0051863125 	0.00035706222 	0.98761471
0.0015276382 	-0.0085724613 	0.0034277546 	0.97837109
0.0015477387 	-0.0085724613 	0.0034277546 	0.97837109
0.0015678392 	-0.0085724613 	0.0034277546 	0.97837109
0.0015879397 	-0.012549987 	0.0056463714 	0.96969581
0.0016080402 	-0.012549987 	0.0056463714 	0.96969581
0.0016281407 	-0.012549987 	0.0056463714 	0.96969581
0.0016482412 	-0.016934314 	0.005955649 	0.96082104
0.0016683417 	-0.016934314 	0.005955649 	0.96082104
0.0016884422 	-0.020934181 	0.0026801388 	0.94899576
0.0017085427 	-0.020934181 	0.0026801388 	0.94899576
0.0017286432 	-0.020934181 	0.0026801388 	0.94899576
0.0017487437 	-0.023328232 	-0.005435125 	0.93223791
0.0017688442 	-0.023328232 	-0.005435125 	0.93223791
0.0017889447 	-0.023328232 	-0.005435125 	0.93223791
0.0018090452 	-0.02363061 	-0.017158504 	0.91340552
0.0018291457 	-0.02363061 	-0.017158504 	0.91340552
0.0018492462 	-0.022875377 	-0.028539285 	0.89882814
0.0018693467 	-0.022875377 	-0.028539285 	0.89882814
0.0018894472 	-0.022875377 	-0.028539285 	0.89882814
0.0019095477 	-0.022219129 	-0.036452805 	0.8919049
0.0019296482 	-0.022219129 	-0.036452805 	0.8919049
0.0019497487 	-0.021889424 	-0.040705718 	0.89121065
0.0019698492 	-0.021889424 	-0.040705718 	0.89121065
0.0019899497 	-0.021565933 	-0.042698365 	0.89354209
0.0020100503 	-0.021565933 	-0.042698365 	0.89354209
0.0020301508 	-0.021565933 	-0.042698365 	0.89354209
0.0020502513 	-0.020904033 	-0.043785378 	0.89611132
0.0020703518 	-0.020904033 	-0.043785378 	0.89611132
0.0020904523 	-0.019745918 	-0.044790608 	0.89699384
0.0021105528 	-0.019745918 	-0.044790608 	0.89699384
0.0021306533 	-0.019745918 	-0.044790608 	0.89699384
0.0021507538 	-0.018142215 	-0.046148257 	0.8950307
0.0021708543 	-0.018142215 	-0.046148257 	0.8950307
0.0021909548 	-0.01635064 	-0.048108049 	0.88970303
0.0022110553 	-0.01635064 	-0.048108049 	0.88970303
0.0022311558 	-0.014816581 	-0.050800017 	0.88095649
0.0022512563 	-0.014816581 	-0.050800017 	0.88095649
0.0022713568 	-0.01407909 	-0.054228494 	0.86894134
0.0022914573 	-0.01407909 	-0.054228494 	0.86894134
0.0023115578 	-0.01407909 	-0.054228494 	0.86894134
0.0023316583 	-0.014592614 	-0.058176834 	0.85372224
0.0023517588 	-0.014592614 	-0.058176834 	0.85372224
0.0023718593 	-0.016468391 	-0.06196262 	0.83497368
0.0023919598 	-0.016468391 	-0.06196262 	0.83497368
0.0024120603 	-0.019223447 	-0.064127464 	0.81176301
0.0024321608 	-0.019223447 	-0.064127464 	0.81176301
0.0024522613 	-0.021895454 	-0.062440365 	0.78313381
0.0024723618 	-0.021895454 	-0.062440365 	0.78313381
0.0024924623 	-0.023670834 	-0.054928524 	0.75006873
0.0025125628 	-0.023670834 	-0.054928524 	0.75006873
0.0025326633 	-0.024428667 	-0.041469119 	0.71728703
0.0025527638 	-0.024428667 	-0.041469119 	0.71728703
0.0025728643 	-0.02436559 	-0.023954835 	0.69165868
0.0025929648 	-0.02436559 	-0.023954835 	0.69165868
0.0026130653 	-0.023261641 	-0.0048488217 	0.67767512
0.0026331658 	-0.023261641 	-0.0048488217 	0.67767512
0.0026532663 	-0.021050418 	0.013996719 	0.67424837
0.0026733668 	-0.021050418 	0.013996719 	0.67424837
0.0026934673 	-0.018146688 	0.031246659 	0.67634676
0.0027135678 	-0.018146688 	0.031246659 	0.67634676
0.0027336683 	-0.014579308 	0.045930057 	0.67834948
0.0027537688 	-0.014579308 	0.045930057 	0.67834948
0.0027738693 	-0.010296617 	0.057282672 	0.67615515
0.0027939698 	-0.010296617 	0.057282672 	0.67615515
0.0028140704 	-0.0053512595 	0.064509012 	0.66746205
0.0028341709 	-0.0053512595 	0.064509012 	0.66746205
0.0028542714 	-0.00060419213 	0.066687105 	0.65217498
0.0028743719 	0.0031828752 	0.063145206 	0.63294648
0.0028944724 	0.0031828752 	0.063145206 	0.63294648
0.0029145729 	0.0055509004 	0.054037866 	0.61379989
0.0029346734 	0.0055509004 	0.054037866 	0.61379989
0.0029547739 	0.005549971 	0.040416118 	0.59855874
0.0029748744 	0.005549971 	0.040416118 	0.59855874
0.0029949749 	0.0022302002 	0.023656361 	0.59094274
0.0030150754 	-0.0041435291 	0.0049322332 	0.59460243
0.0030351759 	-0.0041435291 	0.0049322332 	0.59460243
0.0030552764 	-0.012918014 	-0.015156504 	0.61083746
0.0030753769 	-0.012918014 	-0.015156504 	0.61083746
0.0030954774 	-0.023490894 	-0.036407098 	0.63572581
0.0031155779 	-0.034387301 	-0.058140673 	0.66044028
0.0031356784 	-0.034387301 	-0.058140673 	0.66044028
0.0031557789 	-0.04428231 	-0.07876747 	0.67501116
0.0031758794 	-0.04428231 	-0.07876747 	0.67501116
0.0031959799 	-0.052319891 	-0.096188773 	0.67314831
0.0032160804 	-0.058071842 	-0.10877644 	0.65444542
0.0032361809 	-0.058071842 	-0.10877644 	0.65444542
0.0032562814 	-0.061492304 	-0.1161679 	0.623169
0.0032763819 	-0.062884894 	-0.11910108 	0.58541557
0.0032964824 	-0.062884894 	-0.11910108 	0.58541557
0.0033165829 	-0.062767085 	-0.11860465 	0.54659067
0.0033366834 	-0.061715427 	-0.11544874 	0.5103333
0.0033567839 	-0.061715427 	-0.11544874 	0.5103333
0.0033768844 	-0.060262203 	-0.11009002 	0.47869064
0.0033969849 	-0.058810246 	-0.10284123 	0.45254494
0.0034170854 	-0.058810246 	-0.10284123 	0.45254494
0.0034371859 	-0.05758184 	-0.094013249 	0.43186028
0.0034572864 	-0.05662753 	-0.083970349 	0.41590458
0.0034773869 	-0.055870877 	-0.07312605 	0.40352821
0.0034974874 	-0.055870877 	-0.07312605 	0.40352821
0.0035175879 	-0.055160449 	-0.061915104 	0.39343986
0.0035376884 	-0.054320882 	-0.0507583 	0.38441813
0.0035577889 	-0.053179839 	-0.040068028 	0.37542394
0.0035778894 	-0.053179839 	-0.040068028 	0.37542394
0.0035979899 	-0.051584559 	-0.030155543 	0.36566312
0.0036180905 	-0.049515978 	-0.021262055 	0.35461139
0.003638191 	-0.046988961 	-0.013577154 	0.34197279
0.0036582915 	-0.046988961 	-0.013577154 	0.34197279
0.003678392 	-0.043974076 	-0.0072354047 	0.32759839
0.0036984925 	-0.040508294 	-0.002295395 	0.31150313
0.003718593 	-0.036670525 	0.0012538854 	0.29381441
0.0037386935 	-0.03256588 	0.0034823202 	0.27472944
0.003758794 	-0.02830905 	0.0044937439 	0.25447823
0.0037788945 	-0.02830905 	0.0044937439 	0.25447823
0.003798995 	-0.024015818 	0.0044178621 	0.233294
0.0038190955 	-0.019800524 	0.0033962045 	0.2113887
0.003839196 	-0.015774724 	0.0015817459 	0.18893916
0.0038592965 	-0.012042668 	-0.00084784966 	0.16606548
0.003879397 	-0.0086954718 	-0.0036623232 	0.14280575
0.0038994975 	-0.0058096637 	-0.0065343517 	0.11909767
0.003919598 	-0.0034507733 	-0.0089769278 	0.09476804
0.0039396985 	-0.0016787869 	-0.010270403 	0.069535402
0.003959799 	-0.00053449816 	-0.0093945139 	0.043041465
0.0039798995 	-4.0833607e-05 	-0.0049710991 	0.014958695
0.004 	-4.0833607e-05 	-0.0049710991 	0.014958695
