0 	0.079267521 	0.022465046 	0.99569144
2.0100503e-05 	0.026524783 	-0.080221571 	0.99398541
4.0201005e-05 	0.026524783 	-0.080221571 	0.99398541
6.0301508e-05 	-0.0087504739 	-0.084470399 	0.99344083
8.040201e-05 	-0.0087504739 	-0.084470399 	0.99344083
0.00010050251 	-0.0087504739 	-0.084470399 	0.99344083
0.00012060302 	-0.015597226 	-0.082232502 	0.99409245
0.00014070352 	-0.048278722 	-0.07415651 	0.98928804
0.00016080402 	-0.048278722 	-0.07415651 	0.98928804
0.00018090452 	-0.040833597 	-0.076359168 	0.9906716
0.00020100503 	-0.040833597 	-0.076359168 	0.9906716
0.00022110553 	-0.040833597 	-0.076359168 	0.9906716
0.00024120603 	-0.034672492 	-0.075929818 	0.99305945
0.00026130653 	-0.034672492 	-0.075929818 	0.99305945
0.00028140704 	-0.012814297 	-0.073043507 	1.0016041
0.00030150754 	-0.012814297 	-0.073043507 	1.0016041
0.00032160804 	-0.012814297 	-0.073043507 	1.0016041
0.00034170854 	-0.010259043 	-0.069431483 	1.0054247
0.00036180905 	-0.010259043 	-0.069431483 	1.0054247
0.00038190955 	-0.010259043 	-0.069431483 	1.0054247
0.00040201005 	-0.019720759 	-0.068180209 	1.0036512
0.00042211055 	-0.019720759 	-0.068180209 	1.0036512
0.00044221106 	-0.019720759 	-0.068180209 	1.0036512
0.00046231156 	-0.015349553 	-0.064361985 	1.0077914
0.00048241206 	-0.015349553 	-0.064361985 	1.0077914
0.00050251256 	-0.011012664 	-0.059972638 	1.0120707
0.00052261307 	-0.011012664 	-0.059972638 	1.0120707
0.00054271357 	-0.011012664 	-0.059972638 	1.0120707
0.00056281407 	-0.0065843899 	-0.055028169 	1.0164156
0.00058291457 	-0.0065843899 	-0.055028169 	1.0164156
0.00060301508 	-0.0065843899 	-0.055028169 	1.0164156
0.00062311558 	0.0054715604 	-0.044894825 	1.0282892
0.00064321608 	0.0054715604 	-0.044894825 	1.0282892
0.00066331658 	0.0054715604 	-0.044894825 	1.0282892
0.00068341709 	0.0094212266 	-0.038777308 	1.0325354
0.00070351759 	0.0094212266 	-0.038777308 	1.0325354
0.00072361809 	0.013610935 	-0.03262576 	1.0362205
0.00074371859 	0.013610935 	-0.03262576 	1.0362205
0.0007638191 	0.0075342899 	-0.038013334 	1.0287824
0.0007839196 	0.012337297 	-0.032262267 	1.0321471
0.0008040201 	0.012337297 	-0.032262267 	1.0321471
0.0008241206 	0.012337297 	-0.032262267 	1.0321471
0.00084422111 	0.017018897 	-0.026819436 	1.0348185
0.00086432161 	0.022418071 	-0.021146133 	1.041138
0.00088442211 	0.022418071 	-0.021146133 	1.041138
0.00090452261 	0.026839088 	-0.016209309 	1.0421636
0.00092462312 	0.026839088 	-0.016209309 	1.0421636
0.00094472362 	0.030949456 	-0.01205876 	1.0422878
0.00096482412 	0.030949456 	-0.01205876 	1.0422878
0.00098492462 	0.030949456 	-0.01205876 	1.0422878
0.0010050251 	0.035008575 	-0.008275781 	1.0415769
0.0010251256 	0.035008575 	-0.008275781 	1.0415769
0.0010452261 	0.035008575 	-0.008275781 	1.0415769
0.0010653266 	0.038368041 	-0.0051244029 	1.040152
0.0010854271 	0.038368041 	-0.0051244029 	1.040152
0.0011055276 	0.038368041 	-0.0051244029 	1.040152
0.0011256281 	0.040540237 	-0.002656479 	1.0383925
0.0011457286 	0.040540237 	-0.002656479 	1.0383925
0.0011658291 	0.040540237 	-0.002656479 	1.0383925
0.0011859296 	0.041433298 	-0.00065598459 	1.0365775
0.0012060302 	0.041433298 	-0.00065598459 	1.0365775
0.0012261307 	0.041433298 	-0.00065598459 	1.0365775
0.0012462312 	0.04111059 	0.00096757122 	1.0349018
0.0012663317 	0.04111059 	0.00096757122 	1.0349018
0.0012864322 	0.04111059 	0.00096757122 	1.0349018
0.0013065327 	0.03979493 	0.0021741859 	1.0334879
0.0013266332 	0.03979493 	0.0021741859 	1.0334879
0.0013467337 	0.03979493 	0.0021741859 	1.0334879
0.0013668342 	0.037794485 	0.0028307718 	1.0323555
0.0013869347 	0.037794485 	0.0028307718 	1.0323555
0.0014070352 	0.037794485 	0.0028307718 	1.0323555
0.0014271357 	0.035428651 	0.0028228076 	1.0314067
0.0014472362 	0.035428651 	0.0028228076 	1.0314067
0.0014673367 	0.035428651 	0.0028228076 	1.0314067
0.0014874372 	0.032971135 	0.0021933767 	1.0304663
0.0015075377 	0.032971135 	0.0021933767 	1.0304663
0.0015276382 	0.030607333 	0.0011718032 	1.029399
0.0015477387 	0.030607333 	0.0011718032 	1.029399
0.0015678392 	0.030607333 	0.0011718032 	1.029399
0.0015879397 	0.028433813 	9.874734e-05 	1.0282197
0.0016080402 	0.028433813 	9.874734e-05 	1.0282197
0.0016281407 	0.028433813 	9.874734e-05 	1.0282197
0.0016482412 	0.026470762 	-0.0007131574 	1.0271057
0.0016683417 	0.026470762 	-0.0007131574 	1.0271057
0.0016884422 	0.024687323 	-0.001076168 	1.0262921
0.0017085427 	0.024687323 	-0.001076168 	1.0262921
0.0017286432 	0.024687323 	-0.001076168 	1.0262921
0.0017487437 	0.023029431 	-0.00091342204 	1.0259214
0.0017688442 	0.023029431 	-0.00091342204 	1.0259214
0.0017889447 	0.023029431 	-0.00091342204 	1.0259214
0.0018090452 	0.021444696 	-0.0001852962 	1.0259627
0.0018291457 	0.021444696 	-0.0001852962 	1.0259627
0.0018492462 	0.019920282 	0.0011902028 	1.0262498
0.0018693467 	0.019920282 	0.0011902028 	1.0262498
0.0018894472 	0.019920282 	0.0011902028 	1.0262498
0.0019095477 	0.018511307 	0.0033336591 	1.0265565
0.0019296482 	0.018511307 	0.0033336591 	1.0265565
0.0019497487 	0.017353124 	0.0063108352 	1.0266291
0.0019698492 	0.017353124 	0.0063108352 	1.0266291
0.0019899497 	0.016641161 	0.010074626 	1.0261616
0.0020100503 	0.016641161 	0.010074626 	1.0261616
0.0020301508 	0.016641161 	0.010074626 	1.0261616
0.0020502513 	0.016566839 	0.014419903 	1.0247835
0.0020703518 	0.016566839 	0.014419903 	1.0247835
0.0020904523 	0.017238241 	0.019031117 	1.0221291
0.0021105528 	0.017238241 	0.019031117 	1.0221291
0.0021306533 	0.017238241 	0.019031117 	1.0221291
0.0021507538 	0.018616453 	0.023560063 	1.0179674
0.0021708543 	0.018616453 	0.023560063 	1.0179674
0.0021909548 	0.020480741 	0.027669594 	1.0123266
0.0022110553 	0.020480741 	0.027669594 	1.0123266
0.0022311558 	0.022418927 	0.03098566 	1.0055634
0.0022512563 	0.022418927 	0.03098566 	1.0055634
0.0022713568 	0.023888074 	0.033018459 	0.99833588
0.0022914573 	0.023888074 	0.033018459 	0.99833588
0.0023115578 	0.023888074 	0.033018459 	0.99833588
0.0023316583 	0.024336606 	0.033161834 	0.99144939
0.0023517588 	0.024336606 	0.033161834 	0.99144939
0.0023718593 	0.023385373 	0.030821136 	0.98559131
0.0023919598 	0.023385373 	0.030821136 	0.98559131
0.0024120603 	0.020966249 	0.025626732 	0.98105177
0.0024321608 	0.020966249 	0.025626732 	0.98105177
0.0024522613 	0.017334298 	0.017616249 	0.9776148
0.0024723618 	0.017334298 	0.017616249 	0.9776148
0.0024924623 	0.012937979 	0.0072939425 	0.9747322
0.0025125628 	0.012937979 	0.0072939425 	0.9747322
0.0025326633 	0.0082938639 	-0.0044196188 	0.97187371
0.0025527638 	0.0082938639 	-0.0044196188 	0.97187371
0.0025728643 	0.0038501671 	-0.016319913 	0.96884982
0.0025929648 	0.0038501671 	-0.016319913 	0.96884982
0.0026130653 	-0.00011125979 	-0.0271481 	0.9657652
0.0026331658 	-0.00011125979 	-0.0271481 	0.9657652
0.0026532663 	-0.0033455344 	-0.035842405 	0.96279048
0.0026733668 	-0.0033455344 	-0.035842405 	0.96279048
0.0026934673 	-0.0056416499 	-0.041755542 	0.95991438
0.0027135678 	-0.0056416499 	-0.041755542 	0.95991438
0.0027336683 	-0.0068545661 	-0.044646216 	0.95683977
0.0027537688 	-0.0068545661 	-0.044646216 	0.95683977
0.0027738693 	-0.0069175394 	-0.044512091 	0.95313934
0.0027939698 	-0.0069175394 	-0.044512091 	0.95313934
0.0028140704 	-0.0058565763 	-0.041435959 	0.94844682
0.0028341709 	-0.0058565763 	-0.041435959 	0.94844682
0.0028542714 	-0.0037661474 	-0.035577021 	0.94264041
0.0028743719 	-0.00086664259 	-0.027214674 	0.93581145
0.0028944724 	-0.00086664259 	-0.027214674 	0.93581145
0.0029145729 	0.0025954825 	-0.016839087 	0.92824688
0.0029346734 	0.0025954825 	-0.016839087 	0.92824688
0.0029547739 	0.0064225629 	-0.0051062064 	0.9203349
0.0029748744 	0.0064225629 	-0.0051062064 	0.9203349
0.0029949749 	0.01042663 	0.0072079282 	0.91254074
0.0030150754 	0.014387955 	0.019312272 	0.90537447
0.0030351759 	0.014387955 	0.019312272 	0.90537447
0.0030552764 	0.018074552 	0.030458827 	0.89934653
0.0030753769 	0.018074552 	0.030458827 	0.89934653
0.0030954774 	0.021276809 	0.04001914 	0.89490254
0.0031155779 	0.023788285 	0.04748665 	0.89236713
0.0031356784 	0.023788285 	0.04748665 	0.89236713
0.0031557789 	0.025474455 	0.052467174 	0.89189058
0.0031758794 	0.025474455 	0.052467174 	0.89189058
0.0031959799 	0.026286229 	0.054703074 	0.89338282
0.0032160804 	0.026199813 	0.054045455 	0.8964794
0.0032361809 	0.026199813 	0.054045455 	0.8964794
0.0032562814 	0.02526952 	0.050480785 	0.90056981
0.0032763819 	0.023637977 	0.044111647 	0.90489045
0.0032964824 	0.023637977 	0.044111647 	0.90489045
0.0033165829 	0.021483195 	0.03521096 	0.90861975
0.0033366834 	0.019009948 	0.024257585 	0.91099783
0.0033567839 	0.019009948 	0.024257585 	0.91099783
0.0033768844 	0.0164548 	0.011946523 	0.9113768
0.0033969849 	0.013976134 	-0.00080147719 	0.90932456
0.0034170854 	0.013976134 	-0.00080147719 	0.90932456
0.0034371859 	0.011647954 	-0.012921079 	0.9046069
0.0034572864 	0.0095908003 	-0.023340106 	0.89710939
0.0034773869 	0.0078869335 	-0.031163581 	0.88680033
0.0034974874 	0.0078869335 	-0.031163581 	0.88680033
0.0035175879 	0.0066213533 	-0.035776841 	0.8737233
0.0035376884 	0.0058496955 	-0.036894689 	0.85790752
0.0035577889 	0.005576971 	-0.034611381 	0.83918065
0.0035778894 	0.005576971 	-0.034611381 	0.83918065
0.0035979899 	0.0057469931 	-0.029455339 	0.81690284
0.0036180905 	0.0062470391 	-0.022357749 	0.78997287
0.003638191 	0.0069093239 	-0.014527617 	0.75723607
0.0036582915 	0.0069093239 	-0.014527617 	0.75723607
0.003678392 	0.0074779921 	-0.0072752514 	0.71817391
0.0036984925 	0.0077751171 	-0.0017656058 	0.67340392
0.003718593 	0.0076613151 	0.0012204564 	0.62454941
0.0037386935 	0.0070124575 	0.0015393497 	0.57370607
0.003758794 	0.0058865653 	-0.00028666261 	0.52259808
0.0037788945 	0.0058865653 	-0.00028666261 	0.52259808
0.003798995 	0.004483399 	-0.0033008471 	0.47206599
0.0038190955 	0.0030603637 	-0.0064910121 	0.42210674
0.003839196 	0.0018358824 	-0.0090906514 	0.37230158
0.0038592965 	0.00093313442 	-0.010684215 	0.32230116
0.003879397 	0.00038285084 	-0.011180831 	0.27198709
0.0038994975 	0.0001154963 	-0.010692137 	0.22150575
0.003919598 	6.7299767e-06 	-0.0094083517 	0.17114508
0.0039396985 	-3.139446e-05 	-0.0074935925 	0.12120421
0.003959799 	-3.5973252e-05 	-0.0050043226 	0.07196328
0.0039798995 	-1.8981317e-05 	-0.0018772941 	0.023699747
0.004 	-1.8981317e-05 	-0.0018772941 	0.023699747
