0 	-0.033550505 	-0.041069011 	1.0651384
2.0100503e-05 	-0.033550505 	-0.041069011 	1.0651384
4.0201005e-05 	-0.033550505 	-0.041069011 	1.0651384
6.0301508e-05 	-0.043027151 	-0.021429156 	1.0686889
8.040201e-05 	-0.043027151 	-0.021429156 	1.0686889
0.00010050251 	-0.043027151 	-0.021429156 	1.0686889
0.00012060302 	-0.03971811 	-0.015738203 	1.071177
0.00014070352 	-0.03971811 	-0.015738203 	1.071177
0.00016080402 	-0.03971811 	-0.015738203 	1.071177
0.00018090452 	-0.034696677 	-0.013144022 	1.0724053
0.00020100503 	-0.034696677 	-0.013144022 	1.0724053
0.00022110553 	-0.034696677 	-0.013144022 	1.0724053
0.00024120603 	-0.029119599 	-0.011410323 	1.0721922
0.00026130653 	-0.029119599 	-0.011410323 	1.0721922
0.00028140704 	-0.023262934 	-0.0098590668 	1.0704034
0.00030150754 	-0.023262934 	-0.0098590668 	1.0704034
0.00032160804 	-0.023262934 	-0.0098590668 	1.0704034
0.00034170854 	-0.017222613 	-0.0082292354 	1.0669942
0.00036180905 	-0.017222613 	-0.0082292354 	1.0669942
0.00038190955 	-0.017222613 	-0.0082292354 	1.0669942
0.00040201005 	-0.011073073 	-0.0064307922 	1.0620427
0.00042211055 	-0.011073073 	-0.0064307922 	1.0620427
0.00044221106 	-0.011073073 	-0.0064307922 	1.0620427
0.00046231156 	-0.0049236387 	-0.0044623747 	1.0557665
0.00048241206 	-0.0049236387 	-0.0044623747 	1.0557665
0.00050251256 	0.0010767324 	-0.0023457502 	1.0485116
0.00052261307 	0.0010767324 	-0.0023457502 	1.0485116
0.00054271357 	0.0010767324 	-0.0023457502 	1.0485116
0.00056281407 	0.0067647493 	-5.8373359e-05 	1.0407225
0.00058291457 	0.0067647493 	-5.8373359e-05 	1.0407225
0.00060301508 	0.0067647493 	-5.8373359e-05 	1.0407225
0.00062311558 	0.012011563 	0.0024975287 	1.0329038
0.00064321608 	0.012011563 	0.0024975287 	1.0329038
0.00066331658 	0.012011563 	0.0024975287 	1.0329038
0.00068341709 	0.016740966 	0.0054735326 	1.0255956
0.00070351759 	0.016740966 	0.0054735326 	1.0255956
0.00072361809 	0.020888706 	0.0089557563 	1.0193518
0.00074371859 	0.020888706 	0.0089557563 	1.0193518
0.0007638191 	0.020888706 	0.0089557563 	1.0193518
0.0007839196 	0.031849608 	0.0060722548 	1.0162059
0.0008040201 	0.031849608 	0.0060722548 	1.0162059
0.0008241206 	0.031849608 	0.0060722548 	1.0162059
0.00084422111 	0.035420085 	0.01003694 	1.011681
0.00086432161 	0.026944508 	0.016751286 	1.0119046
0.00088442211 	0.026944508 	0.016751286 	1.0119046
0.00090452261 	0.038245153 	0.013694155 	1.0090651
0.00092462312 	0.038245153 	0.013694155 	1.0090651
0.00094472362 	0.039992922 	0.016516543 	1.0083367
0.00096482412 	0.039992922 	0.016516543 	1.0083367
0.00098492462 	0.028940545 	0.022388491 	1.01155
0.0010050251 	0.027945145 	0.022689582 	1.0131068
0.0010251256 	0.027945145 	0.022689582 	1.0131068
0.0010452261 	0.027945145 	0.022689582 	1.0131068
0.0010653266 	0.025372183 	0.020071595 	1.0148932
0.0010854271 	0.025372183 	0.020071595 	1.0148932
0.0011055276 	0.025372183 	0.020071595 	1.0148932
0.0011256281 	0.021545131 	0.014214273 	1.0162121
0.0011457286 	0.021545131 	0.014214273 	1.0162121
0.0011658291 	0.021545131 	0.014214273 	1.0162121
0.0011859296 	0.016427554 	0.0057098886 	1.0170474
0.0012060302 	0.016427554 	0.0057098886 	1.0170474
0.0012261307 	0.033957221 	0.005716853 	1.0132828
0.0012462312 	0.028110665 	-0.0020719886 	1.0146567
0.0012663317 	0.010212621 	-0.0040257269 	1.0179888
0.0012864322 	0.010212621 	-0.0040257269 	1.0179888
0.0013065327 	0.0035517151 	-0.013049314 	1.019832
0.0013266332 	0.0035517151 	-0.013049314 	1.019832
0.0013467337 	0.0035517151 	-0.013049314 	1.019832
0.0013668342 	-0.002342731 	-0.01911593 	1.0225901
0.0013869347 	-0.002342731 	-0.01911593 	1.0225901
0.0014070352 	-0.002342731 	-0.01911593 	1.0225901
0.0014271357 	-0.0062152325 	-0.020208071 	1.0246803
0.0014472362 	-0.0062152325 	-0.020208071 	1.0246803
0.0014673367 	-0.0062152325 	-0.020208071 	1.0246803
0.0014874372 	-0.0076281044 	-0.015621381 	1.0235456
0.0015075377 	-0.0076281044 	-0.015621381 	1.0235456
0.0015276382 	-0.0074837515 	-0.0070602302 	1.0174404
0.0015477387 	-0.0074837515 	-0.0070602302 	1.0174404
0.0015678392 	-0.0074837515 	-0.0070602302 	1.0174404
0.0015879397 	-0.0073285254 	0.0021469321 	1.0064871
0.0016080402 	-0.0073285254 	0.0021469321 	1.0064871
0.0016281407 	-0.0073285254 	0.0021469321 	1.0064871
0.0016482412 	-0.0079336813 	0.0094831726 	0.99189562
0.0016683417 	-0.0079336813 	0.0094831726 	0.99189562
0.0016884422 	-0.0090555091 	0.014247088 	0.97505528
0.0017085427 	-0.0090555091 	0.014247088 	0.97505528
0.0017286432 	-0.0090555091 	0.014247088 	0.97505528
0.0017487437 	-0.010068048 	0.016854921 	0.95743926
0.0017688442 	-0.010068048 	0.016854921 	0.95743926
0.0017889447 	-0.010068048 	0.016854921 	0.95743926
0.0018090452 	-0.01037477 	0.018051673 	0.94038134
0.0018291457 	-0.01037477 	0.018051673 	0.94038134
0.0018492462 	-0.0095185811 	0.018530196 	0.92466568
0.0018693467 	-0.0095185811 	0.018530196 	0.92466568
0.0018894472 	-0.0095185811 	0.018530196 	0.92466568
0.0019095477 	-0.0072442894 	0.018693898 	0.91042915
0.0019296482 	-0.0072442894 	0.018693898 	0.91042915
0.0019497487 	-0.0035371827 	0.01851001 	0.8975822
0.0019698492 	-0.0035371827 	0.01851001 	0.8975822
0.0019899497 	0.0014064383 	0.017548263 	0.8862571
0.0020100503 	0.0014064383 	0.017548263 	0.8862571
0.0020301508 	0.0014064383 	0.017548263 	0.8862571
0.0020502513 	0.0071105948 	0.015282522 	0.8768465
0.0020703518 	0.0071105948 	0.015282522 	0.8768465
0.0020904523 	0.037725926 	0.0071614926 	0.92124243
0.0021105528 	0.013001832 	0.011573353 	0.86960981
0.0021306533 	0.013001832 	0.011573353 	0.86960981
0.0021507538 	0.018835684 	0.0067836174 	0.86431288
0.0021708543 	0.018835684 	0.0067836174 	0.86431288
0.0021909548 	0.024741577 	0.0014583105 	0.86046379
0.0022110553 	0.024741577 	0.0014583105 	0.86046379
0.0022311558 	0.030862547 	-0.0040713071 	0.85773477
0.0022512563 	0.030862547 	-0.0040713071 	0.85773477
0.0022713568 	0.037268165 	-0.0097646276 	0.85601625
0.0022914573 	0.037268165 	-0.0097646276 	0.85601625
0.0023115578 	0.037268165 	-0.0097646276 	0.85601625
0.0023316583 	0.043893528 	-0.015706002 	0.85513125
0.0023517588 	0.043893528 	-0.015706002 	0.85513125
0.0023718593 	0.0506749 	-0.021984112 	0.85473954
0.0023919598 	0.0506749 	-0.021984112 	0.85473954
0.0024120603 	0.057478486 	-0.028694072 	0.85442258
0.0024321608 	0.057478486 	-0.028694072 	0.85442258
0.0024522613 	0.064068727 	-0.035909172 	0.85380557
0.0024723618 	0.064068727 	-0.035909172 	0.85380557
0.0024924623 	0.070092499 	-0.043679763 	0.85274005
0.0025125628 	0.070092499 	-0.043679763 	0.85274005
0.0025326633 	0.075091056 	-0.051970288 	0.85137828
0.0025527638 	0.075091056 	-0.051970288 	0.85137828
0.0025728643 	0.078583864 	-0.060806765 	0.85016071
0.0025929648 	0.078583864 	-0.060806765 	0.85016071
0.0026130653 	0.080062636 	-0.070268725 	0.84971845
0.0026331658 	0.080062636 	-0.070268725 	0.84971845
0.0026532663 	0.079112081 	-0.080374557 	0.85076182
0.0026733668 	0.079112081 	-0.080374557 	0.85076182
0.0026934673 	0.075515662 	-0.090996419 	0.85397088
0.0027135678 	0.075515662 	-0.090996419 	0.85397088
0.0027336683 	0.069327339 	-0.10184245 	0.85989752
0.0027537688 	0.069327339 	-0.10184245 	0.85989752
0.0027738693 	0.060860206 	-0.11251074 	0.86881052
0.0027939698 	0.060860206 	-0.11251074 	0.86881052
0.0028140704 	0.050679427 	-0.12256226 	0.88044046
0.0028341709 	0.050679427 	-0.12256226 	0.88044046
0.0028542714 	0.039596899 	-0.13158445 	0.89374084
0.0028743719 	0.028590133 	-0.13917543 	0.9069424
0.0028944724 	0.028590133 	-0.13917543 	0.9069424
0.0029145729 	0.018614763 	-0.14479315 	0.91802656
0.0029346734 	0.018614763 	-0.14479315 	0.91802656
0.0029547739 	0.010415569 	-0.14758493 	0.92541542
0.0029748744 	0.010415569 	-0.14758493 	0.92541542
0.0029949749 	0.0043121861 	-0.14651782 	0.92840937
0.0030150754 	0.00015847465 	-0.14093006 	0.92711069
0.0030351759 	0.00015847465 	-0.14093006 	0.92711069
0.0030552764 	-0.0025158396 	-0.13124186 	0.9218356
0.0030753769 	-0.0025158396 	-0.13124186 	0.9218356
0.0030954774 	-0.0043594139 	-0.11925846 	0.91267492
0.0031155779 	-0.0061410009 	-0.10776715 	0.89973286
0.0031356784 	-0.0061410009 	-0.10776715 	0.89973286
0.0031557789 	-0.0085251029 	-0.099503585 	0.88392878
0.0031758794 	-0.0085251029 	-0.099503585 	0.88392878
0.0031959799 	-0.011944078 	-0.095984573 	0.86743661
0.0032160804 	-0.016424403 	-0.09690138 	0.85301353
0.0032361809 	-0.016424403 	-0.09690138 	0.85301353
0.0032562814 	-0.021520132 	-0.10049537 	0.84267837
0.0032763819 	-0.026351963 	-0.10457332 	0.83686964
0.0032964824 	-0.026351963 	-0.10457332 	0.83686964
0.0033165829 	-0.02989338 	-0.10753251 	0.83465681
0.0033366834 	-0.031313482 	-0.10889732 	0.83445888
0.0033567839 	-0.031313482 	-0.10889732 	0.83445888
0.0033768844 	-0.030222413 	-0.10921944 	0.83475907
0.0033969849 	-0.02651642 	-0.10942144 	0.83424981
0.0034170854 	-0.02651642 	-0.10942144 	0.83424981
0.0034371859 	-0.020364381 	-0.11018575 	0.83175729
0.0034572864 	-0.012078238 	-0.11181154 	0.82596562
0.0034773869 	-0.0018234321 	-0.11423477 	0.8153601
0.0034974874 	-0.0018234321 	-0.11423477 	0.8153601
0.0035175879 	0.010021433 	-0.11682768 	0.79857958
0.0035376884 	0.022706568 	-0.11779358 	0.77533181
0.0035577889 	0.034870385 	-0.11346593 	0.74765914
0.0035778894 	0.034870385 	-0.11346593 	0.74765914
0.0035979899 	0.044537894 	-0.099199692 	0.72107862
0.0036180905 	0.049465434 	-0.073440591 	0.70470408
0.003638191 	0.047940647 	-0.041449659 	0.70824541
0.0036582915 	0.047940647 	-0.041449659 	0.70824541
0.003678392 	0.039915896 	-0.012281603 	0.73474228
0.0036984925 	0.027452497 	0.0078575523 	0.77401473
0.003718593 	0.014183089 	0.017703111 	0.80453313
0.0037386935 	0.0038436674 	0.01843106 	0.80371923
0.003758794 	-0.0014287265 	0.012147445 	0.75957781
0.0037788945 	-0.0014287265 	0.012147445 	0.75957781
0.003798995 	-0.0018065538 	0.0020964599 	0.67640307
0.0038190955 	0.00083074557 	-0.0078484151 	0.57119998
0.003839196 	0.0040870414 	-0.014799362 	0.46337998
0.0038592965 	0.0062988071 	-0.017882973 	0.36579603
0.003879397 	0.0069079184 	-0.017852112 	0.28262725
0.0038994975 	0.0060467994 	-0.015999058 	0.21231657
0.003919598 	0.0042022912 	-0.01329138 	0.15153457
0.0039396985 	0.0020567127 	-0.010058008 	0.098002166
0.003959799 	0.00035801854 	-0.0062074917 	0.051783666
0.0039798995 	-0.00015435139 	-0.0018784498 	0.01456024
0.004 	-0.00015435139 	-0.0018784498 	0.01456024
