0 	-0.012368266 	0.025786917 	1.0082971
5.5555556e-05 	0.00038079641 	0.03529307 	1.0071682
0.00011111111 	0.0051914412 	0.041395411 	1.0055682
0.00016666667 	0.0079340003 	0.047250823 	1.0035385
0.00022222222 	0.0097676668 	0.052945712 	1.0010795
0.00027777778 	0.011121107 	0.058273726 	0.99823124
0.00033333333 	0.01220879 	0.062913225 	0.99516454
0.00038888889 	0.013150959 	0.066626683 	0.9921658
0.00044444444 	0.01405079 	0.069385585 	0.98953296
0.0005 	0.015000365 	0.071297021 	0.98747782
0.00055555556 	0.016023491 	0.072440665 	0.98606976
0.00061111111 	0.017034475 	0.072800489 	0.98522053
0.00066666667 	0.017863091 	0.072333271 	0.98473441
0.00072222222 	0.018336409 	0.071077122 	0.98440478
0.00077777778 	0.018343641 	0.069185084 	0.98410538
0.00083333333 	0.017882754 	0.066912352 	0.98381584
0.00088888889 	0.017033638 	0.064557113 	0.98358085
0.00094444444 	0.016063748 	0.062414094 	0.98344591
0.001 	0.015004273 	0.060555091 	0.98337647
0.0010617199 	0.014324624 	0.05943692 	0.98334431
0.0011225874 	0.014344567 	0.058795879 	0.98329739
0.0011826143 	0.014776562 	0.058203215 	0.98337948
0.0012418122 	0.015255313 	0.05724505 	0.98374944
0.0013001926 	0.015366975 	0.055764167 	0.98422753
0.0013577668 	0.014847426 	0.053807646 	0.98424639
0.0014145458 	0.013641809 	0.051504762 	0.98315284
0.0014705407 	0.011899089 	0.048996345 	0.98053553
0.0015257623 	0.0099402681 	0.046395543 	0.97631711
0.0015802213 	0.0081692466 	0.043754783 	0.97066539
0.0016339282 	0.0069412488 	0.041042207 	0.96387141
0.0016868934 	0.0064627718 	0.038097474 	0.9563048
0.0017391271 	0.006704811 	0.034648313 	0.94840317
0.0017906395 	0.0074495572 	0.030369986 	0.94064688
0.0018414404 	0.0084062109 	0.025012048 	0.93348198
0.0018915398 	0.009279195 	0.018536592 	0.92713801
0.0019409473 	0.0098121383 	0.011191916 	0.9214627
0.0019896725 	0.0099164798 	0.0035397417 	0.91566817
0.0020377248 	0.0097338264 	-0.0038562953 	0.90849584
0.0020851134 	0.0094808638 	-0.010377677 	0.89880874
0.0021318476 	0.0094045321 	-0.015367591 	0.88630342
0.0021779364 	0.0097458329 	-0.018084889 	0.87186088
0.0022233887 	0.010630656 	-0.017943141 	0.85716803
0.0022682133 	0.011950076 	-0.014867286 	0.84394167
0.0023124189 	0.013415165 	-0.0093494737 	0.83337883
0.0023560139 	0.014736049 	-0.0022666823 	0.82586153
0.0023990069 	0.015742642 	0.0054242816 	0.82117101
0.0024414062 	0.016434888 	0.012913037 	0.81869362
0.0024832199 	0.016883105 	0.019672447 	0.81768315
0.0025244562 	0.017185445 	0.025421661 	0.81741104
0.002565123 	0.017456249 	0.030054057 	0.81723159
0.0026052281 	0.017791308 	0.033542405 	0.81658927
0.0026447794 	0.01829937 	0.035888052 	0.81509741
0.0026837845 	0.019029432 	0.037143376 	0.81245883
0.0027222509 	0.020041162 	0.037440043 	0.80852842
0.0027601861 	0.021412347 	0.036941157 	0.80335574
0.0027975974 	0.023117461 	0.035821061 	0.79714159
0.002834492 	0.025098716 	0.034207191 	0.79027094
0.0028708772 	0.02729447 	0.032173913 	0.78318971
0.0029067598 	0.029684535 	0.029775382 	0.77636441
0.0029421469 	0.032269506 	0.027068504 	0.77017248
0.0029770452 	0.03498637 	0.024171029 	0.76486461
0.0030114616 	0.037807399 	0.021233748 	0.76052811
0.0030454028 	0.040788609 	0.018458251 	0.75718827
0.0030788752 	0.043816652 	0.016043322 	0.7547954
0.0031118853 	0.046776109 	0.014147319 	0.75327142
0.0031444395 	0.049529232 	0.012830976 	0.75252545
0.0031765442 	0.051907102 	0.012056137 	0.75246035
0.0032082055 	0.053759333 	0.011698563 	0.75298658
0.0032394295 	0.054949755 	0.01158763 	0.75402291
0.0032702223 	0.055377356 	0.011554195 	0.75550702
0.0033005899 	0.054997075 	0.011476089 	0.75738609
0.0033305381 	0.053807931 	0.011301099 	0.75957468
0.0033600727 	0.051868354 	0.011028837 	0.7619069
0.0033891994 	0.049311391 	0.01066694 	0.76409097
0.0034179239 	0.046318297 	0.010169735 	0.76573004
0.0034462517 	0.043076634 	0.009416989 	0.76640701
0.0034741882 	0.039776364 	0.0082366396 	0.76580904
0.003501739 	0.036598163 	0.0065016928 	0.76384448
0.0035289093 	0.033701189 	0.0042139769 	0.76070147
0.0035557043 	0.031219159 	0.0015463366 	0.7568223
0.0035821293 	0.029263035 	-0.0011739945 	0.75279524
0.0036081894 	0.027920864 	-0.0035508551 	0.7491879
0.0036338895 	0.027235826 	-0.0052659248 	0.74635447
0.0036592348 	0.027145995 	-0.0062356056 	0.7442699
0.00368423 	0.02740941 	-0.0067015649 	0.7424014
0.00370888 	0.027587583 	-0.007221828 	0.73953496
0.0037331896 	0.02714581 	-0.0086016822 	0.73354088
0.0037571635 	0.025677795 	-0.011784978 	0.72133333
0.0037808063 	0.023162232 	-0.017572718 	0.69943951
0.0038041226 	0.019978784 	-0.026041967 	0.66518894
0.0038271169 	0.016614009 	-0.0359088 	0.61782757
0.0038497936 	0.013363614 	-0.044700773 	0.5585867
0.0038721572 	0.010288437 	-0.049970157 	0.48949135
0.0038942119 	0.0073898332 	-0.050458013 	0.41208791
0.003915962 	0.0047439996 	-0.046123997 	0.32735262
0.0039374118 	0.0025028722 	-0.037451248 	0.2365115
0.0039585653 	0.00086543747 	-0.024990633 	0.14173131
0.0039794267 	5.4803928e-05 	-0.0092507498 	0.046314395
0.004 	5.4803928e-05 	-0.0092507498 	0.046314395
