0 	-0.064306389 	-0.0067693842 	1.0114029
2.0100503e-05 	-0.064306389 	-0.0067693842 	1.0114029
4.0201005e-05 	-0.064306389 	-0.0067693842 	1.0114029
6.0301508e-05 	-0.064667752 	0.024721114 	0.99479793
8.040201e-05 	-0.064667752 	0.024721114 	0.99479793
0.00010050251 	-0.064667752 	0.024721114 	0.99479793
0.00012060302 	-0.065597134 	0.034570097 	0.97774255
0.00014070352 	-0.065597134 	0.034570097 	0.97774255
0.00016080402 	-0.065597134 	0.034570097 	0.97774255
0.00018090452 	-0.068123036 	0.03994362 	0.96181531
0.00020100503 	-0.068123036 	0.03994362 	0.96181531
0.00022110553 	-0.068123036 	0.03994362 	0.96181531
0.00024120603 	-0.070779705 	0.043320454 	0.94767538
0.00026130653 	-0.070779705 	0.043320454 	0.94767538
0.00028140704 	-0.072633229 	0.044946817 	0.93516392
0.00030150754 	-0.072633229 	0.044946817 	0.93516392
0.00032160804 	-0.072633229 	0.044946817 	0.93516392
0.00034170854 	-0.073289805 	0.044379298 	0.92385273
0.00036180905 	-0.073289805 	0.044379298 	0.92385273
0.00038190955 	-0.073289805 	0.044379298 	0.92385273
0.00040201005 	-0.072879919 	0.040939797 	0.9135068
0.00042211055 	-0.072879919 	0.040939797 	0.9135068
0.00044221106 	-0.072879919 	0.040939797 	0.9135068
0.00046231156 	-0.072001326 	0.034139019 	0.90430074
0.00048241206 	-0.072001326 	0.034139019 	0.90430074
0.00050251256 	-0.071650975 	0.024281681 	0.89674582
0.00052261307 	-0.071650975 	0.024281681 	0.89674582
0.00054271357 	-0.071650975 	0.024281681 	0.89674582
0.00056281407 	-0.073088444 	0.012960164 	0.89108774
0.00058291457 	-0.073088444 	0.012960164 	0.89108774
0.00060301508 	-0.073088444 	0.012960164 	0.89108774
0.00062311558 	-0.077507256 	0.0026340551 	0.88643783
0.00064321608 	-0.067606033 	0.0163988 	0.90662159
0.00066331658 	-0.067606033 	0.0163988 	0.90662159
0.00068341709 	-0.075714339 	0.011169691 	0.90309183
0.00070351759 	-0.075714339 	0.011169691 	0.90309183
0.00072361809 	-0.085187819 	0.0068448363 	0.89731557
0.00074371859 	-0.085187819 	0.0068448363 	0.89731557
0.0007638191 	-0.085187819 	0.0068448363 	0.89731557
0.0007839196 	-0.09471065 	0.002947417 	0.88973991
0.0008040201 	-0.09471065 	0.002947417 	0.88973991
0.0008241206 	-0.09471065 	0.002947417 	0.88973991
0.00084422111 	-0.10311523 	0.00072289051 	0.88121264
0.00086432161 	-0.10311523 	0.00072289051 	0.88121264
0.00088442211 	-0.10311523 	0.00072289051 	0.88121264
0.00090452261 	-0.10905585 	0.0016752006 	0.87278594
0.00092462312 	-0.10905585 	0.0016752006 	0.87278594
0.00094472362 	-0.11133517 	0.0060294418 	0.86581825
0.00096482412 	-0.11133517 	0.0060294418 	0.86581825
0.00098492462 	-0.11133517 	0.0060294418 	0.86581825
0.0010050251 	-0.10863511 	0.015355772 	0.85541988
0.0010251256 	-0.10863511 	0.015355772 	0.85541988
0.0010452261 	-0.10863511 	0.015355772 	0.85541988
0.0010653266 	-0.099769757 	0.028801162 	0.85500067
0.0010854271 	-0.099769757 	0.028801162 	0.85500067
0.0011055276 	-0.099769757 	0.028801162 	0.85500067
0.0011256281 	-0.089685401 	0.038650657 	0.85370115
0.0011457286 	-0.089685401 	0.038650657 	0.85370115
0.0011658291 	-0.089685401 	0.038650657 	0.85370115
0.0011859296 	-0.07953601 	0.044031371 	0.85145267
0.0012060302 	-0.07953601 	0.044031371 	0.85145267
0.0012261307 	-0.07953601 	0.044031371 	0.85145267
0.0012462312 	-0.070371513 	0.044487903 	0.84877567
0.0012663317 	-0.070371513 	0.044487903 	0.84877567
0.0012864322 	-0.070371513 	0.044487903 	0.84877567
0.0013065327 	-0.06231739 	0.040438111 	0.8465063
0.0013266332 	-0.06231739 	0.040438111 	0.8465063
0.0013467337 	-0.06231739 	0.040438111 	0.8465063
0.0013668342 	-0.055452864 	0.032517614 	0.84538784
0.0013869347 	-0.055452864 	0.032517614 	0.84538784
0.0014070352 	-0.055452864 	0.032517614 	0.84538784
0.0014271357 	-0.049706269 	0.021634712 	0.8460801
0.0014472362 	-0.049706269 	0.021634712 	0.8460801
0.0014673367 	-0.049706269 	0.021634712 	0.8460801
0.0014874372 	-0.045101687 	0.0090176196 	0.84908566
0.0015075377 	-0.045101687 	0.0090176196 	0.84908566
0.0015276382 	-0.04163465 	-0.0038309098 	0.85474149
0.0015477387 	-0.04163465 	-0.0038309098 	0.85474149
0.0015678392 	-0.04163465 	-0.0038309098 	0.85474149
0.0015879397 	-0.039230398 	-0.015384321 	0.8632542
0.0016080402 	-0.039230398 	-0.015384321 	0.8632542
0.0016281407 	-0.039230398 	-0.015384321 	0.8632542
0.0016482412 	-0.03737215 	-0.02429667 	0.87452324
0.0016683417 	-0.03737215 	-0.02429667 	0.87452324
0.0016884422 	-0.035322373 	-0.029884267 	0.88808609
0.0017085427 	-0.035322373 	-0.029884267 	0.88808609
0.0017286432 	-0.035322373 	-0.029884267 	0.88808609
0.0017487437 	-0.032429326 	-0.032355315 	0.90310772
0.0017688442 	-0.032429326 	-0.032355315 	0.90310772
0.0017889447 	-0.032429326 	-0.032355315 	0.90310772
0.0018090452 	-0.02815584 	-0.032757753 	0.91857138
0.0018291457 	-0.02815584 	-0.032757753 	0.91857138
0.0018492462 	-0.022267611 	-0.032431454 	0.93359811
0.0018693467 	-0.022267611 	-0.032431454 	0.93359811
0.0018894472 	-0.022267611 	-0.032431454 	0.93359811
0.0019095477 	-0.014831433 	-0.03234547 	0.94751952
0.0019296482 	-0.014831433 	-0.03234547 	0.94751952
0.0019497487 	-0.0063617822 	-0.032838747 	0.95973042
0.0019698492 	-0.0063617822 	-0.032838747 	0.95973042
0.0019899497 	0.0023588893 	-0.033618383 	0.9693732
0.0020100503 	0.0023588893 	-0.033618383 	0.9693732
0.0020301508 	0.0023588893 	-0.033618383 	0.9693732
0.0020502513 	0.01049031 	-0.034049416 	0.97538963
0.0020703518 	0.01049031 	-0.034049416 	0.97538963
0.0020904523 	0.017244242 	-0.033522372 	0.97672018
0.0021105528 	0.017244242 	-0.033522372 	0.97672018
0.0021306533 	0.017244242 	-0.033522372 	0.97672018
0.0021507538 	0.022057318 	-0.03168128 	0.97276545
0.0021708543 	0.022057318 	-0.03168128 	0.97276545
0.0021909548 	0.024581965 	-0.028572398 	0.96361111
0.0022110553 	0.024581965 	-0.028572398 	0.96361111
0.0022311558 	0.02475915 	-0.024521177 	0.94994435
0.0022512563 	0.02475915 	-0.024521177 	0.94994435
0.0022713568 	0.022945083 	-0.019932724 	0.93276379
0.0022914573 	0.022945083 	-0.019932724 	0.93276379
0.0023115578 	0.022945083 	-0.019932724 	0.93276379
0.0023316583 	0.019769654 	-0.015132417 	0.91329064
0.0023517588 	0.019769654 	-0.015132417 	0.91329064
0.0023718593 	0.015956365 	-0.01022952 	0.89326229
0.0023919598 	0.015956365 	-0.01022952 	0.89326229
0.0024120603 	0.012015819 	-0.0051452578 	0.87489096
0.0024321608 	0.012015819 	-0.0051452578 	0.87489096
0.0024522613 	0.0081024576 	4.3657198e-06 	0.85993977
0.0024723618 	0.0081024576 	4.3657198e-06 	0.85993977
0.0024924623 	0.0041921572 	0.0041957638 	0.84847495
0.0025125628 	0.0041921572 	0.0041957638 	0.84847495
0.0025326633 	0.00027272636 	0.0056155338 	0.83863574
0.0025527638 	0.00027272636 	0.0056155338 	0.83863574
0.0025728643 	-0.0034366808 	0.003846928 	0.82781096
0.0025929648 	-0.0034366808 	0.003846928 	0.82781096
0.0026130653 	-0.0061505553 	0.00083870512 	0.81497613
0.0026331658 	-0.0061505553 	0.00083870512 	0.81497613
0.0026532663 	-0.0068690293 	-0.0014044061 	0.80179636
0.0026733668 	-0.0068690293 	-0.0014044061 	0.80179636
0.0026934673 	-0.0054829857 	-0.002169618 	0.79055859
0.0027135678 	-0.0054829857 	-0.002169618 	0.79055859
0.0027336683 	-0.0029095149 	-0.0011890153 	0.78213958
0.0027537688 	-0.0029095149 	-0.0011890153 	0.78213958
0.0027738693 	-0.0002543755 	0.0015719382 	0.77617429
0.0027939698 	-0.0002543755 	0.0015719382 	0.77617429
0.0028140704 	0.0019095466 	0.0051540273 	0.7717493
0.0028341709 	0.0019095466 	0.0051540273 	0.7717493
0.0028542714 	0.0035730905 	0.0079977542 	0.76781413
0.0028743719 	0.0050152842 	0.0090524802 	0.76349036
0.0028944724 	0.0050152842 	0.0090524802 	0.76349036
0.0029145729 	0.0065174181 	0.0082371536 	0.75815561
0.0029346734 	0.0065174181 	0.0082371536 	0.75815561
0.0029547739 	0.0081994701 	0.0060975634 	0.75154438
0.0029748744 	0.0081994701 	0.0060975634 	0.75154438
0.0029949749 	0.010081975 	0.0032941048 	0.74385072
0.0030150754 	0.012081499 	0.00032520426 	0.73572072
0.0030351759 	0.012081499 	0.00032520426 	0.73572072
0.0030552764 	0.014026884 	-0.002472571 	0.7280725
0.0030753769 	0.014026884 	-0.002472571 	0.7280725
0.0030954774 	0.015755781 	-0.0048663707 	0.72171221
0.0031155779 	0.017219643 	-0.0067572514 	0.71689264
0.0031356784 	0.017219643 	-0.0067572514 	0.71689264
0.0031557789 	0.018447253 	-0.0082564172 	0.71343118
0.0031758794 	0.018447253 	-0.0082564172 	0.71343118
0.0031959799 	0.019269381 	-0.0095768377 	0.71160618
0.0032160804 	0.019105073 	-0.010771687 	0.71301607
0.0032361809 	0.019105073 	-0.010771687 	0.71301607
0.0032562814 	0.017134154 	-0.011676325 	0.72012912
0.0032763819 	0.012802542 	-0.012208996 	0.73440826
0.0032964824 	0.012802542 	-0.012208996 	0.73440826
0.0033165829 	0.0062220994 	-0.012627664 	0.75468731
0.0033366834 	-0.0018693924 	-0.013489447 	0.77739793
0.0033567839 	-0.0018693924 	-0.013489447 	0.77739793
0.0033768844 	-0.010378338 	-0.01524257 	0.79822237
0.0033969849 	-0.018178354 	-0.017895901 	0.81344469
0.0034170854 	-0.018178354 	-0.017895901 	0.81344469
0.0034371859 	-0.024338788 	-0.02095741 	0.82032162
0.0034572864 	-0.028180808 	-0.023615299 	0.81698155
0.0034773869 	-0.02934061 	-0.025043429 	0.80240092
0.0034974874 	-0.02934061 	-0.025043429 	0.80240092
0.0035175879 	-0.027859074 	-0.024718584 	0.77658113
0.0035376884 	-0.024227891 	-0.022643424 	0.74076999
0.0035577889 	-0.01933518 	-0.019405625 	0.69750348
0.0035778894 	-0.01933518 	-0.019405625 	0.69750348
0.0035979899 	-0.014313165 	-0.01604876 	0.6502498
0.0036180905 	-0.010204654 	-0.013746181 	0.60269577
0.003638191 	-0.007663856 	-0.013426732 	0.55785453
0.0036582915 	-0.007663856 	-0.013426732 	0.55785453
0.003678392 	-0.0068320948 	-0.015474088 	0.51734394
0.0036984925 	-0.0074053517 	-0.019635074 	0.48124808
0.003718593 	-0.0088016591 	-0.025138822 	0.44851494
0.0037386935 	-0.010354646 	-0.030967258 	0.41751707
0.003758794 	-0.011520832 	-0.036105986 	0.38663039
0.0037788945 	-0.011520832 	-0.036105986 	0.38663039
0.003798995 	-0.011980429 	-0.039736089 	0.35461744
0.0038190955 	-0.011634682 	-0.041330946 	0.32081883
0.003839196 	-0.010557596 	-0.040674432 	0.28516836
0.0038592965 	-0.0089334298 	-0.037819981 	0.24805883
0.003879397 	-0.0069979899 	-0.033029381 	0.21011123
0.0038994975 	-0.0049924772 	-0.026722851 	0.17191742
0.003919598 	-0.0031335446 	-0.019460273 	0.13383985
0.0039396985 	-0.0016007959 	-0.011963372 	0.095937859
0.003959799 	-0.00053188682 	-0.0051843028 	0.058020592
0.0039798995 	-2.9915978e-05 	-0.00042787739 	0.019728908
0.004 	-2.9915978e-05 	-0.00042787739 	0.019728908
