0 	-0.040243163 	0.036923395 	0.98047319
2.0100503e-05 	-0.035029454 	-0.039554973 	0.98457086
4.0201005e-05 	-0.035029454 	-0.039554973 	0.98457086
6.0301508e-05 	-0.010225202 	-0.045994751 	0.98916414
8.040201e-05 	-0.010225202 	-0.045994751 	0.98916414
0.00010050251 	-0.010225202 	-0.045994751 	0.98916414
0.00012060302 	-0.00026589171 	-0.037891487 	0.9936591
0.00014070352 	-0.00026589171 	-0.037891487 	0.9936591
0.00016080402 	-0.00026589171 	-0.037891487 	0.9936591
0.00018090452 	0.0062463772 	-0.02626966 	0.99765674
0.00020100503 	0.0062463772 	-0.02626966 	0.99765674
0.00022110553 	0.0062463772 	-0.02626966 	0.99765674
0.00024120603 	0.023654805 	-0.0068217839 	1.0005002
0.00026130653 	0.023654805 	-0.0068217839 	1.0005002
0.00028140704 	0.024868004 	0.0034240709 	1.0036871
0.00030150754 	0.024868004 	0.0034240709 	1.0036871
0.00032160804 	0.024868004 	0.0034240709 	1.0036871
0.00034170854 	0.02593856 	0.011593779 	1.0067854
0.00036180905 	0.02593856 	0.011593779 	1.0067854
0.00038190955 	0.02593856 	0.011593779 	1.0067854
0.00040201005 	0.026710413 	0.017504324 	1.0096295
0.00042211055 	0.026710413 	0.017504324 	1.0096295
0.00044221106 	0.026710413 	0.017504324 	1.0096295
0.00046231156 	0.027200588 	0.02160091 	1.0118451
0.00048241206 	0.027200588 	0.02160091 	1.0118451
0.00050251256 	0.027458154 	0.024493612 	1.0129052
0.00052261307 	0.027458154 	0.024493612 	1.0129052
0.00054271357 	0.027458154 	0.024493612 	1.0129052
0.00056281407 	0.024242275 	0.025801214 	1.013787
0.00058291457 	0.024242275 	0.025801214 	1.013787
0.00060301508 	0.024242275 	0.025801214 	1.013787
0.00062311558 	0.024666322 	0.027803506 	1.0118517
0.00064321608 	0.024666322 	0.027803506 	1.0118517
0.00066331658 	0.024666322 	0.027803506 	1.0118517
0.00068341709 	0.025751062 	0.02987607 	1.005423
0.00070351759 	0.025751062 	0.02987607 	1.005423
0.00072361809 	0.023619697 	0.031680078 	1.0000483
0.00074371859 	0.023619697 	0.031680078 	1.0000483
0.0007638191 	0.023619697 	0.031680078 	1.0000483
0.0007839196 	0.020547802 	0.034017716 	0.9943017
0.0008040201 	0.020547802 	0.034017716 	0.9943017
0.0008241206 	0.020547802 	0.034017716 	0.9943017
0.00084422111 	0.016578356 	0.036615367 	0.98839057
0.00086432161 	0.016578356 	0.036615367 	0.98839057
0.00088442211 	0.016578356 	0.036615367 	0.98839057
0.00090452261 	0.011576153 	0.03844214 	0.9817913
0.00092462312 	0.011576153 	0.03844214 	0.9817913
0.00094472362 	0.0057170873 	0.038451306 	0.97403526
0.00096482412 	0.0057170873 	0.038451306 	0.97403526
0.00098492462 	0.0057170873 	0.038451306 	0.97403526
0.0010050251 	-0.0010139834 	0.036119049 	0.96550531
0.0010251256 	-0.0010139834 	0.036119049 	0.96550531
0.0010452261 	-0.0010139834 	0.036119049 	0.96550531
0.0010653266 	-0.0073801344 	0.032136839 	0.95914852
0.0010854271 	-0.0073801344 	0.032136839 	0.95914852
0.0011055276 	0.0001259544 	0.037811723 	0.96568186
0.0011256281 	-0.0046351385 	0.032913615 	0.96401907
0.0011457286 	-0.0046351385 	0.032913615 	0.96401907
0.0011658291 	-0.011788505 	0.027254256 	0.95770016
0.0011859296 	-0.014252668 	0.021633891 	0.96049132
0.0012060302 	-0.014252668 	0.021633891 	0.96049132
0.0012261307 	-0.0079206117 	0.026759878 	0.96656074
0.0012462312 	-0.0098263731 	0.01990871 	0.97108102
0.0012663317 	-0.0098263731 	0.01990871 	0.97108102
0.0012864322 	-0.015096193 	0.015436459 	0.96483167
0.0013065327 	-0.014907504 	0.0092656902 	0.96765766
0.0013266332 	-0.014907504 	0.0092656902 	0.96765766
0.0013467337 	-0.014907504 	0.0092656902 	0.96765766
0.0013668342 	-0.014437437 	0.0038262357 	0.96667084
0.0013869347 	-0.014437437 	0.0038262357 	0.96667084
0.0014070352 	-0.014437437 	0.0038262357 	0.96667084
0.0014271357 	-0.014534055 	-0.00058922054 	0.96100479
0.0014472362 	-0.014534055 	-0.00058922054 	0.96100479
0.0014673367 	-0.014534055 	-0.00058922054 	0.96100479
0.0014874372 	-0.015961893 	-0.004340849 	0.95148456
0.0015075377 	-0.015961893 	-0.004340849 	0.95148456
0.0015276382 	-0.019127037 	-0.0082350356 	0.94017418
0.0015477387 	-0.019127037 	-0.0082350356 	0.94017418
0.0015678392 	-0.019127037 	-0.0082350356 	0.94017418
0.0015879397 	-0.024061551 	-0.012863694 	0.92937716
0.0016080402 	-0.024061551 	-0.012863694 	0.92937716
0.0016281407 	-0.024061551 	-0.012863694 	0.92937716
0.0016482412 	-0.030602466 	-0.017986297 	0.92070634
0.0016683417 	-0.030602466 	-0.017986297 	0.92070634
0.0016884422 	-0.038559839 	-0.022559228 	0.91473103
0.0017085427 	-0.038559839 	-0.022559228 	0.91473103
0.0017286432 	-0.038559839 	-0.022559228 	0.91473103
0.0017487437 	-0.047599972 	-0.025323387 	0.91133422
0.0017688442 	-0.047599972 	-0.025323387 	0.91133422
0.0017889447 	-0.047599972 	-0.025323387 	0.91133422
0.0018090452 	-0.057024476 	-0.025580604 	0.91038312
0.0018291457 	-0.057024476 	-0.025580604 	0.91038312
0.0018492462 	-0.065843817 	-0.023402186 	0.91191078
0.0018693467 	-0.065843817 	-0.023402186 	0.91191078
0.0018894472 	-0.065843817 	-0.023402186 	0.91191078
0.0019095477 	-0.073070319 	-0.019562287 	0.91570948
0.0019296482 	-0.073070319 	-0.019562287 	0.91570948
0.0019497487 	-0.078010408 	-0.015266947 	0.92107917
0.0019698492 	-0.078010408 	-0.015266947 	0.92107917
0.0019899497 	-0.080363503 	-0.011699309 	0.92705271
0.0020100503 	-0.080363503 	-0.011699309 	0.92705271
0.0020301508 	-0.080363503 	-0.011699309 	0.92705271
0.0020502513 	-0.080214676 	-0.00961684 	0.93289301
0.0020703518 	-0.080214676 	-0.00961684 	0.93289301
0.0020904523 	-0.07789648 	-0.0091882251 	0.93829186
0.0021105528 	-0.07789648 	-0.0091882251 	0.93829186
0.0021306533 	-0.07789648 	-0.0091882251 	0.93829186
0.0021507538 	-0.073849998 	-0.010156332 	0.9432206
0.0021708543 	-0.073849998 	-0.010156332 	0.9432206
0.0021909548 	-0.068520962 	-0.012047377 	0.94758766
0.0022110553 	-0.068520962 	-0.012047377 	0.94758766
0.0022311558 	-0.062230276 	-0.014324257 	0.95090824
0.0022512563 	-0.062230276 	-0.014324257 	0.95090824
0.0022713568 	-0.055181314 	-0.01644742 	0.95227442
0.0022914573 	-0.055181314 	-0.01644742 	0.95227442
0.0023115578 	-0.055181314 	-0.01644742 	0.95227442
0.0023316583 	-0.047610224 	-0.018036346 	0.95092119
0.0023517588 	-0.047610224 	-0.018036346 	0.95092119
0.0023718593 	-0.040085569 	-0.01911695 	0.94722113
0.0023919598 	-0.040085569 	-0.01911695 	0.94722113
0.0024120603 	-0.033659073 	-0.020209784 	0.94317726
0.0024321608 	-0.033659073 	-0.020209784 	0.94317726
0.0024522613 	-0.029542977 	-0.022092917 	0.94161283
0.0024723618 	-0.029542977 	-0.022092917 	0.94161283
0.0024924623 	-0.028510263 	-0.025404041 	0.94459406
0.0025125628 	-0.028510263 	-0.025404041 	0.94459406
0.0025326633 	-0.030447702 	-0.030213408 	0.95219381
0.0025527638 	-0.030447702 	-0.030213408 	0.95219381
0.0025728643 	-0.034303421 	-0.036024981 	0.9625403
0.0025929648 	-0.034303421 	-0.036024981 	0.9625403
0.0026130653 	-0.038602197 	-0.042006114 	0.97284681
0.0026331658 	-0.038602197 	-0.042006114 	0.97284681
0.0026532663 	-0.04198693 	-0.04728035 	0.98071821
0.0026733668 	-0.04198693 	-0.04728035 	0.98071821
0.0026934673 	-0.043587594 	-0.051155704 	0.98498635
0.0027135678 	-0.043587594 	-0.051155704 	0.98498635
0.0027336683 	-0.043157402 	-0.053196828 	0.98575438
0.0027537688 	-0.043157402 	-0.053196828 	0.98575438
0.0027738693 	-0.04091217 	-0.053215864 	0.98392596
0.0027939698 	-0.04091217 	-0.053215864 	0.98392596
0.0028140704 	-0.037264296 	-0.051191185 	0.98053888
0.0028341709 	-0.037264296 	-0.051191185 	0.98053888
0.0028542714 	-0.032623879 	-0.047198029 	0.97633459
0.0028743719 	-0.027382911 	-0.041415542 	0.97164384
0.0028944724 	-0.027382911 	-0.041415542 	0.97164384
0.0029145729 	-0.021888782 	-0.034194362 	0.96654177
0.0029346734 	-0.021888782 	-0.034194362 	0.96654177
0.0029547739 	-0.016407765 	-0.026097997 	0.96107968
0.0029748744 	-0.016407765 	-0.026097997 	0.96107968
0.0029949749 	-0.011276149 	-0.017853951 	0.95542683
0.0030150754 	-0.0068852192 	-0.010251458 	0.94979483
0.0030351759 	-0.0068852192 	-0.010251458 	0.94979483
0.0030552764 	-0.0034753143 	-0.0039398772 	0.94441057
0.0030753769 	-0.0034753143 	-0.0039398772 	0.94441057
0.0030954774 	-0.0011060069 	0.00073984018 	0.93938163
0.0031155779 	0.00025976105 	0.0038258994 	0.93468871
0.0031356784 	0.00025976105 	0.0038258994 	0.93468871
0.0031557789 	0.0007215649 	0.0055517399 	0.93014667
0.0031758794 	0.0007215649 	0.0055517399 	0.93014667
0.0031959799 	0.00046836861 	0.0062170067 	0.92546554
0.0032160804 	-0.00022229132 	0.0061097728 	0.92034711
0.0032361809 	-0.00022229132 	0.0061097728 	0.92034711
0.0032562814 	-0.0009730705 	0.0054971947 	0.91453928
0.0032763819 	-0.0013827467 	0.0046227845 	0.90787379
0.0032964824 	-0.0013827467 	0.0046227845 	0.90787379
0.0033165829 	-0.0011099227 	0.0036907467 	0.90025287
0.0033366834 	4.1262932e-05 	0.0028745335 	0.8916163
0.0033567839 	4.1262932e-05 	0.0028745335 	0.8916163
0.0033768844 	0.0021658711 	0.0022983176 	0.88193363
0.0033969849 	0.0052445312 	0.0020700004 	0.87117943
0.0034170854 	0.0052445312 	0.0020700004 	0.87117943
0.0034371859 	0.0090943508 	0.0022836724 	0.85930326
0.0034572864 	0.013436532 	0.0030272388 	0.846287
0.0034773869 	0.017896049 	0.0043576646 	0.83222446
0.0034974874 	0.017896049 	0.0043576646 	0.83222446
0.0035175879 	0.022014119 	0.0062563463 	0.81737039
0.0035376884 	0.025287282 	0.0085083281 	0.80209225
0.0035577889 	0.02726077 	0.010587358 	0.78658113
0.0035778894 	0.02726077 	0.010587358 	0.78658113
0.0035979899 	0.027664933 	0.011621571 	0.77027554
0.0036180905 	0.026530265 	0.010586718 	0.75127378
0.003638191 	0.02418795 	0.0067898928 	0.72641116
0.0036582915 	0.02418795 	0.0067898928 	0.72641116
0.003678392 	0.02110227 	0.00040672664 	0.69259525
0.0036984925 	0.017612061 	-0.0074338909 	0.64893629
0.003718593 	0.013839146 	-0.01528403 	0.5979358
0.0037386935 	0.0098595201 	-0.022273392 	0.54419553
0.003758794 	0.0059585536 	-0.028302908 	0.49163747
0.0037788945 	0.0059585536 	-0.028302908 	0.49163747
0.003798995 	0.0025819748 	-0.03339874 	0.44185033
0.0038190955 	0.00012037275 	-0.03706539 	0.39464275
0.003839196 	-0.0012557816 	-0.038422291 	0.34928573
0.0038592965 	-0.0016584516 	-0.03682863 	0.30510839
0.003879397 	-0.0013708987 	-0.032334178 	0.26144814
0.0038994975 	-0.00073464039 	-0.025706893 	0.21751007
0.003919598 	-7.588158e-05 	-0.018138061 	0.17238042
0.0039396985 	0.00032462515 	-0.010837677 	0.12525263
0.003959799 	0.00035073066 	-0.0047402452 	0.075850945
0.0039798995 	9.3949497e-05 	-0.00057349296 	0.025005007
0.004 	9.3949497e-05 	-0.00057349296 	0.025005007
