0 	-0.021216859 	0.017746651 	1.0080275
5.5555556e-05 	-0.0081426862 	0.033517142 	1.0003803
0.00011111111 	-0.0015958287 	0.040924082 	0.99318123
0.00016666667 	0.0020013443 	0.046225029 	0.98691507
0.00022222222 	0.0038559966 	0.050070358 	0.98183528
0.00027777778 	0.0045739103 	0.052614569 	0.97799125
0.00033333333 	0.0045464764 	0.053944439 	0.97532471
0.00038888889 	0.0040372385 	0.054138436 	0.97376459
0.00044444444 	0.0032185254 	0.053279208 	0.97327703
0.0005 	0.002192239 	0.051468029 	0.97384997
0.00055555556 	0.0010035992 	0.048849071 	0.97543827
0.00061111111 	-0.00034425765 	0.045620003 	0.97789341
0.00066666667 	-0.0018651332 	0.042029066 	0.98089748
0.00072222222 	-0.0035851255 	0.038338783 	0.9839536
0.00077777778 	-0.005519652 	0.034703094 	0.98648405
0.00083333333 	-0.0077206491 	0.031090988 	0.98807597
0.00088888889 	-0.010183533 	0.027254058 	0.98872314
0.00094444444 	-0.013076887 	0.022756395 	0.9890052
0.001 	-0.016375331 	0.016920153 	0.99002136
0.0010617199 	-0.020029329 	0.0090600122 	0.99335991
0.0011225874 	-0.023654119 	-0.00033665592 	0.999067
0.0011826143 	-0.026922715 	-0.010893093 	1.0050929
0.0012418122 	-0.030164686 	-0.020999797 	1.0082658
0.0013001926 	-0.033996423 	-0.028050887 	1.006526
0.0013577668 	-0.038673422 	-0.029720477 	1.0001608
0.0014145458 	-0.043780649 	-0.025928147 	0.990574
0.0014705407 	-0.048568157 	-0.019624445 	0.97916275
0.0015257623 	-0.052584243 	-0.014818787 	0.96737778
0.0015802213 	-0.055797462 	-0.013378517 	0.95622224
0.0016339282 	-0.05828535 	-0.014119195 	0.94554712
0.0016868934 	-0.059942255 	-0.014460347 	0.93486228
0.0017391271 	-0.060319594 	-0.012101955 	0.92446647
0.0017906395 	-0.058731633 	-0.0054672076 	0.91534665
0.0018414404 	-0.054774739 	0.0060815372 	0.90860648
0.0018915398 	-0.048329809 	0.021992876 	0.90501744
0.0019409473 	-0.039716678 	0.040500646 	0.90469308
0.0019896725 	-0.029798092 	0.059434032 	0.90686048
0.0020377248 	-0.019513519 	0.076811523 	0.91008561
0.0020851134 	-0.0097965346 	0.091175856 	0.91296913
0.0021318476 	-0.0013580862 	0.10170932 	0.91463693
0.0021779364 	0.0053549163 	0.10835811 	0.91478517
0.0022233887 	0.010255368 	0.11149864 	0.91343511
0.0022682133 	0.013554629 	0.11170505 	0.91067043
0.0023124189 	0.015541365 	0.1096731 	0.90647033
0.0023560139 	0.016474873 	0.10627415 	0.90069513
0.0023990069 	0.016517786 	0.10256696 	0.89326192
0.0024414062 	0.015826795 	0.09960902 	0.88444231
0.0024832199 	0.014650754 	0.09819601 	0.87494325
0.0025244562 	0.013336499 	0.098637449 	0.86559993
0.002565123 	0.012238593 	0.10061236 	0.8569444
0.0026052281 	0.011590683 	0.10314886 	0.8490399
0.0026447794 	0.011434175 	0.10482931 	0.84160284
0.0026837845 	0.011610657 	0.10427256 	0.83418707
0.0027222509 	0.011813172 	0.10077332 	0.82631499
0.0027601861 	0.01168777 	0.094706372 	0.81761013
0.0027975974 	0.010984401 	0.087216538 	0.80795944
0.002834492 	0.0096638765 	0.079276525 	0.79760335
0.0028708772 	0.0078697459 	0.07095749 	0.78713221
0.0029067598 	0.005776833 	0.061513579 	0.77749239
0.0029421469 	0.003484636 	0.050368016 	0.76993916
0.0029770452 	0.0010693695 	0.037890615 	0.76579337
0.0030114616 	-0.0013379333 	0.025215044 	0.76607793
0.0030454028 	-0.0035918839 	0.013443497 	0.77109518
0.0030788752 	-0.0056057396 	0.0032121289 	0.78019761
0.0031118853 	-0.0073051586 	-0.0053090685 	0.7919444
0.0031444395 	-0.0086667892 	-0.012249709 	0.80460923
0.0031765442 	-0.0097184138 	-0.017758784 	0.81666471
0.0032082055 	-0.010447621 	-0.021970592 	0.82702152
0.0032394295 	-0.010799991 	-0.025076597 	0.83507003
0.0032702223 	-0.010735245 	-0.027368883 	0.84063287
0.0033005899 	-0.010212518 	-0.029158478 	0.84381895
0.0033305381 	-0.0091823259 	-0.030654117 	0.84483733
0.0033600727 	-0.0076006406 	-0.031904093 	0.84387864
0.0033891994 	-0.0054467298 	-0.032840278 	0.84109767
0.0034179239 	-0.0027475614 	-0.033364159 	0.83665193
0.0034462517 	0.00038922687 	-0.033422643 	0.83074247
0.0034741882 	0.0037919283 	-0.033046163 	0.82363541
0.003501739 	0.0072441449 	-0.032329288 	0.81565584
0.0035289093 	0.010565322 	-0.031409191 	0.80716553
0.0035557043 	0.013591444 	-0.030481027 	0.79851193
0.0035821293 	0.01616394 	-0.029741305 	0.78999662
0.0036081894 	0.01819362 	-0.029409657 	0.78179479
0.0036338895 	0.01964655 	-0.029711619 	0.77388937
0.0036592348 	0.020552194 	-0.030861843 	0.76600138
0.00368423 	0.020988338 	-0.033032795 	0.75752735
0.00370888 	0.021064715 	-0.036296663 	0.74750971
0.0037331896 	0.020893852 	-0.040523482 	0.7346849
0.0037571635 	0.020550498 	-0.04523331 	0.71766696
0.0037808063 	0.020027142 	-0.04944202 	0.69526193
0.0038041226 	0.019204308 	-0.051622367 	0.66672314
0.0038271169 	0.017871793 	-0.049990245 	0.63153695
0.0038497936 	0.015832291 	-0.043297257 	0.58847613
0.0038721572 	0.013058689 	-0.031951332 	0.53456036
0.0038942119 	0.0097918488 	-0.018613726 	0.46557653
0.003915962 	0.006462883 	-0.0072057196 	0.37897849
0.0039374118 	0.0035106391 	-0.00049888001 	0.27695319
0.0039585653 	0.0013126208 	0.001492226 	0.1662812
0.0039794267 	0.00014247117 	0.0007674993 	0.054482621
0.004 	0.00014247117 	0.0007674993 	0.054482621
