0 	0.030912447 	-0.037684161 	0.96528439
5.5555625e-05 	0.015576743 	-0.047963734 	0.96742102
0.00011111111 	0.01467474 	-0.050256025 	0.97001009
0.00016666667 	0.017383181 	-0.051463162 	0.97313618
0.00022222222 	0.021585549 	-0.051903607 	0.97686351
0.00027777778 	0.026562863 	-0.051565445 	0.98120422
0.00033333333 	0.031921183 	-0.05044905 	0.98613115
0.00038888889 	0.037372554 	-0.048585984 	0.99159967
0.00044444444 	0.042684748 	-0.046032321 	0.99755515
0.0005 	0.047669559 	-0.042867863 	1.0039244
0.00055555556 	0.052168432 	-0.039200427 	1.0105994
0.00061111111 	0.056042594 	-0.03517304 	1.0174238
0.00066666667 	0.059158652 	-0.030953229 	1.024168
0.00072222222 	0.061383556 	-0.026714042 	1.0304946
0.00077777778 	0.062597531 	-0.022568332 	1.035908
0.00083333333 	0.062672637 	-0.018564684 	1.0397542
0.00088888889 	0.061614815 	-0.014629028 	1.0413408
0.00094444444 	0.059559332 	-0.010697659 	1.0402344
0.001 	0.056447549 	-0.0064960828 	1.0361373
0.0010617199 	0.052736246 	-0.0022256174 	1.0294187
0.0011225874 	0.049022089 	0.0013738784 	1.0217227
0.0011826143 	0.045462536 	0.003857288 	1.0143185
0.0012418122 	0.042008302 	0.0050079681 	1.0079604
0.0013001926 	0.038489399 	0.005034031 	1.0028294
0.0013577668 	0.034750921 	0.0045615263 	0.99873806
0.0014145458 	0.030785189 	0.0043119527 	0.99542381
0.0014705407 	0.026793445 	0.0046056974 	0.99265834
0.0015257623 	0.023163167 	0.0051040047 	0.99014764
0.0015802213 	0.020394962 	0.0050447064 	0.98742207
0.0016339282 	0.018949688 	0.0037706027 	0.98386694
0.0016868934 	0.019040775 	0.0011129405 	0.97893418
0.0017391271 	0.020471027 	-0.0025260031 	0.97246796
0.0017906395 	0.022594908 	-0.0063871693 	0.96509295
0.0018414404 	0.024484539 	-0.0096973583 	0.95847129
0.0018915398 	0.025212081 	-0.012096778 	0.95479614
0.0019409473 	0.02413588 	-0.013852112 	0.95493245
0.0019896725 	0.021025664 	-0.01556282 	0.95591939
0.0020377248 	0.015940515 	-0.017642937 	0.95043267
0.0020851134 	0.0090125383 	-0.019995524 	0.93045445
0.0021318476 	0.00013377245 	-0.02134006 	0.89315205
0.0021779364 	-0.010818344 	-0.019668562 	0.84383025
0.0022233887 	-0.023240064 	-0.016223459 	0.79363024
0.0022682133 	-0.035614568 	-0.01519053 	0.75337136
0.0023124189 	-0.046451077 	-0.016493033 	0.72683163
0.0023560139 	-0.055136589 	-0.015196877 	0.71092331
0.0023990069 	-0.061583591 	-0.0085853376 	0.70173645
0.0024414062 	-0.065598688 	0.00099105678 	0.69702367
0.0024832199 	-0.067475482 	0.0099855201 	0.69496197
0.0025244562 	-0.067857762 	0.016642062 	0.69391824
0.002565123 	-0.067247136 	0.020500403 	0.69309939
0.0026052281 	-0.066283936 	0.021612542 	0.69248758
0.0026447794 	-0.06544694 	0.02052567 	0.69215299
0.0026837845 	-0.064920542 	0.018185571 	0.69210125
0.0027222509 	-0.064605738 	0.015599969 	0.69240934
0.0027601861 	-0.064235839 	0.013564852 	0.69328623
0.0027975974 	-0.06355066 	0.012576133 	0.69497557
0.002834492 	-0.062354891 	0.012911138 	0.69764457
0.0028708772 	-0.060495954 	0.014694846 	0.70132684
0.0029067598 	-0.057850523 	0.017940238 	0.70592642
0.0029421469 	-0.054290738 	0.022566173 	0.71119822
0.0029770452 	-0.049733582 	0.028400376 	0.71676037
0.0030114616 	-0.044148538 	0.035183662 	0.72212796
0.0030454028 	-0.037516854 	0.04257385 	0.72676542
0.0030788752 	-0.02993541 	0.050158689 	0.73016271
0.0031118853 	-0.021604905 	0.057462747 	0.73194644
0.0031444395 	-0.012844845 	0.064036163 	0.73193122
0.0031765442 	-0.0040852647 	0.069432754 	0.73019146
0.0032082055 	0.0042806334 	0.073411434 	0.72702816
0.0032394295 	0.011919727 	0.075917432 	0.72290243
0.0032702223 	0.018593668 	0.077065245 	0.71824132
0.0033005899 	0.024264813 	0.077017942 	0.71332913
0.0033305381 	0.029081196 	0.075897146 	0.70832906
0.0033600727 	0.033247404 	0.073786578 	0.70338652
0.0033891994 	0.036910766 	0.070820603 	0.69869122
0.0034179239 	0.040120759 	0.067265163 	0.69444636
0.0034462517 	0.042836368 	0.06353096 	0.69080827
0.0034741882 	0.04495344 	0.060104661 	0.68787044
0.003501739 	0.046338728 	0.057425351 	0.68567351
0.0035289093 	0.046878797 	0.055748355 	0.68415836
0.0035557043 	0.046531949 	0.05505044 	0.68305232
0.0035821293 	0.0453429 	0.05504185 	0.68184923
0.0036081894 	0.04337232 	0.055327525 	0.68007616
0.0036338895 	0.040575425 	0.055620071 	0.6776916
0.0036592348 	0.036764074 	0.055719362 	0.67495692
0.00368423 	0.031793203 	0.055101517 	0.67126363
0.00370888 	0.025891759 	0.052455652 	0.66361808
0.0037331896 	0.019814241 	0.045961565 	0.64664922
0.0037571635 	0.014566826 	0.034576079 	0.61520359
0.0037808063 	0.010720571 	0.019245812 	0.56775762
0.0038041226 	0.0082066585 	0.002798816 	0.50773508
0.0038271169 	0.0066064024 	-0.011524993 	0.44145198
0.0038497936 	0.0054077595 	-0.02163807 	0.37459086
0.0038721572 	0.0042956346 	-0.027052963 	0.31032173
0.0038942119 	0.0031890045 	-0.02835232 	0.24939122
0.003915962 	0.0021245767 	-0.026404557 	0.19121455
0.0039374118 	0.001183233 	-0.02185037 	0.13493477
0.0039585653 	0.00046157258 	-0.014955797 	0.080001201
0.0039794267 	5.862539e-05 	-0.0057441862 	0.026307913
0.004 	5.862539e-05 	-0.0057441862 	0.026307913
