0 	-0.018918978 	-0.020536165 	1.0847666
2.0100503e-05 	-0.018918978 	-0.020536165 	1.0847666
4.0201005e-05 	-0.018918978 	-0.020536165 	1.0847666
6.0301508e-05 	-0.028650375 	-0.010151984 	1.0885425
8.040201e-05 	-0.028650375 	-0.010151984 	1.0885425
0.00010050251 	-0.028650375 	-0.010151984 	1.0885425
0.00012060302 	-0.031720332 	-0.0077488156 	1.0942627
0.00014070352 	-0.031720332 	-0.0077488156 	1.0942627
0.00016080402 	-0.036394138 	0.005091265 	1.0968203
0.00018090452 	-0.037884064 	0.00068294575 	1.1062783
0.00020100503 	-0.037884064 	0.00068294575 	1.1062783
0.00022110553 	-0.037884064 	0.00068294575 	1.1062783
0.00024120603 	-0.036362258 	-0.011864107 	1.1098627
0.00026130653 	-0.036362258 	-0.011864107 	1.1098627
0.00028140704 	-0.038838839 	-0.016936221 	1.1186856
0.00030150754 	-0.038838839 	-0.016936221 	1.1186856
0.00032160804 	-0.038838839 	-0.016936221 	1.1186856
0.00034170854 	-0.041114459 	-0.023589707 	1.1271907
0.00036180905 	-0.041114459 	-0.023589707 	1.1271907
0.00038190955 	-0.041114459 	-0.023589707 	1.1271907
0.00040201005 	-0.042717658 	-0.031398357 	1.1343882
0.00042211055 	-0.042717658 	-0.031398357 	1.1343882
0.00044221106 	-0.042717658 	-0.031398357 	1.1343882
0.00046231156 	-0.043297353 	-0.039693485 	1.1393298
0.00048241206 	-0.043297353 	-0.039693485 	1.1393298
0.00050251256 	-0.042764145 	-0.047634381 	1.1413044
0.00052261307 	-0.042764145 	-0.047634381 	1.1413044
0.00054271357 	-0.042764145 	-0.047634381 	1.1413044
0.00056281407 	-0.041291927 	-0.054389561 	1.1399267
0.00058291457 	-0.041291927 	-0.054389561 	1.1399267
0.00060301508 	-0.041291927 	-0.054389561 	1.1399267
0.00062311558 	-0.044197373 	-0.056866102 	1.1355882
0.00064321608 	-0.044197373 	-0.056866102 	1.1355882
0.00066331658 	-0.044197373 	-0.056866102 	1.1355882
0.00068341709 	-0.042840222 	-0.059174273 	1.1264074
0.00070351759 	-0.037138429 	-0.061694306 	1.1277316
0.00072361809 	-0.035536158 	-0.06125406 	1.1186625
0.00074371859 	-0.035536158 	-0.06125406 	1.1186625
0.0007638191 	-0.035536158 	-0.06125406 	1.1186625
0.0007839196 	-0.034985965 	-0.057821742 	1.1096383
0.0008040201 	-0.034985965 	-0.057821742 	1.1096383
0.0008241206 	-0.034985965 	-0.057821742 	1.1096383
0.00084422111 	-0.035912803 	-0.051774913 	1.1022073
0.00086432161 	-0.035912803 	-0.051774913 	1.1022073
0.00088442211 	-0.04373876 	-0.047100294 	1.0966434
0.00090452261 	-0.046659718 	-0.038084725 	1.0906309
0.00092462312 	-0.046659718 	-0.038084725 	1.0906309
0.00094472362 	-0.050911709 	-0.028265713 	1.0871084
0.00096482412 	-0.050911709 	-0.028265713 	1.0871084
0.00098492462 	-0.050911709 	-0.028265713 	1.0871084
0.0010050251 	-0.056597362 	-0.018114545 	1.0851994
0.0010251256 	-0.048472657 	-0.026691434 	1.094624
0.0010452261 	-0.048472657 	-0.026691434 	1.094624
0.0010653266 	-0.055324338 	-0.018340673 	1.0951572
0.0010854271 	-0.055324338 	-0.018340673 	1.0951572
0.0011055276 	-0.055324338 	-0.018340673 	1.0951572
0.0011256281 	-0.062239077 	-0.010716433 	1.0946198
0.0011457286 	-0.062239077 	-0.010716433 	1.0946198
0.0011658291 	-0.062239077 	-0.010716433 	1.0946198
0.0011859296 	-0.068385281 	-0.0036570687 	1.0922103
0.0012060302 	-0.068385281 	-0.0036570687 	1.0922103
0.0012261307 	-0.068385281 	-0.0036570687 	1.0922103
0.0012462312 	-0.073248769 	0.0026524155 	1.0884023
0.0012663317 	-0.073248769 	0.0026524155 	1.0884023
0.0012864322 	-0.073248769 	0.0026524155 	1.0884023
0.0013065327 	-0.076494436 	0.0077977206 	1.083914
0.0013266332 	-0.076494436 	0.0077977206 	1.083914
0.0013467337 	-0.076494436 	0.0077977206 	1.083914
0.0013668342 	-0.077860387 	0.011412524 	1.0787016
0.0013869347 	-0.077860387 	0.011412524 	1.0787016
0.0014070352 	-0.077860387 	0.011412524 	1.0787016
0.0014271357 	-0.077118619 	0.013204251 	1.0718685
0.0014472362 	-0.077118619 	0.013204251 	1.0718685
0.0014673367 	-0.077118619 	0.013204251 	1.0718685
0.0014874372 	-0.074178234 	0.013078344 	1.0627124
0.0015075377 	-0.074178234 	0.013078344 	1.0627124
0.0015276382 	-0.069308991 	0.011463751 	1.0523091
0.0015477387 	-0.069308991 	0.011463751 	1.0523091
0.0015678392 	-0.069308991 	0.011463751 	1.0523091
0.0015879397 	-0.063136086 	0.009328793 	1.0436171
0.0016080402 	-0.063136086 	0.009328793 	1.0436171
0.0016281407 	-0.063136086 	0.009328793 	1.0436171
0.0016482412 	-0.055762708 	0.0069972261 	1.0381663
0.0016683417 	-0.055762708 	0.0069972261 	1.0381663
0.0016884422 	-0.046212661 	0.0027471859 	1.0326451
0.0017085427 	-0.046212661 	0.0027471859 	1.0326451
0.0017286432 	-0.046212661 	0.0027471859 	1.0326451
0.0017487437 	-0.033569807 	-0.005987068 	1.0214702
0.0017688442 	-0.033569807 	-0.005987068 	1.0214702
0.0017889447 	-0.033569807 	-0.005987068 	1.0214702
0.0018090452 	-0.018648804 	-0.019502967 	1.003491
0.0018291457 	-0.018648804 	-0.019502967 	1.003491
0.0018492462 	-0.003276138 	-0.035748747 	0.98269732
0.0018693467 	-0.003276138 	-0.035748747 	0.98269732
0.0018894472 	-0.003276138 	-0.035748747 	0.98269732
0.0019095477 	0.010089437 	-0.051440069 	0.96539631
0.0019296482 	0.010089437 	-0.051440069 	0.96539631
0.0019497487 	0.018827005 	-0.063132552 	0.95783457
0.0019698492 	0.018827005 	-0.063132552 	0.95783457
0.0019899497 	0.02125308 	-0.069071466 	0.96322379
0.0020100503 	0.02125308 	-0.069071466 	0.96322379
0.0020301508 	0.02125308 	-0.069071466 	0.96322379
0.0020502513 	0.01726269 	-0.068987871 	0.97930258
0.0020703518 	0.01726269 	-0.068987871 	0.97930258
0.0020904523 	0.0084514922 	-0.063100877 	0.99968528
0.0021105528 	0.0084514922 	-0.063100877 	0.99968528
0.0021306533 	0.0084514922 	-0.063100877 	0.99968528
0.0021507538 	-0.0029841668 	-0.052318609 	1.0179209
0.0021708543 	-0.0029841668 	-0.052318609 	1.0179209
0.0021909548 	-0.015210834 	-0.038810611 	1.0297598
0.0022110553 	-0.015210834 	-0.038810611 	1.0297598
0.0022311558 	-0.026610047 	-0.025466224 	1.0328355
0.0022512563 	-0.026610047 	-0.025466224 	1.0328355
0.0022713568 	-0.035485069 	-0.01473734 	1.0247928
0.0022914573 	-0.035485069 	-0.01473734 	1.0247928
0.0023115578 	-0.035485069 	-0.01473734 	1.0247928
0.0023316583 	-0.040150245 	-0.0082112148 	1.0026194
0.0023517588 	-0.040150245 	-0.0082112148 	1.0026194
0.0023718593 	-0.039808294 	-0.006818535 	0.96516714
0.0023919598 	-0.039808294 	-0.006818535 	0.96516714
0.0024120603 	-0.035502159 	-0.010406635 	0.91679929
0.0024321608 	-0.035502159 	-0.010406635 	0.91679929
0.0024522613 	-0.029538128 	-0.017254471 	0.86772571
0.0024723618 	-0.029538128 	-0.017254471 	0.86772571
0.0024924623 	-0.024266788 	-0.024535946 	0.8294955
0.0025125628 	-0.024266788 	-0.024535946 	0.8294955
0.0025326633 	-0.020760834 	-0.030022241 	0.8089549
0.0025527638 	-0.020760834 	-0.030022241 	0.8089549
0.0025728643 	-0.018899529 	-0.033375635 	0.80554931
0.0025929648 	-0.018899529 	-0.033375635 	0.80554931
0.0026130653 	-0.018169199 	-0.035801606 	0.8135543
0.0026331658 	-0.018169199 	-0.035801606 	0.8135543
0.0026532663 	-0.018013382 	-0.038761241 	0.82631706
0.0026733668 	-0.018013382 	-0.038761241 	0.82631706
0.0026934673 	-0.018097308 	-0.042710298 	0.83947988
0.0027135678 	-0.018097308 	-0.042710298 	0.83947988
0.0027336683 	-0.018263733 	-0.047260598 	0.85148927
0.0027537688 	-0.018263733 	-0.047260598 	0.85148927
0.0027738693 	-0.018487819 	-0.051746846 	0.86242491
0.0027939698 	-0.018487819 	-0.051746846 	0.86242491
0.0028140704 	-0.018832411 	-0.055715275 	0.87269194
0.0028341709 	-0.018832411 	-0.055715275 	0.87269194
0.0028542714 	-0.019406005 	-0.059065843 	0.88236109
0.0028743719 	-0.020314553 	-0.061934322 	0.89102301
0.0028944724 	-0.020314553 	-0.061934322 	0.89102301
0.0029145729 	-0.021648647 	-0.06455127 	0.8978592
0.0029346734 	-0.021648647 	-0.06455127 	0.8978592
0.0029547739 	-0.02348522 	-0.067099183 	0.90174549
0.0029748744 	-0.02348522 	-0.067099183 	0.90174549
0.0029949749 	-0.02590853 	-0.069520522 	0.90141074
0.0030150754 	-0.029040407 	-0.071219709 	0.89566606
0.0030351759 	-0.029040407 	-0.071219709 	0.89566606
0.0030552764 	-0.033022645 	-0.070802479 	0.88367294
0.0030753769 	-0.033022645 	-0.070802479 	0.88367294
0.0030954774 	-0.037904845 	-0.066275543 	0.86507787
0.0031155779 	-0.043527445 	-0.05608838 	0.84007267
0.0031356784 	-0.043527445 	-0.05608838 	0.84007267
0.0031557789 	-0.049606501 	-0.040504888 	0.80962549
0.0031758794 	-0.049606501 	-0.040504888 	0.80962549
0.0031959799 	-0.055904986 	-0.021889505 	0.77580548
0.0032160804 	-0.061852227 	-0.0033613071 	0.74166999
0.0032361809 	-0.061852227 	-0.0033613071 	0.74166999
0.0032562814 	-0.06669284 	0.013158558 	0.70961285
0.0032763819 	-0.069689431 	0.027165631 	0.68039793
0.0032964824 	-0.069689431 	0.027165631 	0.68039793
0.0033165829 	-0.070437995 	0.038653611 	0.65332539
0.0033366834 	-0.068980338 	0.04731035 	0.62750912
0.0033567839 	-0.068980338 	0.04731035 	0.62750912
0.0033768844 	-0.065768793 	0.052818991 	0.6028615
0.0033969849 	-0.061427513 	0.055274591 	0.57991378
0.0034170854 	-0.061427513 	0.055274591 	0.57991378
0.0034371859 	-0.056532305 	0.05510446 	0.55935065
0.0034572864 	-0.051515282 	0.052824516 	0.54171787
0.0034773869 	-0.046659423 	0.048910207 	0.52728366
0.0034974874 	-0.046659423 	0.048910207 	0.52728366
0.0035175879 	-0.042130845 	0.043774724 	0.51595315
0.0035376884 	-0.038012769 	0.037790217 	0.50723006
0.0035577889 	-0.034329734 	0.031311553 	0.500241
0.0035778894 	-0.034329734 	0.031311553 	0.500241
0.0035979899 	-0.03106136 	0.024689819 	0.49381887
0.0036180905 	-0.028153082 	0.018273991 	0.4866337
0.003638191 	-0.025529003 	0.012402394 	0.47735329
0.0036582915 	-0.025529003 	0.012402394 	0.47735329
0.003678392 	-0.02310954 	0.0073827584 	0.46481399
0.0036984925 	-0.020822013 	0.0034610696 	0.44817943
0.003718593 	-0.018572112 	0.00078268182 	0.42707147
0.0037386935 	-0.016312973 	-0.00064054451 	0.40155316
0.003758794 	-0.014064248 	-0.00095054865 	0.37216078
0.0037788945 	-0.014064248 	-0.00095054865 	0.37216078
0.003798995 	-0.011865173 	-0.00042631405 	0.33976582
0.0038190955 	-0.0097687212 	0.00057065984 	0.3053836
0.003839196 	-0.0078268381 	0.001676521 	0.2699678
0.0038592965 	-0.0060804479 	0.0026007622 	0.23424622
0.003879397 	-0.0045362834 	0.0031679587 	0.19863007
0.0038994975 	-0.0031878887 	0.0033097 	0.16323452
0.003919598 	-0.0020411181 	0.0030295146 	0.12794785
0.0039396985 	-0.0011072819 	0.0023619884 	0.092501371
0.003959799 	-0.00042155699 	0.0013694266 	0.056509962
0.0039798995 	-4.2269266e-05 	0.00025464414 	0.019477863
0.004 	-4.2269266e-05 	0.00025464414 	0.019477863
