0 	0.0238613 	0.014559425 	1.0276766
2.0100503e-05 	0.0238613 	0.014559425 	1.0276766
4.0201005e-05 	0.0238613 	0.014559425 	1.0276766
6.0301508e-05 	0.014788278 	0.024010908 	1.0291763
8.040201e-05 	0.014788278 	0.024010908 	1.0291763
0.00010050251 	0.014788278 	0.024010908 	1.0291763
0.00012060302 	0.011952583 	0.026304742 	1.030508
0.00014070352 	0.011952583 	0.026304742 	1.030508
0.00016080402 	0.011952583 	0.026304742 	1.030508
0.00018090452 	0.011074341 	0.027933028 	1.0314557
0.00020100503 	0.011074341 	0.027933028 	1.0314557
0.00022110553 	0.011074341 	0.027933028 	1.0314557
0.00024120603 	0.011152191 	0.0295939 	1.0319012
0.00026130653 	0.011152191 	0.0295939 	1.0319012
0.00028140704 	0.011863295 	0.031367283 	1.031848
0.00030150754 	0.011863295 	0.031367283 	1.031848
0.00032160804 	0.011863295 	0.031367283 	1.031848
0.00034170854 	0.013057432 	0.033178982 	1.031407
0.00036180905 	0.013057432 	0.033178982 	1.031407
0.00038190955 	0.013057432 	0.033178982 	1.031407
0.00040201005 	0.01463382 	0.034906187 	1.0307613
0.00042211055 	0.01463382 	0.034906187 	1.0307613
0.00044221106 	0.01463382 	0.034906187 	1.0307613
0.00046231156 	0.016501776 	0.036419049 	1.030126
0.00048241206 	0.016501776 	0.036419049 	1.030126
0.00050251256 	0.018572565 	0.037604015 	1.0297156
0.00052261307 	0.018572565 	0.037604015 	1.0297156
0.00054271357 	0.018572565 	0.037604015 	1.0297156
0.00056281407 	0.020761486 	0.038379494 	1.0297175
0.00058291457 	0.020761486 	0.038379494 	1.0297175
0.00060301508 	0.020761486 	0.038379494 	1.0297175
0.00062311558 	0.022999071 	0.038703545 	1.0302697
0.00064321608 	0.022999071 	0.038703545 	1.0302697
0.00066331658 	0.022999071 	0.038703545 	1.0302697
0.00068341709 	0.02524557 	0.038566392 	1.0314294
0.00070351759 	0.02524557 	0.038566392 	1.0314294
0.00072361809 	0.027487857 	0.037982534 	1.0331522
0.00074371859 	0.027487857 	0.037982534 	1.0331522
0.0007638191 	0.027487857 	0.037982534 	1.0331522
0.0007839196 	0.029715304 	0.036959716 	1.0352976
0.0008040201 	0.029715304 	0.036959716 	1.0352976
0.0008241206 	0.029715304 	0.036959716 	1.0352976
0.00084422111 	0.031922449 	0.035494659 	1.0376723
0.00086432161 	0.031922449 	0.035494659 	1.0376723
0.00088442211 	0.031922449 	0.035494659 	1.0376723
0.00090452261 	0.034067339 	0.033535548 	1.0401168
0.00092462312 	0.034067339 	0.033535548 	1.0401168
0.00094472362 	0.03605184 	0.031041296 	1.0425609
0.00096482412 	0.03605184 	0.031041296 	1.0425609
0.00098492462 	0.029636244 	0.033533398 	1.0345068
0.0010050251 	0.031406383 	0.030206144 	1.0365472
0.0010251256 	0.031406383 	0.030206144 	1.0365472
0.0010452261 	0.031406383 	0.030206144 	1.0365472
0.0010653266 	0.032904727 	0.026020881 	1.038994
0.0010854271 	0.032904727 	0.026020881 	1.038994
0.0011055276 	0.032904727 	0.026020881 	1.038994
0.0011256281 	0.034094882 	0.021106656 	1.0419117
0.0011457286 	0.034094882 	0.021106656 	1.0419117
0.0011658291 	0.034094882 	0.021106656 	1.0419117
0.0011859296 	0.034962667 	0.015512206 	1.0451227
0.0012060302 	0.034962667 	0.015512206 	1.0451227
0.0012261307 	0.034962667 	0.015512206 	1.0451227
0.0012462312 	0.035618142 	0.0094547727 	1.0481382
0.0012663317 	0.035618142 	0.0094547727 	1.0481382
0.0012864322 	0.035618142 	0.0094547727 	1.0481382
0.0013065327 	0.03625647 	0.0033049944 	1.0501337
0.0013266332 	0.03625647 	0.0033049944 	1.0501337
0.0013467337 	0.03625647 	0.0033049944 	1.0501337
0.0013668342 	0.037173577 	-0.0024243107 	1.0500294
0.0013869347 	0.037173577 	-0.0024243107 	1.0500294
0.0014070352 	0.037173577 	-0.0024243107 	1.0500294
0.0014271357 	0.038677322 	-0.0072681413 	1.0469335
0.0014472362 	0.038677322 	-0.0072681413 	1.0469335
0.0014673367 	0.038677322 	-0.0072681413 	1.0469335
0.0014874372 	0.040804929 	-0.010997256 	1.0410447
0.0015075377 	0.040804929 	-0.010997256 	1.0410447
0.0015276382 	0.043107964 	-0.013642857 	1.0342002
0.0015477387 	0.043107964 	-0.013642857 	1.0342002
0.0015678392 	0.043107964 	-0.013642857 	1.0342002
0.0015879397 	0.044848667 	-0.015384479 	1.0288706
0.0016080402 	0.044848667 	-0.015384479 	1.0288706
0.0016281407 	0.044848667 	-0.015384479 	1.0288706
0.0016482412 	0.045625365 	-0.016248934 	1.0261434
0.0016683417 	0.045625365 	-0.016248934 	1.0261434
0.0016884422 	0.045696236 	-0.01599045 	1.0250121
0.0017085427 	0.045696236 	-0.01599045 	1.0250121
0.0017286432 	0.045696236 	-0.01599045 	1.0250121
0.0017487437 	0.045701808 	-0.014266053 	1.023557
0.0017688442 	0.045701808 	-0.014266053 	1.023557
0.0017889447 	0.045701808 	-0.014266053 	1.023557
0.0018090452 	0.046133988 	-0.010891931 	1.0206006
0.0018291457 	0.046133988 	-0.010891931 	1.0206006
0.0018492462 	0.046981464 	-0.0059585706 	1.0162878
0.0018693467 	0.046981464 	-0.0059585706 	1.0162878
0.0018894472 	0.046981464 	-0.0059585706 	1.0162878
0.0019095477 	0.048030335 	0.00023992247 	1.0115497
0.0019296482 	0.048030335 	0.00023992247 	1.0115497
0.0019497487 	0.049084234 	0.0072953708 	1.0072
0.0019698492 	0.049084234 	0.0072953708 	1.0072
0.0019899497 	0.050102926 	0.014704993 	1.003405
0.0020100503 	0.050102926 	0.014704993 	1.003405
0.0020301508 	0.050102926 	0.014704993 	1.003405
0.0020502513 	0.051402182 	0.021956141 	0.99963196
0.0020703518 	0.051402182 	0.021956141 	0.99963196
0.0020904523 	0.050277793 	0.033636882 	0.99410293
0.0021105528 	0.053436852 	0.028533393 	0.99503655
0.0021306533 	0.053436852 	0.028533393 	0.99503655
0.0021507538 	0.056571409 	0.033879313 	0.98891571
0.0021708543 	0.056571409 	0.033879313 	0.98891571
0.0021909548 	0.060953581 	0.037431442 	0.98095896
0.0022110553 	0.060953581 	0.037431442 	0.98095896
0.0022311558 	0.066444627 	0.03877459 	0.97139999
0.0022512563 	0.066444627 	0.03877459 	0.97139999
0.0022713568 	0.072489875 	0.037887339 	0.96100925
0.0022914573 	0.072489875 	0.037887339 	0.96100925
0.0023115578 	0.072489875 	0.037887339 	0.96100925
0.0023316583 	0.078166253 	0.03528828 	0.950834
0.0023517588 	0.078166253 	0.03528828 	0.950834
0.0023718593 	0.082521364 	0.03183533 	0.94168913
0.0023919598 	0.082521364 	0.03183533 	0.94168913
0.0024120603 	0.085065237 	0.028220553 	0.93363777
0.0024321608 	0.085065237 	0.028220553 	0.93363777
0.0024522613 	0.085952923 	0.024466139 	0.92574122
0.0024723618 	0.085952923 	0.024466139 	0.92574122
0.0024924623 	0.085598986 	0.019851344 	0.9166995
0.0025125628 	0.085598986 	0.019851344 	0.9166995
0.0025326633 	0.084178855 	0.013408529 	0.90626915
0.0025527638 	0.084178855 	0.013408529 	0.90626915
0.0025728643 	0.081480658 	0.0045994087 	0.89617777
0.0025929648 	0.081480658 	0.0045994087 	0.89617777
0.0026130653 	0.077068817 	-0.0063816106 	0.88937239
0.0026331658 	0.077068817 	-0.0063816106 	0.88937239
0.0026532663 	0.070677442 	-0.01886029 	0.88827541
0.0026733668 	0.070677442 	-0.01886029 	0.88827541
0.0026934673 	0.062460668 	-0.032056432 	0.89361403
0.0027135678 	0.062460668 	-0.032056432 	0.89361403
0.0027336683 	0.052891074 	-0.045184894 	0.90440699
0.0027537688 	0.052891074 	-0.045184894 	0.90440699
0.0027738693 	0.042713794 	-0.057525556 	0.91854898
0.0027939698 	0.042713794 	-0.057525556 	0.91854898
0.0028140704 	0.03294008 	-0.068624159 	0.93348979
0.0028341709 	0.03294008 	-0.068624159 	0.93348979
0.0028542714 	0.024709579 	-0.078538273 	0.94674203
0.0028743719 	0.019057552 	-0.087785545 	0.95616958
0.0028944724 	0.019057552 	-0.087785545 	0.95616958
0.0029145729 	0.016715423 	-0.097006317 	0.96007808
0.0029346734 	0.016715423 	-0.097006317 	0.96007808
0.0029547739 	0.017969204 	-0.10663585 	0.95727451
0.0029748744 	0.017969204 	-0.10663585 	0.95727451
0.0029949749 	0.02264822 	-0.11680914 	0.94720811
0.0030150754 	0.030215056 	-0.12745999 	0.93008307
0.0030351759 	0.030215056 	-0.12745999 	0.93008307
0.0030552764 	0.039891047 	-0.1384291 	0.90681846
0.0030753769 	0.039891047 	-0.1384291 	0.90681846
0.0030954774 	0.050773908 	-0.14949675 	0.87887413
0.0031155779 	0.061926141 	-0.16035759 	0.84803733
0.0031356784 	0.061926141 	-0.16035759 	0.84803733
0.0031557789 	0.07245366 	-0.17059314 	0.81622469
0.0031758794 	0.07245366 	-0.17059314 	0.81622469
0.0031959799 	0.081574399 	-0.17967193 	0.78530146
0.0032160804 	0.088677688 	-0.18698092 	0.75691918
0.0032361809 	0.088677688 	-0.18698092 	0.75691918
0.0032562814 	0.093380013 	-0.1918878 	0.73242279
0.0032763819 	0.095537691 	-0.19381445 	0.71293413
0.0032964824 	0.095537691 	-0.19381445 	0.71293413
0.0033165829 	0.095199228 	-0.19222785 	0.69957483
0.0033366834 	0.092534774 	-0.18660522 	0.69338883
0.0033567839 	0.092534774 	-0.18660522 	0.69338883
0.0033768844 	0.087782464 	-0.17675116 	0.69466879
0.0033969849 	0.081240986 	-0.16337646 	0.7022994
0.0034170854 	0.081240986 	-0.16337646 	0.7022994
0.0034371859 	0.073357472 	-0.14792673 	0.71381986
0.0034572864 	0.064831278 	-0.13147421 	0.72603658
0.0034773869 	0.056522592 	-0.11413997 	0.73582262
0.0034974874 	0.056522592 	-0.11413997 	0.73582262
0.0035175879 	0.049156547 	-0.09582576 	0.74102382
0.0035376884 	0.043084151 	-0.077102265 	0.74110539
0.0035577889 	0.038286558 	-0.059146603 	0.73703763
0.0035778894 	0.038286558 	-0.059146603 	0.73703763
0.0035979899 	0.034535682 	-0.043042711 	0.73053019
0.0036180905 	0.031560151 	-0.029282309 	0.72321435
0.003638191 	0.029124964 	-0.017736998 	0.71620147
0.0036582915 	0.029124964 	-0.017736998 	0.71620147
0.003678392 	0.027061942 	-0.0078915388 	0.710055
0.0036984925 	0.025218913 	0.00090417804 	0.70492241
0.003718593 	0.023417745 	0.0092741437 	0.70065355
0.0037386935 	0.021531788 	0.017750268 	0.6968065
0.003758794 	0.019500673 	0.026710802 	0.69253788
0.0037788945 	0.019500673 	0.026710802 	0.69253788
0.003798995 	0.017287554 	0.036294008 	0.68638072
0.0038190955 	0.014884363 	0.046277102 	0.67600577
0.003839196 	0.012318945 	0.055956423 	0.65810402
0.0038592965 	0.0096651618 	0.064123083 	0.62848985
0.003879397 	0.0070529133 	0.069208381 	0.58258271
0.0038994975 	0.0046637027 	0.069620556 	0.51645839
0.003919598 	0.0026911695 	0.064176107 	0.42840716
0.0039396985 	0.0012709438 	0.0524506 	0.32026148
0.003959799 	0.00041812297 	0.034886068 	0.19732908
0.0039798995 	4.3286232e-05 	0.012641 	0.066558369
0.004 	4.3286232e-05 	0.012641 	0.066558369
