0 	-0.03059589 	-0.00029999005 	1.030179
5.5555556e-05 	0.018790403 	0.030726463 	1.0574069
0.00011111111 	0.024221795 	0.029270236 	1.0694789
0.00016666667 	0.026664421 	0.029125977 	1.0790602
0.00022222222 	0.027462431 	0.02968741 	1.085508
0.00027777778 	0.027078353 	0.030596196 	1.0890595
0.00033333333 	0.025875464 	0.031622214 	1.0906438
0.00038888889 	0.024170962 	0.032499523 	1.0912453
0.00044444444 	0.022144399 	0.032782378 	1.0914543
0.0005 	0.019851454 	0.031935506 	1.0914646
0.00055555556 	0.017339825 	0.029613335 	1.0912703
0.00061111111 	0.014744485 	0.025814014 	1.0908262
0.00066666667 	0.012270284 	0.020790487 	1.0901303
0.00072222222 	0.010082902 	0.014764665 	1.0892535
0.00077777778 	0.0081877651 	0.0076778889 	1.088373
0.00083333333 	0.0064234922 	-0.00083952616 	1.0877588
0.00088888889 	0.0046491281 	-0.01131458 	1.0875792
0.00094444444 	0.0029459332 	-0.024134374 	1.0874229
0.001 	0.0014794893 	-0.03977267 	1.0856462
0.0010617451 	0.00085797647 	-0.054829266 	1.079294
0.0011226367 	0.00037206545 	-0.061787902 	1.0678722
0.0011826866 	-0.0016172484 	-0.057104094 	1.0540603
0.0012419064 	-0.0057663476 	-0.044261914 	1.0416492
0.0013003077 	-0.01166462 	-0.029606639 	1.0330347
0.0013579017 	-0.018198093 	-0.017347532 	1.028086
0.0014146996 	-0.024321868 	-0.0085670263 	1.0249987
0.0014707124 	-0.029522998 	-0.0025639159 	1.0221581
0.0015259509 	-0.033656734 	0.0015369021 	1.0190624
0.001580426 	-0.036712097 	0.0039895602 	1.0160559
0.001634148 	-0.038762909 	0.0046743248 	1.013721
0.0016871274 	-0.039995539 	0.0038873395 	1.0123841
0.0017393745 	-0.040581662 	0.0027681723 	1.0118109
0.0017908994 	-0.040399551 	0.002946099 	1.0110816
0.0018417121 	-0.038938442 	0.0057894821 	1.0087536
0.0018918224 	-0.035626193 	0.011754997 	1.0035253
0.0019412401 	-0.0303368 	0.020116569 	0.99516144
0.0019899746 	-0.023652035 	0.029254591 	0.9848356
0.0020380356 	-0.016582892 	0.037379237 	0.9745082
0.0020854322 	-0.010057024 	0.04311012 	0.96606387
0.0021321736 	-0.0046542232 	0.04565323 	0.96073716
0.002178269 	-0.00054707214 	0.04479813 	0.95897732
0.0022237272 	0.0024147874 	0.040875528 	0.96056877
0.002268557 	0.0045586828 	0.03462648 	0.96486778
0.0023127672 	0.0062668918 	0.027009468 	0.97098127
0.0023563662 	0.0078879606 	0.019030667 	0.97789272
0.0023993626 	0.0096888246 	0.011595527 	0.98458418
0.0024417647 	0.01186792 	0.0053913218 	0.99016092
0.0024835806 	0.014572148 	0.00083493158 	0.99399459
0.0025248186 	0.017825753 	-0.0019773592 	0.9958086
0.0025654865 	0.02159344 	-0.0032354772 	0.99570357
0.0026055923 	0.025819333 	-0.0033384139 	0.99407642
0.0026451437 	0.03034642 	-0.0027957511 	0.99147736
0.0026841484 	0.034979675 	-0.0020923442 	0.98844495
0.002722614 	0.039524648 	-0.001573348 	0.98539831
0.0027605478 	0.043807475 	-0.0014009333 	0.98260611
0.0027979573 	0.047690176 	-0.001570678 	0.98020841
0.0028348498 	0.051121877 	-0.0019615182 	0.97824131
0.0028712322 	0.054125887 	-0.0023969677 	0.97666112
0.0029071118 	0.056732737 	-0.0027101776 	0.97535206
0.0029424953 	0.058981097 	-0.0027823129 	0.97415246
0.0029773898 	0.06088999 	-0.0025560202 	0.97289693
0.003011802 	0.062433592 	-0.0020356925 	0.97147191
0.0030457385 	0.063529385 	-0.0012735564 	0.96988134
0.0030792059 	0.064025586 	-0.00034589421 	0.96831507
0.0031122107 	0.063722879 	0.00066712747 	0.96717328
0.0031447592 	0.06242371 	0.0017206688 	0.9669988
0.0031768579 	0.060049461 	0.0028467449 	0.96823456
0.0032085129 	0.056730438 	0.0041965788 	0.97086563
0.0032397303 	0.052791757 	0.0060576846 	0.97410001
0.0032705162 	0.04874223 	0.0087373053 	0.97644293
0.0033008765 	0.045055867 	0.012389179 	0.97633445
0.0033308172 	0.041881492 	0.016816641 	0.97306926
0.0033603441 	0.038939762 	0.021535066 	0.96743773
0.0033894627 	0.035579704 	0.026209768 	0.96168928
0.0034181789 	0.031018464 	0.03112035 	0.9587959
0.0034464982 	0.024777803 	0.037005105 	0.96061304
0.003474426 	0.017259419 	0.044075554 	0.96458051
0.0035019678 	0.010053375 	0.051050288 	0.96102647
0.0035291288 	0.0053672489 	0.055430514 	0.93574459
0.0035559144 	0.0045644173 	0.055103769 	0.87918703
0.0035823298 	0.006959626 	0.049845139 	0.79528214
0.0036083801 	0.010213229 	0.041289779 	0.70038589
0.0036340702 	0.012053132 	0.031619531 	0.61259275
0.0036594053 	0.011635992 	0.022385759 	0.54185865
0.0036843901 	0.0095234186 	0.014301865 	0.48844524
0.0037090296 	0.0067786099 	0.0076026612 	0.44739766
0.0037333285 	0.0042640506 	0.002411595 	0.41320375
0.0037572915 	0.002388447 	-0.001179053 	0.38193009
0.0037809233 	0.0012045816 	-0.003178954 	0.35141051
0.0038042285 	0.0006137102 	-0.0037522038 	0.32061535
0.0038272115 	0.00044671269 	-0.0031965912 	0.28905594
0.0038498768 	0.00051057211 	-0.0018715155 	0.25639206
0.0038722288 	0.00064217794 	-0.00013324933 	0.22227303
0.0038942718 	0.00072913865 	0.0017021337 	0.18634271
0.0039160102 	0.00071544913 	0.0033466091 	0.14832833
0.003937448 	0.00059081335 	0.0044651662 	0.108136
0.0039585896 	0.00035925689 	0.0045329989 	0.065916352
0.0039794389 	7.2339653e-05 	0.0026456746 	0.022168969
0.004 	7.2339653e-05 	0.0026456746 	0.022168969
