0 	0.02353004 	0.0036310018 	1.0501755
5.5555556e-05 	0.015465527 	0.012479722 	1.0450761
0.00011111111 	0.0096879599 	0.01130498 	1.0397158
0.00016666667 	0.0049830003 	0.0079094429 	1.0350193
0.00022222222 	0.00080974184 	0.0036745227 	1.0323677
0.00027777778 	-0.0028704676 	-0.00090194739 	1.0330097
0.00033333333 	-0.0059082216 	-0.005336511 	1.0373628
0.00038888889 	-0.0082002471 	-0.0090840253 	1.044751
0.00044444444 	-0.0097404556 	-0.011826512 	1.0536944
0.0005 	-0.010614522 	-0.013681517 	1.0625519
0.00055555556 	-0.010876025 	-0.015299309 	1.0701423
0.00061111111 	-0.010476229 	-0.01751858 	1.0759976
0.00066666667 	-0.0093677072 	-0.020888411 	1.0801884
0.00072222222 	-0.0076083006 	-0.025311066 	1.0829467
0.00077777778 	-0.0054724765 	-0.029986937 	1.0843939
0.00083333333 	-0.0032792507 	-0.033829706 	1.0844688
0.00088888889 	-0.0012605402 	-0.035836706 	1.0829483
0.00094444444 	0.00050296004 	-0.035344227 	1.0795929
0.001 	0.0020278992 	-0.031711282 	1.0740246
0.0010617199 	0.0033744839 	-0.024278419 	1.0662457
0.0011225874 	0.0042653966 	-0.013528263 	1.0571591
0.0011826143 	0.0041860018 	-0.00075816062 	1.0468212
0.0012418122 	0.0024199719 	0.0114286 	1.0342038
0.0013001926 	-0.0021323253 	0.019319722 	1.0181023
0.0013577668 	-0.010043283 	0.020761562 	0.99924215
0.0014145458 	-0.020170561 	0.018356094 	0.98088465
0.0014705407 	-0.029569771 	0.018207682 	0.96646199
0.0015257623 	-0.035587024 	0.024459086 	0.95772169
0.0015802213 	-0.03839645 	0.035822012 	0.95472346
0.0016339282 	-0.040077495 	0.048010263 	0.95513003
0.0016868934 	-0.041684749 	0.058338697 	0.95461004
0.0017391271 	-0.042666865 	0.066112823 	0.95018103
0.0017906395 	-0.042071418 	0.071288477 	0.94272211
0.0018414404 	-0.039680994 	0.074470284 	0.9360434
0.0018915398 	-0.036405508 	0.077010488 	0.9331013
0.0019409473 	-0.033612531 	0.079774102 	0.93270821
0.0019896725 	-0.031995735 	0.081915655 	0.93070975
0.0020377248 	-0.031100289 	0.081944662 	0.92435497
0.0020851134 	-0.030000411 	0.079395981 	0.91400249
0.0021318476 	-0.028385656 	0.075397072 	0.90205704
0.0021779364 	-0.026952641 	0.071607805 	0.89122065
0.0022233887 	-0.026756791 	0.068686406 	0.88276417
0.0022682133 	-0.028175718 	0.066097767 	0.87699831
0.0023124189 	-0.030682404 	0.063185099 	0.8739973
0.0023560139 	-0.033430608 	0.059955892 	0.87405358
0.0023990069 	-0.035992034 	0.056715591 	0.87703268
0.0024414062 	-0.038522832 	0.053613075 	0.88171154
0.0024832199 	-0.041336464 	0.050673052 	0.88599453
0.0025244562 	-0.044757639 	0.047953274 	0.88727437
0.002565123 	-0.048810739 	0.045686393 	0.88324272
0.0026052281 	-0.053237648 	0.044181359 	0.8723693
0.0026447794 	-0.057615756 	0.043540483 	0.85434146
0.0026837845 	-0.061531961 	0.043262188 	0.83046887
0.0027222509 	-0.064662451 	0.042083023 	0.80373081
0.0027601861 	-0.066776267 	0.038518033 	0.77790276
0.0027975974 	-0.067739267 	0.031832121 	0.75605554
0.002834492 	-0.067537616 	0.022496111 	0.73955159
0.0028708772 	-0.066235215 	0.011729371 	0.72810256
0.0029067598 	-0.064070607 	0.00072351688 	0.72044314
0.0029421469 	-0.061290544 	-0.00966267 	0.71503836
0.0029770452 	-0.058030202 	-0.01889059 	0.71056557
0.0030114616 	-0.054425603 	-0.026700912 	0.70603129
0.0030454028 	-0.050579171 	-0.0330046 	0.70083339
0.0030788752 	-0.046625063 	-0.03781444 	0.69472939
0.0031118853 	-0.042703491 	-0.041196382 	0.68774477
0.0031444395 	-0.038943782 	-0.043234393 	0.68005912
0.0031765442 	-0.035451162 	-0.044018533 	0.67190785
0.0032082055 	-0.032296325 	-0.043624535 	0.66351634
0.0032394295 	-0.029514069 	-0.042126052 	0.65506304
0.0032702223 	-0.027111888 	-0.039611842 	0.64665892
0.0033005899 	-0.02507987 	-0.036207987 	0.6383336
0.0033305381 	-0.023396843 	-0.032094338 	0.63002576
0.0033600727 	-0.022031245 	-0.027502046 	0.62158593
0.0033891994 	-0.020939747 	-0.022692088 	0.61279921
0.0034179239 	-0.020066816 	-0.017919778 	0.60342666
0.0034462517 	-0.019346214 	-0.013397707 	0.59325203
0.0034741882 	-0.018706401 	-0.0092664909 	0.58211585
0.003501739 	-0.018077577 	-0.0055983987 	0.56991492
0.0035289093 	-0.017433015 	-0.0023845098 	0.55664357
0.0035557043 	-0.016751205 	0.00043672667 	0.54235619
0.0035821293 	-0.015975593 	0.0029549533 	0.52709376
0.0036081894 	-0.015063279 	0.0052639486 	0.51086634
0.0036338895 	-0.013993849 	0.0074377814 	0.49363617
0.0036592348 	-0.012773438 	0.0095172355 	0.47531926
0.00368423 	-0.011425422 	0.011498904 	0.45579349
0.00370888 	-0.0099927537 	0.013341499 	0.43490949
0.0037331896 	-0.0085333302 	0.01497183 	0.41249717
0.0037571635 	-0.0071094275 	0.01629846 	0.38836446
0.0037808063 	-0.0057755501 	0.017221413 	0.36229462
0.0038041226 	-0.0045691972 	0.017642803 	0.33405422
0.0038271169 	-0.0035081965 	0.017478593 	0.30342072
0.0038497936 	-0.0025946048 	0.016672745 	0.27022587
0.0038721572 	-0.0018224197 	0.015213256 	0.23439992
0.0038942119 	-0.0011852455 	0.013146638 	0.19599944
0.003915962 	-0.00068108776 	0.010585272 	0.15521251
0.0039374118 	-0.00031309677 	0.0076996027 	0.11235584
0.0039585653 	-8.5235656e-05 	0.0046800719 	0.067902602
0.0039794267 	2.8276674e-06 	0.0016372142 	0.022597417
0.004 	-5.0125744e-05 	0.0036095839 	0.02827729
