0 	0.011785144 	-0.054924152 	1.0414769
2.0100503e-05 	-0.052806227 	-0.012040177 	1.0371333
4.0201005e-05 	-0.052806227 	-0.012040177 	1.0371333
6.0301508e-05 	-0.050249332 	0.011816084 	1.0332987
8.040201e-05 	-0.050249332 	0.011816084 	1.0332987
0.00010050251 	-0.050249332 	0.011816084 	1.0332987
0.00012060302 	-0.038083351 	0.028398876 	1.0357729
0.00014070352 	-0.038083351 	0.028398876 	1.0357729
0.00016080402 	-0.038083351 	0.028398876 	1.0357729
0.00018090452 	-0.037741649 	0.023374079 	1.0326827
0.00020100503 	-0.041459438 	0.017395902 	1.0266678
0.00022110553 	-0.041459438 	0.017395902 	1.0266678
0.00024120603 	-0.037451504 	0.016629907 	1.023587
0.00026130653 	-0.037451504 	0.016629907 	1.023587
0.00028140704 	-0.033550418 	0.014976549 	1.020436
0.00030150754 	-0.033550418 	0.014976549 	1.020436
0.00032160804 	-0.033550418 	0.014976549 	1.020436
0.00034170854 	-0.029843464 	0.012751809 	1.0170099
0.00036180905 	-0.030932952 	0.012440353 	1.0221989
0.00038190955 	-0.030932952 	0.012440353 	1.0221989
0.00040201005 	-0.028205113 	0.0094877055 	1.0175708
0.00042211055 	-0.028205113 	0.0094877055 	1.0175708
0.00044221106 	-0.028205113 	0.0094877055 	1.0175708
0.00046231156 	-0.025709259 	0.006887064 	1.0121074
0.00048241206 	-0.025709259 	0.006887064 	1.0121074
0.00050251256 	-0.023691428 	0.004657366 	1.005823
0.00052261307 	-0.023691428 	0.004657366 	1.005823
0.00054271357 	-0.023691428 	0.004657366 	1.005823
0.00056281407 	-0.022378442 	0.0027733834 	0.99891568
0.00058291457 	-0.022378442 	0.0027733834 	0.99891568
0.00060301508 	-0.022378442 	0.0027733834 	0.99891568
0.00062311558 	-0.021953741 	0.0011825683 	0.99176524
0.00064321608 	-0.021953741 	0.0011825683 	0.99176524
0.00066331658 	-0.021953741 	0.0011825683 	0.99176524
0.00068341709 	-0.022543133 	-0.00014662874 	0.98484389
0.00070351759 	-0.022543133 	-0.00014662874 	0.98484389
0.00072361809 	-0.024240542 	-0.0012024139 	0.97845906
0.00074371859 	-0.024240542 	-0.0012024139 	0.97845906
0.0007638191 	-0.024240542 	-0.0012024139 	0.97845906
0.0007839196 	-0.027186578 	-0.0019233259 	0.97234961
0.0008040201 	-0.027186578 	-0.0019233259 	0.97234961
0.0008241206 	-0.027186578 	-0.0019233259 	0.97234961
0.00084422111 	-0.031614594 	-0.0020874731 	0.96539527
0.00086432161 	-0.031614594 	-0.0020874731 	0.96539527
0.00088442211 	-0.031614594 	-0.0020874731 	0.96539527
0.00090452261 	-0.037871359 	-0.0011501322 	0.95609797
0.00092462312 	-0.037871359 	-0.0011501322 	0.95609797
0.00094472362 	-0.046054361 	0.001658774 	0.9441986
0.00096482412 	-0.046054361 	0.001658774 	0.9441986
0.00098492462 	-0.046054361 	0.001658774 	0.9441986
0.0010050251 	-0.056466656 	0.0072424001 	0.93131573
0.0010251256 	-0.052066189 	-0.0029537959 	0.93371553
0.0010452261 	-0.052066189 	-0.0029537959 	0.93371553
0.0010653266 	-0.062533813 	0.0040086404 	0.92624497
0.0010854271 	-0.062533813 	0.0040086404 	0.92624497
0.0011055276 	-0.062533813 	0.0040086404 	0.92624497
0.0011256281 	-0.07246611 	0.011425538 	0.92441782
0.0011457286 	-0.07246611 	0.011425538 	0.92441782
0.0011658291 	-0.07246611 	0.011425538 	0.92441782
0.0011859296 	-0.081588983 	0.017025778 	0.92443964
0.0012060302 	-0.081588983 	0.017025778 	0.92443964
0.0012261307 	-0.081588983 	0.017025778 	0.92443964
0.0012462312 	-0.089496343 	0.020194907 	0.92446846
0.0012663317 	-0.089496343 	0.020194907 	0.92446846
0.0012864322 	-0.089496343 	0.020194907 	0.92446846
0.0013065327 	-0.09503843 	0.022068683 	0.92578265
0.0013266332 	-0.09503843 	0.022068683 	0.92578265
0.0013467337 	-0.09503843 	0.022068683 	0.92578265
0.0013668342 	-0.097529151 	0.024196913 	0.92889617
0.0013869347 	-0.097529151 	0.024196913 	0.92889617
0.0014070352 	-0.097529151 	0.024196913 	0.92889617
0.0014271357 	-0.096922488 	0.027236521 	0.93288655
0.0014472362 	-0.096922488 	0.027236521 	0.93288655
0.0014673367 	-0.096922488 	0.027236521 	0.93288655
0.0014874372 	-0.093535848 	0.031345783 	0.93709257
0.0015075377 	-0.093535848 	0.031345783 	0.93709257
0.0015276382 	-0.088131471 	0.036839777 	0.94166667
0.0015477387 	-0.088131471 	0.036839777 	0.94166667
0.0015678392 	-0.088131471 	0.036839777 	0.94166667
0.0015879397 	-0.08189433 	0.043587703 	0.94690183
0.0016080402 	-0.08189433 	0.043587703 	0.94690183
0.0016281407 	-0.08189433 	0.043587703 	0.94690183
0.0016482412 	-0.076023262 	0.050428303 	0.95231885
0.0016683417 	-0.076023262 	0.050428303 	0.95231885
0.0016884422 	-0.071329926 	0.055792066 	0.95658193
0.0017085427 	-0.071329926 	0.055792066 	0.95658193
0.0017286432 	-0.071329926 	0.055792066 	0.95658193
0.0017487437 	-0.06817829 	0.058860546 	0.95809834
0.0017688442 	-0.06817829 	0.058860546 	0.95809834
0.0017889447 	-0.06817829 	0.058860546 	0.95809834
0.0018090452 	-0.066620211 	0.059710181 	0.95558037
0.0018291457 	-0.066620211 	0.059710181 	0.95558037
0.0018492462 	-0.066484588 	0.05869099 	0.94799318
0.0018693467 	-0.066484588 	0.05869099 	0.94799318
0.0018894472 	-0.066484588 	0.05869099 	0.94799318
0.0019095477 	-0.0674443 	0.055877573 	0.93462949
0.0019296482 	-0.0674443 	0.055877573 	0.93462949
0.0019497487 	-0.069111122 	0.050976326 	0.91584571
0.0019698492 	-0.069111122 	0.050976326 	0.91584571
0.0019899497 	-0.071212673 	0.043709887 	0.8934317
0.0020100503 	-0.071212673 	0.043709887 	0.8934317
0.0020301508 	-0.071212673 	0.043709887 	0.8934317
0.0020502513 	-0.073585437 	0.034354314 	0.87038978
0.0020703518 	-0.073585437 	0.034354314 	0.87038978
0.0020904523 	-0.076150812 	0.023957861 	0.84954999
0.0021105528 	-0.076150812 	0.023957861 	0.84954999
0.0021306533 	-0.076150812 	0.023957861 	0.84954999
0.0021507538 	-0.078756499 	0.013860866 	0.8326989
0.0021708543 	-0.078756499 	0.013860866 	0.8326989
0.0021909548 	-0.08113141 	0.0048651866 	0.8203508
0.0022110553 	-0.08113141 	0.0048651866 	0.8203508
0.0022311558 	-0.082897677 	-0.0029031315 	0.81196947
0.0022512563 	-0.082897677 	-0.0029031315 	0.81196947
0.0022713568 	-0.083781556 	-0.0098638453 	0.80649768
0.0022914573 	-0.083781556 	-0.0098638453 	0.80649768
0.0023115578 	-0.083781556 	-0.0098638453 	0.80649768
0.0023316583 	-0.083675814 	-0.016732152 	0.80294682
0.0023517588 	-0.083675814 	-0.016732152 	0.80294682
0.0023718593 	-0.082692679 	-0.024125337 	0.8008089
0.0023919598 	-0.082692679 	-0.024125337 	0.8008089
0.0024120603 	-0.081300694 	-0.032311475 	0.80019173
0.0024321608 	-0.081300694 	-0.032311475 	0.80019173
0.0024522613 	-0.080020824 	-0.041051973 	0.80137075
0.0024723618 	-0.080020824 	-0.041051973 	0.80137075
0.0024924623 	-0.079241277 	-0.049689427 	0.80422993
0.0025125628 	-0.079241277 	-0.049689427 	0.80422993
0.0025326633 	-0.079104833 	-0.057351857 	0.8081319
0.0025527638 	-0.079104833 	-0.057351857 	0.8081319
0.0025728643 	-0.079432964 	-0.06336063 	0.81216074
0.0025929648 	-0.079432964 	-0.06336063 	0.81216074
0.0026130653 	-0.079754427 	-0.067375689 	0.81546544
0.0026331658 	-0.079754427 	-0.067375689 	0.81546544
0.0026532663 	-0.079429568 	-0.069235914 	0.81746732
0.0026733668 	-0.079429568 	-0.069235914 	0.81746732
0.0026934673 	-0.07785069 	-0.068831413 	0.81794509
0.0027135678 	-0.07785069 	-0.068831413 	0.81794509
0.0027336683 	-0.074539541 	-0.06614978 	0.81689574
0.0027537688 	-0.074539541 	-0.06614978 	0.81689574
0.0027738693 	-0.069213982 	-0.061440825 	0.81443127
0.0027939698 	-0.069213982 	-0.061440825 	0.81443127
0.0028140704 	-0.061866302 	-0.055177221 	0.81070022
0.0028341709 	-0.061866302 	-0.055177221 	0.81070022
0.0028542714 	-0.052723676 	-0.047934817 	0.80592069
0.0028743719 	-0.04222823 	-0.040251768 	0.8003995
0.0028944724 	-0.04222823 	-0.040251768 	0.8003995
0.0029145729 	-0.030967285 	-0.032546329 	0.79441476
0.0029346734 	-0.030967285 	-0.032546329 	0.79441476
0.0029547739 	-0.019495603 	-0.025114276 	0.78820754
0.0029748744 	-0.019495603 	-0.025114276 	0.78820754
0.0029949749 	-0.0084154844 	-0.018164388 	0.78201507
0.0030150754 	0.0017528101 	-0.011873666 	0.77602119
0.0030351759 	0.0017528101 	-0.011873666 	0.77602119
0.0030552764 	0.010715222 	-0.0063798561 	0.77043325
0.0030753769 	0.010715222 	-0.0063798561 	0.77043325
0.0030954774 	0.018205976 	-0.0018067079 	0.76541372
0.0031155779 	0.024019407 	0.0017318091 	0.76101448
0.0031356784 	0.024019407 	0.0017318091 	0.76101448
0.0031557789 	0.028099669 	0.0041185905 	0.7571068
0.0031758794 	0.028099669 	0.0041185905 	0.7571068
0.0031959799 	0.030527049 	0.0052636804 	0.75333241
0.0032160804 	0.031487369 	0.0051447017 	0.74921237
0.0032361809 	0.031487369 	0.0051447017 	0.74921237
0.0032562814 	0.031201507 	0.0038662029 	0.74443919
0.0032763819 	0.029863503 	0.0017073521 	0.73923159
0.0032964824 	0.029863503 	0.0017073521 	0.73923159
0.0033165829 	0.027629737 	-0.00088070408 	0.73434652
0.0033366834 	0.024712257 	-0.0033007533 	0.73058754
0.0033567839 	0.024712257 	-0.0033007533 	0.73058754
0.0033768844 	0.0215258 	-0.0048287689 	0.72791071
0.0033969849 	0.018622009 	-0.0046451202 	0.7248117
0.0034170854 	0.018622009 	-0.0046451202 	0.7248117
0.0034371859 	0.016511968 	-0.0019884267 	0.71862397
0.0034572864 	0.015573576 	0.0033865096 	0.70666518
0.0034773869 	0.015683874 	0.010554876 	0.68757251
0.0034974874 	0.015683874 	0.010554876 	0.68757251
0.0035175879 	0.016079283 	0.01691178 	0.66221718
0.0035376884 	0.015595534 	0.018383049 	0.63370287
0.0035577889 	0.012973124 	0.010611812 	0.60644593
0.0035778894 	0.012973124 	0.010611812 	0.60644593
0.0035979899 	0.0076624853 	-0.0089828493 	0.58437267
0.0036180905 	-8.5953328e-05 	-0.039443899 	0.56892894
0.003638191 	-0.0097104372 	-0.076155683 	0.55860324
0.0036582915 	-0.0097104372 	-0.076155683 	0.55860324
0.003678392 	-0.020231631 	-0.11265496 	0.54994746
0.0036984925 	-0.030247526 	-0.14321917 	0.53933709
0.003718593 	-0.038255262 	-0.16425821 	0.52414881
0.0037386935 	-0.042901378 	-0.1738625 	0.50285453
0.003758794 	-0.043390929 	-0.17070762 	0.47488322
0.0037788945 	-0.043390929 	-0.17070762 	0.47488322
0.003798995 	-0.039862716 	-0.15407558 	0.44093434
0.0038190955 	-0.03350245 	-0.12554947 	0.40317297
0.003839196 	-0.0260639 	-0.090383736 	0.36406506
0.0038592965 	-0.019087063 	-0.055773868 	0.32454545
0.003879397 	-0.013382884 	-0.027516804 	0.28375893
0.0038994975 	-0.009013687 	-0.008277883 	0.24035167
0.003919598 	-0.0056809305 	0.001940537 	0.19351456
0.0039396985 	-0.0031121384 	0.0047457104 	0.14300172
0.003959799 	-0.0012332994 	0.0026989106 	0.08866484
0.0039798995 	-0.00012848257 	-0.0005404925 	0.030458142
0.004 	-0.00012848257 	-0.0005404925 	0.030458142
