0 	0.053880211 	0.042843861 	1.0297514
2.0100503e-05 	0.053880211 	0.042843861 	1.0297514
4.0201005e-05 	0.053880211 	0.042843861 	1.0297514
6.0301508e-05 	0.06658009 	0.014201819 	1.029711
8.040201e-05 	0.06658009 	0.014201819 	1.029711
0.00010050251 	0.06658009 	0.014201819 	1.029711
0.00012060302 	0.064387448 	-0.017624594 	1.029159
0.00014070352 	0.064387448 	-0.017624594 	1.029159
0.00016080402 	0.064387448 	-0.017624594 	1.029159
0.00018090452 	0.065393171 	0.00083198081 	1.0292325
0.00020100503 	0.065393171 	0.00083198081 	1.0292325
0.00022110553 	0.065393171 	0.00083198081 	1.0292325
0.00024120603 	0.061624902 	-0.013464423 	1.0295694
0.00026130653 	0.061624902 	-0.013464423 	1.0295694
0.00028140704 	0.059364202 	-0.013006975 	1.0298534
0.00030150754 	0.059364202 	-0.013006975 	1.0298534
0.00032160804 	0.059364202 	-0.013006975 	1.0298534
0.00034170854 	0.056892413 	-0.012597403 	1.0301324
0.00036180905 	0.056892413 	-0.012597403 	1.0301324
0.00038190955 	0.056892413 	-0.012597403 	1.0301324
0.00040201005 	0.056240338 	-0.0068608822 	1.0290589
0.00042211055 	0.056240338 	-0.0068608822 	1.0290589
0.00044221106 	0.056240338 	-0.0068608822 	1.0290589
0.00046231156 	0.053698473 	-0.0065880408 	1.0285354
0.00048241206 	0.053698473 	-0.0065880408 	1.0285354
0.00050251256 	0.051170428 	-0.0054131173 	1.0275352
0.00052261307 	0.051170428 	-0.0054131173 	1.0275352
0.00054271357 	0.051170428 	-0.0054131173 	1.0275352
0.00056281407 	0.046761571 	-0.0057949478 	1.0278832
0.00058291457 	0.046761571 	-0.0057949478 	1.0278832
0.00060301508 	0.046761571 	-0.0057949478 	1.0278832
0.00062311558 	0.044353684 	-0.002732716 	1.0263036
0.00064321608 	0.04630119 	-0.00086467074 	1.0243982
0.00066331658 	0.04630119 	-0.00086467074 	1.0243982
0.00068341709 	0.044064951 	0.0021349554 	1.0225547
0.00070351759 	0.044064951 	0.0021349554 	1.0225547
0.00072361809 	0.04202151 	0.0053014825 	1.0206973
0.00074371859 	0.04202151 	0.0053014825 	1.0206973
0.0007638191 	0.04202151 	0.0053014825 	1.0206973
0.0007839196 	0.040178658 	0.0083578487 	1.0188695
0.0008040201 	0.040178658 	0.0083578487 	1.0188695
0.0008241206 	0.040178658 	0.0083578487 	1.0188695
0.00084422111 	0.038495312 	0.011029658 	1.017032
0.00086432161 	0.038495312 	0.011029658 	1.017032
0.00088442211 	0.038495312 	0.011029658 	1.017032
0.00090452261 	0.036915634 	0.013125575 	1.0150675
0.00092462312 	0.03497718 	0.012121879 	1.0169601
0.00094472362 	0.033536046 	0.013644228 	1.0147424
0.00096482412 	0.033536046 	0.013644228 	1.0147424
0.00098492462 	0.033536046 	0.013644228 	1.0147424
0.0010050251 	0.031980505 	0.014628849 	1.0120036
0.0010251256 	0.033583228 	0.01551976 	1.0099608
0.0010452261 	0.033583228 	0.01551976 	1.0099608
0.0010653266 	0.031499206 	0.016160948 	1.0062916
0.0010854271 	0.031499206 	0.016160948 	1.0062916
0.0011055276 	0.031499206 	0.016160948 	1.0062916
0.0011256281 	0.028935001 	0.016870331 	1.0020578
0.0011457286 	0.028935001 	0.016870331 	1.0020578
0.0011658291 	0.028935001 	0.016870331 	1.0020578
0.0011859296 	0.025690273 	0.017946412 	0.99739342
0.0012060302 	0.025690273 	0.017946412 	0.99739342
0.0012261307 	0.025690273 	0.017946412 	0.99739342
0.0012462312 	0.021526329 	0.019390985 	0.99238459
0.0012663317 	0.021526329 	0.019390985 	0.99238459
0.0012864322 	0.021526329 	0.019390985 	0.99238459
0.0013065327 	0.016332912 	0.020936639 	0.98702064
0.0013266332 	0.016332912 	0.020936639 	0.98702064
0.0013467337 	0.016332912 	0.020936639 	0.98702064
0.0013668342 	0.010401863 	0.022559856 	0.98108467
0.0013869347 	0.010401863 	0.022559856 	0.98108467
0.0014070352 	0.010401863 	0.022559856 	0.98108467
0.0014271357 	0.0047790488 	0.025162498 	0.97385464
0.0014472362 	0.0047790488 	0.025162498 	0.97385464
0.0014673367 	0.0047790488 	0.025162498 	0.97385464
0.0014874372 	0.0011793081 	0.030542074 	0.96404631
0.0015075377 	0.0011793081 	0.030542074 	0.96404631
0.0015276382 	0.0011282416 	0.040153557 	0.95068261
0.0015477387 	0.0011282416 	0.040153557 	0.95068261
0.0015678392 	0.0011282416 	0.040153557 	0.95068261
0.0015879397 	0.0048287995 	0.053541753 	0.93435214
0.0016080402 	0.0048287995 	0.053541753 	0.93435214
0.0016281407 	0.0048287995 	0.053541753 	0.93435214
0.0016482412 	0.011014318 	0.068242443 	0.91728853
0.0016683417 	0.011014318 	0.068242443 	0.91728853
0.0016884422 	0.017972135 	0.081208982 	0.90188897
0.0017085427 	0.017972135 	0.081208982 	0.90188897
0.0017286432 	0.017972135 	0.081208982 	0.90188897
0.0017487437 	0.024470137 	0.09027605 	0.88942532
0.0017688442 	0.024470137 	0.09027605 	0.88942532
0.0017889447 	0.024470137 	0.09027605 	0.88942532
0.0018090452 	0.029847671 	0.094490738 	0.88003888
0.0018291457 	0.029847671 	0.094490738 	0.88003888
0.0018492462 	0.033761671 	0.093794856 	0.873423
0.0018693467 	0.033761671 	0.093794856 	0.873423
0.0018894472 	0.033761671 	0.093794856 	0.873423
0.0019095477 	0.036041113 	0.088634763 	0.8693444
0.0019296482 	0.036041113 	0.088634763 	0.8693444
0.0019497487 	0.036632197 	0.079741165 	0.86774042
0.0019698492 	0.036632197 	0.079741165 	0.86774042
0.0019899497 	0.035647128 	0.067920704 	0.86860066
0.0020100503 	0.035647128 	0.067920704 	0.86860066
0.0020301508 	0.035647128 	0.067920704 	0.86860066
0.0020502513 	0.033322946 	0.054027727 	0.87179166
0.0020703518 	0.033322946 	0.054027727 	0.87179166
0.0020904523 	0.030040543 	0.038943455 	0.87693693
0.0021105528 	0.030040543 	0.038943455 	0.87693693
0.0021306533 	0.030040543 	0.038943455 	0.87693693
0.0021507538 	0.026239758 	0.023587484 	0.88331185
0.0021708543 	0.026239758 	0.023587484 	0.88331185
0.0021909548 	0.022382439 	0.008871645 	0.88981014
0.0022110553 	0.022382439 	0.008871645 	0.88981014
0.0022311558 	0.018930078 	-0.0044729227 	0.8950112
0.0022512563 	0.018930078 	-0.0044729227 	0.8950112
0.0022713568 	0.016172993 	-0.015973695 	0.89753696
0.0022914573 	0.016172993 	-0.015973695 	0.89753696
0.0023115578 	0.016172993 	-0.015973695 	0.89753696
0.0023316583 	0.014195474 	-0.025548928 	0.89666468
0.0023517588 	0.014195474 	-0.025548928 	0.89666468
0.0023718593 	0.012849208 	-0.033375901 	0.89279204
0.0023919598 	0.012849208 	-0.033375901 	0.89279204
0.0024120603 	0.011796196 	-0.039761151 	0.88741153
0.0024321608 	0.011796196 	-0.039761151 	0.88741153
0.0024522613 	0.010724332 	-0.045040063 	0.88237958
0.0024723618 	0.010724332 	-0.045040063 	0.88237958
0.0024924623 	0.0095261046 	-0.049537938 	0.87896461
0.0025125628 	0.0095261046 	-0.049537938 	0.87896461
0.0025326633 	0.0083673737 	-0.053501219 	0.87730058
0.0025527638 	0.0083673737 	-0.053501219 	0.87730058
0.0025728643 	0.007589342 	-0.057009889 	0.87653907
0.0025929648 	0.007589342 	-0.057009889 	0.87653907
0.0026130653 	0.0075004045 	-0.060011216 	0.87549297
0.0026331658 	0.0075004045 	-0.060011216 	0.87549297
0.0026532663 	0.0082117077 	-0.062510785 	0.87333861
0.0026733668 	0.0082117077 	-0.062510785 	0.87333861
0.0026934673 	0.0095881343 	-0.06471562 	0.86999131
0.0027135678 	0.0095881343 	-0.06471562 	0.86999131
0.0027336683 	0.011328703 	-0.067006135 	0.86604174
0.0027537688 	0.011328703 	-0.067006135 	0.86604174
0.0027738693 	0.013092012 	-0.069666203 	0.86240416
0.0027939698 	0.013092012 	-0.069666203 	0.86240416
0.0028140704 	0.014587343 	-0.072816474 	0.85992372
0.0028341709 	0.014587343 	-0.072816474 	0.85992372
0.0028542714 	0.015609258 	-0.076524116 	0.85911578
0.0028743719 	0.016065748 	-0.080958933 	0.86008297
0.0028944724 	0.016065748 	-0.080958933 	0.86008297
0.0029145729 	0.016013312 	-0.086423742 	0.86256625
0.0029346734 	0.016013312 	-0.086423742 	0.86256625
0.0029547739 	0.015672595 	-0.093235234 	0.86602416
0.0029748744 	0.015672595 	-0.093235234 	0.86602416
0.0029949749 	0.015424864 	-0.10150388 	0.86964513
0.0030150754 	0.015751435 	-0.11088303 	0.87230223
0.0030351759 	0.015751435 	-0.11088303 	0.87230223
0.0030552764 	0.017110299 	-0.12037325 	0.87257479
0.0030753769 	0.017110299 	-0.12037325 	0.87257479
0.0030954774 	0.019783156 	-0.12830908 	0.86899393
0.0031155779 	0.023733709 	-0.13262368 	0.86052862
0.0031356784 	0.023733709 	-0.13262368 	0.86052862
0.0031557789 	0.028528989 	-0.13140905 	0.84711792
0.0031758794 	0.028528989 	-0.13140905 	0.84711792
0.0031959799 	0.033387819 	-0.12358845 	0.82992289
0.0032160804 	0.037394214 	-0.10942582 	0.81105316
0.0032361809 	0.037394214 	-0.10942582 	0.81105316
0.0032562814 	0.039842893 	-0.090561151 	0.79281795
0.0032763819 	0.04053828 	-0.069437543 	0.77693633
0.0032964824 	0.04053828 	-0.069437543 	0.77693633
0.0033165829 	0.039804111 	-0.048418031 	0.76421124
0.0033366834 	0.038194477 	-0.029144514 	0.75470923
0.0033567839 	0.038194477 	-0.029144514 	0.75470923
0.0033768844 	0.036171521 	-0.012441388 	0.74805306
0.0033969849 	0.034014002 	0.0014194071 	0.74360022
0.0034170854 	0.034014002 	0.0014194071 	0.74360022
0.0034371859 	0.031793747 	0.012424949 	0.74060002
0.0034572864 	0.029508449 	0.020690474 	0.73830899
0.0034773869 	0.027277791 	0.026498715 	0.73622139
0.0034974874 	0.027277791 	0.026498715 	0.73622139
0.0035175879 	0.025246752 	0.030266572 	0.73407759
0.0035376884 	0.023476867 	0.032468133 	0.73170666
0.0035577889 	0.021977212 	0.033562822 	0.72883748
0.0035778894 	0.021977212 	0.033562822 	0.72883748
0.0035979899 	0.020751423 	0.033960516 	0.72496017
0.0036180905 	0.019819219 	0.034010227 	0.7193279
0.003638191 	0.019196122 	0.033967695 	0.71112333
0.0036582915 	0.019196122 	0.033967695 	0.71112333
0.003678392 	0.018835807 	0.033914892 	0.69972749
0.0036984925 	0.018569378 	0.03366414 	0.68492275
0.003718593 	0.0180967 	0.032738403 	0.66675924
0.0037386935 	0.017092789 	0.030525968 	0.64491862
0.003758794 	0.015419057 	0.026582987 	0.61788095
0.0037788945 	0.015419057 	0.026582987 	0.61788095
0.003798995 	0.013277797 	0.020878978 	0.58283897
0.0038190955 	0.01111237 	0.013803205 	0.53714057
0.003839196 	0.0092760735 	0.0060312008 	0.48048789
0.0038592965 	0.0077857499 	-0.0015405393 	0.41581647
0.003879397 	0.0064160956 	-0.007846592 	0.34780361
0.0038994975 	0.0049594116 	-0.011905469 	0.28033709
0.003919598 	0.0033947934 	-0.013173258 	0.21508532
0.0039396985 	0.001890926 	-0.011689367 	0.15181257
0.003959799 	0.00069710727 	-0.0079421961 	0.089746049
0.0039798995 	5.9353016e-05 	-0.0027167713 	0.028990281
0.004 	5.9353016e-05 	-0.0027167713 	0.028990281
