0 	0.0014769403 	0.028726753 	1.0017362
2.0100503e-05 	0.031230671 	0.00050994632 	1.0036716
4.0201005e-05 	0.031230671 	0.00050994632 	1.0036716
6.0301508e-05 	0.031948534 	-0.012520933 	1.005391
8.040201e-05 	0.031948534 	-0.012520933 	1.005391
0.00010050251 	0.031948534 	-0.012520933 	1.005391
0.00012060302 	0.034678626 	-0.015705352 	1.0068183
0.00014070352 	0.034678626 	-0.015705352 	1.0068183
0.00016080402 	0.034678626 	-0.015705352 	1.0068183
0.00018090452 	0.038847408 	-0.017081545 	1.00788
0.00020100503 	0.038847408 	-0.017081545 	1.00788
0.00022110553 	0.038847408 	-0.017081545 	1.00788
0.00024120603 	0.043738835 	-0.017828531 	1.0085244
0.00026130653 	0.043738835 	-0.017828531 	1.0085244
0.00028140704 	0.048942366 	-0.018187483 	1.008762
0.00030150754 	0.048942366 	-0.018187483 	1.008762
0.00032160804 	0.048942366 	-0.018187483 	1.008762
0.00034170854 	0.054169698 	-0.018173148 	1.008681
0.00036180905 	0.054169698 	-0.018173148 	1.008681
0.00038190955 	0.054169698 	-0.018173148 	1.008681
0.00040201005 	0.059217831 	-0.01772197 	1.0084002
0.00042211055 	0.059217831 	-0.01772197 	1.0084002
0.00044221106 	0.059217831 	-0.01772197 	1.0084002
0.00046231156 	0.063967231 	-0.016766828 	1.0080124
0.00048241206 	0.063967231 	-0.016766828 	1.0080124
0.00050251256 	0.06834987 	-0.015271834 	1.0075703
0.00052261307 	0.06834987 	-0.015271834 	1.0075703
0.00054271357 	0.06834987 	-0.015271834 	1.0075703
0.00056281407 	0.072308645 	-0.013258253 	1.0071112
0.00058291457 	0.072308645 	-0.013258253 	1.0071112
0.00060301508 	0.072308645 	-0.013258253 	1.0071112
0.00062311558 	0.069366548 	-0.018680671 	1.006367
0.00064321608 	0.069366548 	-0.018680671 	1.006367
0.00066331658 	0.069366548 	-0.018680671 	1.006367
0.00068341709 	0.072756661 	-0.015356372 	1.0060947
0.00070351759 	0.072756661 	-0.015356372 	1.0060947
0.00072361809 	0.075667906 	-0.011649577 	1.0057222
0.00074371859 	0.075667906 	-0.011649577 	1.0057222
0.0007638191 	0.075667906 	-0.011649577 	1.0057222
0.0007839196 	0.077872451 	-0.0080709912 	1.0042852
0.0008040201 	0.077872451 	-0.0080709912 	1.0042852
0.0008241206 	0.077872451 	-0.0080709912 	1.0042852
0.00084422111 	0.079177933 	-0.0054161894 	1.0003979
0.00086432161 	0.079177933 	-0.0054161894 	1.0003979
0.00088442211 	0.079177933 	-0.0054161894 	1.0003979
0.00090452261 	0.080457515 	-0.0018282446 	0.99282722
0.00092462312 	0.080457515 	-0.0018282446 	0.99282722
0.00094472362 	0.07779851 	-0.0032339178 	0.98873665
0.00096482412 	0.07779851 	-0.0032339178 	0.98873665
0.00098492462 	0.07779851 	-0.0032339178 	0.98873665
0.0010050251 	0.074095585 	-0.0019170394 	0.98892977
0.0010251256 	0.074095585 	-0.0019170394 	0.98892977
0.0010452261 	0.074095585 	-0.0019170394 	0.98892977
0.0010653266 	0.065640144 	0.00017726321 	0.99967617
0.0010854271 	0.065640144 	0.00017726321 	0.99967617
0.0011055276 	0.065640144 	0.00017726321 	0.99967617
0.0011256281 	0.056986165 	0.0018207338 	1.0091786
0.0011457286 	0.056986165 	0.0018207338 	1.0091786
0.0011658291 	0.056986165 	0.0018207338 	1.0091786
0.0011859296 	0.047476552 	0.0020322279 	1.0149188
0.0012060302 	0.047476552 	0.0020322279 	1.0149188
0.0012261307 	0.047476552 	0.0020322279 	1.0149188
0.0012462312 	0.037397188 	0.0009697103 	1.0161927
0.0012663317 	0.037397188 	0.0009697103 	1.0161927
0.0012864322 	0.037397188 	0.0009697103 	1.0161927
0.0013065327 	0.02719781 	0.00059368539 	1.0148574
0.0013266332 	0.02719781 	0.00059368539 	1.0148574
0.0013467337 	0.02719781 	0.00059368539 	1.0148574
0.0013668342 	0.017514695 	0.0034333471 	1.0133924
0.0013869347 	0.017514695 	0.0034333471 	1.0133924
0.0014070352 	0.017514695 	0.0034333471 	1.0133924
0.0014271357 	0.0086312286 	0.010440116 	1.0134025
0.0014472362 	0.0086312286 	0.010440116 	1.0134025
0.0014673367 	0.0086312286 	0.010440116 	1.0134025
0.0014874372 	0.00033076088 	0.020001757 	1.0150095
0.0015075377 	0.00033076088 	0.020001757 	1.0150095
0.0015276382 	-0.0070883712 	0.030238438 	1.0174057
0.0015477387 	-0.0070883712 	0.030238438 	1.0174057
0.0015678392 	-0.0070883712 	0.030238438 	1.0174057
0.0015879397 	-0.012240618 	0.042094369 	1.0183732
0.0016080402 	-0.012240618 	0.042094369 	1.0183732
0.0016281407 	-0.012240618 	0.042094369 	1.0183732
0.0016482412 	-0.013585139 	0.059038337 	1.0133773
0.0016683417 	-0.013585139 	0.059038337 	1.0133773
0.0016884422 	-0.010544844 	0.082920073 	0.99853482
0.0017085427 	-0.010544844 	0.082920073 	0.99853482
0.0017286432 	-0.010544844 	0.082920073 	0.99853482
0.0017487437 	-0.0049419983 	0.10892622 	0.97454135
0.0017688442 	-0.0049419983 	0.10892622 	0.97454135
0.0017889447 	-0.0049419983 	0.10892622 	0.97454135
0.0018090452 	-0.00051180563 	0.12691612 	0.94566534
0.0018291457 	-0.00051180563 	0.12691612 	0.94566534
0.0018492462 	-0.00016165744 	0.12999748 	0.91608294
0.0018693467 	-0.00016165744 	0.12999748 	0.91608294
0.0018894472 	-0.00016165744 	0.12999748 	0.91608294
0.0019095477 	-0.0044756161 	0.11944437 	0.88867437
0.0019296482 	-0.0044756161 	0.11944437 	0.88867437
0.0019497487 	-0.011435385 	0.10163907 	0.86580712
0.0019698492 	-0.011435385 	0.10163907 	0.86580712
0.0019899497 	-0.018399113 	0.083166401 	0.84972532
0.0020100503 	-0.018399113 	0.083166401 	0.84972532
0.0020301508 	-0.018399113 	0.083166401 	0.84972532
0.0020502513 	-0.023896982 	0.067578572 	0.84133899
0.0020703518 	-0.023896982 	0.067578572 	0.84133899
0.0020904523 	-0.027592587 	0.055201984 	0.83991253
0.0021105528 	-0.027592587 	0.055201984 	0.83991253
0.0021306533 	-0.027592587 	0.055201984 	0.83991253
0.0021507538 	-0.029822826 	0.045211125 	0.84393315
0.0021708543 	-0.029822826 	0.045211125 	0.84393315
0.0021909548 	-0.030899427 	0.037155061 	0.8518289
0.0022110553 	-0.030899427 	0.037155061 	0.8518289
0.0022311558 	-0.030922304 	0.031014507 	0.86204638
0.0022512563 	-0.030922304 	0.031014507 	0.86204638
0.0022713568 	-0.02988099 	0.026677586 	0.87307336
0.0022914573 	-0.02988099 	0.026677586 	0.87307336
0.0023115578 	-0.02988099 	0.026677586 	0.87307336
0.0023316583 	-0.027799395 	0.023606158 	0.8836918
0.0023517588 	-0.027799395 	0.023606158 	0.8836918
0.0023718593 	-0.024806619 	0.020962184 	0.89320455
0.0023919598 	-0.024806619 	0.020962184 	0.89320455
0.0024120603 	-0.021077131 	0.017992094 	0.90141075
0.0024321608 	-0.021077131 	0.017992094 	0.90141075
0.0024522613 	-0.01675454 	0.014428083 	0.90826193
0.0024723618 	-0.01675454 	0.014428083 	0.90826193
0.0024924623 	-0.01189022 	0.010556735 	0.91354947
0.0025125628 	-0.01189022 	0.010556735 	0.91354947
0.0025326633 	-0.0064428328 	0.00710462 	0.91676403
0.0025527638 	-0.0064428328 	0.00710462 	0.91676403
0.0025728643 	-0.00041536058 	0.0048624099 	0.917379
0.0025929648 	-0.00041536058 	0.0048624099 	0.917379
0.0026130653 	0.0060300357 	0.0043125605 	0.91519341
0.0026331658 	0.0060300357 	0.0043125605 	0.91519341
0.0026532663 	0.01256667 	0.0054088305 	0.91051637
0.0026733668 	0.01256667 	0.0054088305 	0.91051637
0.0026934673 	0.018812201 	0.007575502 	0.90404222
0.0027135678 	0.018812201 	0.007575502 	0.90404222
0.0027336683 	0.024456985 	0.010006311 	0.89663873
0.0027537688 	0.024456985 	0.010006311 	0.89663873
0.0027738693 	0.029311468 	0.012054299 	0.88924507
0.0027939698 	0.029311468 	0.012054299 	0.88924507
0.0028140704 	0.033240468 	0.013360074 	0.8827684
0.0028341709 	0.033240468 	0.013360074 	0.8827684
0.0028542714 	0.036097066 	0.013773765 	0.87786763
0.0028743719 	0.037729455 	0.013237026 	0.87464093
0.0028944724 	0.037729455 	0.013237026 	0.87464093
0.0029145729 	0.038035638 	0.011743349 	0.87236567
0.0029346734 	0.038035638 	0.011743349 	0.87236567
0.0029547739 	0.0370279 	0.0094589214 	0.86945242
0.0029748744 	0.0370279 	0.0094589214 	0.86945242
0.0029949749 	0.034834004 	0.0069705454 	0.8636993
0.0030150754 	0.031624659 	0.00548196 	0.85276745
0.0030351759 	0.031624659 	0.00548196 	0.85276745
0.0030552764 	0.027537262 	0.0064822519 	0.83472971
0.0030753769 	0.027537262 	0.0064822519 	0.83472971
0.0030954774 	0.022583822 	0.010630406 	0.8087231
0.0031155779 	0.016640935 	0.016587438 	0.77586897
0.0031356784 	0.016640935 	0.016587438 	0.77586897
0.0031557789 	0.0096268433 	0.021252231 	0.73992497
0.0031758794 	0.0096268433 	0.021252231 	0.73992497
0.0031959799 	0.0017495465 	0.021880845 	0.70641772
0.0032160804 	-0.006428551 	0.018243115 	0.68022274
0.0032361809 	-0.006428551 	0.018243115 	0.68022274
0.0032562814 	-0.014186889 	0.012460697 	0.66348244
0.0032763819 	-0.020998833 	0.0067856093 	0.65552757
0.0032964824 	-0.020998833 	0.0067856093 	0.65552757
0.0033165829 	-0.026634257 	0.0018020846 	0.6541808
0.0033366834 	-0.03107026 	-0.0034323605 	0.6567835
0.0033567839 	-0.03107026 	-0.0034323605 	0.6567835
0.0033768844 	-0.034492503 	-0.0099500263 	0.6605055
0.0033969849 	-0.037388525 	-0.017861885 	0.66266331
0.0034170854 	-0.037388525 	-0.017861885 	0.66266331
0.0034371859 	-0.040184705 	-0.026389767 	0.66126897
0.0034572864 	-0.042889929 	-0.034593015 	0.65515953
0.0034773869 	-0.045192944 	-0.04173722 	0.64344539
0.0034974874 	-0.045192944 	-0.04173722 	0.64344539
0.0035175879 	-0.04655236 	-0.047233345 	0.62532939
0.0035376884 	-0.046503673 	-0.05057713 	0.60051747
0.0035577889 	-0.044863119 	-0.051472704 	0.56971236
0.0035778894 	-0.044863119 	-0.051472704 	0.56971236
0.0035979899 	-0.041778311 	-0.049980462 	0.5345891
0.0036180905 	-0.037632722 	-0.046510435 	0.49726319
0.003638191 	-0.032897065 	-0.041676847 	0.45967649
0.0036582915 	-0.032897065 	-0.041676847 	0.45967649
0.003678392 	-0.028012259 	-0.036128325 	0.42322891
0.0036984925 	-0.023327147 	-0.030434192 	0.38870549
0.003718593 	-0.01907792 	-0.025034997 	0.35638536
0.0037386935 	-0.015391335 	-0.020229544 	0.32618693
0.003758794 	-0.012298681 	-0.01617544 	0.29777628
0.0037788945 	-0.012298681 	-0.01617544 	0.29777628
0.003798995 	-0.0097564094 	-0.012903687 	0.27065674
0.0038190955 	-0.0076752714 	-0.01035432 	0.24426229
0.003839196 	-0.0059542863 	-0.0084126926 	0.21804759
0.0038592965 	-0.0045087355 	-0.0069450863 	0.19155127
0.003879397 	-0.0032841468 	-0.0058197877 	0.16442338
0.0038994975 	-0.0022551209 	-0.0049106082 	0.13643095
0.003919598 	-0.0014148676 	-0.0040850392 	0.10746312
0.0039396985 	-0.00076338269 	-0.0031884708 	0.077547338
0.003959799 	-0.00030433103 	-0.002059404 	0.046866538
0.0039798995 	-4.4112076e-05 	-0.00064839514 	0.015735523
0.004 	-4.4112076e-05 	-0.00064839514 	0.015735523
