0 	0.02556022 	-2.2183354e-05 	0.99702759
2.0100503e-05 	0.02556022 	-2.2183354e-05 	0.99702759
4.0201005e-05 	0.02556022 	-2.2183354e-05 	0.99702759
6.0301508e-05 	0.021912262 	0.011422502 	1.0011552
8.040201e-05 	0.021912262 	0.011422502 	1.0011552
0.00010050251 	0.021912262 	0.011422502 	1.0011552
0.00012060302 	0.019422441 	0.013662364 	1.0064513
0.00014070352 	0.019422441 	0.013662364 	1.0064513
0.00016080402 	0.019422441 	0.013662364 	1.0064513
0.00018090452 	0.017786821 	0.013864333 	1.0126895
0.00020100503 	0.017786821 	0.013864333 	1.0126895
0.00022110553 	0.013650717 	0.016902945 	1.013465
0.00024120603 	0.013710081 	0.01489035 	1.0207522
0.00026130653 	0.013710081 	0.01489035 	1.0207522
0.00028140704 	0.015450191 	0.011490676 	1.0267489
0.00030150754 	0.013516137 	0.012559722 	1.0282498
0.00032160804 	0.013516137 	0.012559722 	1.0282498
0.00034170854 	0.013114871 	0.010019131 	1.0355396
0.00036180905 	0.013114871 	0.010019131 	1.0355396
0.00038190955 	0.014439017 	0.0095236149 	1.0338335
0.00040201005 	0.013415329 	0.0074849999 	1.0403933
0.00042211055 	0.013415329 	0.0074849999 	1.0403933
0.00044221106 	0.013415329 	0.0074849999 	1.0403933
0.00046231156 	0.012316 	0.0057330384 	1.0459277
0.00048241206 	0.012316 	0.0057330384 	1.0459277
0.00050251256 	0.011093599 	0.0045112413 	1.0498808
0.00052261307 	0.011093599 	0.0045112413 	1.0498808
0.00054271357 	0.011093599 	0.0045112413 	1.0498808
0.00056281407 	0.0097190816 	0.003872514 	1.0517434
0.00058291457 	0.0097190816 	0.003872514 	1.0517434
0.00060301508 	0.0097190816 	0.003872514 	1.0517434
0.00062311558 	0.0081734929 	0.0037062783 	1.0512461
0.00064321608 	0.0081734929 	0.0037062783 	1.0512461
0.00066331658 	0.0072999794 	0.0025692245 	1.0523781
0.00068341709 	0.0053519138 	0.0024730909 	1.0497281
0.00070351759 	0.0053519138 	0.0024730909 	1.0497281
0.00072361809 	0.0032002233 	0.002593031 	1.0457008
0.00074371859 	0.0032002233 	0.002593031 	1.0457008
0.0007638191 	0.0032002233 	0.002593031 	1.0457008
0.0007839196 	0.002463627 	0.0045791089 	1.0393499
0.0008040201 	0.002463627 	0.0045791089 	1.0393499
0.0008241206 	0.002463627 	0.0045791089 	1.0393499
0.00084422111 	0.00041003693 	0.0050011874 	1.0345754
0.00086432161 	0.00041003693 	0.0050011874 	1.0345754
0.00088442211 	0.00041003693 	0.0050011874 	1.0345754
0.00090452261 	-0.0031151898 	0.0038408319 	1.033083
0.00092462312 	-0.0031151898 	0.0038408319 	1.033083
0.00094472362 	-0.0043359643 	0.0042565293 	1.0300006
0.00096482412 	-0.0043359643 	0.0042565293 	1.0300006
0.00098492462 	-0.0043359643 	0.0042565293 	1.0300006
0.0010050251 	-0.0046927451 	0.0043450159 	1.0272493
0.0010251256 	-0.0046927451 	0.0043450159 	1.0272493
0.0010452261 	-0.0046927451 	0.0043450159 	1.0272493
0.0010653266 	-0.0036913269 	0.0038836115 	1.0247175
0.0010854271 	-0.0036913269 	0.0038836115 	1.0247175
0.0011055276 	-0.0023163457 	0.0031521774 	1.0211824
0.0011256281 	-0.00014795738 	0.00077714488 	1.0187479
0.0011457286 	-0.0012542991 	0.0027930625 	1.0223363
0.0011658291 	-0.0012542991 	0.0027930625 	1.0223363
0.0011859296 	0.0025042211 	0.0011964526 	1.0200292
0.0012060302 	0.0025042211 	0.0011964526 	1.0200292
0.0012261307 	0.0025042211 	0.0011964526 	1.0200292
0.0012462312 	0.0072675214 	-0.00056497613 	1.0177936
0.0012663317 	0.0072675214 	-0.00056497613 	1.0177936
0.0012864322 	0.0072675214 	-0.00056497613 	1.0177936
0.0013065327 	0.012580378 	-0.0020098337 	1.0157407
0.0013266332 	0.012580378 	-0.0020098337 	1.0157407
0.0013467337 	0.012580378 	-0.0020098337 	1.0157407
0.0013668342 	0.017965576 	-0.0027242499 	1.0141165
0.0013869347 	0.017965576 	-0.0027242499 	1.0141165
0.0014070352 	0.017965576 	-0.0027242499 	1.0141165
0.0014271357 	0.022990767 	-0.002571676 	1.013196
0.0014472362 	0.022990767 	-0.002571676 	1.013196
0.0014673367 	0.022990767 	-0.002571676 	1.013196
0.0014874372 	0.027413683 	-0.0016598511 	1.0130994
0.0015075377 	0.027413683 	-0.0016598511 	1.0130994
0.0015276382 	0.031161711 	-0.00025632304 	1.0137098
0.0015477387 	0.031161711 	-0.00025632304 	1.0137098
0.0015678392 	0.031161711 	-0.00025632304 	1.0137098
0.0015879397 	0.034336459 	0.0014113769 	1.0145803
0.0016080402 	0.034336459 	0.0014113769 	1.0145803
0.0016281407 	0.034336459 	0.0014113769 	1.0145803
0.0016482412 	0.037310904 	0.0032672869 	1.0148942
0.0016683417 	0.037310904 	0.0032672869 	1.0148942
0.0016884422 	0.040700403 	0.0054086911 	1.0137761
0.0017085427 	0.040700403 	0.0054086911 	1.0137761
0.0017286432 	0.040700403 	0.0054086911 	1.0137761
0.0017487437 	0.044972058 	0.0079176566 	1.0108109
0.0017688442 	0.044972058 	0.0079176566 	1.0108109
0.0017889447 	0.044972058 	0.0079176566 	1.0108109
0.0018090452 	0.050208479 	0.010767971 	1.0059459
0.0018291457 	0.050208479 	0.010767971 	1.0059459
0.0018492462 	0.056256113 	0.013805653 	0.99920172
0.0018693467 	0.056256113 	0.013805653 	0.99920172
0.0018894472 	0.056256113 	0.013805653 	0.99920172
0.0019095477 	0.062800727 	0.016847171 	0.9905001
0.0019296482 	0.062800727 	0.016847171 	0.9905001
0.0019497487 	0.06948086 	0.01972608 	0.97982693
0.0019698492 	0.06948086 	0.01972608 	0.97982693
0.0019899497 	0.075895869 	0.022257297 	0.96746156
0.0020100503 	0.075895869 	0.022257297 	0.96746156
0.0020301508 	0.075895869 	0.022257297 	0.96746156
0.0020502513 	0.081583171 	0.024221967 	0.95405068
0.0020703518 	0.081583171 	0.024221967 	0.95405068
0.0020904523 	0.085981216 	0.025333236 	0.94051978
0.0021105528 	0.085981216 	0.025333236 	0.94051978
0.0021306533 	0.085981216 	0.025333236 	0.94051978
0.0021507538 	0.088519635 	0.025253812 	0.92788149
0.0021708543 	0.088519635 	0.025253812 	0.92788149
0.0021909548 	0.088628434 	0.023599305 	0.9170881
0.0022110553 	0.088628434 	0.023599305 	0.9170881
0.0022311558 	0.085844976 	0.020022793 	0.90907993
0.0022512563 	0.085844976 	0.020022793 	0.90907993
0.0022713568 	0.079823675 	0.014384407 	0.90483472
0.0022914573 	0.079823675 	0.014384407 	0.90483472
0.0023115578 	0.079823675 	0.014384407 	0.90483472
0.0023316583 	0.070417203 	0.0069588664 	0.90540258
0.0023517588 	0.070417203 	0.0069588664 	0.90540258
0.0023718593 	0.057992384 	-0.00144744 	0.91129826
0.0023919598 	0.057992384 	-0.00144744 	0.91129826
0.0024120603 	0.043686515 	-0.0094864043 	0.92147397
0.0024321608 	0.043686515 	-0.0094864043 	0.92147397
0.0024522613 	0.029470558 	-0.015529907 	0.93209786
0.0024723618 	0.029470558 	-0.015529907 	0.93209786
0.0024924623 	0.017567897 	-0.018140793 	0.93673162
0.0025125628 	0.017567897 	-0.018140793 	0.93673162
0.0025326633 	0.0093399942 	-0.016609102 	0.92880498
0.0025527638 	0.0093399942 	-0.016609102 	0.92880498
0.0025728643 	0.0044557779 	-0.011172685 	0.90567036
0.0025929648 	0.0044557779 	-0.011172685 	0.90567036
0.0026130653 	0.00097871362 	-0.0029271552 	0.87134769
0.0026331658 	0.00097871362 	-0.0029271552 	0.87134769
0.0026532663 	-0.0031287662 	0.0062010279 	0.83465446
0.0026733668 	-0.0031287662 	0.0062010279 	0.83465446
0.0026934673 	-0.0085010448 	0.013956357 	0.80354892
0.0027135678 	-0.0085010448 	0.013956357 	0.80354892
0.0027336683 	-0.01456543 	0.018928728 	0.78107254
0.0027537688 	-0.01456543 	0.018928728 	0.78107254
0.0027738693 	-0.02045572 	0.021104617 	0.76615627
0.0027939698 	-0.02045572 	0.021104617 	0.76615627
0.0028140704 	-0.025638273 	0.021382261 	0.75627811
0.0028341709 	-0.025638273 	0.021382261 	0.75627811
0.0028542714 	-0.029984167 	0.020734603 	0.7492381
0.0028743719 	-0.033581867 	0.019797369 	0.74366517
0.0028944724 	-0.033581867 	0.019797369 	0.74366517
0.0029145729 	-0.036587731 	0.018828998 	0.73889056
0.0029346734 	-0.036587731 	0.018828998 	0.73889056
0.0029547739 	-0.039158714 	0.017825412 	0.7346701
0.0029748744 	-0.039158714 	0.017825412 	0.7346701
0.0029949749 	-0.041410243 	0.016652626 	0.73092374
0.0030150754 	-0.043394326 	0.015152296 	0.72756249
0.0030351759 	-0.043394326 	0.015152296 	0.72756249
0.0030552764 	-0.045095826 	0.013215607 	0.72441201
0.0030753769 	-0.045095826 	0.013215607 	0.72441201
0.0030954774 	-0.046445523 	0.010822595 	0.7212295
0.0031155779 	-0.047353559 	0.0080469407 	0.71777091
0.0031356784 	-0.047353559 	0.0080469407 	0.71777091
0.0031557789 	-0.047751569 	0.0050314323 	0.71385181
0.0031758794 	-0.047751569 	0.0050314323 	0.71385181
0.0031959799 	-0.047630661 	0.0019509382 	0.70936474
0.0032160804 	-0.046945127 	-0.0010244006 	0.70427761
0.0032361809 	-0.046945127 	-0.0010244006 	0.70427761
0.0032562814 	-0.04567426 	-0.0037718379 	0.69859333
0.0032763819 	-0.043897115 	-0.0062203699 	0.6923277
0.0032964824 	-0.043897115 	-0.0062203699 	0.6923277
0.0033165829 	-0.041686172 	-0.0083244801 	0.68549315
0.0033366834 	-0.039107603 	-0.010053533 	0.67809599
0.0033567839 	-0.039107603 	-0.010053533 	0.67809599
0.0033768844 	-0.036234397 	-0.011386231 	0.6701424
0.0033969849 	-0.033148555 	-0.012305369 	0.66164193
0.0034170854 	-0.033148555 	-0.012305369 	0.66164193
0.0034371859 	-0.029934754 	-0.012800628 	0.65261314
0.0034572864 	-0.0266727 	-0.012871584 	0.64308475
0.0034773869 	-0.023436586 	-0.012529655 	0.63309258
0.0034974874 	-0.023436586 	-0.012529655 	0.63309258
0.0035175879 	-0.020296579 	-0.011800761 	0.62267139
0.0035376884 	-0.017312134 	-0.010725292 	0.611842
0.0035577889 	-0.01453097 	-0.0093557798 	0.60059371
0.0035778894 	-0.01453097 	-0.0093557798 	0.60059371
0.0035979899 	-0.011988148 	-0.0077530835 	0.58886515
0.0036180905 	-0.009707687 	-0.0059817101 	0.57652486
0.003638191 	-0.0077045836 	-0.0041056679 	0.56335353
0.0036582915 	-0.0077045836 	-0.0041056679 	0.56335353
0.003678392 	-0.0059842763 	-0.0021873895 	0.54903022
0.0036984925 	-0.004543332 	-0.00028674009 	0.53312754
0.003718593 	-0.0033695085 	0.0015372172 	0.51512042
0.0037386935 	-0.0024420329 	0.0032242608 	0.49441447
0.003758794 	-0.0017333275 	0.0047116879 	0.47039752
0.0037788945 	-0.0017333275 	0.0047116879 	0.47039752
0.003798995 	-0.0012104473 	0.0059348947 	0.44251323
0.0038190955 	-0.00083806598 	0.0068291492 	0.41034485
0.003839196 	-0.00057984328 	0.0073371687 	0.37370412
0.0038592965 	-0.0004013149 	0.0074186459 	0.33268764
0.003879397 	-0.00027405119 	0.0070615369 	0.28768546
0.0038994975 	-0.00017790178 	0.0062912015 	0.23932995
0.003919598 	-0.00010211124 	0.0051726878 	0.18839159
0.0039396985 	-4.4613147e-05 	0.0038022 	0.13565125
0.003959799 	-8.3689496e-06 	0.0022898854 	0.081796289
0.0039798995 	1.7924889e-06 	0.00074321977 	0.027390162
0.004 	1.7924889e-06 	0.00074321977 	0.027390162
