0 	-0.0058416058 	-0.012022688 	1.0279468
2.0100503e-05 	0.013597184 	-0.0046995207 	1.0266562
4.0201005e-05 	0.013597184 	-0.0046995207 	1.0266562
6.0301508e-05 	0.014101242 	0.003667682 	1.0245177
8.040201e-05 	0.014101242 	0.003667682 	1.0245177
0.00010050251 	0.014101242 	0.003667682 	1.0245177
0.00012060302 	0.011981613 	0.0069202886 	1.021436
0.00014070352 	0.011981613 	0.0069202886 	1.021436
0.00016080402 	0.011981613 	0.0069202886 	1.021436
0.00018090452 	0.0088132792 	0.0085018561 	1.0176552
0.00020100503 	0.0088132792 	0.0085018561 	1.0176552
0.00022110553 	0.0088132792 	0.0085018561 	1.0176552
0.00024120603 	0.0048490647 	0.0087955583 	1.0138631
0.00026130653 	0.0048490647 	0.0087955583 	1.0138631
0.00028140704 	0.00049553983 	0.0079593597 	1.0109773
0.00030150754 	0.00049553983 	0.0079593597 	1.0109773
0.00032160804 	0.00049553983 	0.0079593597 	1.0109773
0.00034170854 	-0.0037503586 	0.0065874893 	1.0097191
0.00036180905 	-0.0037503586 	0.0065874893 	1.0097191
0.00038190955 	-0.0037503586 	0.0065874893 	1.0097191
0.00040201005 	-0.0074884536 	0.0056543276 	1.0102997
0.00042211055 	-0.0074884536 	0.0056543276 	1.0102997
0.00044221106 	-0.0074884536 	0.0056543276 	1.0102997
0.00046231156 	-0.010515999 	0.0059057387 	1.0123778
0.00048241206 	-0.010515999 	0.0059057387 	1.0123778
0.00050251256 	-0.01279905 	0.0074338656 	1.0151908
0.00052261307 	-0.01279905 	0.0074338656 	1.0151908
0.00054271357 	-0.01279905 	0.0074338656 	1.0151908
0.00056281407 	-0.014392578 	0.0098353523 	1.0178369
0.00058291457 	-0.014392578 	0.0098353523 	1.0178369
0.00060301508 	-0.014392578 	0.0098353523 	1.0178369
0.00062311558 	-0.015395038 	0.012622022 	1.0195709
0.00064321608 	-0.015395038 	0.012622022 	1.0195709
0.00066331658 	-0.015395038 	0.012622022 	1.0195709
0.00068341709 	-0.015939141 	0.015469064 	1.0200116
0.00070351759 	-0.015939141 	0.015469064 	1.0200116
0.00072361809 	-0.016196778 	0.018224406 	1.0191931
0.00074371859 	-0.016196778 	0.018224406 	1.0191931
0.0007638191 	-0.016196778 	0.018224406 	1.0191931
0.0007839196 	-0.016365404 	0.020742917 	1.0174725
0.0008040201 	-0.016365404 	0.020742917 	1.0174725
0.0008241206 	-0.016365404 	0.020742917 	1.0174725
0.00084422111 	-0.016641565 	0.022733378 	1.0153487
0.00086432161 	-0.016641565 	0.022733378 	1.0153487
0.00088442211 	-0.016641565 	0.022733378 	1.0153487
0.00090452261 	-0.017209472 	0.023782178 	1.0132475
0.00092462312 	-0.017209472 	0.023782178 	1.0132475
0.00094472362 	-0.0182618 	0.023586322 	1.0113036
0.00096482412 	-0.0182618 	0.023586322 	1.0113036
0.00098492462 	-0.0182618 	0.023586322 	1.0113036
0.0010050251 	-0.022032141 	0.020102316 	1.0088674
0.0010251256 	-0.022032141 	0.020102316 	1.0088674
0.0010452261 	-0.022032141 	0.020102316 	1.0088674
0.0010653266 	-0.024849832 	0.016492991 	1.0053537
0.0010854271 	-0.024849832 	0.016492991 	1.0053537
0.0011055276 	-0.024849832 	0.016492991 	1.0053537
0.0011256281 	-0.02933531 	0.012073796 	1.0009446
0.0011457286 	-0.02933531 	0.012073796 	1.0009446
0.0011658291 	-0.02933531 	0.012073796 	1.0009446
0.0011859296 	-0.036049562 	0.0065896763 	0.99683136
0.0012060302 	-0.036049562 	0.0065896763 	0.99683136
0.0012261307 	-0.036049562 	0.0065896763 	0.99683136
0.0012462312 	-0.044892375 	-0.00094959273 	0.99473636
0.0012663317 	-0.044892375 	-0.00094959273 	0.99473636
0.0012864322 	-0.044892375 	-0.00094959273 	0.99473636
0.0013065327 	-0.054581885 	-0.011109617 	0.99537949
0.0013266332 	-0.054581885 	-0.011109617 	0.99537949
0.0013467337 	-0.054581885 	-0.011109617 	0.99537949
0.0013668342 	-0.06347861 	-0.022724598 	0.99754488
0.0013869347 	-0.06347861 	-0.022724598 	0.99754488
0.0014070352 	-0.06347861 	-0.022724598 	0.99754488
0.0014271357 	-0.070796096 	-0.033733826 	0.99747017
0.0014472362 	-0.070796096 	-0.033733826 	0.99747017
0.0014673367 	-0.070796096 	-0.033733826 	0.99747017
0.0014874372 	-0.076328095 	-0.043085804 	0.9900571
0.0015075377 	-0.076328095 	-0.043085804 	0.9900571
0.0015276382 	-0.079615255 	-0.050300375 	0.97300118
0.0015477387 	-0.079615255 	-0.050300375 	0.97300118
0.0015678392 	-0.079615255 	-0.050300375 	0.97300118
0.0015879397 	-0.080052515 	-0.054799073 	0.94945054
0.0016080402 	-0.080052515 	-0.054799073 	0.94945054
0.0016281407 	-0.080052515 	-0.054799073 	0.94945054
0.0016482412 	-0.077622335 	-0.056858817 	0.92535711
0.0016683417 	-0.077622335 	-0.056858817 	0.92535711
0.0016884422 	-0.072979242 	-0.057560678 	0.90530634
0.0017085427 	-0.072979242 	-0.057560678 	0.90530634
0.0017286432 	-0.072979242 	-0.057560678 	0.90530634
0.0017487437 	-0.067176554 	-0.057564664 	0.89120947
0.0017688442 	-0.067176554 	-0.057564664 	0.89120947
0.0017889447 	-0.067176554 	-0.057564664 	0.89120947
0.0018090452 	-0.061652349 	-0.056720874 	0.88281924
0.0018291457 	-0.061652349 	-0.056720874 	0.88281924
0.0018492462 	-0.057899723 	-0.054552521 	0.87801132
0.0018693467 	-0.057899723 	-0.054552521 	0.87801132
0.0018894472 	-0.057899723 	-0.054552521 	0.87801132
0.0019095477 	-0.056622511 	-0.050783767 	0.87381972
0.0019296482 	-0.056622511 	-0.050783767 	0.87381972
0.0019497487 	-0.057276122 	-0.045347988 	0.86821903
0.0019698492 	-0.057276122 	-0.045347988 	0.86821903
0.0019899497 	-0.057276122 	-0.045347988 	0.86821903
0.0020100503 	-0.058573724 	-0.038065013 	0.86111074
0.0020301508 	-0.058573724 	-0.038065013 	0.86111074
0.0020502513 	-0.059335019 	-0.028820437 	0.8536503
0.0020703518 	-0.059335019 	-0.028820437 	0.8536503
0.0020904523 	-0.059043529 	-0.018069548 	0.84673605
0.0021105528 	-0.059043529 	-0.018069548 	0.84673605
0.0021306533 	-0.059043529 	-0.018069548 	0.84673605
0.0021507538 	-0.05779271 	-0.0068257089 	0.84032707
0.0021708543 	-0.05779271 	-0.0068257089 	0.84032707
0.0021909548 	-0.055947758 	0.0038272911 	0.83385476
0.0022110553 	-0.055947758 	0.0038272911 	0.83385476
0.0022311558 	-0.053943051 	0.013051867 	0.82675429
0.0022512563 	-0.053943051 	0.013051867 	0.82675429
0.0022713568 	-0.052158569 	0.0203855 	0.81869678
0.0022914573 	-0.052158569 	0.0203855 	0.81869678
0.0023115578 	-0.052158569 	0.0203855 	0.81869678
0.0023316583 	-0.050896427 	0.025711071 	0.8096515
0.0023517588 	-0.050896427 	0.025711071 	0.8096515
0.0023718593 	-0.050380444 	0.02920439 	0.79985997
0.0023919598 	-0.050380444 	0.02920439 	0.79985997
0.0024120603 	-0.050681733 	0.03127417 	0.78969643
0.0024321608 	-0.050681733 	0.03127417 	0.78969643
0.0024522613 	-0.051695816 	0.032610031 	0.7795174
0.0024723618 	-0.051695816 	0.032610031 	0.7795174
0.0024924623 	-0.0531527 	0.034114153 	0.76965676
0.0025125628 	-0.0531527 	0.034114153 	0.76965676
0.0025326633 	-0.054654933 	0.03670674 	0.76053008
0.0025527638 	-0.054654933 	0.03670674 	0.76053008
0.0025728643 	-0.055831546 	0.040991157 	0.7526907
0.0025929648 	-0.055831546 	0.040991157 	0.7526907
0.0026130653 	-0.056430654 	0.046975863 	0.74666527
0.0026331658 	-0.056430654 	0.046975863 	0.74666527
0.0026532663 	-0.056387614 	0.054105088 	0.74267007
0.0026733668 	-0.056387614 	0.054105088 	0.74267007
0.0026934673 	-0.055731688 	0.061533005 	0.74036165
0.0027135678 	-0.055731688 	0.061533005 	0.74036165
0.0027336683 	-0.05453443 	0.068395377 	0.7389276
0.0027537688 	-0.05453443 	0.068395377 	0.7389276
0.0027738693 	-0.05289695 	0.073960059 	0.7373642
0.0027939698 	-0.05289695 	0.073960059 	0.7373642
0.0028140704 	-0.050926716 	0.077676264 	0.73481416
0.0028341709 	-0.050926716 	0.077676264 	0.73481416
0.0028542714 	-0.048754257 	0.079211735 	0.73081104
0.0028743719 	-0.046502596 	0.078538145 	0.72532461
0.0028944724 	-0.046502596 	0.078538145 	0.72532461
0.0029145729 	-0.044281137 	0.075953885 	0.71868184
0.0029346734 	-0.044281137 	0.075953885 	0.71868184
0.0029547739 	-0.04216691 	0.071988449 	0.71139148
0.0029748744 	-0.04216691 	0.071988449 	0.71139148
0.0029949749 	-0.040169066 	0.067232913 	0.70397531
0.0030150754 	-0.03826116 	0.062186871 	0.69684921
0.0030351759 	-0.03826116 	0.062186871 	0.69684921
0.0030552764 	-0.036438857 	0.057173326 	0.69031064
0.0030753769 	-0.036438857 	0.057173326 	0.69031064
0.0030954774 	-0.034765672 	0.052312449 	0.68457544
0.0031155779 	-0.033368701 	0.047533259 	0.67986012
0.0031356784 	-0.033368701 	0.047533259 	0.67986012
0.0031557789 	-0.03238013 	0.042606424 	0.67637031
0.0031758794 	-0.03238013 	0.042606424 	0.67637031
0.0031959799 	-0.031882258 	0.037187886 	0.67427468
0.0032160804 	-0.031868002 	0.030930067 	0.67356097
0.0032361809 	-0.031868002 	0.030930067 	0.67356097
0.0032562814 	-0.032257886 	0.023651898 	0.67384607
0.0032763819 	-0.032925789 	0.015529181 	0.67417521
0.0032964824 	-0.032925789 	0.015529181 	0.67417521
0.0033165829 	-0.033741429 	0.0071850858 	0.67296156
0.0033366834 	-0.034605872 	-0.00042682758 	0.66830729
0.0033567839 	-0.034605872 	-0.00042682758 	0.66830729
0.0033768844 	-0.035453868 	-0.0063193029 	0.65861879
0.0033969849 	-0.03621661 	-0.0098289427 	0.64322122
0.0034170854 	-0.03621661 	-0.0098289427 	0.64322122
0.0034371859 	-0.036836952 	-0.010925395 	0.6228446
0.0034572864 	-0.037304344 	-0.010261852 	0.5992177
0.0034773869 	-0.037572339 	-0.0088638872 	0.57438995
0.0034974874 	-0.037572339 	-0.0088638872 	0.57438995
0.0035175879 	-0.037549426 	-0.0076291336 	0.55001897
0.0035376884 	-0.037154604 	-0.0069898625 	0.52700776
0.0035577889 	-0.03634083 	-0.0069315764 	0.50562691
0.0035778894 	-0.03634083 	-0.0069315764 	0.50562691
0.0035979899 	-0.035079871 	-0.0072297206 	0.48578873
0.0036180905 	-0.033368047 	-0.0076726375 	0.46722778
0.003638191 	-0.031233108 	-0.0081534028 	0.44959419
0.0036582915 	-0.031233108 	-0.0081534028 	0.44959419
0.003678392 	-0.028733413 	-0.0086573318 	0.43249336
0.0036984925 	-0.025951644 	-0.0092088685 	0.41551022
0.003718593 	-0.022986776 	-0.0098225417 	0.39821924
0.0037386935 	-0.019947101 	-0.010479071 	0.38018819
0.003758794 	-0.016944301 	-0.011124965 	0.36097841
0.0037788945 	-0.016944301 	-0.011124965 	0.36097841
0.003798995 	-0.014080087 	-0.011684367 	0.34014476
0.0038190955 	-0.011424139 	-0.01207065 	0.31723598
0.003839196 	-0.0090226371 	-0.012197546 	0.29181432
0.0038592965 	-0.0069025952 	-0.011989355 	0.2634877
0.003879397 	-0.0050632358 	-0.011388259 	0.231949
0.0038994975 	-0.0034914329 	-0.010362892 	0.19702471
0.003919598 	-0.0021782298 	-0.0089133794 	0.15870816
0.0039396985 	-0.0011339086 	-0.0070608113 	0.11715742
0.003959799 	-0.00039446644 	-0.0047985389 	0.072625959
0.0039798995 	-3.0504204e-05 	-0.0019706651 	0.025293046
0.004 	-3.0504204e-05 	-0.0019706651 	0.025293046
