0 	0.026403294 	-0.048151814 	2.0310874
2.0100503e-05 	0.040037724 	0.031878772 	2.0439624
4.0201005e-05 	0.040037724 	0.031878772 	2.0439624
6.0301508e-05 	0.012279344 	0.032225285 	2.0746598
8.040201e-05 	0.012279344 	0.032225285 	2.0746598
0.00010050251 	0.012279344 	0.032225285 	2.0746598
0.00012060302 	0.0033281932 	0.026987984 	2.0679716
0.00014070352 	0.0033281932 	0.026987984 	2.0679716
0.00016080402 	0.0033281932 	0.026987984 	2.0679716
0.00018090452 	0.004207827 	0.0091377927 	2.0701712
0.00020100503 	0.004207827 	0.0091377927 	2.0701712
0.00022110553 	0.004207827 	0.0091377927 	2.0701712
0.00024120603 	0.0074328141 	-0.0030101391 	2.0866664
0.00026130653 	0.0074328141 	-0.0030101391 	2.0866664
0.00028140704 	0.021419464 	-0.0034289042 	2.0904527
0.00030150754 	0.021419464 	-0.0034289042 	2.0904527
0.00032160804 	0.021419464 	-0.0034289042 	2.0904527
0.00034170854 	0.031068654 	0.013809042 	2.092183
0.00036180905 	0.031068654 	0.013809042 	2.092183
0.00038190955 	0.031068654 	0.013809042 	2.092183
0.00040201005 	0.029103333 	0.022922001 	2.0774104
0.00042211055 	0.029103333 	0.022922001 	2.0774104
0.00044221106 	0.029103333 	0.022922001 	2.0774104
0.00046231156 	0.0222278 	0.023665167 	2.0779898
0.00048241206 	0.0222278 	0.023665167 	2.0779898
0.00050251256 	0.0080623886 	0.023025385 	2.0700763
0.00052261307 	0.0080623886 	0.023025385 	2.0700763
0.00054271357 	0.0080623886 	0.023025385 	2.0700763
0.00056281407 	0.011075832 	0.011763341 	2.0572968
0.00058291457 	0.011075832 	0.011763341 	2.0572968
0.00060301508 	0.011075832 	0.011763341 	2.0572968
0.00062311558 	0.0039283151 	0.0075953848 	2.0563312
0.00064321608 	0.0039283151 	0.0075953848 	2.0563312
0.00066331658 	0.0039283151 	0.0075953848 	2.0563312
0.00068341709 	0.014331591 	0.0096249752 	2.0499707
0.00070351759 	0.014331591 	0.0096249752 	2.0499707
0.00072361809 	0.013766617 	-0.0010914528 	2.0504891
0.00074371859 	0.013766617 	-0.0010914528 	2.0504891
0.0007638191 	0.013766617 	-0.0010914528 	2.0504891
0.0007839196 	0.0094034829 	-0.0091659359 	2.0375097
0.0008040201 	0.0094034829 	-0.0091659359 	2.0375097
0.0008241206 	0.0094034829 	-0.0091659359 	2.0375097
0.00084422111 	0.01783283 	-0.010520739 	2.0247056
0.00086432161 	0.01783283 	-0.010520739 	2.0247056
0.00088442211 	0.01783283 	-0.010520739 	2.0247056
0.00090452261 	0.026727944 	-0.012937367 	2.0461082
0.00092462312 	0.026727944 	-0.012937367 	2.0461082
0.00094472362 	0.023105418 	-0.020166107 	2.0484365
0.00096482412 	0.023105418 	-0.020166107 	2.0484365
0.00098492462 	0.023105418 	-0.020166107 	2.0484365
0.0010050251 	0.023211536 	-0.0011238585 	2.0009705
0.0010251256 	0.023211536 	-0.0011238585 	2.0009705
0.0010452261 	0.023211536 	-0.0011238585 	2.0009705
0.0010653266 	0.034053589 	0.022478699 	2.000254
0.0010854271 	0.034053589 	0.022478699 	2.000254
0.0011055276 	0.02849594 	0.030624352 	1.9954208
0.0011256281 	0.0078929893 	0.026948431 	2.0066734
0.0011457286 	0.0078929893 	0.026948431 	2.0066734
0.0011658291 	0.0045975266 	0.01585256 	1.973185
0.0011859296 	0.017213281 	-0.0013654249 	1.9917391
0.0012060302 	0.017213281 	-0.0013654249 	1.9917391
0.0012261307 	0.017213281 	-0.0013654249 	1.9917391
0.0012462312 	0.027416189 	-0.029403155 	1.9983707
0.0012663317 	0.027416189 	-0.029403155 	1.9983707
0.0012864322 	0.027416189 	-0.029403155 	1.9983707
0.0013065327 	0.06507587 	-0.058394326 	2.0019379
0.0013266332 	0.06507587 	-0.058394326 	2.0019379
0.0013467337 	0.06507587 	-0.058394326 	2.0019379
0.0013668342 	0.057949366 	-0.077821673 	1.9916298
0.0013869347 	0.057949366 	-0.077821673 	1.9916298
0.0014070352 	0.057949366 	-0.077821673 	1.9916298
0.0014271357 	0.047143846 	-0.061448552 	1.9894115
0.0014472362 	0.047143846 	-0.061448552 	1.9894115
0.0014673367 	0.047143846 	-0.061448552 	1.9894115
0.0014874372 	0.051065844 	-0.034177987 	1.9672178
0.0015075377 	0.051065844 	-0.034177987 	1.9672178
0.0015276382 	0.035005654 	-0.011916704 	2.0171578
0.0015477387 	0.035005654 	-0.011916704 	2.0171578
0.0015678392 	0.035005654 	-0.011916704 	2.0171578
0.0015879397 	0.013554513 	0.026869801 	2.0050297
0.0016080402 	0.013554513 	0.026869801 	2.0050297
0.0016281407 	0.013554513 	0.026869801 	2.0050297
0.0016482412 	0.02720078 	0.031060244 	1.9327118
0.0016683417 	0.02720078 	0.031060244 	1.9327118
0.0016884422 	0.036187706 	0.027201286 	1.9697427
0.0017085427 	0.036187706 	0.027201286 	1.9697427
0.0017286432 	0.036187706 	0.027201286 	1.9697427
0.0017487437 	0.042256305 	0.031618791 	1.9881857
0.0017688442 	0.042256305 	0.031618791 	1.9881857
0.0017889447 	0.042256305 	0.031618791 	1.9881857
0.0018090452 	0.041347451 	0.023315974 	1.9570117
0.0018291457 	0.041347451 	0.023315974 	1.9570117
0.0018492462 	0.059605051 	0.034041495 	1.9552188
0.0018693467 	0.059605051 	0.034041495 	1.9552188
0.0018894472 	0.059605051 	0.034041495 	1.9552188
0.0019095477 	0.064709508 	0.015588972 	1.9746196
0.0019296482 	0.064709508 	0.015588972 	1.9746196
0.0019497487 	0.075403126 	0.045646202 	1.9475508
0.0019698492 	0.075403126 	0.045646202 	1.9475508
0.0019899497 	0.075403126 	0.045646202 	1.9475508
0.0020100503 	0.065491437 	0.07024188 	1.9430206
0.0020301508 	0.065491437 	0.07024188 	1.9430206
0.0020502513 	0.049230732 	0.046005763 	1.9687532
0.0020703518 	0.049230732 	0.046005763 	1.9687532
0.0020904523 	0.053784933 	-0.0039786153 	1.9289116
0.0021105528 	0.053784933 	-0.0039786153 	1.9289116
0.0021306533 	0.053784933 	-0.0039786153 	1.9289116
0.0021507538 	0.046437201 	-0.02007745 	1.8514999
0.0021708543 	0.046437201 	-0.02007745 	1.8514999
0.0021909548 	0.013232784 	-0.026614262 	1.90228
0.0022110553 	0.013232784 	-0.026614262 	1.90228
0.0022311558 	-0.022808836 	-0.034710133 	1.8919892
0.0022512563 	-0.022808836 	-0.034710133 	1.8919892
0.0022713568 	-0.031080008 	-0.027287627 	1.8539944
0.0022914573 	-0.031080008 	-0.027287627 	1.8539944
0.0023115578 	-0.031080008 	-0.027287627 	1.8539944
0.0023316583 	-0.024228971 	-0.030353357 	1.8601839
0.0023517588 	-0.024228971 	-0.030353357 	1.8601839
0.0023718593 	-0.01085597 	-0.010700858 	1.8716808
0.0023919598 	-0.01085597 	-0.010700858 	1.8716808
0.0024120603 	0.0025264664 	-0.0089210363 	1.8766547
0.0024321608 	0.0025264664 	-0.0089210363 	1.8766547
0.0024522613 	0.013428518 	-0.019303622 	1.8035673
0.0024723618 	0.013428518 	-0.019303622 	1.8035673
0.0024924623 	0.0016927953 	-0.016713307 	1.7561702
0.0025125628 	0.0016927953 	-0.016713307 	1.7561702
0.0025326633 	0.0038134949 	-0.018607716 	1.7564725
0.0025527638 	0.0038134949 	-0.018607716 	1.7564725
0.0025728643 	-0.0019428047 	-0.056722599 	1.793293
0.0025929648 	-0.0019428047 	-0.056722599 	1.793293
0.0026130653 	-0.024640975 	-0.074363456 	1.8035333
0.0026331658 	-0.024640975 	-0.074363456 	1.8035333
0.0026532663 	-0.035475479 	-0.019495939 	1.7732878
0.0026733668 	-0.035475479 	-0.019495939 	1.7732878
0.0026934673 	-0.053702284 	-0.015980043 	1.7509816
0.0027135678 	-0.053702284 	-0.015980043 	1.7509816
0.0027336683 	-0.063912876 	-0.038260334 	1.7224917
0.0027537688 	-0.063912876 	-0.038260334 	1.7224917
0.0027738693 	-0.053611866 	-0.053522991 	1.7054013
0.0027939698 	-0.053611866 	-0.053522991 	1.7054013
0.0028140704 	-0.052329259 	-0.064605713 	1.7528068
0.0028341709 	-0.052329259 	-0.064605713 	1.7528068
0.0028542714 	-0.040270913 	-0.036915774 	1.7937521
0.0028743719 	-0.038974487 	-0.027649549 	1.8216189
0.0028944724 	-0.038974487 	-0.027649549 	1.8216189
0.0029145729 	-0.043380327 	-0.071086257 	1.7944564
0.0029346734 	-0.043380327 	-0.071086257 	1.7944564
0.0029547739 	-0.034123054 	-0.073475871 	1.7506362
0.0029748744 	-0.034123054 	-0.073475871 	1.7506362
0.0029949749 	-0.02995424 	-0.072193334 	1.7535465
0.0030150754 	-0.023573842 	-0.081238767 	1.7512721
0.0030351759 	-0.023573842 	-0.081238767 	1.7512721
0.0030552764 	-0.02234038 	-0.068498828 	1.7460258
0.0030753769 	-0.02234038 	-0.068498828 	1.7460258
0.0030954774 	-0.019495804 	-0.058174705 	1.7410266
0.0031155779 	-0.018309728 	-0.058479022 	1.7284746
0.0031356784 	-0.018309728 	-0.058479022 	1.7284746
0.0031557789 	-0.028373136 	-0.044517836 	1.7297331
0.0031758794 	-0.028373136 	-0.044517836 	1.7297331
0.0031959799 	-0.033560314 	-0.020482898 	1.7234297
0.0032160804 	-0.037464367 	-0.021362413 	1.6973244
0.0032361809 	-0.037464367 	-0.021362413 	1.6973244
0.0032562814 	-0.050876794 	-0.018646147 	1.599331
0.0032763819 	-0.077921912 	-0.025421894 	1.5609323
0.0032964824 	-0.077921912 	-0.025421894 	1.5609323
0.0033165829 	-0.10223046 	-0.042080295 	1.6274531
0.0033366834 	-0.09380837 	-0.021747161 	1.6637028
0.0033567839 	-0.09380837 	-0.021747161 	1.6637028
0.0033768844 	-0.080673392 	-0.0019362322 	1.6628053
0.0033969849 	-0.077182588 	-0.013529296 	1.6865684
0.0034170854 	-0.077182588 	-0.013529296 	1.6865684
0.0034371859 	-0.077155011 	-0.048373299 	1.7183833
0.0034572864 	-0.083053066 	-0.05655297 	1.7344347
0.0034773869 	-0.076693644 	-0.04351231 	1.716617
0.0034974874 	-0.076693644 	-0.04351231 	1.716617
0.0035175879 	-0.067591609 	0.013215371 	1.686914
0.0035376884 	-0.054048023 	0.069750864 	1.6969586
0.0035577889 	-0.034434411 	0.084505276 	1.6568889
0.0035778894 	-0.034434411 	0.084505276 	1.6568889
0.0035979899 	-0.011160876 	0.039367123 	1.5693817
0.0036180905 	0.0004057344 	-0.00032560293 	1.503246
0.003638191 	-0.004368483 	-0.01727586 	1.4870354
0.0036582915 	-0.004368483 	-0.01727586 	1.4870354
0.003678392 	-0.0062617589 	-0.0094327362 	1.4865793
0.0036984925 	-1.0146986e-05 	0.0064957334 	1.5266552
0.003718593 	0.0081341747 	0.027894101 	1.581222
0.0037386935 	0.0045314752 	0.046569161 	1.5814706
0.003758794 	0.0025870734 	0.047327597 	1.55875
0.0037788945 	0.0025870734 	0.047327597 	1.55875
0.003798995 	-0.0036058219 	0.07489893 	1.534002
0.0038190955 	-0.012972318 	0.13531341 	1.5050526
0.003839196 	-0.011889624 	0.13864769 	1.5195922
0.0038592965 	-0.010682345 	0.079326539 	1.5407207
0.003879397 	0.017814893 	0.027076548 	1.6035781
0.0038994975 	0.020115069 	0.0064123708 	1.6219035
0.003919598 	0.057671239 	0.17381313 	1.5529856
0.0039396985 	0.00091724572 	-0.015990532 	1.3979438
0.003959799 	-0.0073306576 	-0.048809925 	1.4575616
0.0039798995 	-0.0089457745 	-0.12150158 	0.45944073
0.004 	-0.0089457745 	-0.12150158 	0.45944073
