0 	0.037058573 	0.017279611 	2.0770569
5.5555556e-05 	-0.017463525 	0.0031509596 	2.0587132
0.00011111111 	-0.0083705973 	-0.014831912 	2.0392196
0.00016666667 	0.0016135665 	-0.026087621 	2.0303864
0.00022222222 	0.0068061717 	-0.026834801 	2.0336343
0.00027777778 	0.01079479 	-0.018423879 	2.0370881
0.00033333333 	0.0097532955 	-0.021051052 	2.0460154
0.00038888889 	0.0099483167 	-0.030551856 	2.0547005
0.00044444444 	0.012596823 	-0.027642792 	2.0631451
0.0005 	0.010758788 	-0.028703705 	2.0761018
0.00055555556 	0.0039280624 	-0.025909189 	2.0905536
0.00061111111 	0.0010976452 	-0.01068449 	2.0842507
0.00066666667 	-0.0033082316 	-0.005396889 	2.069995
0.00072222222 	-0.0051737144 	-0.0086996451 	2.0668287
0.00077777778 	-0.0091641105 	-0.015171286 	2.0846014
0.00083333333 	-0.012081747 	-0.021931843 	2.094232
0.00088888889 	-0.014294629 	-0.021323615 	2.0649545
0.00094444444 	-0.022828458 	-0.018691617 	2.0610741
0.001 	-0.029980261 	-0.030369934 	2.0605122
0.0010617199 	-0.036167584 	-0.033536845 	2.0209403
0.0011225874 	-0.04209997 	-0.038912939 	1.991661
0.0011826143 	-0.032564007 	-0.036319763 	1.9998741
0.0012418122 	-0.025979362 	-0.01530095 	2.0393361
0.0013001926 	-0.0098370534 	-0.0015036873 	2.0963344
0.0013577668 	0.006481863 	-0.012274014 	2.0845291
0.0014145458 	0.023428352 	-0.0069727028 	2.0566659
0.0014705407 	0.028612598 	0.0086113763 	2.0266541
0.0015257623 	0.021891528 	0.0098599781 	2.0310604
0.0015802213 	0.01365684 	0.012765534 	2.0228564
0.0016339282 	0.0089708437 	0.015791959 	2.0255095
0.0016868934 	-0.0012033756 	0.010197982 	2.0377383
0.0017391271 	0.010798485 	0.012316815 	2.0365616
0.0017906395 	0.0097280388 	0.024488374 	2.0324924
0.0018414404 	0.010269663 	0.052887993 	1.9954988
0.0018915398 	-0.0017594905 	0.060586756 	1.9408134
0.0019409473 	-0.026811924 	0.020312688 	1.8969476
0.0019896725 	-0.039389603 	-0.0025275176 	1.8776136
0.0020377248 	-0.049359121 	-0.04178496 	1.8566802
0.0020851134 	-0.034330505 	-0.086416507 	1.7994799
0.0021318476 	-0.057166857 	-0.085661954 	1.7725824
0.0021779364 	-0.06846647 	-0.082115139 	1.7751432
0.0022233887 	-0.079465191 	-0.08865594 	1.7602176
0.0022682133 	-0.075477928 	-0.066315516 	1.7984117
0.0023124189 	-0.064807561 	-0.072433375 	1.8307294
0.0023560139 	-0.069390753 	-0.070950297 	1.8081637
0.0023990069 	-0.05330497 	-0.063682467 	1.8097466
0.0024414062 	-0.045362208 	-0.062765135 	1.7482267
0.0024832199 	-0.040512559 	-0.065831297 	1.7545415
0.0025244562 	-0.053637117 	-0.077538503 	1.7756495
0.002565123 	-0.070507055 	-0.082288485 	1.7909886
0.0026052281 	-0.079885897 	-0.072932888 	1.7734247
0.0026447794 	-0.08740124 	-0.031805682 	1.7928397
0.0026837845 	-0.087073294 	-0.0035049909 	1.8194314
0.0027222509 	-0.075671084 	-0.010266151 	1.8196548
0.0027601861 	-0.064071411 	-0.0068365602 	1.8027027
0.0027975974 	-0.046776636 	-0.02953911 	1.7040974
0.002834492 	-0.054231182 	-0.071618918 	1.6658837
0.0028708772 	-0.034309973 	-0.03862598 	1.6060336
0.0029067598 	-0.025086099 	-0.044933333 	1.6702514
0.0029421469 	-0.042059838 	-0.095588141 	1.7854392
0.0029770452 	-0.047928922 	-0.10332899 	1.7731749
0.0030114616 	-0.063377096 	-0.066309443 	1.6678707
0.0030454028 	-0.041006308 	-0.038439445 	1.7007281
0.0030788752 	-0.018518146 	-0.058343231 	1.7828081
0.0031118853 	0.0044871445 	-0.10917297 	1.8138021
0.0031444395 	0.01317665 	-0.13645786 	1.7828769
0.0031765442 	0.029660095 	-0.093824959 	1.84737
0.0032082055 	0.063932114 	-0.061632316 	1.9292432
0.0032394295 	0.06268215 	-0.061476238 	1.944805
0.0032702223 	0.065374127 	-0.029467742 	1.9337749
0.0033005899 	0.07248045 	-0.060111768 	1.9635205
0.0033305381 	0.072383582 	-0.054246334 	1.9899132
0.0033600727 	0.060969748 	-0.014192359 	1.9524215
0.0033891994 	0.052478282 	-0.071268993 	1.8918008
0.0034179239 	0.036036381 	-0.1239303 	1.8796129
0.0034462517 	0.02647275 	-0.10347671 	1.9653152
0.0034741882 	0.0095898346 	-0.079605826 	2.0063912
0.003501739 	-0.009371099 	-0.10607667 	1.9741031
0.0035289093 	-0.015148219 	-0.081737391 	1.9823504
0.0035557043 	-0.012823796 	-0.024086985 	2.0188606
0.0035821293 	-0.011122371 	0.0015852514 	2.0322709
0.0036081894 	-0.016740226 	-0.028816577 	2.0424287
0.0036338895 	-0.030547048 	-0.082866848 	1.9964039
0.0036592348 	-0.042617771 	-0.10693443 	1.8694393
0.00368423 	-0.051432242 	0.015955065 	1.7219662
0.00370888 	-0.055761884 	0.14605852 	1.5878568
0.0037331896 	-0.053092689 	0.048567012 	1.4616787
0.0037571635 	-0.049081393 	-0.13138396 	1.3886494
0.0037808063 	-0.038856971 	-0.2088908 	1.4861033
0.0038041226 	-0.019248937 	-0.23226573 	1.5090596
0.0038271169 	0.001190074 	-0.26773787 	1.5302203
0.0038497936 	-0.0015650122 	-0.23054672 	1.5217902
0.0038721572 	0.01241248 	-0.16077625 	1.5021391
0.0038942119 	0.011900693 	-0.16728406 	1.4548491
0.003915962 	0.029435663 	-0.10660133 	1.2855442
0.0039374118 	0.031241365 	0.082053169 	1.4791096
0.0039585653 	-0.0060042028 	0.39438624 	1.3617723
0.0039794267 	0.023651089 	0.19304164 	0.5533725
0.004 	0.051103443 	-0.026420862 	0.51917251
