0 	0.00032709416 	0.040891069 	1.9492289
5.5555556e-05 	-0.0091766688 	-0.012099114 	1.9629922
0.00011111111 	-0.0019010976 	0.0020417605 	1.9677886
0.00016666667 	-0.014534123 	0.0017568616 	1.9636423
0.00022222222 	-0.029479509 	-0.011835362 	1.9295692
0.00027777778 	-0.031229351 	-0.028692292 	1.9568445
0.00033333333 	-0.030877134 	-0.032946831 	1.9911422
0.00038888889 	-0.035932102 	-0.0094468424 	2.0363929
0.00044444444 	-0.031791314 	0.0087536171 	2.0387187
0.0005 	-0.028715849 	0.028590002 	2.0693626
0.00055555556 	-0.032357624 	0.041520011 	2.0823135
0.00061111111 	-0.039217545 	0.026167422 	2.0303758
0.00066666667 	-0.025357406 	0.0089067316 	1.9803223
0.00072222222 	-0.034702367 	0.017265623 	1.9981662
0.00077777778 	-0.042351462 	0.026185725 	2.037785
0.00083333333 	-0.034233114 	0.030857388 	2.0537823
0.00088888889 	-0.019722336 	0.00042507767 	2.0387535
0.00094444444 	-0.023131967 	-0.020855553 	1.9938313
0.001 	-0.013465361 	-0.017195255 	1.9971645
0.0010617451 	-0.023018667 	-0.0082837176 	1.969828
0.0011226367 	-0.029274119 	-0.0012101589 	2.0406163
0.0011826866 	-0.024193377 	0.0010781623 	2.0619711
0.0012419064 	-0.019271749 	0.0054262988 	1.9778229
0.0013003077 	-0.023016791 	0.01154317 	1.9532038
0.0013579017 	-0.021791979 	0.0016363519 	2.0096385
0.0014146996 	-0.025212079 	-0.027585817 	2.0182227
0.0014707124 	-0.032116722 	-0.03152332 	1.9565214
0.0015259509 	-0.03624762 	-0.033603773 	1.9294146
0.001580426 	-0.048851172 	-0.017646587 	1.9029857
0.001634148 	-0.06025867 	-0.016895662 	1.8817579
0.0016871274 	-0.071039068 	-0.035881898 	1.89715
0.0017393745 	-0.075119229 	-0.0062755549 	1.8915294
0.0017908994 	-0.068137324 	0.035752162 	1.9009802
0.0018417121 	-0.064793757 	0.049923423 	1.902323
0.0018918224 	-0.065661692 	0.046097368 	1.8689434
0.0019412401 	-0.064298157 	0.038091368 	1.8291469
0.0019899746 	-0.059868683 	0.027412389 	1.8137817
0.0020380356 	-0.038295266 	0.018564572 	1.8293633
0.0020854322 	-0.034965752 	0.01335344 	1.8523484
0.0021321736 	-0.028436862 	0.022780138 	1.9198971
0.002178269 	-0.029406264 	0.027415752 	1.9230955
0.0022237272 	-0.010624337 	0.0083284141 	1.9004685
0.002268557 	-0.0026520102 	-0.0036942524 	1.9028298
0.0023127672 	0.016268104 	-0.014565249 	1.876835
0.0023563662 	-0.0028601456 	-0.013670655 	1.8981635
0.0023993626 	-0.014362914 	-0.029120126 	1.8763859
0.0024417647 	-0.028034983 	-0.01442961 	1.8528516
0.0024835806 	-0.05043506 	0.0055810825 	1.8930315
0.0025248186 	-0.055546094 	0.027056734 	1.9268225
0.0025654865 	-0.059966674 	0.05811438 	1.9163148
0.0026055923 	-0.060434592 	0.05637944 	1.8815534
0.0026451437 	-0.064579444 	0.030213243 	1.8632067
0.0026841484 	-0.063869457 	0.027615112 	1.870272
0.002722614 	-0.058442695 	0.033423639 	1.8851896
0.0027605478 	-0.052130749 	0.0043052627 	1.8641099
0.0027979573 	-0.043735881 	-0.049451739 	1.8143402
0.0028348498 	-0.059424907 	-0.072615995 	1.7911012
0.0028712322 	-0.053661691 	-0.039250528 	1.7547624
0.0029071118 	-0.045242781 	-0.010634913 	1.7334968
0.0029424953 	-0.047896301 	-0.05927954 	1.7484561
0.0029773898 	-0.048929213 	-0.1050558 	1.7120573
0.003011802 	-0.066866923 	-0.098724244 	1.5939968
0.0030457385 	-0.080951086 	-0.041021877 	1.6129746
0.0030792059 	-0.056793717 	-0.079012208 	1.7389432
0.0031122107 	-0.054327175 	-0.13441901 	1.8078588
0.0031447592 	-0.047305204 	-0.11346051 	1.7973598
0.0031768579 	-0.01849041 	-0.1510314 	1.7929514
0.0032085129 	-0.026995882 	-0.18959866 	1.7782676
0.0032397303 	-0.020985626 	-0.12611494 	1.7247791
0.0032705162 	-0.033892044 	-0.079382165 	1.6687856
0.0033008765 	-0.044586607 	-0.083855829 	1.6444314
0.0033308172 	-0.034611425 	-0.10218795 	1.6810791
0.0033603441 	-0.048883921 	-0.13221455 	1.7178069
0.0033894627 	-0.050749111 	-0.11790172 	1.7161309
0.0034181789 	-0.06717424 	-0.077096374 	1.703214
0.0034464982 	-0.07387955 	-0.045178528 	1.7062982
0.003474426 	-0.076113099 	-0.022688701 	1.7064095
0.0035019678 	-0.079476112 	-0.0174174 	1.6974344
0.0035291288 	-0.074992199 	-0.0084064017 	1.6957847
0.0035559144 	-0.067818607 	0.0069398195 	1.7218087
0.0035823298 	-0.06087441 	0.0085799057 	1.7710911
0.0036083801 	-0.052990397 	0.0085038678 	1.815405
0.0036340702 	-0.052375432 	0.0092525876 	1.8261645
0.0036594053 	-0.050859571 	0.0048641111 	1.8363343
0.0036843901 	-0.05380886 	0.018315698 	1.8513229
0.0037090296 	-0.049862603 	0.03780534 	1.859795
0.0037333285 	-0.043277294 	0.082509803 	1.8029577
0.0037572915 	-0.036426073 	0.097225788 	1.8091475
0.0037809233 	-0.053010923 	0.10623626 	1.825647
0.0038042285 	-0.043889015 	0.090552403 	1.8132615
0.0038272115 	-0.068213473 	0.11782114 	1.7753767
0.0038498768 	-0.058892733 	0.094381117 	1.5951413
0.0038722288 	-0.040640553 	0.097974476 	1.6001146
0.0038942718 	-0.026627414 	-0.041604201 	1.3938058
0.0039160102 	0.0018914485 	-0.0114758 	1.4394586
0.003937448 	-0.03112065 	0.158892 	1.2632815
0.0039585896 	-0.010284466 	0.092023085 	1.0361773
0.0039794389 	-0.0032510833 	-0.11512435 	0.44054991
0.004 	-0.013545031 	-0.086821099 	0.40518521
