0 	-0.015502243 	0.063292285 	1.0170092
5.5555625e-05 	0.016467924 	0.059028324 	1.0178907
0.00011111111 	0.025015903 	0.051244457 	1.0206193
0.00016666667 	0.028735995 	0.044467677 	1.023824
0.00022222222 	0.030653735 	0.038310909 	1.0262842
0.00027777778 	0.031479002 	0.032205386 	1.0272935
0.00033333333 	0.031252143 	0.025601907 	1.0269056
0.00038888889 	0.029695082 	0.018119479 	1.0259903
0.00044444444 	0.026328448 	0.0096547133 	1.0259203
0.0005 	0.020612631 	0.00039864558 	1.0276091
0.00055555556 	0.012245968 	-0.0093411697 	1.0302038
0.00061111111 	0.0015038053 	-0.018872586 	1.0309496
0.00066666667 	-0.010619624 	-0.026425362 	1.026927
0.00072222222 	-0.022640997 	-0.029609053 	1.0160684
0.00077777778 	-0.033289409 	-0.027735867 	0.99597507
0.00083333333 	-0.042417538 	-0.023410655 	0.9655662
0.00088888889 	-0.051431113 	-0.021486887 	0.93103409
0.00094444444 	-0.061935092 	-0.025242774 	0.90347266
0.001 	-0.074316671 	-0.034028458 	0.88572847
0.0010617199 	-0.086683494 	-0.044476127 	0.874698
0.0011225874 	-0.096187808 	-0.05214194 	0.86577039
0.0011826143 	-0.10165198 	-0.056480235 	0.85864784
0.0012418122 	-0.10388936 	-0.058711147 	0.85416295
0.0013001926 	-0.10412867 	-0.060352989 	0.85151178
0.0013577668 	-0.10340605 	-0.062414453 	0.84954068
0.0014145458 	-0.10203564 	-0.064848323 	0.84810839
0.0014705407 	-0.10011448 	-0.067244563 	0.84770287
0.0015257623 	-0.097706828 	-0.069335058 	0.84859298
0.0015802213 	-0.094861732 	-0.070955903 	0.85065726
0.0016339282 	-0.091603037 	-0.071917159 	0.85355517
0.0016868934 	-0.087972402 	-0.072029676 	0.85680675
0.0017391271 	-0.084076447 	-0.071202998 	0.85983739
0.0017906395 	-0.080133276 	-0.069530302 	0.86206827
0.0018414404 	-0.076411715 	-0.067278935 	0.86299846
0.0018915398 	-0.073110088 	-0.064815496 	0.86233247
0.0019409473 	-0.070283617 	-0.062475181 	0.86009388
0.0019896725 	-0.067833464 	-0.060516046 	0.85664813
0.0020377248 	-0.065589392 	-0.059150327 	0.85262469
0.0020851134 	-0.063457999 	-0.058559097 	0.84874596
0.0021318476 	-0.061490212 	-0.058845632 	0.84562204
0.0021779364 	-0.059830573 	-0.059964545 	0.84360367
0.0022233887 	-0.058615247 	-0.061709427 	0.8427401
0.0022682133 	-0.057912001 	-0.063733422 	0.84286864
0.0023124189 	-0.057721725 	-0.065601869 	0.84378774
0.0023560139 	-0.058008703 	-0.066826214 	0.84540497
0.0023990069 	-0.058694851 	-0.066824926 	0.84778858
0.0024414062 	-0.059623472 	-0.064873291 	0.85106018
0.0024832199 	-0.060614682 	-0.060162474 	0.85530268
0.0025244562 	-0.061538623 	-0.052093491 	0.86047168
0.002565123 	-0.062409243 	-0.040652044 	0.86629022
0.0026052281 	-0.063276684 	-0.026584146 	0.87217772
0.0026447794 	-0.064153897 	-0.011414818 	0.8772043
0.0026837845 	-0.065003643 	0.0030003375 	0.87995355
0.0027222509 	-0.06569354 	0.014965976 	0.87843748
0.0027601861 	-0.065917905 	0.023413773 	0.87028183
0.0027975974 	-0.065258788 	0.028062289 	0.85374945
0.002834492 	-0.063373065 	0.029167874 	0.82950222
0.0028708772 	-0.060237429 	0.027108912 	0.80175863
0.0029067598 	-0.056203349 	0.022238851 	0.77699275
0.0029421469 	-0.051789758 	0.015075499 	0.76038115
0.0029770452 	-0.047469829 	0.0064002697 	0.75302486
0.0030114616 	-0.043589038 	-0.0028355832 	0.75235169
0.0030454028 	-0.040223071 	-0.011724348 	0.75448174
0.0030788752 	-0.037307967 	-0.019558886 	0.75624145
0.0031118853 	-0.034781628 	-0.025932843 	0.75584741
0.0031444395 	-0.032536438 	-0.030735012 	0.75252034
0.0031765442 	-0.030475324 	-0.034069812 	0.74604728
0.0032082055 	-0.028516072 	-0.036169503 	0.73647999
0.0032394295 	-0.026600358 	-0.03730726 	0.72402485
0.0032702223 	-0.024693724 	-0.037726674 	0.70904368
0.0033005899 	-0.022785082 	-0.037599843 	0.69207828
0.0033305381 	-0.020883178 	-0.037020375 	0.67383633
0.0033600727 	-0.019009151 	-0.036026914 	0.65511309
0.0033891994 	-0.017185723 	-0.034642971 	0.63666992
0.0034179239 	-0.0154273 	-0.032914582 	0.61911457
0.0034462517 	-0.013735099 	-0.030932115 	0.6028236
0.0034741882 	-0.012098277 	-0.028831608 	0.58792197
0.003501739 	-0.010499534 	-0.026778661 	0.57430983
0.0035289093 	-0.0089225952 	-0.024943138 	0.56171448
0.0035557043 	-0.0073590888 	-0.023467073 	0.54974573
0.0035821293 	-0.0058125164 	-0.02243251 	0.53794076
0.0036081894 	-0.0043008408 	-0.021849285 	0.52579256
0.0036338895 	-0.0028564744 	-0.021646374 	0.51276468
0.0036592348 	-0.0015220459 	-0.021678824 	0.49830153
0.00368423 	-0.0003425666 	-0.02175326 	0.4818452
0.00370888 	0.00063324365 	-0.021668457 	0.46286822
0.0037331896 	0.0013740796 	-0.021261744 	0.44092227
0.0037571635 	0.0018710306 	-0.020446485 	0.41569755
0.0037808063 	0.0021267881 	-0.019226432 	0.38706895
0.0038041226 	0.0021646518 	-0.017678898 	0.35511388
0.0038271169 	0.0020241632 	-0.015919912 	0.3200906
0.0038497936 	0.0017547413 	-0.014059272 	0.28238412
0.0038721572 	0.0014088373 	-0.012167547 	0.24243922
0.0038942119 	0.0010358191 	-0.010263186 	0.20070149
0.003915962 	0.00067806418 	-0.0083170119 	0.15757854
0.0039374118 	0.00037033092 	-0.0062648766 	0.11342089
0.0039585653 	0.00014165611 	-0.0040197484 	0.06851302
0.0039794267 	1.5794387e-05 	-0.0014793946 	0.023065483
0.004 	1.5794387e-05 	-0.0014793946 	0.023065483
