0 	0.080162255 	0.041964018 	1.0313506
5.5555556e-05 	0.011244794 	-0.083491186 	1.0509078
0.00011111111 	0.0048593515 	-0.080007482 	1.0611588
0.00016666667 	0.0038107114 	-0.075209437 	1.0708491
0.00022222222 	0.0041953785 	-0.069741394 	1.0797094
0.00027777778 	0.0049371373 	-0.0639595 	1.0874522
0.00033333333 	0.0056258655 	-0.058251785 	1.0935984
0.00038888889 	0.006093764 	-0.052957043 	1.0977174
0.00044444444 	0.0063649893 	-0.0483056 	1.0997744
0.0005 	0.0066011306 	-0.044408269 	1.1001837
0.00055555556 	0.0070351925 	-0.041295759 	1.0995398
0.00061111111 	0.0078841043 	-0.039018965 	1.0983535
0.00066666667 	0.0092967712 	-0.03762485 	1.0969229
0.00072222222 	0.011334537 	-0.037138656 	1.0953409
0.00077777778 	0.013976358 	-0.037508241 	1.0935814
0.00083333333 	0.01714809 	-0.038572059 	1.0915817
0.00088888889 	0.020756272 	-0.040043646 	1.0893071
0.00094444444 	0.024752625 	-0.041577232 	1.0867158
0.001 	0.029347493 	-0.042913117 	1.0836019
0.0010617224 	0.034614016 	-0.043737014 	1.0797778
0.0011225923 	0.040291406 	-0.043979488 	1.0751049
0.0011826215 	0.046406738 	-0.043896955 	1.0694658
0.0012418217 	0.052803569 	-0.043865541 	1.0630126
0.0013002041 	0.059186772 	-0.044167037 	1.0561432
0.0013577803 	0.065215444 	-0.044811085 	1.0493606
0.0014145612 	0.07065238 	-0.045510435 	1.0431447
0.0014705579 	0.075462146 	-0.045886191 	1.0377303
0.0015257812 	0.079787897 	-0.045776788 	1.0330113
0.0015802418 	0.08385618 	-0.045319085 	1.0287404
0.0016339502 	0.087848512 	-0.04478456 	1.0248434
0.0016869168 	0.091829514 	-0.044353041 	1.0214972
0.0017391518 	0.09574935 	-0.044021622 	1.0189845
0.0017906654 	0.099489784 	-0.043653005 	1.0175062
0.0018414676 	0.10288832 	-0.043119747 	1.0171592
0.0018915681 	0.1057765 	-0.042343359 	1.0179827
0.0019409766 	0.10801624 	-0.041329543 	1.0200066
0.0019897027 	0.10946079 	-0.040130477 	1.0232355
0.0020377558 	0.10998421 	-0.038834006 	1.0276486
0.0020851453 	0.10948651 	-0.037563327 	1.0331905
0.0021318802 	0.10788242 	-0.036487018 	1.0397587
0.0021779697 	0.10514217 	-0.035799424 	1.0471982
0.0022234225 	0.10129371 	-0.035676957 	1.055287
0.0022682477 	0.096422041 	-0.036254834 	1.0637514
0.0023124537 	0.09062761 	-0.037576638 	1.0722722
0.0023560491 	0.083997365 	-0.039565333 	1.0804841
0.0023990425 	0.076635838 	-0.042016437 	1.0879778
0.002441442 	0.068667368 	-0.044635786 	1.0943324
0.002483256 	0.06023348 	-0.047042344 	1.0991536
0.0025244924 	0.051583933 	-0.048818088 	1.1019889
0.0025651593 	0.043072505 	-0.049534006 	1.1022524
0.0026052645 	0.035140044 	-0.048867305 	1.0991373
0.0026448158 	0.028280362 	-0.04678381 	1.091637
0.0026838209 	0.023002871 	-0.043796512 	1.0786486
0.0027222872 	0.019761092 	-0.041173793 	1.0592729
0.0027602223 	0.018817715 	-0.040797031 	1.033345
0.0027976334 	0.020176885 	-0.044425346 	1.0019147
0.0028345278 	0.023545311 	-0.05255826 	0.96705518
0.0028709126 	0.028256894 	-0.063801186 	0.93094328
0.002906795 	0.033123641 	-0.075377189 	0.89512711
0.0029421817 	0.036383775 	-0.084116093 	0.86076375
0.0029770797 	0.036019928 	-0.086916844 	0.82973492
0.0030114957 	0.030261994 	-0.080388809 	0.80520116
0.0030454363 	0.018606395 	-0.061798292 	0.78952646
0.0030789082 	0.0022920694 	-0.031693515 	0.77985902
0.0031119178 	-0.015973999 	0.0038670273 	0.76795802
0.0031444715 	-0.033505059 	0.036610833 	0.74708089
0.0031765755 	-0.048609596 	0.061663322 	0.71769971
0.0032082362 	-0.060642439 	0.079202607 	0.68465265
0.0032394596 	-0.069524302 	0.091455197 	0.65188038
0.0032702517 	-0.075509239 	0.10015334 	0.62118003
0.0033006186 	-0.079035609 	0.10611434 	0.59321159
0.003330566 	-0.080553629 	0.10972911 	0.5681005
0.0033600998 	-0.080433181 	0.11124462 	0.54562523
0.0033892257 	-0.078969843 	0.11092865 	0.52539092
0.0034179494 	-0.076419256 	0.1090987 	0.50699566
0.0034462763 	-0.073021561 	0.10610621 	0.4901051
0.003474212 	-0.068993784 	0.10230056 	0.47443987
0.0035017619 	-0.064515073 	0.097991279 	0.45972274
0.0035289312 	-0.059718474 	0.093426676 	0.44563953
0.0035557253 	-0.054695249 	0.088794069 	0.43182782
0.0035821494 	-0.049507762 	0.084234893 	0.41788797
0.0036082084 	-0.044205603 	0.079860975 	0.40340697
0.0036339076 	-0.038840983 	0.075740385 	0.38799072
0.0036592518 	-0.033480766 	0.071919045 	0.37129954
0.003684246 	-0.028218194 	0.06840747 	0.35310473
0.003708895 	-0.023175151 	0.065168951 	0.33331198
0.0037332035 	-0.018498353 	0.062107068 	0.3120094
0.0037571763 	-0.014341165 	0.059089065 	0.28944482
0.003780818 	-0.010831947 	0.055997242 	0.26594774
0.0038041332 	-0.0080334886 	0.052794986 	0.24179539
0.0038271264 	-0.0059131397 	0.049549374 	0.21708345
0.0038498019 	-0.0043479566 	0.046372721 	0.19168306
0.0038721643 	-0.0031686541 	0.043291771 	0.16531157
0.0038942179 	-0.0022217091 	0.04010328 	0.13766221
0.0039159668 	-0.0014177963 	0.036248187 	0.10852368
0.0039374154 	-0.00074691832 	0.030717666 	0.077890068
0.0039585677 	-0.000257586 	0.022080017 	0.046152279
0.0039794279 	-2.2057581e-05 	0.0089082109 	0.014509201
0.004 	-2.2057581e-05 	0.0089082109 	0.014509201
