0 	0.0072971107 	-0.0139594 	1.1014403
2.0100503e-05 	0.0072971107 	-0.0139594 	1.1014403
4.0201005e-05 	0.0072971107 	-0.0139594 	1.1014403
6.0301508e-05 	0.0050304706 	-0.018825789 	1.0965747
8.040201e-05 	0.0050304706 	-0.018825789 	1.0965747
0.00010050251 	0.0050304706 	-0.018825789 	1.0965747
0.00012060302 	0.0071489218 	-0.022273989 	1.0914225
0.00014070352 	0.0071489218 	-0.022273989 	1.0914225
0.00016080402 	0.0071489218 	-0.022273989 	1.0914225
0.00018090452 	0.010360258 	-0.025138513 	1.0866247
0.00020100503 	0.010360258 	-0.025138513 	1.0866247
0.00022110553 	0.010360258 	-0.025138513 	1.0866247
0.00024120603 	0.014186557 	-0.027443922 	1.0825944
0.00026130653 	0.014186557 	-0.027443922 	1.0825944
0.00028140704 	0.018632473 	-0.029272707 	1.0794884
0.00030150754 	0.018632473 	-0.029272707 	1.0794884
0.00032160804 	0.018632473 	-0.029272707 	1.0794884
0.00034170854 	0.023804695 	-0.03068084 	1.0771513
0.00036180905 	0.023804695 	-0.03068084 	1.0771513
0.00038190955 	0.023804695 	-0.03068084 	1.0771513
0.00040201005 	0.029822442 	-0.031737543 	1.0750308
0.00042211055 	0.029822442 	-0.031737543 	1.0750308
0.00044221106 	0.029822442 	-0.031737543 	1.0750308
0.00046231156 	0.036807763 	-0.032636764 	1.072309
0.00048241206 	0.036807763 	-0.032636764 	1.072309
0.00050251256 	0.044760551 	-0.033648582 	1.0684327
0.00052261307 	0.044760551 	-0.033648582 	1.0684327
0.00054271357 	0.044760551 	-0.033648582 	1.0684327
0.00056281407 	0.053328076 	-0.034864533 	1.063568
0.00058291457 	0.053328076 	-0.034864533 	1.063568
0.00060301508 	0.053328076 	-0.034864533 	1.063568
0.00062311558 	0.061768263 	-0.036073628 	1.0584717
0.00064321608 	0.061768263 	-0.036073628 	1.0584717
0.00066331658 	0.061768263 	-0.036073628 	1.0584717
0.00068341709 	0.069272997 	-0.036888 	1.0539389
0.00070351759 	0.069272997 	-0.036888 	1.0539389
0.00072361809 	0.075268822 	-0.036992773 	1.0503734
0.00074371859 	0.075268822 	-0.036992773 	1.0503734
0.0007638191 	0.075268822 	-0.036992773 	1.0503734
0.0007839196 	0.079579737 	-0.036334423 	1.0477038
0.0008040201 	0.079579737 	-0.036334423 	1.0477038
0.0008241206 	0.079579737 	-0.036334423 	1.0477038
0.00084422111 	0.082284475 	-0.035127707 	1.045594
0.00086432161 	0.082284475 	-0.035127707 	1.045594
0.00088442211 	0.082284475 	-0.035127707 	1.045594
0.00090452261 	0.083654262 	-0.033794835 	1.0435989
0.00092462312 	0.083654262 	-0.033794835 	1.0435989
0.00094472362 	0.083863933 	-0.03280437 	1.0414787
0.00096482412 	0.083863933 	-0.03280437 	1.0414787
0.00098492462 	0.083863933 	-0.03280437 	1.0414787
0.0010050251 	0.082921669 	-0.03243407 	1.0391477
0.0010251256 	0.082921669 	-0.03243407 	1.0391477
0.0010452261 	0.082921669 	-0.03243407 	1.0391477
0.0010653266 	0.080736816 	-0.033026257 	1.0369821
0.0010854271 	0.080736816 	-0.033026257 	1.0369821
0.0011055276 	0.080736816 	-0.033026257 	1.0369821
0.0011256281 	0.077300629 	-0.03485799 	1.0354089
0.0011457286 	0.077300629 	-0.03485799 	1.0354089
0.0011658291 	0.077300629 	-0.03485799 	1.0354089
0.0011859296 	0.072520283 	-0.03866778 	1.0339528
0.0012060302 	0.072520283 	-0.03866778 	1.0339528
0.0012261307 	0.072520283 	-0.03866778 	1.0339528
0.0012462312 	0.066679841 	-0.045534414 	1.0311353
0.0012663317 	0.066679841 	-0.045534414 	1.0311353
0.0012864322 	0.066679841 	-0.045534414 	1.0311353
0.0013065327 	0.060645477 	-0.055959557 	1.0244806
0.0013266332 	0.060645477 	-0.055959557 	1.0244806
0.0013467337 	0.060645477 	-0.055959557 	1.0244806
0.0013668342 	0.055537645 	-0.068839231 	1.0108823
0.0013869347 	0.055537645 	-0.068839231 	1.0108823
0.0014070352 	0.055537645 	-0.068839231 	1.0108823
0.0014271357 	0.051864225 	-0.081515343 	0.98826375
0.0014472362 	0.051864225 	-0.081515343 	0.98826375
0.0014673367 	0.051864225 	-0.081515343 	0.98826375
0.0014874372 	0.049132467 	-0.090561071 	0.95753747
0.0015075377 	0.049132467 	-0.090561071 	0.95753747
0.0015276382 	0.045981931 	-0.091696857 	0.92316641
0.0015477387 	0.045981931 	-0.091696857 	0.92316641
0.0015678392 	0.045981931 	-0.091696857 	0.92316641
0.0015879397 	0.041138081 	-0.080022013 	0.89187814
0.0016080402 	0.041138081 	-0.080022013 	0.89187814
0.0016281407 	0.041138081 	-0.080022013 	0.89187814
0.0016482412 	0.034586806 	-0.052801967 	0.86973142
0.0016683417 	0.034586806 	-0.052801967 	0.86973142
0.0016884422 	0.026699762 	-0.012114588 	0.85996921
0.0017085427 	0.026699762 	-0.012114588 	0.85996921
0.0017286432 	0.026699762 	-0.012114588 	0.85996921
0.0017487437 	0.018558933 	0.035578512 	0.86156509
0.0017688442 	0.018558933 	0.035578512 	0.86156509
0.0017889447 	0.018558933 	0.035578512 	0.86156509
0.0018090452 	0.011623757 	0.081804639 	0.86764827
0.0018291457 	0.011623757 	0.081804639 	0.86764827
0.0018492462 	0.0067617547 	0.11847881 	0.86961314
0.0018693467 	0.0067617547 	0.11847881 	0.86961314
0.0018894472 	0.0067617547 	0.11847881 	0.86961314
0.0019095477 	0.004288015 	0.14179672 	0.8642924
0.0019296482 	0.004288015 	0.14179672 	0.8642924
0.0019497487 	0.0039545165 	0.15246585 	0.85419658
0.0019698492 	0.0039545165 	0.15246585 	0.85419658
0.0019899497 	0.0039545165 	0.15246585 	0.85419658
0.0020100503 	0.0056459952 	0.15270446 	0.84197157
0.0020301508 	0.0056459952 	0.15270446 	0.84197157
0.0020502513 	0.0093684987 	0.14406124 	0.82773931
0.0020703518 	0.0093684987 	0.14406124 	0.82773931
0.0020904523 	0.014737805 	0.12694598 	0.8112335
0.0021105528 	0.014737805 	0.12694598 	0.8112335
0.0021306533 	0.014737805 	0.12694598 	0.8112335
0.0021507538 	0.020665882 	0.10193009 	0.79519386
0.0021708543 	0.020665882 	0.10193009 	0.79519386
0.0021909548 	0.025581469 	0.071168054 	0.78458052
0.0022110553 	0.025581469 	0.071168054 	0.78458052
0.0022311558 	0.028240431 	0.039526028 	0.78175784
0.0022512563 	0.028240431 	0.039526028 	0.78175784
0.0022713568 	0.028519773 	0.013012369 	0.7842872
0.0022914573 	0.028519773 	0.013012369 	0.7842872
0.0023115578 	0.028519773 	0.013012369 	0.7842872
0.0023316583 	0.027524146 	-0.0043266898 	0.7877745
0.0023517588 	0.027524146 	-0.0043266898 	0.7877745
0.0023718593 	0.026538117 	-0.011389076 	0.78928564
0.0023919598 	0.026538117 	-0.011389076 	0.78928564
0.0024120603 	0.026265202 	-0.009802794 	0.78817517
0.0024321608 	0.026265202 	-0.009802794 	0.78817517
0.0024522613 	0.026777811 	-0.0031408779 	0.78492381
0.0024723618 	0.026777811 	-0.0031408779 	0.78492381
0.0024924623 	0.027776926 	0.0044620252 	0.77977319
0.0025125628 	0.027776926 	0.0044620252 	0.77977319
0.0025326633 	0.028851487 	0.01009358 	0.77243046
0.0025527638 	0.028851487 	0.01009358 	0.77243046
0.0025728643 	0.029445945 	0.013438223 	0.76283607
0.0025929648 	0.029445945 	0.013438223 	0.76283607
0.0026130653 	0.028618738 	0.016466003 	0.75182251
0.0026331658 	0.028618738 	0.016466003 	0.75182251
0.0026532663 	0.025161387 	0.020338537 	0.74058662
0.0026733668 	0.025161387 	0.020338537 	0.74058662
0.0026934673 	0.018848698 	0.021557884 	0.72923066
0.0027135678 	0.018848698 	0.021557884 	0.72923066
0.0027336683 	0.011097104 	0.01383172 	0.71523672
0.0027537688 	0.011097104 	0.01383172 	0.71523672
0.0027738693 	0.0037080382 	-0.0034189091 	0.69582637
0.0027939698 	0.0037080382 	-0.0034189091 	0.69582637
0.0028140704 	-0.0028853481 	-0.023728069 	0.67281176
0.0028341709 	-0.0028853481 	-0.023728069 	0.67281176
0.0028542714 	-0.0091689045 	-0.04102534 	0.65143069
0.0028743719 	-0.015263677 	-0.053598477 	0.63529162
0.0028944724 	-0.015263677 	-0.053598477 	0.63529162
0.0029145729 	-0.020874725 	-0.062383498 	0.62481538
0.0029346734 	-0.020874725 	-0.062383498 	0.62481538
0.0029547739 	-0.025689013 	-0.06868157 	0.61896433
0.0029748744 	-0.025689013 	-0.06868157 	0.61896433
0.0029949749 	-0.029550702 	-0.073382379 	0.61668408
0.0030150754 	-0.032498832 	-0.076985068 	0.61730395
0.0030351759 	-0.032498832 	-0.076985068 	0.61730395
0.0030552764 	-0.034692558 	-0.079759368 	0.62045981
0.0030753769 	-0.034692558 	-0.079759368 	0.62045981
0.0030954774 	-0.036317326 	-0.081870694 	0.62593654
0.0031155779 	-0.03754952 	-0.083433065 	0.63352579
0.0031356784 	-0.03754952 	-0.083433065 	0.63352579
0.0031557789 	-0.03853159 	-0.084544269 	0.6430045
0.0031758794 	-0.03853159 	-0.084544269 	0.6430045
0.0031959799 	-0.039380596 	-0.08529899 	0.65412779
0.0032160804 	-0.040183709 	-0.085804978 	0.66663655
0.0032361809 	-0.040183709 	-0.085804978 	0.66663655
0.0032562814 	-0.041007259 	-0.086190648 	0.68025635
0.0032763819 	-0.041893746 	-0.086605763 	0.6947008
0.0032964824 	-0.041893746 	-0.086605763 	0.6947008
0.0033165829 	-0.042865412 	-0.087214774 	0.70966057
0.0033366834 	-0.04392304 	-0.088177084 	0.72478591
0.0033567839 	-0.04392304 	-0.088177084 	0.72478591
0.0033768844 	-0.045046152 	-0.089624795 	0.73966643
0.0033969849 	-0.046193976 	-0.091640467 	0.75382155
0.0034170854 	-0.046193976 	-0.091640467 	0.75382155
0.0034371859 	-0.047302664 	-0.09424235 	0.76670848
0.0034572864 	-0.048281726 	-0.097374271 	0.7777423
0.0034773869 	-0.049012954 	-0.10090108 	0.78632124
0.0034974874 	-0.049012954 	-0.10090108 	0.78632124
0.0035175879 	-0.049353388 	-0.10461359 	0.79184646
0.0035376884 	-0.049140543 	-0.10823859 	0.79373184
0.0035577889 	-0.048204516 	-0.11145216 	0.79139357
0.0035778894 	-0.048204516 	-0.11145216 	0.79139357
0.0035979899 	-0.046385632 	-0.11390121 	0.78422247
0.0036180905 	-0.043564925 	-0.11523312 	0.77155709
0.003638191 	-0.039695913 	-0.11514534 	0.75268442
0.0036582915 	-0.039695913 	-0.11514534 	0.75268442
0.003678392 	-0.034833209 	-0.11343727 	0.72691008
0.0036984925 	-0.029150598 	-0.11005926 	0.69373041
0.003718593 	-0.022939561 	-0.10511617 	0.65307961
0.0037386935 	-0.016578761 	-0.098853518 	0.60555089
0.003758794 	-0.010483697 	-0.091585582 	0.55245666
0.0037788945 	-0.010483697 	-0.091585582 	0.55245666
0.003798995 	-0.0050534564 	-0.083653013 	0.49565667
0.0038190955 	-0.00064360784 	-0.075394247 	0.43719862
0.003839196 	0.0025349665 	-0.067112764 	0.37888724
0.0038592965 	0.0044521738 	-0.059028686 	0.32195415
0.003879397 	0.005182645 	-0.051204232 	0.26690494
0.0038994975 	0.0048999223 	-0.043485588 	0.21364281
0.003919598 	0.003863222 	-0.035468391 	0.16183542
0.0039396985 	0.002415735 	-0.026572547 	0.11143584
0.003959799 	0.00099508212 	-0.016346267 	0.063191064
0.0039798995 	9.6975552e-05 	-0.0051209327 	0.018921859
0.004 	9.6975552e-05 	-0.0051209327 	0.018921859
