0 	0.007771264 	0.010834296 	1.0551092
5.5555625e-05 	0.0086062576 	0.0044036202 	1.0450218
0.00011111111 	0.0059437851 	0.00021198357 	1.0351226
0.00016666667 	0.003290428 	-0.0046325667 	1.0260251
0.00022222222 	0.0013796624 	-0.010629401 	1.0180754
0.00027777778 	0.00061110511 	-0.017725695 	1.0113042
0.00033333333 	0.0011926517 	-0.025562445 	1.0054601
0.00038888889 	0.0031271355 	-0.033474238 	1.0002155
0.00044444444 	0.0062684218 	-0.040518502 	0.99541729
0.0005 	0.010323129 	-0.04573175 	0.99119168
0.00055555556 	0.014875214 	-0.048358394 	0.98780827
0.00061111111 	0.019507075 	-0.048139816 	0.98540826
0.00066666667 	0.023881158 	-0.045400788 	0.98382122
0.00072222222 	0.027842781 	-0.040868301 	0.98263515
0.00077777778 	0.031497959 	-0.035388502 	0.98144378
0.00083333333 	0.035234847 	-0.029688384 	0.98021278
0.00088888889 	0.039576129 	-0.024125044 	0.97960008
0.00094444444 	0.044920153 	-0.018468021 	0.98066029
0.001 	0.051543815 	-0.011775226 	0.98455905
0.0010617199 	0.059093988 	-0.004371977 	0.99126654
0.0011225874 	0.066496249 	0.0025663662 	0.99898568
0.0011826143 	0.073115054 	0.0084508961 	1.0061507
0.0012418122 	0.07862762 	0.012980465 	1.011742
0.0013001926 	0.082826681 	0.016137344 	1.0154643
0.0013577668 	0.085407564 	0.018060471 	1.0176278
0.0014145458 	0.086265687 	0.01891263 	1.0187657
0.0014705407 	0.085623718 	0.018809848 	1.0192518
0.0015257623 	0.083689609 	0.017794227 	1.0192366
0.0015802213 	0.080687794 	0.015894201 	1.0186266
0.0016339282 	0.076855786 	0.013226533 	1.0172384
0.0016868934 	0.072384743 	0.0099534192 	1.0149994
0.0017391271 	0.067471272 	0.0063609723 	1.0120204
0.0017906395 	0.062164148 	0.0027621987 	1.0084986
0.0018414404 	0.05639285 	-0.00051578471 	1.0046118
0.0018915398 	0.049953751 	-0.003308908 	1.0004986
0.0019409473 	0.042559742 	-0.0057043528 	0.99625188
0.0019896725 	0.034020118 	-0.008018221 	0.99188799
0.0020377248 	0.024415601 	-0.010517134 	0.98726302
0.0020851134 	0.014240204 	-0.013172918 	0.98199882
0.0021318476 	0.0043398182 	-0.01570253 	0.97561693
0.0021779364 	-0.0045314839 	-0.017845287 	0.967867
0.0022233887 	-0.01193159 	-0.01947158 	0.95895188
0.0022682133 	-0.017827336 	-0.020685454 	0.94923278
0.0023124189 	-0.022512326 	-0.021647748 	0.93885913
0.0023560139 	-0.026308409 	-0.0224155 	0.9277174
0.0023990069 	-0.029519498 	-0.022910194 	0.91568558
0.0024414062 	-0.032387056 	-0.023058062 	0.9028391
0.0024832199 	-0.035045759 	-0.023015351 	0.88944439
0.0025244562 	-0.037472804 	-0.023284974 	0.87580388
0.002565123 	-0.0394607 	-0.02460628 	0.8620945
0.0026052281 	-0.040685333 	-0.027560786 	0.84834095
0.0026447794 	-0.040894783 	-0.032020731 	0.83454439
0.0026837845 	-0.040138827 	-0.036846 	0.82093685
0.0027222509 	-0.038829194 	-0.04027343 	0.80820508
0.0027601861 	-0.037466636 	-0.040926576 	0.79742229
0.0027975974 	-0.036304667 	-0.038541786 	0.78965354
0.002834492 	-0.035312995 	-0.033823095 	0.7856341
0.0028708772 	-0.034430425 	-0.027860454 	0.78577564
0.0029067598 	-0.033768322 	-0.021643246 	0.79025714
0.0029421469 	-0.033582359 	-0.015820954 	0.79895216
0.0029770452 	-0.034026711 	-0.010604086 	0.81134737
0.0030114616 	-0.035204979 	-0.0058742753 	0.82658736
0.0030454028 	-0.03718372 	-0.0013049202 	0.84363052
0.0030788752 	-0.039765452 	0.003489926 	0.86137894
0.0031118853 	-0.042640683 	0.0088319882 	0.87871689
0.0031444395 	-0.045466037 	0.014820274 	0.89445764
0.0031765442 	-0.047831274 	0.021244361 	0.90737848
0.0032082055 	-0.049336358 	0.027573506 	0.9163292
0.0032394295 	-0.04957025 	0.033055872 	0.92019492
0.0032702223 	-0.048123317 	0.036889955 	0.91785549
0.0033005899 	-0.044607994 	0.038394879 	0.90822592
0.0033305381 	-0.038776012 	0.037106058 	0.89059626
0.0033600727 	-0.030671354 	0.032839095 	0.86506166
0.0033891994 	-0.020637877 	0.025730251 	0.83289327
0.0034179239 	-0.0092432526 	0.016291916 	0.79638798
0.0034462517 	0.002778386 	0.0053600816 	0.75836135
0.0034741882 	0.01462958 	-0.0059748673 	0.7215116
0.003501739 	0.025619655 	-0.01652586 	0.68810721
0.0035289093 	0.035236178 	-0.025178202 	0.65980588
0.0035557043 	0.043136707 	-0.031092391 	0.63755899
0.0035821293 	0.049140125 	-0.033860795 	0.62159424
0.0036081894 	0.053203105 	-0.0335521 	0.6114661
0.0036338895 	0.055402891 	-0.030610017 	0.60617929
0.0036592348 	0.055915554 	-0.025652299 	0.60435125
0.00368423 	0.054960314 	-0.019265203 	0.60436749
0.00370888 	0.052785121 	-0.011869814 	0.60462476
0.0037331896 	0.049432288 	-0.0036860706 	0.60373542
0.0037571635 	0.044857637 	0.0053989173 	0.60021176
0.0037808063 	0.039247313 	0.015746464 	0.59217109
0.0038041226 	0.032896269 	0.027716553 	0.57650351
0.0038271169 	0.026270475 	0.040900277 	0.54898422
0.0038497936 	0.019854817 	0.05328887 	0.50577083
0.0038721572 	0.014050418 	0.061448013 	0.44521255
0.0038942119 	0.0091967361 	0.062452943 	0.36900172
0.003915962 	0.0054907717 	0.056004787 	0.28263905
0.0039374118 	0.0028605735 	0.044179702 	0.19422871
0.0039585653 	0.0011076998 	0.029083353 	0.11087102
0.0039794267 	0.0001422769 	0.011098641 	0.035236352
0.004 	0.0001422769 	0.011098641 	0.035236352
