0 	0.014422705 	0.052888085 	1.0471408
2.0100503e-05 	0.014422705 	0.052888085 	1.0471408
4.0201005e-05 	0.014422705 	0.052888085 	1.0471408
6.0301508e-05 	0.033836004 	0.040922941 	1.04507
8.040201e-05 	0.033836004 	0.040922941 	1.04507
0.00010050251 	0.033836004 	0.040922941 	1.04507
0.00012060302 	0.035081065 	0.032132138 	1.0422124
0.00014070352 	0.035081065 	0.032132138 	1.0422124
0.00016080402 	0.035081065 	0.032132138 	1.0422124
0.00018090452 	0.031876445 	0.021266327 	1.0401399
0.00020100503 	0.031876445 	0.021266327 	1.0401399
0.00022110553 	0.038277372 	0.013682136 	1.040198
0.00024120603 	0.030120806 	0.0051436758 	1.040918
0.00026130653 	0.030120806 	0.0051436758 	1.040918
0.00028140704 	0.019121486 	-0.0057897929 	1.0439687
0.00030150754 	0.019121486 	-0.0057897929 	1.0439687
0.00032160804 	0.019121486 	-0.0057897929 	1.0439687
0.00034170854 	0.011461144 	-0.017472719 	1.0497553
0.00036180905 	0.011461144 	-0.017472719 	1.0497553
0.00038190955 	0.011461144 	-0.017472719 	1.0497553
0.00040201005 	0.0014670323 	-0.028837781 	1.0530824
0.00042211055 	0.0014670323 	-0.028837781 	1.0530824
0.00044221106 	0.0014670323 	-0.028837781 	1.0530824
0.00046231156 	-0.0082754165 	-0.038764757 	1.0520918
0.00048241206 	-0.0082754165 	-0.038764757 	1.0520918
0.00050251256 	-0.016975182 	-0.046384343 	1.0464869
0.00052261307 	-0.016975182 	-0.046384343 	1.0464869
0.00054271357 	-0.016975182 	-0.046384343 	1.0464869
0.00056281407 	-0.024023287 	-0.051454829 	1.0379909
0.00058291457 	-0.024023287 	-0.051454829 	1.0379909
0.00060301508 	-0.024023287 	-0.051454829 	1.0379909
0.00062311558 	-0.029311962 	-0.054224082 	1.0287121
0.00064321608 	-0.029311962 	-0.054224082 	1.0287121
0.00066331658 	-0.029311962 	-0.054224082 	1.0287121
0.00068341709 	-0.033107224 	-0.055378354 	1.0196214
0.00070351759 	-0.033107224 	-0.055378354 	1.0196214
0.00072361809 	-0.036271638 	-0.059958015 	1.0047931
0.00074371859 	-0.036271638 	-0.059958015 	1.0047931
0.0007638191 	-0.036271638 	-0.059958015 	1.0047931
0.0007839196 	-0.039074192 	-0.060553177 	0.99096899
0.0008040201 	-0.039074192 	-0.060553177 	0.99096899
0.0008241206 	-0.039074192 	-0.060553177 	0.99096899
0.00084422111 	-0.041748281 	-0.063816117 	0.97619857
0.00086432161 	-0.041748281 	-0.063816117 	0.97619857
0.00088442211 	-0.039181529 	-0.063437096 	0.98757347
0.00090452261 	-0.041031764 	-0.071277549 	0.97569434
0.00092462312 	-0.041031764 	-0.071277549 	0.97569434
0.00094472362 	-0.04343932 	-0.081450591 	0.96514777
0.00096482412 	-0.04343932 	-0.081450591 	0.96514777
0.00098492462 	-0.04343932 	-0.081450591 	0.96514777
0.0010050251 	-0.046008378 	-0.093201349 	0.95507988
0.0010251256 	-0.05016322 	-0.090420682 	0.94443065
0.0010452261 	-0.05016322 	-0.090420682 	0.94443065
0.0010653266 	-0.052298176 	-0.09971873 	0.9363282
0.0010854271 	-0.052298176 	-0.09971873 	0.9363282
0.0011055276 	-0.052298176 	-0.09971873 	0.9363282
0.0011256281 	-0.053561726 	-0.10341257 	0.92731569
0.0011457286 	-0.053561726 	-0.10341257 	0.92731569
0.0011658291 	-0.053561726 	-0.10341257 	0.92731569
0.0011859296 	-0.051833169 	-0.1068148 	0.92083962
0.0012060302 	-0.054393579 	-0.10001715 	0.9188368
0.0012261307 	-0.054393579 	-0.10001715 	0.9188368
0.0012462312 	-0.054785188 	-0.090515796 	0.913184
0.0012663317 	-0.054785188 	-0.090515796 	0.913184
0.0012864322 	-0.054785188 	-0.090515796 	0.913184
0.0013065327 	-0.054598974 	-0.077736771 	0.91093848
0.0013266332 	-0.054598974 	-0.077736771 	0.91093848
0.0013467337 	-0.054598974 	-0.077736771 	0.91093848
0.0013668342 	-0.054020206 	-0.064657948 	0.91095214
0.0013869347 	-0.054020206 	-0.064657948 	0.91095214
0.0014070352 	-0.054020206 	-0.064657948 	0.91095214
0.0014271357 	-0.05354206 	-0.053366585 	0.91181846
0.0014472362 	-0.05354206 	-0.053366585 	0.91181846
0.0014673367 	-0.05354206 	-0.053366585 	0.91181846
0.0014874372 	-0.053620361 	-0.044905568 	0.91269741
0.0015075377 	-0.053620361 	-0.044905568 	0.91269741
0.0015276382 	-0.054461382 	-0.039602879 	0.91307805
0.0015477387 	-0.054461382 	-0.039602879 	0.91307805
0.0015678392 	-0.054461382 	-0.039602879 	0.91307805
0.0015879397 	-0.056022415 	-0.037240685 	0.91241328
0.0016080402 	-0.056022415 	-0.037240685 	0.91241328
0.0016281407 	-0.056022415 	-0.037240685 	0.91241328
0.0016482412 	-0.058061847 	-0.037244207 	0.91004168
0.0016683417 	-0.058061847 	-0.037244207 	0.91004168
0.0016884422 	-0.060211439 	-0.038860339 	0.905385
0.0017085427 	-0.060211439 	-0.038860339 	0.905385
0.0017286432 	-0.060211439 	-0.038860339 	0.905385
0.0017487437 	-0.062139715 	-0.041330288 	0.89824256
0.0017688442 	-0.062139715 	-0.041330288 	0.89824256
0.0017889447 	-0.062139715 	-0.041330288 	0.89824256
0.0018090452 	-0.063592038 	-0.043919237 	0.88913173
0.0018291457 	-0.063592038 	-0.043919237 	0.88913173
0.0018492462 	-0.064547498 	-0.04590558 	0.87927955
0.0018693467 	-0.064547498 	-0.04590558 	0.87927955
0.0018894472 	-0.064547498 	-0.04590558 	0.87927955
0.0019095477 	-0.065106653 	-0.046658068 	0.87039556
0.0019296482 	-0.065106653 	-0.046658068 	0.87039556
0.0019497487 	-0.065543139 	-0.045792693 	0.8641883
0.0019698492 	-0.065543139 	-0.045792693 	0.8641883
0.0019899497 	-0.066044862 	-0.043182578 	0.86196012
0.0020100503 	-0.066044862 	-0.043182578 	0.86196012
0.0020301508 	-0.066044862 	-0.043182578 	0.86196012
0.0020502513 	-0.066392667 	-0.038744945 	0.86418005
0.0020703518 	-0.066392667 	-0.038744945 	0.86418005
0.0020904523 	-0.066220802 	-0.032266616 	0.87055546
0.0021105528 	-0.066220802 	-0.032266616 	0.87055546
0.0021306533 	-0.066220802 	-0.032266616 	0.87055546
0.0021507538 	-0.065331276 	-0.023639773 	0.8804447
0.0021708543 	-0.065331276 	-0.023639773 	0.8804447
0.0021909548 	-0.063919281 	-0.013360402 	0.89314709
0.0022110553 	-0.063919281 	-0.013360402 	0.89314709
0.0022311558 	-0.062541012 	-0.0025582808 	0.9076985
0.0022512563 	-0.062541012 	-0.0025582808 	0.9076985
0.0022713568 	-0.061598664 	0.0076101878 	0.92264716
0.0022914573 	-0.061598664 	0.0076101878 	0.92264716
0.0023115578 	-0.061598664 	0.0076101878 	0.92264716
0.0023316583 	-0.060937004 	0.016605978 	0.93613333
0.0023517588 	-0.060937004 	0.016605978 	0.93613333
0.0023718593 	-0.060056639 	0.024570183 	0.94629706
0.0023919598 	-0.060056639 	0.024570183 	0.94629706
0.0024120603 	-0.058393438 	0.031871234 	0.95178763
0.0024321608 	-0.058393438 	0.031871234 	0.95178763
0.0024522613 	-0.055564375 	0.038710828 	0.95198925
0.0024723618 	-0.055564375 	0.038710828 	0.95198925
0.0024924623 	-0.051431982 	0.045023628 	0.94700772
0.0025125628 	-0.051431982 	0.045023628 	0.94700772
0.0025326633 	-0.046094658 	0.050564549 	0.93748515
0.0025527638 	-0.046094658 	0.050564549 	0.93748515
0.0025728643 	-0.039844057 	0.055028491 	0.92426353
0.0025929648 	-0.039844057 	0.055028491 	0.92426353
0.0026130653 	-0.033099966 	0.058110269 	0.90809398
0.0026331658 	-0.033099966 	0.058110269 	0.90809398
0.0026532663 	-0.026365878 	0.059502275 	0.88958171
0.0026733668 	-0.026365878 	0.059502275 	0.88958171
0.0026934673 	-0.020226584 	0.058904301 	0.86935294
0.0027135678 	-0.020226584 	0.058904301 	0.86935294
0.0027336683 	-0.015298158 	0.056080649 	0.84828637
0.0027537688 	-0.015298158 	0.056080649 	0.84828637
0.0027738693 	-0.012132831 	0.050943533 	0.82761385
0.0027939698 	-0.012132831 	0.050943533 	0.82761385
0.0028140704 	-0.011090496 	0.04360953 	0.80878586
0.0028341709 	-0.011090496 	0.04360953 	0.80878586
0.0028542714 	-0.012174668 	0.03444427 	0.79311481
0.0028743719 	-0.014964394 	0.024019409 	0.78126047
0.0028944724 	-0.014964394 	0.024019409 	0.78126047
0.0029145729 	-0.018727067 	0.013027251 	0.77290302
0.0029346734 	-0.018727067 	0.013027251 	0.77290302
0.0029547739 	-0.022556195 	0.0021546865 	0.76680014
0.0029748744 	-0.022556195 	0.0021546865 	0.76680014
0.0029949749 	-0.025784993 	-0.0079533904 	0.76132423
0.0030150754 	-0.028131679 	-0.016786029 	0.75504964
0.0030351759 	-0.028131679 	-0.016786029 	0.75504964
0.0030552764 	-0.029512256 	-0.024010785 	0.74711542
0.0030753769 	-0.029512256 	-0.024010785 	0.74711542
0.0030954774 	-0.030032012 	-0.029496457 	0.73725942
0.0031155779 	-0.029877992 	-0.03330109 	0.72564117
0.0031356784 	-0.029877992 	-0.03330109 	0.72564117
0.0031557789 	-0.029242634 	-0.035619262 	0.7126466
0.0031758794 	-0.029242634 	-0.035619262 	0.7126466
0.0031959799 	-0.028290265 	-0.036710796 	0.69875974
0.0032160804 	-0.027147832 	-0.036838121 	0.68449732
0.0032361809 	-0.027147832 	-0.036838121 	0.68449732
0.0032562814 	-0.025904277 	-0.036229025 	0.67036458
0.0032763819 	-0.024613391 	-0.035067047 	0.65680696
0.0032964824 	-0.024613391 	-0.035067047 	0.65680696
0.0033165829 	-0.023298599 	-0.033501245 	0.64416012
0.0033366834 	-0.021959644 	-0.03166258 	0.63261381
0.0033567839 	-0.021959644 	-0.03166258 	0.63261381
0.0033768844 	-0.020580337 	-0.029676104 	0.62220136
0.0033969849 	-0.019136742 	-0.027663872 	0.61281506
0.0034170854 	-0.019136742 	-0.027663872 	0.61281506
0.0034371859 	-0.017604872 	-0.025739685 	0.60423918
0.0034572864 	-0.015967199 	-0.023999318 	0.59618903
0.0034773869 	-0.014217543 	-0.02251074 	0.58834556
0.0034974874 	-0.014217543 	-0.02251074 	0.58834556
0.0035175879 	-0.012364563 	-0.021306763 	0.58037912
0.0035376884 	-0.010433313 	-0.020381547 	0.57196167
0.0035577889 	-0.0084647051 	-0.019691461 	0.56276902
0.0035778894 	-0.0084647051 	-0.019691461 	0.56276902
0.0035979899 	-0.0065128628 	-0.019161293 	0.55247737
0.0036180905 	-0.0046404854 	-0.018695724 	0.54075886
0.003638191 	-0.0029125608 	-0.018195378 	0.5272814
0.0036582915 	-0.0029125608 	-0.018195378 	0.5272814
0.003678392 	-0.0013892645 	-0.017575794 	0.51171546
0.0036984925 	-0.0001191641 	-0.016784769 	0.49375008
0.003718593 	0.00086641696 	-0.01581284 	0.47311539
0.0037386935 	0.0015587122 	-0.014692131 	0.44960583
0.003758794 	0.0019711598 	-0.013481917 	0.42309815
0.0037788945 	0.0019711598 	-0.013481917 	0.42309815
0.003798995 	0.0021349623 	-0.012247086 	0.39355893
0.0038190955 	0.0020945998 	-0.011034925 	0.361042
0.003839196 	0.0019013109 	-0.0098646222 	0.32568017
0.0038592965 	0.001607041 	-0.0087297912 	0.28767812
0.003879397 	0.0012602788 	-0.0076100243 	0.24731064
0.0038994975 	0.00090388132 	-0.0064805533 	0.20492289
0.003919598 	0.00057418635 	-0.0053117349 	0.16092213
0.0039396985 	0.00030095279 	-0.0040591963 	0.11574821
0.003959799 	0.00010731794 	-0.0026541787 	0.069818032
0.0039798995 	9.612277e-06 	-0.001004021 	0.023455178
0.004 	9.612277e-06 	-0.001004021 	0.023455178
