0 	0.01796372 	0.0061301095 	1.0007506
5.5555556e-05 	0.014595196 	0.0096559725 	0.99260082
0.00011111111 	0.015033328 	0.0073725905 	0.98507655
0.00016666667 	0.016761778 	0.0040902487 	0.97847854
0.00022222222 	0.019179475 	0.00045928568 	0.97296473
0.00027777778 	0.022083045 	-0.0033858235 	0.96850123
0.00033333333 	0.025374347 	-0.0075792622 	0.96486575
0.00038888889 	0.028923579 	-0.012357626 	0.96172817
0.00044444444 	0.032597814 	-0.017946426 	0.95876764
0.0005 	0.036265179 	-0.024442369 	0.95578619
0.00055555556 	0.039782957 	-0.031727714 	0.95278734
0.00061111111 	0.042984538 	-0.039429667 	0.94997148
0.00066666667 	0.045678561 	-0.046949081 	0.94764589
0.00072222222 	0.047664133 	-0.053545331 	0.94606831
0.00077777778 	0.048770191 	-0.058516707 	0.94530805
0.00083333333 	0.048905753 	-0.061344018 	0.94518503
0.00088888889 	0.047947697 	-0.061914634 	0.9454676
0.00094444444 	0.046123451 	-0.060330577 	0.9461196
0.001 	0.042626555 	-0.056580929 	0.94756275
0.0010617199 	0.038155244 	-0.050603732 	0.94956302
0.0011225874 	0.033948838 	-0.043844136 	0.95101313
0.0011826143 	0.030874635 	-0.037993125 	0.95187331
0.0012418122 	0.028889614 	-0.034367701 	0.95328739
0.0013001926 	0.027472153 	-0.033227889 	0.95622948
0.0013577668 	0.026074735 	-0.033686395 	0.96086031
0.0014145458 	0.024391129 	-0.034178536 	0.96687037
0.0014705407 	0.022559253 	-0.03332582 	0.97338185
0.0015257623 	0.02113882 	-0.030642599 	0.97862068
0.0015802213 	0.020841721 	-0.026550158 	0.98058259
0.0016339282 	0.022070898 	-0.02189541 	0.97833084
0.0016868934 	0.024729971 	-0.017460429 	0.97252664
0.0017391271 	0.028372712 	-0.013697505 	0.96482074
0.0017906395 	0.03250791 	-0.010735247 	0.95674814
0.0018414404 	0.0368323 	-0.0085139523 	0.94898825
0.0018915398 	0.041268679 	-0.0068600702 	0.94141058
0.0019409473 	0.045742959 	-0.0055855603 	0.93376536
0.0019896725 	0.049880669 	-0.0045071894 	0.92628925
0.0020377248 	0.05321895 	-0.0035129749 	0.91968932
0.0020851134 	0.055476197 	-0.002534061 	0.91472336
0.0021318476 	0.056625894 	-0.0014248871 	0.91172331
0.0021779364 	0.056895832 	0.00010583847 	0.91047052
0.0022233887 	0.056516193 	0.0024473222 	0.91035949
0.0022682133 	0.055502146 	0.0060301291 	0.9107157
0.0023124189 	0.053666362 	0.011159506 	0.91118965
0.0023560139 	0.050621804 	0.017968071 	0.91191447
0.0023990069 	0.045929501 	0.026376711 	0.9134738
0.0024414062 	0.039335851 	0.036100254 	0.91657582
0.0024832199 	0.030937369 	0.046499335 	0.92167545
0.0025244562 	0.021203571 	0.05665471 	0.92875918
0.002565123 	0.01087613 	0.06556916 	0.93723149
0.0026052281 	0.00082620812 	0.072627868 	0.94571083
0.0026447794 	-0.0081087887 	0.077718998 	0.95202188
0.0026837845 	-0.015237263 	0.081021533 	0.95383076
0.0027222509 	-0.020069146 	0.08273308 	0.94964903
0.0027601861 	-0.022382839 	0.083053082 	0.93931318
0.0027975974 	-0.022294747 	0.08228174 	0.92367585
0.002834492 	-0.020218927 	0.080818235 	0.90402902
0.0028708772 	-0.016740772 	0.079031143 	0.8817186
0.0029067598 	-0.012443133 	0.07714534 	0.85796546
0.0029421469 	-0.0077954968 	0.075152281 	0.83378218
0.0029770452 	-0.0031171796 	0.072888318 	0.80995819
0.0030114616 	0.0013728663 	0.07010809 	0.7871014
0.0030454028 	0.0054774508 	0.066637105 	0.7657038
0.0030788752 	0.0091334975 	0.062296182 	0.74612788
0.0031118853 	0.012337442 	0.056974239 	0.72864067
0.0031444395 	0.015098372 	0.050602915 	0.71337554
0.0031765442 	0.017524342 	0.043149645 	0.70030361
0.0032082055 	0.019753501 	0.03467663 	0.68920102
0.0032394295 	0.021923381 	0.02535655 	0.6796497
0.0032702223 	0.024132201 	0.015540737 	0.67108895
0.0033005899 	0.026285139 	0.0057541651 	0.66298268
0.0033305381 	0.02835266 	-0.0033147164 	0.65496997
0.0033600727 	0.030372496 	-0.010919849 	0.64699212
0.0033891994 	0.032185329 	-0.016425341 	0.63936564
0.0034179239 	0.033559291 	-0.01944553 	0.63266384
0.0034462517 	0.034327625 	-0.019897315 	0.62748844
0.0034741882 	0.034413265 	-0.017978216 	0.62425032
0.003501739 	0.033841052 	-0.014083872 	0.62310692
0.0035289093 	0.032727364 	-0.0087057362 	0.62404691
0.0035557043 	0.031231779 	-0.0023435574 	0.62700213
0.0035821293 	0.029521008 	0.0045600674 	0.63190225
0.0036081894 	0.027740812 	0.011649608 	0.63856747
0.0036338895 	0.026023363 	0.01866642 	0.64655965
0.0036592348 	0.02443912 	0.025421622 	0.65503377
0.00368423 	0.022987554 	0.031791604 	0.66268783
0.00370888 	0.021605832 	0.03768371 	0.66783578
0.0037331896 	0.020183444 	0.043008829 	0.6685578
0.0037571635 	0.018585807 	0.04767308 	0.6628442
0.0037808063 	0.016693226 	0.051575871 	0.64867279
0.0038041226 	0.014452026 	0.054582214 	0.62404931
0.0038271169 	0.011918473 	0.056438794 	0.5871571
0.0038497936 	0.0092633674 	0.056676118 	0.53676971
0.0038721572 	0.0067192406 	0.054643068 	0.47284479
0.0038942119 	0.0044944223 	0.049789524 	0.39691527
0.003915962 	0.0027076309 	0.042042892 	0.31196334
0.0039374118 	0.0013825823 	0.031896315 	0.22187059
0.0039585653 	0.00049960071 	0.020056009 	0.1307112
0.0039794267 	5.5659859e-05 	0.0070153281 	0.042050938
0.004 	5.7203906e-05 	0.0031169528 	0.045230619
