0 	-0.040231748 	-0.059554837 	0.99595302
2.0100503e-05 	-0.040231748 	-0.059554837 	0.99595302
4.0201005e-05 	-0.040231748 	-0.059554837 	0.99595302
6.0301508e-05 	-0.065158214 	-0.036266348 	0.9942304
8.040201e-05 	-0.065158214 	-0.036266348 	0.9942304
0.00010050251 	-0.065158214 	-0.036266348 	0.9942304
0.00012060302 	-0.070745449 	-0.028778511 	0.99283593
0.00014070352 	-0.070745449 	-0.028778511 	0.99283593
0.00016080402 	-0.070745449 	-0.028778511 	0.99283593
0.00018090452 	-0.072812675 	-0.025915485 	0.99169658
0.00020100503 	-0.072812675 	-0.025915485 	0.99169658
0.00022110553 	-0.072812675 	-0.025915485 	0.99169658
0.00024120603 	-0.073169514 	-0.025147293 	0.99071427
0.00026130653 	-0.073169514 	-0.025147293 	0.99071427
0.00028140704 	-0.072326087 	-0.025712166 	0.98972687
0.00030150754 	-0.072326087 	-0.025712166 	0.98972687
0.00032160804 	-0.072326087 	-0.025712166 	0.98972687
0.00034170854 	-0.070563043 	-0.02726538 	0.98852401
0.00036180905 	-0.070563043 	-0.02726538 	0.98852401
0.00038190955 	-0.070563043 	-0.02726538 	0.98852401
0.00040201005 	-0.068099982 	-0.029573228 	0.98695392
0.00042211055 	-0.068099982 	-0.029573228 	0.98695392
0.00044221106 	-0.068099982 	-0.029573228 	0.98695392
0.00046231156 	-0.065117711 	-0.032389225 	0.98506114
0.00048241206 	-0.065117711 	-0.032389225 	0.98506114
0.00050251256 	-0.061725718 	-0.035395849 	0.9830675
0.00052261307 	-0.061725718 	-0.035395849 	0.9830675
0.00054271357 	-0.061725718 	-0.035395849 	0.9830675
0.00056281407 	-0.057993543 	-0.038164608 	0.98122503
0.00058291457 	-0.057993543 	-0.038164608 	0.98122503
0.00060301508 	-0.057993543 	-0.038164608 	0.98122503
0.00062311558 	-0.053931572 	-0.040334012 	0.97968533
0.00064321608 	-0.053931572 	-0.040334012 	0.97968533
0.00066331658 	-0.053931572 	-0.040334012 	0.97968533
0.00068341709 	-0.049427055 	-0.041751778 	0.97856351
0.00070351759 	-0.049427055 	-0.041751778 	0.97856351
0.00072361809 	-0.044354856 	-0.042444392 	0.97798139
0.00074371859 	-0.044354856 	-0.042444392 	0.97798139
0.0007638191 	-0.044354856 	-0.042444392 	0.97798139
0.0007839196 	-0.038820217 	-0.042365038 	0.9779248
0.0008040201 	-0.038820217 	-0.042365038 	0.9779248
0.0008241206 	-0.038820217 	-0.042365038 	0.9779248
0.00084422111 	-0.033262858 	-0.041169303 	0.97811496
0.00086432161 	-0.033262858 	-0.041169303 	0.97811496
0.00088442211 	-0.033262858 	-0.041169303 	0.97811496
0.00090452261 	-0.028311792 	-0.038357608 	0.97807919
0.00092462312 	-0.028311792 	-0.038357608 	0.97807919
0.00094472362 	-0.024549091 	-0.033546058 	0.97742249
0.00096482412 	-0.024549091 	-0.033546058 	0.97742249
0.00098492462 	-0.024549091 	-0.033546058 	0.97742249
0.0010050251 	-0.022067142 	-0.026239377 	0.97595566
0.0010251256 	-0.022067142 	-0.026239377 	0.97595566
0.0010452261 	-0.022067142 	-0.026239377 	0.97595566
0.0010653266 	-0.021296526 	-0.016656435 	0.97386498
0.0010854271 	-0.021296526 	-0.016656435 	0.97386498
0.0011055276 	-0.021296526 	-0.016656435 	0.97386498
0.0011256281 	-0.022359539 	-0.0060970199 	0.9718896
0.0011457286 	-0.022359539 	-0.0060970199 	0.9718896
0.0011658291 	-0.022359539 	-0.0060970199 	0.9718896
0.0011859296 	-0.025039492 	0.003950091 	0.97031798
0.0012060302 	-0.025039492 	0.003950091 	0.97031798
0.0012261307 	-0.025039492 	0.003950091 	0.97031798
0.0012462312 	-0.029298812 	0.011865515 	0.96869198
0.0012663317 	-0.029298812 	0.011865515 	0.96869198
0.0012864322 	-0.029298812 	0.011865515 	0.96869198
0.0013065327 	-0.035143214 	0.016288871 	0.96628166
0.0013266332 	-0.035143214 	0.016288871 	0.96628166
0.0013467337 	-0.035143214 	0.016288871 	0.96628166
0.0013668342 	-0.042254181 	0.017189808 	0.96359793
0.0013869347 	-0.042254181 	0.017189808 	0.96359793
0.0014070352 	-0.042254181 	0.017189808 	0.96359793
0.0014271357 	-0.049690168 	0.016687304 	0.96332455
0.0014472362 	-0.049690168 	0.016687304 	0.96332455
0.0014673367 	-0.049690168 	0.016687304 	0.96332455
0.0014874372 	-0.056091424 	0.018276931 	0.96887014
0.0015075377 	-0.056091424 	0.018276931 	0.96887014
0.0015276382 	-0.060038949 	0.024243383 	0.98119539
0.0015477387 	-0.060038949 	0.024243383 	0.98119539
0.0015678392 	-0.060038949 	0.024243383 	0.98119539
0.0015879397 	-0.060847894 	0.033738081 	0.99708884
0.0016080402 	-0.060847894 	0.033738081 	0.99708884
0.0016281407 	-0.060847894 	0.033738081 	0.99708884
0.0016482412 	-0.059080819 	0.044114343 	1.0113016
0.0016683417 	-0.059080819 	0.044114343 	1.0113016
0.0016884422 	-0.055846348 	0.053373773 	1.0205643
0.0017085427 	-0.055846348 	0.053373773 	1.0205643
0.0017286432 	-0.055846348 	0.053373773 	1.0205643
0.0017487437 	-0.052027821 	0.06044656 	1.0249682
0.0017688442 	-0.052027821 	0.06044656 	1.0249682
0.0017889447 	-0.052027821 	0.06044656 	1.0249682
0.0018090452 	-0.048198337 	0.064333687 	1.0261254
0.0018291457 	-0.048198337 	0.064333687 	1.0261254
0.0018492462 	-0.044860211 	0.064063842 	1.024846
0.0018693467 	-0.044860211 	0.064063842 	1.024846
0.0018894472 	-0.044860211 	0.064063842 	1.024846
0.0019095477 	-0.042404665 	0.059646559 	1.0201046
0.0019296482 	-0.042404665 	0.059646559 	1.0201046
0.0019497487 	-0.040978015 	0.052476096 	1.0100893
0.0019698492 	-0.040978015 	0.052476096 	1.0100893
0.0019899497 	-0.040582288 	0.044540239 	0.99431096
0.0020100503 	-0.040582288 	0.044540239 	0.99431096
0.0020301508 	-0.040582288 	0.044540239 	0.99431096
0.0020502513 	-0.041183937 	0.037194195 	0.97441741
0.0020703518 	-0.041183937 	0.037194195 	0.97441741
0.0020904523 	-0.04271042 	0.030698674 	0.95297842
0.0021105528 	-0.04271042 	0.030698674 	0.95297842
0.0021306533 	-0.04271042 	0.030698674 	0.95297842
0.0021507538 	-0.044957423 	0.02482884 	0.9318002
0.0021708543 	-0.044957423 	0.02482884 	0.9318002
0.0021909548 	-0.047635978 	0.019620172 	0.91131515
0.0022110553 	-0.047635978 	0.019620172 	0.91131515
0.0022311558 	-0.050466773 	0.015611535 	0.89124953
0.0022512563 	-0.050466773 	0.015611535 	0.89124953
0.0022713568 	-0.053220072 	0.013598074 	0.87154302
0.0022914573 	-0.053220072 	0.013598074 	0.87154302
0.0023115578 	-0.053220072 	0.013598074 	0.87154302
0.0023316583 	-0.055737921 	0.014287866 	0.85282084
0.0023517588 	-0.055737921 	0.014287866 	0.85282084
0.0023718593 	-0.057832298 	0.018028039 	0.83638521
0.0023919598 	-0.057832298 	0.018028039 	0.83638521
0.0024120603 	-0.05925857 	0.024592477 	0.82397336
0.0024321608 	-0.05925857 	0.024592477 	0.82397336
0.0024522613 	-0.059795648 	0.03318823 	0.81734875
0.0024723618 	-0.059795648 	0.03318823 	0.81734875
0.0024924623 	-0.05930762 	0.042726125 	0.81751578
0.0025125628 	-0.05930762 	0.042726125 	0.81751578
0.0025326633 	-0.057773104 	0.052273846 	0.8238244
0.0025527638 	-0.057773104 	0.052273846 	0.8238244
0.0025728643 	-0.055287876 	0.061250057 	0.83377893
0.0025929648 	-0.055287876 	0.061250057 	0.83377893
0.0026130653 	-0.052107991 	0.069189781 	0.84398123
0.0026331658 	-0.052107991 	0.069189781 	0.84398123
0.0026532663 	-0.048650317 	0.075340085 	0.85149765
0.0026733668 	-0.048650317 	0.075340085 	0.85149765
0.0026934673 	-0.04544125 	0.078629915 	0.85469186
0.0027135678 	-0.04544125 	0.078629915 	0.85469186
0.0027336683 	-0.042999503 	0.078051393 	0.85335379
0.0027537688 	-0.042999503 	0.078051393 	0.85335379
0.0027738693 	-0.041748446 	0.073059517 	0.84833354
0.0027939698 	-0.041748446 	0.073059517 	0.84833354
0.0028140704 	-0.041965376 	0.063683728 	0.84068742
0.0028341709 	-0.041965376 	0.063683728 	0.84068742
0.0028542714 	-0.043806903 	0.050321683 	0.83054704
0.0028743719 	-0.047374366 	0.033436283 	0.81640357
0.0028944724 	-0.047374366 	0.033436283 	0.81640357
0.0029145729 	-0.05264167 	0.013135126 	0.79581656
0.0029346734 	-0.05264167 	0.013135126 	0.79581656
0.0029547739 	-0.059130187 	-0.01115231 	0.76788339
0.0029748744 	-0.059130187 	-0.01115231 	0.76788339
0.0029949749 	-0.066444426 	-0.040255748 	0.73571048
0.0030150754 	-0.07400812 	-0.073240833 	0.70558455
0.0030351759 	-0.07400812 	-0.073240833 	0.70558455
0.0030552764 	-0.08135553 	-0.10605697 	0.68290122
0.0030753769 	-0.08135553 	-0.10605697 	0.68290122
0.0030954774 	-0.089032661 	-0.13256071 	0.66891419
0.0031155779 	-0.098053147 	-0.1478771 	0.66080069
0.0031356784 	-0.098053147 	-0.1478771 	0.66080069
0.0031557789 	-0.10843797 	-0.15117837 	0.65465878
0.0031758794 	-0.10843797 	-0.15117837 	0.65465878
0.0031959799 	-0.11849599 	-0.14505858 	0.64822822
0.0032160804 	-0.12626297 	-0.13253885 	0.64207066
0.0032361809 	-0.12626297 	-0.13253885 	0.64207066
0.0032562814 	-0.13093257 	-0.11609971 	0.63856779
0.0032763819 	-0.13269228 	-0.099365868 	0.63937573
0.0032964824 	-0.13269228 	-0.099365868 	0.63937573
0.0033165829 	-0.13225335 	-0.085965628 	0.64401368
0.0033366834 	-0.13050997 	-0.076997631 	0.65082038
0.0033567839 	-0.13050997 	-0.076997631 	0.65082038
0.0033768844 	-0.12838537 	-0.071724958 	0.65839666
0.0033969849 	-0.12645274 	-0.068532468 	0.66600237
0.0034170854 	-0.12645274 	-0.068532468 	0.66600237
0.0034371859 	-0.12491333 	-0.065454387 	0.67344859
0.0034572864 	-0.12389423 	-0.060871169 	0.68047671
0.0034773869 	-0.12340007 	-0.053978227 	0.68618622
0.0034974874 	-0.12340007 	-0.053978227 	0.68618622
0.0035175879 	-0.12328372 	-0.044835323 	0.68907596
0.0035376884 	-0.12321414 	-0.034072238 	0.68785029
0.0035577889 	-0.12267967 	-0.022634627 	0.68223614
0.0035778894 	-0.12267967 	-0.022634627 	0.68223614
0.0035979899 	-0.12092588 	-0.011571361 	0.67251391
0.0036180905 	-0.1173506 	-0.0018154982 	0.65859083
0.003638191 	-0.11173967 	0.0059046907 	0.63961655
0.0036582915 	-0.11173967 	0.0059046907 	0.63961655
0.003678392 	-0.10428147 	0.011237756 	0.61444087
0.0036984925 	-0.095449797 	0.014212897 	0.58251775
0.003718593 	-0.08581816 	0.015171415 	0.54432981
0.0037386935 	-0.075964995 	0.014713225 	0.50114172
0.003758794 	-0.066446566 	0.01361989 	0.45459978
0.0037788945 	-0.066446566 	0.01361989 	0.45459978
0.003798995 	-0.05775663 	0.012673473 	0.40654028
0.0038190955 	-0.050168709 	0.01237054 	0.35884707
0.003839196 	-0.043569216 	0.012672163 	0.31302633
0.0038592965 	-0.037459158 	0.01300075 	0.26963653
0.003879397 	-0.031192453 	0.012461163 	0.22828288
0.0038994975 	-0.024340364 	0.010078486 	0.18831392
0.003919598 	-0.016974331 	0.0051839308 	0.14936007
0.0039396985 	-0.0097509917 	-0.0018004258 	0.11095374
0.003959799 	-0.0037606681 	-0.008247994 	0.071444097
0.0039798995 	-0.00034371629 	-0.0081318729 	0.027135727
0.004 	-0.00034371629 	-0.0081318729 	0.027135727
