0 	-0.041933206 	-0.013275061 	1.0410299
2.0100503e-05 	-0.013373175 	0.0438552 	1.0382597
4.0201005e-05 	-0.013373175 	0.0438552 	1.0382597
6.0301508e-05 	0.0079294349 	0.046313313 	1.0363705
8.040201e-05 	0.0079294349 	0.046313313 	1.0363705
0.00010050251 	0.0079294349 	0.046313313 	1.0363705
0.00012060302 	0.013615077 	0.045181051 	1.0351954
0.00014070352 	0.013615077 	0.045181051 	1.0351954
0.00016080402 	0.013615077 	0.045181051 	1.0351954
0.00018090452 	0.015847544 	0.043418414 	1.0344529
0.00020100503 	0.015847544 	0.043418414 	1.0344529
0.00022110553 	0.015847544 	0.043418414 	1.0344529
0.00024120603 	0.016798824 	0.040580053 	1.0338255
0.00026130653 	0.016798824 	0.040580053 	1.0338255
0.00028140704 	0.017163172 	0.036535813 	1.0331793
0.00030150754 	0.017163172 	0.036535813 	1.0331793
0.00032160804 	0.017163172 	0.036535813 	1.0331793
0.00034170854 	0.017246627 	0.031588565 	1.0327207
0.00036180905 	0.017246627 	0.031588565 	1.0327207
0.00038190955 	0.017246627 	0.031588565 	1.0327207
0.00040201005 	0.017252015 	0.026318116 	1.0328234
0.00042211055 	0.017252015 	0.026318116 	1.0328234
0.00044221106 	0.017252015 	0.026318116 	1.0328234
0.00046231156 	0.017372613 	0.021303855 	1.0335951
0.00048241206 	0.017372613 	0.021303855 	1.0335951
0.00050251256 	0.01776175 	0.016945784 	1.0346105
0.00052261307 	0.01776175 	0.016945784 	1.0346105
0.00054271357 	0.01776175 	0.016945784 	1.0346105
0.00056281407 	0.018395389 	0.013465147 	1.0351214
0.00058291457 	0.018395389 	0.013465147 	1.0351214
0.00060301508 	0.018395389 	0.013465147 	1.0351214
0.00062311558 	0.019003846 	0.010923979 	1.0346012
0.00064321608 	0.019003846 	0.010923979 	1.0346012
0.00066331658 	0.019003846 	0.010923979 	1.0346012
0.00068341709 	0.019202722 	0.00921377 	1.033174
0.00070351759 	0.019202722 	0.00921377 	1.033174
0.00072361809 	0.018726536 	0.0081080096 	1.0315539
0.00074371859 	0.018726536 	0.0081080096 	1.0315539
0.0007638191 	0.018726536 	0.0081080096 	1.0315539
0.0007839196 	0.017601153 	0.0074708422 	1.0305716
0.0008040201 	0.017601153 	0.0074708422 	1.0305716
0.0008241206 	0.017601153 	0.0074708422 	1.0305716
0.00084422111 	0.016107502 	0.0074339523 	1.0306797
0.00086432161 	0.016107502 	0.0074339523 	1.0306797
0.00088442211 	0.016107502 	0.0074339523 	1.0306797
0.00090452261 	0.014619379 	0.008343059 	1.0317497
0.00092462312 	0.014619379 	0.008343059 	1.0317497
0.00094472362 	0.013383454 	0.010522243 	1.0331878
0.00096482412 	0.013383454 	0.010522243 	1.0331878
0.00098492462 	0.013383454 	0.010522243 	1.0331878
0.0010050251 	0.012589424 	0.014296035 	1.0345067
0.0010251256 	0.012589424 	0.014296035 	1.0345067
0.0010452261 	0.012589424 	0.014296035 	1.0345067
0.0010653266 	0.012306037 	0.019540835 	1.034728
0.0010854271 	0.012306037 	0.019540835 	1.034728
0.0011055276 	0.012306037 	0.019540835 	1.034728
0.0011256281 	0.012528868 	0.025331534 	1.0333265
0.0011457286 	0.012528868 	0.025331534 	1.0333265
0.0011658291 	0.012269285 	0.024531479 	1.0271711
0.0011859296 	0.013613392 	0.031034484 	1.0249235
0.0012060302 	0.013168199 	0.03077226 	1.0301479
0.0012261307 	0.013168199 	0.03077226 	1.0301479
0.0012462312 	0.014188004 	0.034843357 	1.0251308
0.0012663317 	0.014188004 	0.034843357 	1.0251308
0.0012864322 	0.014188004 	0.034843357 	1.0251308
0.0013065327 	0.015524727 	0.036463664 	1.0182145
0.0013266332 	0.015524727 	0.036463664 	1.0182145
0.0013467337 	0.015524727 	0.036463664 	1.0182145
0.0013668342 	0.017060289 	0.034710435 	1.0093903
0.0013869347 	0.017060289 	0.034710435 	1.0093903
0.0014070352 	0.017060289 	0.034710435 	1.0093903
0.0014271357 	0.018576188 	0.029177719 	0.99889467
0.0014472362 	0.018576188 	0.029177719 	0.99889467
0.0014673367 	0.018576188 	0.029177719 	0.99889467
0.0014874372 	0.019778353 	0.020249654 	0.9873832
0.0015075377 	0.019778353 	0.020249654 	0.9873832
0.0015276382 	0.020416472 	0.0091242586 	0.97580238
0.0015477387 	0.020416472 	0.0091242586 	0.97580238
0.0015678392 	0.020416472 	0.0091242586 	0.97580238
0.0015879397 	0.02041999 	-0.0025502644 	0.96503045
0.0016080402 	0.02041999 	-0.0025502644 	0.96503045
0.0016281407 	0.02041999 	-0.0025502644 	0.96503045
0.0016482412 	0.019934278 	-0.013208683 	0.95561475
0.0016683417 	0.019934278 	-0.013208683 	0.95561475
0.0016884422 	0.019221785 	-0.02175748 	0.94773867
0.0017085427 	0.019221785 	-0.02175748 	0.94773867
0.0017286432 	0.019221785 	-0.02175748 	0.94773867
0.0017487437 	0.018541834 	-0.027684173 	0.94131661
0.0017688442 	0.018541834 	-0.027684173 	0.94131661
0.0017889447 	0.018541834 	-0.027684173 	0.94131661
0.0018090452 	0.018070962 	-0.030924805 	0.93608745
0.0018291457 	0.018070962 	-0.030924805 	0.93608745
0.0018492462 	0.017853426 	-0.031668797 	0.93169661
0.0018693467 	0.017853426 	-0.031668797 	0.93169661
0.0018894472 	0.017853426 	-0.031668797 	0.93169661
0.0019095477 	0.017818166 	-0.03020897 	0.92777865
0.0019296482 	0.017818166 	-0.03020897 	0.92777865
0.0019497487 	0.01781668 	-0.026826623 	0.92402457
0.0019698492 	0.01781668 	-0.026826623 	0.92402457
0.0019899497 	0.017647443 	-0.021754369 	0.92026394
0.0020100503 	0.017647443 	-0.021754369 	0.92026394
0.0020301508 	0.017647443 	-0.021754369 	0.92026394
0.0020502513 	0.017112635 	-0.015177061 	0.91655217
0.0020703518 	0.017112635 	-0.015177061 	0.91655217
0.0020904523 	0.016064838 	-0.0072861361 	0.91321103
0.0021105528 	0.016064838 	-0.0072861361 	0.91321103
0.0021306533 	0.016064838 	-0.0072861361 	0.91321103
0.0021507538 	0.014433383 	0.0016548446 	0.91076867
0.0021708543 	0.014433383 	0.0016548446 	0.91076867
0.0021909548 	0.012289181 	0.011288368 	0.90976282
0.0022110553 	0.012289181 	0.011288368 	0.90976282
0.0022311558 	0.0098460731 	0.021247185 	0.91043241
0.0022512563 	0.0098460731 	0.021247185 	0.91043241
0.0022713568 	0.0074285023 	0.031226205 	0.91250041
0.0022914573 	0.0074285023 	0.031226205 	0.91250041
0.0023115578 	0.0074285023 	0.031226205 	0.91250041
0.0023316583 	0.0054181292 	0.041007541 	0.91513705
0.0023517588 	0.0054181292 	0.041007541 	0.91513705
0.0023718593 	0.0041181644 	0.050385609 	0.9171976
0.0023919598 	0.0041181644 	0.050385609 	0.9171976
0.0024120603 	0.0036597247 	0.059100442 	0.91761471
0.0024321608 	0.0036597247 	0.059100442 	0.91761471
0.0024522613 	0.0039771221 	0.066843921 	0.91576126
0.0024723618 	0.0039771221 	0.066843921 	0.91576126
0.0024924623 	0.0048495789 	0.073330176 	0.9116168
0.0025125628 	0.0048495789 	0.073330176 	0.9116168
0.0025326633 	0.0059845009 	0.078352904 	0.90571392
0.0025527638 	0.0059845009 	0.078352904 	0.90571392
0.0025728643 	0.0071193238 	0.081778729 	0.89892005
0.0025929648 	0.0071193238 	0.081778729 	0.89892005
0.0026130653 	0.0081010637 	0.083519673 	0.89215307
0.0026331658 	0.0081010637 	0.083519673 	0.89215307
0.0026532663 	0.0089042678 	0.083502638 	0.88614525
0.0026733668 	0.0089042678 	0.083502638 	0.88614525
0.0026934673 	0.0096460303 	0.081689307 	0.88130498
0.0027135678 	0.0096460303 	0.081689307 	0.88130498
0.0027336683 	0.010491559 	0.078106581 	0.87769829
0.0027537688 	0.010491559 	0.078106581 	0.87769829
0.0027738693 	0.011588339 	0.072870159 	0.87513416
0.0027939698 	0.011588339 	0.072870159 	0.87513416
0.0028140704 	0.013039364 	0.066181033 	0.87329244
0.0028341709 	0.013039364 	0.066181033 	0.87329244
0.0028542714 	0.014867787 	0.058305747 	0.87181689
0.0028743719 	0.017038003 	0.049527201 	0.87038929
0.0028944724 	0.017038003 	0.049527201 	0.87038929
0.0029145729 	0.019465364 	0.040104205 	0.86877713
0.0029346734 	0.019465364 	0.040104205 	0.86877713
0.0029547739 	0.022039421 	0.030257387 	0.86686057
0.0029748744 	0.022039421 	0.030257387 	0.86686057
0.0029949749 	0.02456345 	0.020147171 	0.86463922
0.0030150754 	0.026872862 	0.0099126907 	0.86221041
0.0030351759 	0.026872862 	0.0099126907 	0.86221041
0.0030552764 	0.028783102 	-0.00033415435 	0.85977471
0.0030753769 	0.028783102 	-0.00033415435 	0.85977471
0.0030954774 	0.029985779 	-0.010488295 	0.85759583
0.0031155779 	0.030261531 	-0.020453872 	0.85597337
0.0031356784 	0.030261531 	-0.020453872 	0.85597337
0.0031557789 	0.029485493 	-0.030152154 	0.85516695
0.0031758794 	0.029485493 	-0.030152154 	0.85516695
0.0031959799 	0.027595549 	-0.039510989 	0.85530963
0.0032160804 	0.024658339 	-0.048435916 	0.85639949
0.0032361809 	0.024658339 	-0.048435916 	0.85639949
0.0032562814 	0.020859846 	-0.056788884 	0.85825691
0.0032763819 	0.01645221 	-0.064399671 	0.86056411
0.0032964824 	0.01645221 	-0.064399671 	0.86056411
0.0033165829 	0.01171169 	-0.07111437 	0.8629257
0.0033366834 	0.0068915679 	-0.076881304 	0.86495656
0.0033567839 	0.0068915679 	-0.076881304 	0.86495656
0.0033768844 	0.0022190286 	-0.081815237 	0.86633007
0.0033969849 	-0.0021019626 	-0.086201225 	0.86683154
0.0034170854 	-0.0021019626 	-0.086201225 	0.86683154
0.0034371859 	-0.0058714017 	-0.090350493 	0.86635817
0.0034572864 	-0.0088662225 	-0.094314749 	0.8648657
0.0034773869 	-0.010851753 	-0.097617233 	0.86228023
0.0034974874 	-0.010851753 	-0.097617233 	0.86228023
0.0035175879 	-0.011629409 	-0.099305559 	0.85842638
0.0035376884 	-0.011098295 	-0.098386613 	0.8530539
0.0035577889 	-0.0092959485 	-0.094357788 	0.84592743
0.0035778894 	-0.0092959485 	-0.094357788 	0.84592743
0.0035979899 	-0.0063988975 	-0.087424766 	0.83687309
0.0036180905 	-0.0026843207 	-0.078339072 	0.82572977
0.003638191 	0.0015294243 	-0.068113277 	0.81226788
0.0036582915 	0.0015294243 	-0.068113277 	0.81226788
0.003678392 	0.0058990576 	-0.057827408 	0.79618776
0.0036984925 	0.010033019 	-0.048501468 	0.77719045
0.003718593 	0.013475291 	-0.040996044 	0.75497089
0.0037386935 	0.015752011 	-0.035957686 	0.72900036
0.003758794 	0.016494838 	-0.033830765 	0.69821308
0.0037788945 	0.016494838 	-0.033830765 	0.69821308
0.003798995 	0.015606078 	-0.03455353 	0.66065819
0.0038190955 	0.013384886 	-0.036782812 	0.61341395
0.003839196 	0.010513159 	-0.03757852 	0.55344296
0.0038592965 	0.0077801585 	-0.033892585 	0.47986982
0.003879397 	0.0056423964 	-0.025156779 	0.39618399
0.0038994975 	0.0040502903 	-0.014088958 	0.30949754
0.003919598 	0.0027297345 	-0.0046114486 	0.22691088
0.0039396985 	0.0015377489 	0.00078041355 	0.15240334
0.003959799 	0.00056343237 	0.0019963143 	0.086462557
0.0039798995 	3.5734286e-05 	0.00070360714 	0.027510644
0.004 	3.5734286e-05 	0.00070360714 	0.027510644
