0 	-0.0036706132 	-0.067153406 	1.0165448
5.5555556e-05 	-0.060024759 	0.022746435 	0.99895455
0.00011111111 	-0.057129221 	0.027332856 	0.99116056
0.00016666667 	-0.056037358 	0.028798139 	0.98525617
0.00022222222 	-0.0559481 	0.029097371 	0.98170209
0.00027777778 	-0.056538887 	0.028676365 	0.98054691
0.00033333333 	-0.057514501 	0.027912126 	0.98155044
0.00038888889 	-0.058564794 	0.027174387 	0.98426509
0.00044444444 	-0.059409706 	0.026727753 	0.98810186
0.0005 	-0.059856265 	0.026680474 	0.99244943
0.00055555556 	-0.059821047 	0.027009649 	0.99681909
0.00061111111 	-0.059300563 	0.027617367 	1.0009468
0.00066666667 	-0.058333002 	0.028366604 	1.0047991
0.00072222222 	-0.056991233 	0.029093281 	1.0084923
0.00077777778 	-0.055384958 	0.029625381 	1.0121853
0.00083333333 	-0.053652864 	0.029791497 	1.0160103
0.00088888889 	-0.051925038 	0.029430363 	1.020049
0.00094444444 	-0.050296564 	0.028447883 	1.0243143
0.001 	-0.048763471 	0.026730618 	1.0289844
0.0010617199 	-0.047302395 	0.024250225 	1.0337144
0.0011225874 	-0.045765848 	0.021595226 	1.0376213
0.0011826143 	-0.043895136 	0.019126934 	1.0399266
0.0012418122 	-0.041392685 	0.017188827 	1.0399959
0.0013001926 	-0.038135785 	0.015919055 	1.0375279
0.0013577668 	-0.034113511 	0.015292292 	1.0326559
0.0014145458 	-0.029449638 	0.01512727 	1.0258377
0.0014705407 	-0.024345135 	0.015140427 	1.0177562
0.0015257623 	-0.019078112 	0.014983956 	1.0092681
0.0015802213 	-0.013968552 	0.014272601 	1.001358
0.0016339282 	-0.0093182306 	0.012629928 	0.99497717
0.0016868934 	-0.0052527818 	0.0098255384 	0.99069549
0.0017391271 	-0.0016997431 	0.0058928187 	0.9882754
0.0017906395 	0.0015964845 	0.0010320176 	0.98658504
0.0018414404 	0.0050118384 	-0.0045670695 	0.98408445
0.0018915398 	0.00878583 	-0.010931308 	0.97942714
0.0019409473 	0.01296722 	-0.01826417 	0.97173171
0.0019896725 	0.017470429 	-0.026678886 	0.96059175
0.0020377248 	0.021906001 	-0.035987399 	0.94620033
0.0020851134 	0.025611453 	-0.045797242 	0.92948381
0.0021318476 	0.027914543 	-0.055578386 	0.91196245
0.0021779364 	0.028280729 	-0.06478421 	0.89551435
0.0022233887 	0.026608839 	-0.073036242 	0.88167216
0.0022682133 	0.023341037 	-0.080401195 	0.87057948
0.0023124189 	0.019071396 	-0.087129399 	0.86048113
0.0023560139 	0.01398992 	-0.093322693 	0.84865471
0.0023990069 	0.0077863334 	-0.098511467 	0.833507
0.0024414062 	4.3603644e-05 	-0.10164213 	0.81651209
0.0024832199 	-0.0091610464 	-0.10150419 	0.80169135
0.0025244562 	-0.019456207 	-0.097593875 	0.7920659
0.002565123 	-0.030707725 	-0.090497654 	0.78786319
0.0026052281 	-0.042690234 	-0.081505514 	0.78816379
0.0026447794 	-0.054928076 	-0.071615802 	0.79196516
0.0026837845 	-0.066844242 	-0.060962366 	0.79834437
0.0027222509 	-0.0778292 	-0.049267006 	0.80643707
0.0027601861 	-0.087524498 	-0.036404409 	0.81557173
0.0027975974 	-0.095730907 	-0.022743642 	0.82516439
0.002834492 	-0.10241066 	-0.0088425066 	0.83473618
0.0028708772 	-0.10753868 	0.0047882617 	0.84399368
0.0029067598 	-0.11097277 	0.017799898 	0.8529403
0.0029421469 	-0.11259979 	0.02983808 	0.86176914
0.0029770452 	-0.11250683 	0.040718863 	0.87056377
0.0030114616 	-0.11081845 	0.050313882 	0.87923448
0.0030454028 	-0.10763036 	0.058537186 	0.88752114
0.0030788752 	-0.10300396 	0.065324009 	0.89503762
0.0031118853 	-0.096980861 	0.070610309 	0.90132772
0.0031444395 	-0.089612208 	0.074327201 	0.90591458
0.0031765442 	-0.08099287 	0.076418564 	0.90835267
0.0032082055 	-0.071281097 	0.076867518 	0.90828531
0.0032394295 	-0.060696982 	0.0757194 	0.9054989
0.0032702223 	-0.049505428 	0.073081246 	0.89995169
0.0033005899 	-0.037991357 	0.069099036 	0.89176821
0.0033305381 	-0.026439195 	0.063953849 	0.88120441
0.0033600727 	-0.015123621 	0.057850294 	0.86859172
0.0033891994 	-0.0043050373 	0.051006739 	0.85427308
0.0034179239 	0.0057576664 	0.043650673 	0.83854786
0.0034462517 	0.014824062 	0.036017717 	0.82164322
0.0034741882 	0.022672865 	0.028364556 	0.80371012
0.003501739 	0.029086811 	0.021003558 	0.78484083
0.0035289093 	0.033868916 	0.014315232 	0.76512756
0.0035557043 	0.036856138 	0.0088021982 	0.74473095
0.0035821293 	0.037936395 	0.0051123605 	0.72392779
0.0036081894 	0.037072237 	0.0040142581 	0.70305784
0.0036338895 	0.034336772 	0.0062475985 	0.68230525
0.0036592348 	0.029950674 	0.012187698 	0.66129846
0.00368423 	0.024297069 	0.021403831 	0.63873577
0.00370888 	0.017897875 	0.032413217 	0.612458
0.0037331896 	0.011373976 	0.042981928 	0.58018238
0.0037571635 	0.0054088677 	0.050971972 	0.54048217
0.0037808063 	0.00067341306 	0.055185365 	0.49323531
0.0038041226 	-0.0023392257 	0.055556378 	0.43938122
0.0038271169 	-0.0035508264 	0.052704415 	0.38067885
0.0038497936 	-0.0033884817 	0.047488466 	0.31977939
0.0038721572 	-0.002553031 	0.040836566 	0.25984993
0.0038942119 	-0.0016451033 	0.033578087 	0.20345945
0.003915962 	-0.00095662102 	0.02624358 	0.15175786
0.0039374118 	-0.00051549546 	0.019012862 	0.10459934
0.0039585653 	-0.00023726543 	0.01177856 	0.061122217
0.0039794267 	-4.7958603e-05 	0.0042043309 	0.020143381
0.004 	-4.7958603e-05 	0.0042043309 	0.020143381
