0 	0.03597591 	0.052217989 	1.0642134
5.5555556e-05 	0.038186023 	-0.06223789 	1.0590386
0.00011111111 	0.033418725 	-0.069580135 	1.0573334
0.00016666667 	0.032108825 	-0.074067019 	1.0561454
0.00022222222 	0.03150412 	-0.077256721 	1.0553901
0.00027777778 	0.030563496 	-0.079434692 	1.054973
0.00033333333 	0.02877502 	-0.080598518 	1.0548017
0.00038888889 	0.025893677 	-0.080616164 	1.0547626
0.00044444444 	0.021863216 	-0.079304147 	1.054644
0.0005 	0.016794644 	-0.076590839 	1.0541102
0.00055555556 	0.010959865 	-0.072724816 	1.0529221
0.00061111111 	0.0047701069 	-0.068357252 	1.0513144
0.00066666667 	-0.0012575939 	-0.064330838 	1.0500469
0.00072222222 	-0.0066268853 	-0.061252983 	1.0499607
0.00077777778 	-0.011018031 	-0.059179581 	1.0514917
0.00083333333 	-0.014316679 	-0.057638114 	1.0545461
0.00088888889 	-0.016641156 	-0.055931533 	1.0587305
0.00094444444 	-0.018058605 	-0.053539275 	1.0635548
0.001 	-0.018606606 	-0.049934982 	1.0688963
0.0010617224 	-0.018120036 	-0.045168232 	1.074229
0.0011225923 	-0.01688225 	-0.039684682 	1.0788587
0.0011826215 	-0.015038694 	-0.034130584 	1.0826086
0.0012418217 	-0.012692504 	-0.029095995 	1.0853439
0.0013002041 	-0.0099662512 	-0.02508618 	1.0869722
0.0013577803 	-0.006890125 	-0.022441468 	1.0874068
0.0014145612 	-0.0034346008 	-0.021324664 	1.0865806
0.0014705579 	0.00045860271 	-0.021733025 	1.0845102
0.0015257812 	0.0048196416 	-0.023498187 	1.0812886
0.0015802418 	0.0096526278 	-0.026332713 	1.0771027
0.0016339502 	0.014915418 	-0.029840956 	1.0721857
0.0016869168 	0.020491827 	-0.033568323 	1.0667724
0.0017391518 	0.026196345 	-0.037085907 	1.0610753
0.0017906654 	0.03178513 	-0.040092861 	1.0552859
0.0018414676 	0.036984658 	-0.042471572 	1.0495863
0.0018915681 	0.041531053 	-0.044255083 	1.0441487
0.0019409766 	0.045212992 	-0.045527259 	1.0391263
0.0019897027 	0.047887406 	-0.046303563 	1.0346575
0.0020377558 	0.04946971 	-0.046488546 	1.0308851
0.0020851453 	0.049909207 	-0.045933127 	1.0279727
0.0021318802 	0.049189553 	-0.04457595 	1.0260895
0.0021779697 	0.047353784 	-0.042565905 	1.025323
0.0022234225 	0.044555223 	-0.040303843 	1.0255528
0.0022682477 	0.041105685 	-0.038309615 	1.0263301
0.0023124537 	0.037459699 	-0.037049145 	1.0268722
0.0023560491 	0.034150073 	-0.036743338 	1.0262464
0.0023990425 	0.031657786 	-0.037256708 	1.0237027
0.002441442 	0.030269538 	-0.038056281 	1.0189794
0.002483256 	0.030016626 	-0.038256297 	1.0123715
0.0025244924 	0.030683581 	-0.036783612 	1.0046014
0.0025651593 	0.031852478 	-0.032616665 	0.99662066
0.0026052645 	0.033034331 	-0.025016187 	0.98948906
0.0026448158 	0.033831504 	-0.013742017 	0.98416843
0.0026838209 	0.034063151 	0.0008224926 	0.98121538
0.0027222872 	0.033769452 	0.017723029 	0.98042804
0.0027602223 	0.033180049 	0.03564741 	0.98070438
0.0027976334 	0.032678062 	0.0531209 	0.98024461
0.0028345278 	0.032597468 	0.068737266 	0.97689247
0.0028709126 	0.033135734 	0.081457651 	0.96875517
0.002906795 	0.034363728 	0.090738943 	0.95459799
0.0029421817 	0.036242038 	0.096572231 	0.93417501
0.0029770797 	0.03857554 	0.099309448 	0.90830802
0.0030114957 	0.041065371 	0.099414506 	0.8788591
0.0030454363 	0.043332501 	0.097166017 	0.84838119
0.0030789082 	0.044944328 	0.092473261 	0.81964327
0.0031119178 	0.045558309 	0.084924951 	0.79502856
0.0031444715 	0.045059977 	0.074036715 	0.77620397
0.0031765755 	0.043687101 	0.059500305 	0.76364214
0.0032082362 	0.041919059 	0.041400314 	0.75646727
0.0032394596 	0.040429294 	0.020466941 	0.75285418
0.0032702517 	0.040065226 	-0.0020591391 	0.75046901
0.0033006186 	0.041110958 	-0.024802592 	0.7472828
0.003330566 	0.043162676 	-0.046686064 	0.74152585
0.0033600998 	0.045592639 	-0.067148006 	0.73158313
0.0033892257 	0.047827242 	-0.085802226 	0.71607911
0.0034179494 	0.049469894 	-0.1020243 	0.69443976
0.0034462763 	0.050269796 	-0.11473092 	0.66745725
0.003474212 	0.049978786 	-0.12262037 	0.63739836
0.0035017619 	0.04832644 	-0.12459786 	0.60749812
0.0035289312 	0.045087643 	-0.12017732 	0.58106157
0.0035557253 	0.040222495 	-0.10972806 	0.56054098
0.0035821494 	0.033985059 	-0.094362774 	0.54693781
0.0036082084 	0.026904001 	-0.075701785 	0.53969132
0.0036339076 	0.019621017 	-0.055553621 	0.53703371
0.0036592518 	0.012746947 	-0.035656746 	0.53658369
0.003684246 	0.0066655638 	-0.017521031 	0.53587319
0.003708895 	0.0015407547 	-0.0022915187 	0.53272316
0.0037332035 	-0.0025699409 	0.0093905005 	0.52542867
0.0037571763 	-0.0056580145 	0.017460643 	0.51276671
0.003780818 	-0.0076288753 	0.022306955 	0.49389623
0.0038041332 	-0.0083830173 	0.024601893 	0.46832215
0.0038271264 	-0.0080443665 	0.024952497 	0.4356922
0.0038498019 	-0.0069888908 	0.023902235 	0.39580606
0.0038721643 	-0.0056052346 	0.022000002 	0.34871896
0.0038942179 	-0.0041834896 	0.019696745 	0.29482211
0.0039159668 	-0.0028707796 	0.017138059 	0.23495005
0.0039374154 	-0.0017148686 	0.014076161 	0.1704415
0.0039585677 	-0.00076445617 	0.0099535347 	0.10300801
0.0039794279 	-0.00012274063 	0.0040743261 	0.034399098
0.004 	-0.00012274063 	0.0040743261 	0.034399098
