0 	0.018979232 	-0.023917024 	1.0026652
2.0100503e-05 	0.019811359 	0.02048402 	0.98898943
4.0201005e-05 	0.019811359 	0.02048402 	0.98898943
6.0301508e-05 	0.0051417342 	0.028087361 	0.97528548
8.040201e-05 	0.0051417342 	0.028087361 	0.97528548
0.00010050251 	0.0051417342 	0.028087361 	0.97528548
0.00012060302 	-0.001541268 	0.029300651 	0.96295027
0.00014070352 	-0.001541268 	0.029300651 	0.96295027
0.00016080402 	-0.001541268 	0.029300651 	0.96295027
0.00018090452 	-0.0061860907 	0.029250884 	0.95299195
0.00020100503 	-0.0061860907 	0.029250884 	0.95299195
0.00022110553 	-0.0061860907 	0.029250884 	0.95299195
0.00024120603 	-0.009663412 	0.028398621 	0.94613344
0.00026130653 	-0.009663412 	0.028398621 	0.94613344
0.00028140704 	-0.011812666 	0.027277838 	0.94286749
0.00030150754 	-0.011812666 	0.027277838 	0.94286749
0.00032160804 	-0.011812666 	0.027277838 	0.94286749
0.00034170854 	-0.012348918 	0.02627617 	0.94333617
0.00036180905 	-0.012348918 	0.02627617 	0.94333617
0.00038190955 	-0.012348918 	0.02627617 	0.94333617
0.00040201005 	-0.011227933 	0.025375703 	0.94712767
0.00042211055 	-0.011227933 	0.025375703 	0.94712767
0.00044221106 	-0.011227933 	0.025375703 	0.94712767
0.00046231156 	-0.0087569775 	0.024203335 	0.95330194
0.00048241206 	-0.0087569775 	0.024203335 	0.95330194
0.00050251256 	-0.0054098236 	0.022154055 	0.96083472
0.00052261307 	-0.0054098236 	0.022154055 	0.96083472
0.00054271357 	-0.0054098236 	0.022154055 	0.96083472
0.00056281407 	-0.0016542975 	0.018531657 	0.96906753
0.00058291457 	-0.0016542975 	0.018531657 	0.96906753
0.00060301508 	-0.0016542975 	0.018531657 	0.96906753
0.00062311558 	0.0021120402 	0.012701547 	0.97765872
0.00064321608 	0.0021120402 	0.012701547 	0.97765872
0.00066331658 	0.0021120402 	0.012701547 	0.97765872
0.00068341709 	0.0055024178 	0.0043137793 	0.98613169
0.00070351759 	0.0055024178 	0.0043137793 	0.98613169
0.00072361809 	0.0082759708 	-0.0061359128 	0.99400097
0.00074371859 	0.0082759708 	-0.0061359128 	0.99400097
0.0007638191 	0.0082759708 	-0.0061359128 	0.99400097
0.0007839196 	0.01022796 	-0.017567044 	1.0010791
0.0008040201 	0.01022796 	-0.017567044 	1.0010791
0.0008241206 	0.01022796 	-0.017567044 	1.0010791
0.00084422111 	0.011165932 	-0.028756792 	1.0074963
0.00086432161 	0.011165932 	-0.028756792 	1.0074963
0.00088442211 	0.011165932 	-0.028756792 	1.0074963
0.00090452261 	0.011059842 	-0.038629079 	1.0134929
0.00092462312 	0.011059842 	-0.038629079 	1.0134929
0.00094472362 	0.0098245265 	-0.046474076 	1.0192886
0.00096482412 	0.0098245265 	-0.046474076 	1.0192886
0.00098492462 	0.0098245265 	-0.046474076 	1.0192886
0.0010050251 	0.0063627486 	-0.05210427 	1.025087
0.0010251256 	0.0063627486 	-0.05210427 	1.025087
0.0010452261 	0.0063627486 	-0.05210427 	1.025087
0.0010653266 	0.0022037721 	-0.055998138 	1.0314604
0.0010854271 	0.0039873945 	-0.05554685 	1.031005
0.0011055276 	0.0039873945 	-0.05554685 	1.031005
0.0011256281 	-0.00048324059 	-0.056315344 	1.0359327
0.0011457286 	-0.00048324059 	-0.056315344 	1.0359327
0.0011658291 	-0.00048324059 	-0.056315344 	1.0359327
0.0011859296 	-0.007888594 	-0.056084636 	1.0398332
0.0012060302 	-0.007888594 	-0.056084636 	1.0398332
0.0012261307 	-0.007888594 	-0.056084636 	1.0398332
0.0012462312 	-0.011362231 	-0.051703964 	1.0381632
0.0012663317 	-0.011362231 	-0.051703964 	1.0381632
0.0012864322 	-0.011362231 	-0.051703964 	1.0381632
0.0013065327 	-0.011749571 	-0.042391028 	1.0297448
0.0013266332 	-0.011749571 	-0.042391028 	1.0297448
0.0013467337 	-0.011749571 	-0.042391028 	1.0297448
0.0013668342 	-0.0090697052 	-0.028311083 	1.013396
0.0013869347 	-0.0090697052 	-0.028311083 	1.013396
0.0014070352 	-0.0090697052 	-0.028311083 	1.013396
0.0014271357 	-0.0056352502 	-0.014241713 	0.98911764
0.0014472362 	-0.0056352502 	-0.014241713 	0.98911764
0.0014673367 	-0.0056352502 	-0.014241713 	0.98911764
0.0014874372 	-0.0047095876 	-0.0079982742 	0.95814772
0.0015075377 	-0.0047095876 	-0.0079982742 	0.95814772
0.0015276382 	-0.0080164578 	-0.014156153 	0.92361604
0.0015477387 	-0.0080164578 	-0.014156153 	0.92361604
0.0015678392 	-0.0080164578 	-0.014156153 	0.92361604
0.0015879397 	-0.014326168 	-0.029800756 	0.89024237
0.0016080402 	-0.014326168 	-0.029800756 	0.89024237
0.0016281407 	-0.014326168 	-0.029800756 	0.89024237
0.0016482412 	-0.020145586 	-0.0463611 	0.86133295
0.0016683417 	-0.020145586 	-0.0463611 	0.86133295
0.0016884422 	-0.022062394 	-0.055487747 	0.83644306
0.0017085427 	-0.022062394 	-0.055487747 	0.83644306
0.0017286432 	-0.022062394 	-0.055487747 	0.83644306
0.0017487437 	-0.018788824 	-0.053322567 	0.81382488
0.0017688442 	-0.018788824 	-0.053322567 	0.81382488
0.0017889447 	-0.018788824 	-0.053322567 	0.81382488
0.0018090452 	-0.012033083 	-0.041060203 	0.79508768
0.0018291457 	-0.012033083 	-0.041060203 	0.79508768
0.0018492462 	-0.0054208231 	-0.023475762 	0.78510781
0.0018693467 	-0.0054208231 	-0.023475762 	0.78510781
0.0018894472 	-0.0054208231 	-0.023475762 	0.78510781
0.0019095477 	-0.0020956761 	-0.0062496129 	0.7871081
0.0019296482 	-0.0020956761 	-0.0062496129 	0.7871081
0.0019497487 	-0.0027321251 	0.0072335971 	0.79904826
0.0019698492 	-0.0027321251 	0.0072335971 	0.79904826
0.0019899497 	-0.0027321251 	0.0072335971 	0.79904826
0.0020100503 	-0.0056155003 	0.017629282 	0.81451702
0.0020301508 	-0.0056155003 	0.017629282 	0.81451702
0.0020502513 	-0.0085414264 	0.027927597 	0.82708947
0.0020703518 	-0.0085414264 	0.027927597 	0.82708947
0.0020904523 	-0.010346582 	0.040359245 	0.83367806
0.0021105528 	-0.010346582 	0.040359245 	0.83367806
0.0021306533 	-0.010346582 	0.040359245 	0.83367806
0.0021507538 	-0.011207032 	0.055015157 	0.83416044
0.0021708543 	-0.011207032 	0.055015157 	0.83416044
0.0021909548 	-0.011891856 	0.070624863 	0.82947427
0.0022110553 	-0.011891856 	0.070624863 	0.82947427
0.0022311558 	-0.012839238 	0.085418956 	0.82088763
0.0022512563 	-0.012839238 	0.085418956 	0.82088763
0.0022713568 	-0.014067486 	0.097465056 	0.81035118
0.0022914573 	-0.014067486 	0.097465056 	0.81035118
0.0023115578 	-0.014067486 	0.097465056 	0.81035118
0.0023316583 	-0.015263166 	0.10528003 	0.80033737
0.0023517588 	-0.015263166 	0.10528003 	0.80033737
0.0023718593 	-0.015882308 	0.10849828 	0.79268675
0.0023919598 	-0.015882308 	0.10849828 	0.79268675
0.0024120603 	-0.015267234 	0.10791617 	0.78777527
0.0024321608 	-0.015267234 	0.10791617 	0.78777527
0.0024522613 	-0.01294764 	0.10509288 	0.78488231
0.0024723618 	-0.01294764 	0.10509288 	0.78488231
0.0024924623 	-0.0089623577 	0.10186284 	0.78300369
0.0025125628 	-0.0089623577 	0.10186284 	0.78300369
0.0025326633 	-0.0039084157 	0.099856828 	0.78133249
0.0025527638 	-0.0039084157 	0.099856828 	0.78133249
0.0025728643 	0.0013504342 	0.099927525 	0.77944311
0.0025929648 	0.0013504342 	0.099927525 	0.77944311
0.0026130653 	0.0060051572 	0.10202518 	0.77725812
0.0026331658 	0.0060051572 	0.10202518 	0.77725812
0.0026532663 	0.0096355503 	0.10546366 	0.77490558
0.0026733668 	0.0096355503 	0.10546366 	0.77490558
0.0026934673 	0.012246803 	0.10928327 	0.77257353
0.0027135678 	0.012246803 	0.10928327 	0.77257353
0.0027336683 	0.014070156 	0.11247775 	0.77056118
0.0027537688 	0.014070156 	0.11247775 	0.77056118
0.0027738693 	0.015380543 	0.11437223 	0.76931029
0.0027939698 	0.015380543 	0.11437223 	0.76931029
0.0028140704 	0.016351196 	0.11479694 	0.76938212
0.0028341709 	0.016351196 	0.11479694 	0.76938212
0.0028542714 	0.017105189 	0.11412004 	0.77138001
0.0028743719 	0.017718914 	0.11300231 	0.77584317
0.0028944724 	0.017718914 	0.11300231 	0.77584317
0.0029145729 	0.018134947 	0.11200924 	0.78295953
0.0029346734 	0.018134947 	0.11200924 	0.78295953
0.0029547739 	0.018188308 	0.11119832 	0.79219591
0.0029748744 	0.018188308 	0.11119832 	0.79219591
0.0029949749 	0.017639094 	0.10988997 	0.80222582
0.0030150754 	0.016342923 	0.10685758 	0.81140248
0.0030351759 	0.016342923 	0.10685758 	0.81140248
0.0030552764 	0.014460008 	0.10091714 	0.81849003
0.0030753769 	0.014460008 	0.10091714 	0.81849003
0.0030954774 	0.012436064 	0.091467104 	0.82312848
0.0031155779 	0.010858181 	0.078690814 	0.82571898
0.0031356784 	0.010858181 	0.078690814 	0.82571898
0.0031557789 	0.010115825 	0.063250788 	0.82700788
0.0031758794 	0.010115825 	0.063250788 	0.82700788
0.0031959799 	0.010183496 	0.045745821 	0.82760437
0.0032160804 	0.010612611 	0.026520574 	0.82770796
0.0032361809 	0.010612611 	0.026520574 	0.82770796
0.0032562814 	0.010984373 	0.005740992 	0.82728887
0.0032763819 	0.010998948 	-0.01636041 	0.8264263
0.0032964824 	0.010998948 	-0.01636041 	0.8264263
0.0033165829 	0.010293435 	-0.039293489 	0.82555
0.0033366834 	0.0086262401 	-0.062352684 	0.82523746
0.0033567839 	0.0086262401 	-0.062352684 	0.82523746
0.0033768844 	0.0059366897 	-0.084679004 	0.8259373
0.0033969849 	0.0025672032 	-0.10535593 	0.82777
0.0034170854 	0.0025672032 	-0.10535593 	0.82777
0.0034371859 	-0.001272429 	-0.12350411 	0.83057997
0.0034572864 	-0.0054690577 	-0.13838391 	0.83405356
0.0034773869 	-0.0096669173 	-0.14949479 	0.83782053
0.0034974874 	-0.0096669173 	-0.14949479 	0.83782053
0.0035175879 	-0.013607098 	-0.15661612 	0.84146977
0.0035376884 	-0.017093366 	-0.15979206 	0.84449815
0.0035577889 	-0.01997222 	-0.15925452 	0.84629914
0.0035778894 	-0.01997222 	-0.15925452 	0.84629914
0.0035979899 	-0.022078196 	-0.15532529 	0.84608075
0.0036180905 	-0.023255646 	-0.14834471 	0.84284977
0.003638191 	-0.023374954 	-0.13866567 	0.8354208
0.0036582915 	-0.023374954 	-0.13866567 	0.8354208
0.003678392 	-0.022391906 	-0.12671124 	0.82249191
0.0036984925 	-0.020407892 	-0.11305859 	0.8027543
0.003718593 	-0.017701946 	-0.098523534 	0.77501496
0.0037386935 	-0.014690766 	-0.084181807 	0.73831653
0.003758794 	-0.011817233 	-0.071261085 	0.6920515
0.0037788945 	-0.011817233 	-0.071261085 	0.6920515
0.003798995 	-0.0093985618 	-0.060835452 	0.63609626
0.0038190955 	-0.0075241668 	-0.053377923 	0.57101867
0.003839196 	-0.0060719977 	-0.048485763 	0.49837683
0.0038592965 	-0.0048416276 	-0.045037999 	0.42093216
0.003879397 	-0.0036981915 	-0.041757323 	0.34241456
0.0038994975 	-0.0026203651 	-0.037731864 	0.2666977
0.003919598 	-0.001656494 	-0.032535159 	0.19675756
0.0039396985 	-0.00086783401 	-0.026015549 	0.13394508
0.003959799 	-0.00030655666 	-0.017929131 	0.077737286
0.0039798995 	-3.1291347e-05 	-0.0074645837 	0.025812653
0.004 	-3.1291347e-05 	-0.0074645837 	0.025812653
