0 	0.004688765 	-0.0089688402 	1.0570107
5.5555556e-05 	0.0054877931 	0.006544335 	1.062179
0.00011111111 	0.0044692789 	0.0062756688 	1.0649825
0.00016666667 	0.0041882245 	0.0057474499 	1.0676217
0.00022222222 	0.0043999586 	0.005363079 	1.0698303
0.00027777778 	0.0050975609 	0.0052424139 	1.0713918
0.00033333333 	0.0063178638 	0.0053906841 	1.072207
0.00038888889 	0.0080902277 	0.0057356421 	1.0723149
0.00044444444 	0.01041576 	0.006178273 	1.0718385
0.0005 	0.013269941 	0.0065888607 	1.0709126
0.00055555556 	0.016580659 	0.0068712635 	1.0696163
0.00061111111 	0.020232203 	0.0069319503 	1.067926
0.00066666667 	0.024123348 	0.0067572445 	1.0656708
0.00072222222 	0.028188351 	0.0064565179 	1.0625157
0.00077777778 	0.032383675 	0.0063469914 	1.0580558
0.00083333333 	0.036591434 	0.0068766161 	1.0521771
0.00088888889 	0.040481401 	0.0083623144 	1.0457779
0.00094444444 	0.043428701 	0.01054192 	1.0408199
0.001 	0.045058812 	0.013025458 	1.038486
0.0010617199 	0.045223382 	0.015034052 	1.0386503
0.0011225874 	0.044602262 	0.015909946 	1.0394968
0.0011826143 	0.043745838 	0.015442318 	1.0396925
0.0012418122 	0.043082882 	0.014130733 	1.0387327
0.0013001926 	0.042836821 	0.013137959 	1.0364122
0.0013577668 	0.04271764 	0.01357232 	1.0321901
0.0014145458 	0.042051646 	0.015820355 	1.0248614
0.0014705407 	0.039953858 	0.019267701 	1.0135742
0.0015257623 	0.035399854 	0.022551165 	0.9997753
0.0015802213 	0.027881721 	0.024723468 	0.9873067
0.0016339282 	0.018279703 	0.027025121 	0.97951908
0.0016868934 	0.0086623446 	0.032727667 	0.97679124
0.0017391271 	0.0010157412 	0.043935966 	0.97656667
0.0017906395 	-0.0038409094 	0.059285993 	0.97545142
0.0018414404 	-0.0062422795 	0.075255213 	0.97141029
0.0018915398 	-0.0069705707 	0.088284318 	0.96450299
0.0019409473 	-0.0068906351 	0.09563238 	0.95567276
0.0019896725 	-0.0068058645 	0.095509044 	0.94572339
0.0020377248 	-0.0071924016 	0.086789191 	0.935161
0.0020851134 	-0.0082255704 	0.068598467 	0.92456172
0.0021318476 	-0.010013044 	0.040647319 	0.91391871
0.0021779364 	-0.012835855 	0.0049279305 	0.90262738
0.0022233887 	-0.017377282 	-0.032829608 	0.89110119
0.0022682133 	-0.024235089 	-0.066355281 	0.88177417
0.0023124189 	-0.033651797 	-0.093331323 	0.8755566
0.0023560139 	-0.045162362 	-0.11677893 	0.86845983
0.0023990069 	-0.057335325 	-0.13999922 	0.85450659
0.0024414062 	-0.068478565 	-0.16106864 	0.83228649
0.0024832199 	-0.07757876 	-0.17282058 	0.8069102
0.0025244562 	-0.084815815 	-0.16908084 	0.78529897
0.002565123 	-0.090853267 	-0.14959623 	0.77122348
0.0026052281 	-0.095809495 	-0.11966906 	0.76461131
0.0026447794 	-0.099131334 	-0.087719774 	0.76466442
0.0026837845 	-0.10042201 	-0.06151606 	0.77127107
0.0027222509 	-0.10004339 	-0.043990086 	0.7821705
0.0027601861 	-0.098838626 	-0.032991435 	0.79256151
0.0027975974 	-0.097471084 	-0.025000024 	0.79919809
0.002834492 	-0.096177973 	-0.018029834 	0.80224882
0.0028708772 	-0.094864607 	-0.011580825 	0.80336008
0.0029067598 	-0.093310766 	-0.0055881648 	0.80386651
0.0029421469 	-0.091393631 	-2.073764e-05 	0.80442091
0.0029770452 	-0.089004455 	0.005153765 	0.80512631
0.0030114616 	-0.085996332 	0.0099681212 	0.80580614
0.0030454028 	-0.082346756 	0.014443843 	0.80615448
0.0030788752 	-0.078058179 	0.018585545 	0.80589189
0.0031118853 	-0.073162643 	0.022370375 	0.80477673
0.0031444395 	-0.067723289 	0.025766875 	0.80263009
0.0031765442 	-0.061814941 	0.028742102 	0.79933453
0.0032082055 	-0.055542262 	0.031276062 	0.79483244
0.0032394295 	-0.049037133 	0.033359662 	0.78913366
0.0032702223 	-0.042448502 	0.034976504 	0.78229582
0.0033005899 	-0.0359428 	0.036079362 	0.77444961
0.0033305381 	-0.029693167 	0.036554558 	0.76580345
0.0033600727 	-0.023887891 	0.036193221 	0.75665617
0.0033891994 	-0.018734871 	0.034707412 	0.74741436
0.0034179239 	-0.014448682 	0.031794128 	0.73857703
0.0034462517 	-0.011218268 	0.027296293 	0.7306448
0.0034741882 	-0.0091749962 	0.021396383 	0.72396015
0.003501739 	-0.0082906065 	0.014733788 	0.71859026
0.0035289093 	-0.0084991501 	0.0083179546 	0.71433862
0.0035557043 	-0.0096191893 	0.0031220087 	0.71079265
0.0035821293 	-0.011273489 	-0.00031317832 	0.7070875
0.0036081894 	-0.012958971 	-0.0022028764 	0.70110841
0.0036338895 	-0.014010068 	-0.0035486788 	0.68876594
0.0036592348 	-0.013841949 	-0.0056821639 	0.66461265
0.00368423 	-0.012143749 	-0.009441802 	0.62431581
0.00370888 	-0.0090649889 	-0.014539464 	0.56769482
0.0037331896 	-0.0052572518 	-0.019703832 	0.49983058
0.0037571635 	-0.0015999217 	-0.023526848 	0.42904063
0.0037808063 	0.0011234058 	-0.025273758 	0.36303348
0.0038041226 	0.0026513522 	-0.02507354 	0.30601936
0.0038271169 	0.0031968327 	-0.023605758 	0.2583293
0.0038497936 	0.0030606258 	-0.021654458 	0.21790422
0.0038721572 	0.0025622564 	-0.019772087 	0.18207505
0.0038942119 	0.0019448567 	-0.018157675 	0.14862029
0.003915962 	0.0013406762 	-0.016632833 	0.11607756
0.0039374118 	0.0008027102 	-0.014640147 	0.083642796
0.0039585653 	0.00035915021 	-0.011239982 	0.050922015
0.0039794267 	6.2126331e-05 	-0.0051416682 	0.017563617
0.004 	-0.00013905283 	-0.0037115626 	0.018406679
