0 	-0.026024428 	-0.089538439 	1.0898917
2.0100503e-05 	-0.026024428 	-0.089538439 	1.0898917
4.0201005e-05 	-0.026024428 	-0.089538439 	1.0898917
6.0301508e-05 	0.011670612 	-0.093213719 	1.0905863
8.040201e-05 	0.011670612 	-0.093213719 	1.0905863
0.00010050251 	0.011670612 	-0.093213719 	1.0905863
0.00012060302 	0.018855565 	-0.091821196 	1.0914591
0.00014070352 	0.018855565 	-0.091821196 	1.0914591
0.00016080402 	0.018855565 	-0.091821196 	1.0914591
0.00018090452 	0.020488681 	-0.089889545 	1.092017
0.00020100503 	0.020488681 	-0.089889545 	1.092017
0.00022110553 	0.020488681 	-0.089889545 	1.092017
0.00024120603 	0.038753348 	-0.08019889 	1.0948401
0.00026130653 	0.038753348 	-0.08019889 	1.0948401
0.00028140704 	0.035177343 	-0.077263119 	1.0950102
0.00030150754 	0.035177343 	-0.077263119 	1.0950102
0.00032160804 	0.035177343 	-0.077263119 	1.0950102
0.00034170854 	0.032715334 	-0.073727665 	1.0948148
0.00036180905 	0.032715334 	-0.073727665 	1.0948148
0.00038190955 	0.032715334 	-0.073727665 	1.0948148
0.00040201005 	0.020930418 	-0.076682037 	1.0906206
0.00042211055 	0.020930418 	-0.076682037 	1.0906206
0.00044221106 	0.020930418 	-0.076682037 	1.0906206
0.00046231156 	0.021306333 	-0.074458005 	1.0899635
0.00048241206 	0.021306333 	-0.074458005 	1.0899635
0.00050251256 	0.021561164 	-0.073103578 	1.0894454
0.00052261307 	0.021561164 	-0.073103578 	1.0894454
0.00054271357 	0.021561164 	-0.073103578 	1.0894454
0.00056281407 	0.02628068 	-0.066762539 	1.09156
0.00058291457 	0.02628068 	-0.066762539 	1.09156
0.00060301508 	0.02628068 	-0.066762539 	1.09156
0.00062311558 	0.023969784 	-0.066537807 	1.0910856
0.00064321608 	0.020928763 	-0.071700903 	1.0894799
0.00066331658 	0.020928763 	-0.071700903 	1.0894799
0.00068341709 	0.019958775 	-0.070758551 	1.090109
0.00070351759 	0.019958775 	-0.070758551 	1.090109
0.00072361809 	0.018754831 	-0.06913025 	1.0909237
0.00074371859 	0.018754831 	-0.06913025 	1.0909237
0.0007638191 	0.018754831 	-0.06913025 	1.0909237
0.0007839196 	0.017606204 	-0.0665718 	1.0914949
0.0008040201 	0.017606204 	-0.0665718 	1.0914949
0.0008241206 	0.017606204 	-0.0665718 	1.0914949
0.00084422111 	0.016708882 	-0.062943869 	1.0911652
0.00086432161 	0.016708882 	-0.062943869 	1.0911652
0.00088442211 	0.016708882 	-0.062943869 	1.0911652
0.00090452261 	0.016205532 	-0.058309522 	1.0891212
0.00092462312 	0.015593359 	-0.052577288 	1.0848757
0.00094472362 	0.015169697 	-0.046838609 	1.0793492
0.00096482412 	0.015169697 	-0.046838609 	1.0793492
0.00098492462 	0.015169697 	-0.046838609 	1.0793492
0.0010050251 	0.014341689 	-0.040302096 	1.071304
0.0010251256 	0.014341689 	-0.040302096 	1.071304
0.0010452261 	0.014341689 	-0.040302096 	1.071304
0.0010653266 	0.012297778 	-0.033142568 	1.0610699
0.0010854271 	0.012297778 	-0.033142568 	1.0610699
0.0011055276 	0.012297778 	-0.033142568 	1.0610699
0.0011256281 	0.0087129262 	-0.025551074 	1.0502126
0.0011457286 	0.0087129262 	-0.025551074 	1.0502126
0.0011658291 	0.0087129262 	-0.025551074 	1.0502126
0.0011859296 	0.0039968611 	-0.016723004 	1.0400353
0.0012060302 	0.0039968611 	-0.016723004 	1.0400353
0.0012261307 	0.0039968611 	-0.016723004 	1.0400353
0.0012462312 	-0.00086522847 	-0.0056950064 	1.0319122
0.0012663317 	-0.00086522847 	-0.0056950064 	1.0319122
0.0012864322 	-0.00086522847 	-0.0056950064 	1.0319122
0.0013065327 	-0.0050757299 	0.007553876 	1.0268294
0.0013266332 	-0.0050757299 	0.007553876 	1.0268294
0.0013467337 	-0.0050757299 	0.007553876 	1.0268294
0.0013668342 	-0.0084441327 	0.021647696 	1.0247174
0.0013869347 	-0.0084441327 	0.021647696 	1.0247174
0.0014070352 	-0.0084441327 	0.021647696 	1.0247174
0.0014271357 	-0.011194343 	0.034671004 	1.024123
0.0014472362 	-0.011194343 	0.034671004 	1.024123
0.0014673367 	-0.011194343 	0.034671004 	1.024123
0.0014874372 	-0.013563925 	0.045296279 	1.0227153
0.0015075377 	-0.013563925 	0.045296279 	1.0227153
0.0015276382 	-0.015666954 	0.052914456 	1.0183087
0.0015477387 	-0.015666954 	0.052914456 	1.0183087
0.0015678392 	-0.015666954 	0.052914456 	1.0183087
0.0015879397 	-0.017553178 	0.057153203 	1.009682
0.0016080402 	-0.017553178 	0.057153203 	1.009682
0.0016281407 	-0.017553178 	0.057153203 	1.009682
0.0016482412 	-0.019263708 	0.057597516 	0.99679229
0.0016683417 	-0.019263708 	0.057597516 	0.99679229
0.0016884422 	-0.020849678 	0.053874321 	0.98051813
0.0017085427 	-0.020849678 	0.053874321 	0.98051813
0.0017286432 	-0.020849678 	0.053874321 	0.98051813
0.0017487437 	-0.022360944 	0.046227833 	0.96225682
0.0017688442 	-0.022360944 	0.046227833 	0.96225682
0.0017889447 	-0.022360944 	0.046227833 	0.96225682
0.0018090452 	-0.023931084 	0.03610872 	0.94374869
0.0018291457 	-0.023931084 	0.03610872 	0.94374869
0.0018492462 	-0.025760641 	0.026178588 	0.92695416
0.0018693467 	-0.025760641 	0.026178588 	0.92695416
0.0018894472 	-0.025760641 	0.026178588 	0.92695416
0.0019095477 	-0.028022371 	0.019173589 	0.91353723
0.0019296482 	-0.028022371 	0.019173589 	0.91353723
0.0019497487 	-0.03081887 	0.016268873 	0.90397585
0.0019698492 	-0.03081887 	0.016268873 	0.90397585
0.0019899497 	-0.034111195 	0.016393845 	0.89709769
0.0020100503 	-0.034111195 	0.016393845 	0.89709769
0.0020301508 	-0.034111195 	0.016393845 	0.89709769
0.0020502513 	-0.037600063 	0.017206535 	0.89091608
0.0020703518 	-0.037600063 	0.017206535 	0.89091608
0.0020904523 	-0.040738286 	0.016700193 	0.88415737
0.0021105528 	-0.040738286 	0.016700193 	0.88415737
0.0021306533 	-0.040738286 	0.016700193 	0.88415737
0.0021507538 	-0.042961264 	0.014273527 	0.87699755
0.0021708543 	-0.042961264 	0.014273527 	0.87699755
0.0021909548 	-0.044010158 	0.010624108 	0.87050498
0.0022110553 	-0.044010158 	0.010624108 	0.87050498
0.0022311558 	-0.04395669 	0.0068744444 	0.86563936
0.0022512563 	-0.04395669 	0.0068744444 	0.86563936
0.0022713568 	-0.043089817 	0.0038310049 	0.86255838
0.0022914573 	-0.043089817 	0.0038310049 	0.86255838
0.0023115578 	-0.043089817 	0.0038310049 	0.86255838
0.0023316583 	-0.041914949 	0.0018024445 	0.86051892
0.0023517588 	-0.041914949 	0.0018024445 	0.86051892
0.0023718593 	-0.041031256 	0.00093585883 	0.85822112
0.0023919598 	-0.041031256 	0.00093585883 	0.85822112
0.0024120603 	-0.041042424 	0.0015930622 	0.85434835
0.0024321608 	-0.041042424 	0.0015930622 	0.85434835
0.0024522613 	-0.042405747 	0.004361314 	0.84817638
0.0024723618 	-0.042405747 	0.004361314 	0.84817638
0.0024924623 	-0.045261778 	0.0095501754 	0.84009637
0.0025125628 	-0.045261778 	0.0095501754 	0.84009637
0.0025326633 	-0.049331324 	0.016537316 	0.83173656
0.0025527638 	-0.049331324 	0.016537316 	0.83173656
0.0025728643 	-0.053977104 	0.023842005 	0.82525173
0.0025929648 	-0.053977104 	0.023842005 	0.82525173
0.0026130653 	-0.058497166 	0.030093532 	0.82202656
0.0026331658 	-0.058497166 	0.030093532 	0.82202656
0.0026532663 	-0.062399065 	0.034883876 	0.82175561
0.0026733668 	-0.062399065 	0.034883876 	0.82175561
0.0026934673 	-0.065457935 	0.038541272 	0.82272551
0.0027135678 	-0.065457935 	0.038541272 	0.82272551
0.0027336683 	-0.067580743 	0.041310809 	0.82301955
0.0027537688 	-0.067580743 	0.041310809 	0.82301955
0.0027738693 	-0.06871507 	0.042923223 	0.82146653
0.0027939698 	-0.06871507 	0.042923223 	0.82146653
0.0028140704 	-0.068919097 	0.042842987 	0.81778661
0.0028341709 	-0.068919097 	0.042842987 	0.81778661
0.0028542714 	-0.068333465 	0.04063271 	0.8123241
0.0028743719 	-0.067146437 	0.036113105 	0.80574797
0.0028944724 	-0.067146437 	0.036113105 	0.80574797
0.0029145729 	-0.065560108 	0.029288273 	0.79878561
0.0029346734 	-0.065560108 	0.029288273 	0.79878561
0.0029547739 	-0.063685884 	0.020342072 	0.79198851
0.0029748744 	-0.063685884 	0.020342072 	0.79198851
0.0029949749 	-0.061652275 	0.0096934219 	0.78564868
0.0030150754 	-0.059516646 	-0.001937371 	0.77973989
0.0030351759 	-0.059516646 	-0.001937371 	0.77973989
0.0030552764 	-0.057461045 	-0.01348753 	0.7738559
0.0030753769 	-0.057461045 	-0.01348753 	0.7738559
0.0030954774 	-0.055595684 	-0.023745564 	0.76722602
0.0031155779 	-0.053763113 	-0.031714524 	0.75885959
0.0031356784 	-0.053763113 	-0.031714524 	0.75885959
0.0031557789 	-0.051723885 	-0.036933128 	0.74780251
0.0031758794 	-0.051723885 	-0.036933128 	0.74780251
0.0031959799 	-0.049229319 	-0.039624376 	0.73343898
0.0032160804 	-0.046120909 	-0.040557923 	0.71565021
0.0032361809 	-0.046120909 	-0.040557923 	0.71565021
0.0032562814 	-0.042386594 	-0.040708597 	0.69495162
0.0032763819 	-0.038217614 	-0.040899814 	0.6723274
0.0032964824 	-0.038217614 	-0.040899814 	0.6723274
0.0033165829 	-0.033993092 	-0.041597672 	0.64916619
0.0033366834 	-0.030244837 	-0.042929568 	0.62686535
0.0033567839 	-0.030244837 	-0.042929568 	0.62686535
0.0033768844 	-0.02753478 	-0.044826701 	0.60641159
0.0033969849 	-0.026320119 	-0.04714474 	0.5880656
0.0034170854 	-0.026320119 	-0.04714474 	0.5880656
0.0034371859 	-0.026790411 	-0.049682989 	0.57146931
0.0034572864 	-0.028785294 	-0.052230345 	0.55601247
0.0034773869 	-0.031811432 	-0.054593969 	0.54121545
0.0034974874 	-0.031811432 	-0.054593969 	0.54121545
0.0035175879 	-0.035208611 	-0.056534727 	0.52674607
0.0035376884 	-0.038335721 	-0.057736372 	0.51234496
0.0035577889 	-0.040736976 	-0.057835042 	0.49783209
0.0035778894 	-0.040736976 	-0.057835042 	0.49783209
0.0035979899 	-0.042197363 	-0.05653122 	0.48323226
0.0036180905 	-0.042724305 	-0.053705019 	0.46878156
0.003638191 	-0.042461025 	-0.049463362 	0.45478094
0.0036582915 	-0.042461025 	-0.049463362 	0.45478094
0.003678392 	-0.041580346 	-0.044110085 	0.44137602
0.0036984925 	-0.04020905 	-0.0380563 	0.42840157
0.003718593 	-0.038395068 	-0.031719899 	0.41535442
0.0037386935 	-0.036117325 	-0.025467227 	0.4014751
0.003758794 	-0.03333523 	-0.019600435 	0.38582626
0.0037788945 	-0.03333523 	-0.019600435 	0.38582626
0.003798995 	-0.030032278 	-0.014370859 	0.3674387
0.0038190955 	-0.02626186 	-0.010005278 	0.34543135
0.003839196 	-0.022159714 	-0.0066649948 	0.31914907
0.0038592965 	-0.017921797 	-0.0044450994 	0.28825892
0.003879397 	-0.013765212 	-0.0033659449 	0.252761
0.0038994975 	-0.0098890227 	-0.0033786023 	0.21293337
0.003919598 	-0.0064556185 	-0.0043388949 	0.16929094
0.0039396985 	-0.0035993439 	-0.0058582391 	0.12261021
0.003959799 	-0.0014590953 	-0.0068968477 	0.073972966
0.0039798995 	-0.00018743313 	-0.0049551387 	0.024650202
0.004 	-0.00018743313 	-0.0049551387 	0.024650202
