0 	0.034137918 	0.010563965 	1.0943051
2.0100503e-05 	0.010004601 	-0.034218002 	1.0927529
4.0201005e-05 	0.010004601 	-0.034218002 	1.0927529
6.0301508e-05 	-0.0065951704 	-0.033753393 	1.0900633
8.040201e-05 	-0.0065951704 	-0.033753393 	1.0900633
0.00010050251 	-0.0065951704 	-0.033753393 	1.0900633
0.00012060302 	-0.01080096 	-0.030616122 	1.0864132
0.00014070352 	-0.01080096 	-0.030616122 	1.0864132
0.00016080402 	-0.01080096 	-0.030616122 	1.0864132
0.00018090452 	-0.0127431 	-0.027648621 	1.0821352
0.00020100503 	-0.0127431 	-0.027648621 	1.0821352
0.00022110553 	-0.0127431 	-0.027648621 	1.0821352
0.00024120603 	-0.014293391 	-0.025139942 	1.0776456
0.00026130653 	-0.014293391 	-0.025139942 	1.0776456
0.00028140704 	-0.015998137 	-0.023353424 	1.0733201
0.00030150754 	-0.015998137 	-0.023353424 	1.0733201
0.00032160804 	-0.015998137 	-0.023353424 	1.0733201
0.00034170854 	-0.017939475 	-0.022354408 	1.0693867
0.00036180905 	-0.017939475 	-0.022354408 	1.0693867
0.00038190955 	-0.017939475 	-0.022354408 	1.0693867
0.00040201005 	-0.019940514 	-0.021956615 	1.065931
0.00042211055 	-0.019940514 	-0.021956615 	1.065931
0.00044221106 	-0.019940514 	-0.021956615 	1.065931
0.00046231156 	-0.021694834 	-0.021804659 	1.0629816
0.00048241206 	-0.021694834 	-0.021804659 	1.0629816
0.00050251256 	-0.022890654 	-0.02151643 	1.0605636
0.00052261307 	-0.022890654 	-0.02151643 	1.0605636
0.00054271357 	-0.022890654 	-0.02151643 	1.0605636
0.00056281407 	-0.023302863 	-0.020823736 	1.0586758
0.00058291457 	-0.023302863 	-0.020823736 	1.0586758
0.00060301508 	-0.023302863 	-0.020823736 	1.0586758
0.00062311558 	-0.022832631 	-0.01966172 	1.0572423
0.00064321608 	-0.022832631 	-0.01966172 	1.0572423
0.00066331658 	-0.022832631 	-0.01966172 	1.0572423
0.00068341709 	-0.021499858 	-0.018195505 	1.0560945
0.00070351759 	-0.021499858 	-0.018195505 	1.0560945
0.00072361809 	-0.019409343 	-0.016781032 	1.0549834
0.00074371859 	-0.019409343 	-0.016781032 	1.0549834
0.0007638191 	-0.019409343 	-0.016781032 	1.0549834
0.0007839196 	-0.016701837 	-0.015879434 	1.0535799
0.0008040201 	-0.016701837 	-0.015879434 	1.0535799
0.0008241206 	-0.016701837 	-0.015879434 	1.0535799
0.00084422111 	-0.013484259 	-0.015971929 	1.0514375
0.00086432161 	-0.013484259 	-0.015971929 	1.0514375
0.00088442211 	-0.013484259 	-0.015971929 	1.0514375
0.00090452261 	-0.01147195 	-0.018715267 	1.0498048
0.00092462312 	-0.01147195 	-0.018715267 	1.0498048
0.00094472362 	-0.0072205461 	-0.021139005 	1.0444995
0.00096482412 	-0.0057194204 	-0.020620356 	1.0425989
0.00098492462 	-0.0057194204 	-0.020620356 	1.0425989
0.0010050251 	-0.0010034104 	-0.025887192 	1.0344625
0.0010251256 	-0.0010034104 	-0.025887192 	1.0344625
0.0010452261 	-0.0010034104 	-0.025887192 	1.0344625
0.0010653266 	0.0039611271 	-0.033614091 	1.0232389
0.0010854271 	0.0039611271 	-0.033614091 	1.0232389
0.0011055276 	0.0039611271 	-0.033614091 	1.0232389
0.0011256281 	0.0083487138 	-0.043182893 	1.0100567
0.0011457286 	0.0083487138 	-0.043182893 	1.0100567
0.0011658291 	0.0083487138 	-0.043182893 	1.0100567
0.0011859296 	0.010543576 	-0.049555245 	0.9988076
0.0012060302 	0.011755108 	-0.054504114 	0.99563902
0.0012261307 	0.011755108 	-0.054504114 	0.99563902
0.0012462312 	0.013895547 	-0.067331018 	0.98059717
0.0012663317 	0.013895547 	-0.067331018 	0.98059717
0.0012864322 	0.013895547 	-0.067331018 	0.98059717
0.0013065327 	0.014809054 	-0.081058507 	0.96533671
0.0013266332 	0.012892489 	-0.073636982 	0.96944394
0.0013467337 	0.012892489 	-0.073636982 	0.96944394
0.0013668342 	0.012027815 	-0.086729778 	0.9547818
0.0013869347 	0.014870544 	-0.094538098 	0.95010237
0.0014070352 	0.014870544 	-0.094538098 	0.95010237
0.0014271357 	0.014731771 	-0.10616555 	0.93516836
0.0014472362 	0.014731771 	-0.10616555 	0.93516836
0.0014673367 	0.014731771 	-0.10616555 	0.93516836
0.0014874372 	0.014997817 	-0.1140436 	0.92132611
0.0015075377 	0.014997817 	-0.1140436 	0.92132611
0.0015276382 	0.015964813 	-0.11644906 	0.91001492
0.0015477387 	0.015964813 	-0.11644906 	0.91001492
0.0015678392 	0.015964813 	-0.11644906 	0.91001492
0.0015879397 	0.0081884105 	-0.11568651 	0.9059071
0.0016080402 	0.017805176 	-0.11235666 	0.90241678
0.0016281407 	0.017805176 	-0.11235666 	0.90241678
0.0016482412 	0.020619427 	-0.10192775 	0.89859343
0.0016683417 	0.020619427 	-0.10192775 	0.89859343
0.0016884422 	0.024149865 	-0.086455076 	0.89783187
0.0017085427 	0.024149865 	-0.086455076 	0.89783187
0.0017286432 	0.024149865 	-0.086455076 	0.89783187
0.0017487437 	0.027868774 	-0.067836019 	0.89924493
0.0017688442 	0.027868774 	-0.067836019 	0.89924493
0.0017889447 	0.027868774 	-0.067836019 	0.89924493
0.0018090452 	0.031315575 	-0.047974572 	0.90183007
0.0018291457 	0.031315575 	-0.047974572 	0.90183007
0.0018492462 	0.034299631 	-0.028395856 	0.90433868
0.0018693467 	0.034299631 	-0.028395856 	0.90433868
0.0018894472 	0.034299631 	-0.028395856 	0.90433868
0.0019095477 	0.037109967 	-0.010158307 	0.90550796
0.0019296482 	0.037109967 	-0.010158307 	0.90550796
0.0019497487 	0.040166956 	0.0061842454 	0.90447805
0.0019698492 	0.040166956 	0.0061842454 	0.90447805
0.0019899497 	0.043656162 	0.020473308 	0.9010858
0.0020100503 	0.043656162 	0.020473308 	0.9010858
0.0020301508 	0.043656162 	0.020473308 	0.9010858
0.0020502513 	0.047839047 	0.032822948 	0.89580862
0.0020703518 	0.047839047 	0.032822948 	0.89580862
0.0020904523 	0.052945618 	0.043252335 	0.88944107
0.0021105528 	0.052945618 	0.043252335 	0.88944107
0.0021306533 	0.052945618 	0.043252335 	0.88944107
0.0021507538 	0.05892858 	0.051709632 	0.88290097
0.0021708543 	0.05892858 	0.051709632 	0.88290097
0.0021909548 	0.065557578 	0.058021204 	0.87692164
0.0022110553 	0.065557578 	0.058021204 	0.87692164
0.0022311558 	0.072420555 	0.061981607 	0.87206699
0.0022512563 	0.072420555 	0.061981607 	0.87206699
0.0022713568 	0.079007806 	0.063479758 	0.86874066
0.0022914573 	0.079007806 	0.063479758 	0.86874066
0.0023115578 	0.079007806 	0.063479758 	0.86874066
0.0023316583 	0.084775859 	0.062588841 	0.86719622
0.0023517588 	0.084775859 	0.062588841 	0.86719622
0.0023718593 	0.089306905 	0.059592669 	0.86754026
0.0023919598 	0.089306905 	0.059592669 	0.86754026
0.0024120603 	0.092387679 	0.054930961 	0.86969729
0.0024321608 	0.092387679 	0.054930961 	0.86969729
0.0024522613 	0.094024327 	0.049109723 	0.87342262
0.0024723618 	0.094024327 	0.049109723 	0.87342262
0.0024924623 	0.094414102 	0.042605758 	0.87835446
0.0025125628 	0.094414102 	0.042605758 	0.87835446
0.0025326633 	0.093835362 	0.035803418 	0.88408949
0.0025527638 	0.093835362 	0.035803418 	0.88408949
0.0025728643 	0.092570097 	0.028972 	0.89025863
0.0025929648 	0.092570097 	0.028972 	0.89025863
0.0026130653 	0.090862437 	0.022290443 	0.89658719
0.0026331658 	0.090862437 	0.022290443 	0.89658719
0.0026532663 	0.088894652 	0.015839489 	0.90288475
0.0026733668 	0.088894652 	0.015839489 	0.90288475
0.0026934673 	0.086790097 	0.0096820726 	0.90903447
0.0027135678 	0.086790097 	0.0096820726 	0.90903447
0.0027336683 	0.084544744 	0.0038664242 	0.91495913
0.0027537688 	0.084544744 	0.0038664242 	0.91495913
0.0027738693 	0.082260544 	-0.0015158159 	0.92057618
0.0027939698 	0.082260544 	-0.0015158159 	0.92057618
0.0028140704 	0.080080141 	-0.0063965754 	0.92578829
0.0028341709 	0.080080141 	-0.0063965754 	0.92578829
0.0028542714 	0.078005798 	-0.010685944 	0.93045355
0.0028743719 	0.076063905 	-0.014302791 	0.93440441
0.0028944724 	0.076063905 	-0.014302791 	0.93440441
0.0029145729 	0.074253311 	-0.017205845 	0.93747516
0.0029346734 	0.074253311 	-0.017205845 	0.93747516
0.0029547739 	0.072544692 	-0.019413425 	0.93952401
0.0029748744 	0.072544692 	-0.019413425 	0.93952401
0.0029949749 	0.070878205 	-0.021034064 	0.94045094
0.0030150754 	0.06914245 	-0.022281376 	0.94023296
0.0030351759 	0.06914245 	-0.022281376 	0.94023296
0.0030552764 	0.067186134 	-0.023457849 	0.93898591
0.0030753769 	0.067186134 	-0.023457849 	0.93898591
0.0030954774 	0.064827853 	-0.024916873 	0.93698723
0.0031155779 	0.061884039 	-0.026984316 	0.9346611
0.0031356784 	0.061884039 	-0.026984316 	0.9346611
0.0031557789 	0.058218871 	-0.029867148 	0.93248406
0.0031758794 	0.058218871 	-0.029867148 	0.93248406
0.0031959799 	0.053788129 	-0.033578493 	0.93088517
0.0032160804 	0.048663254 	-0.037946578 	0.93022598
0.0032361809 	0.048663254 	-0.037946578 	0.93022598
0.0032562814 	0.043002094 	-0.042689886 	0.93086146
0.0032763819 	0.036979404 	-0.047532973 	0.93319964
0.0032964824 	0.036979404 	-0.047532973 	0.93319964
0.0033165829 	0.030738803 	-0.05229666 	0.93762725
0.0033366834 	0.024398904 	-0.056923884 	0.94430093
0.0033567839 	0.024398904 	-0.056923884 	0.94430093
0.0033768844 	0.018109263 	-0.061431779 	0.95288553
0.0033969849 	0.012049064 	-0.065821392 	0.96239027
0.0034170854 	0.012049064 	-0.065821392 	0.96239027
0.0034371859 	0.0064685314 	-0.070000965 	0.97118673
0.0034572864 	0.0016411245 	-0.073781484 	0.97723412
0.0034773869 	-0.0022287158 	-0.07695915 	0.97846729
0.0034974874 	-0.0022287158 	-0.07695915 	0.97846729
0.0035175879 	-0.0050499614 	-0.079441206 	0.97324677
0.0035376884 	-0.0068970624 	-0.081325606 	0.9607473
0.0035577889 	-0.0079706324 	-0.082863245 	0.94112034
0.0035778894 	-0.0079706324 	-0.082863245 	0.94112034
0.0035979899 	-0.0085121776 	-0.08430038 	0.91535364
0.0036180905 	-0.0087019153 	-0.085687325 	0.88487633
0.003638191 	-0.0086097928 	-0.086780355 	0.85111107
0.0036582915 	-0.0086097928 	-0.086780355 	0.85111107
0.003678392 	-0.0082190553 	-0.0871176 	0.81518955
0.0036984925 	-0.0074999148 	-0.086229547 	0.77789713
0.003718593 	-0.0064736163 	-0.08384103 	0.73972671
0.0037386935 	-0.0052276789 	-0.079928705 	0.70087787
0.003758794 	-0.0038890036 	-0.074626042 	0.66115461
0.0037788945 	-0.0038890036 	-0.074626042 	0.66115461
0.003798995 	-0.0025893078 	-0.068099134 	0.61985033
0.0038190955 	-0.0014452965 	-0.06052519 	0.57574624
0.003839196 	-0.00054760614 	-0.052181754 	0.52730694
0.0038592965 	4.9512623e-05 	-0.043522631 	0.47308203
0.003879397 	0.00034560237 	-0.035109612 	0.41221102
0.0038994975 	0.00039822451 	-0.027406 	0.34481295
0.003919598 	0.00030175174 	-0.020583899 	0.27203198
0.0039396985 	0.00015773118 	-0.014494063 	0.19568099
0.003959799 	4.4384398e-05 	-0.0087874768 	0.11764627
0.0039798995 	-1.5574662e-07 	-0.0030633603 	0.039314732
0.004 	-1.5574662e-07 	-0.0030633603 	0.039314732
