0 	0.065785411 	-0.016089508 	0.99846218
5.5555556e-05 	-0.012479025 	0.059171525 	0.99482496
0.00011111111 	-0.018764214 	0.048899444 	0.9937866
0.00016666667 	-0.020307576 	0.036544383 	0.99365478
0.00022222222 	-0.019935115 	0.022537762 	0.9949038
0.00027777778 	-0.018377598 	0.0078597771 	0.9979035
0.00033333333 	-0.016012698 	-0.0063491779 	1.0026341
0.00038888889 	-0.013199811 	-0.019217376 	1.0084654
0.00044444444 	-0.010362723 	-0.030440396 	1.0142499
0.0005 	-0.0078666935 	-0.040209527 	1.0185743
0.00055555556 	-0.0058941606 	-0.048865006 	1.0203192
0.00061111111 	-0.0045957908 	-0.056472975 	1.0191663
0.00066666667 	-0.0041108447 	-0.062715957 	1.0157116
0.00072222222 	-0.0044974672 	-0.067188182 	1.0111502
0.00077777778 	-0.0056678566 	-0.06975552 	1.0068073
0.00083333333 	-0.0073520522 	-0.070676099 	1.0038065
0.00088888889 	-0.0091578332 	-0.07047002 	1.0028673
0.00094444444 	-0.010714058 	-0.069602321 	1.0041529
0.001 	-0.011935547 	-0.068433812 	1.007425
0.0010617451 	-0.012479644 	-0.067158473 	1.0121511
0.0011226367 	-0.012193112 	-0.065810506 	1.0168487
0.0011826866 	-0.01123899 	-0.06421684 	1.0204836
0.0012419064 	-0.0097509316 	-0.062115573 	1.022489
0.0013003077 	-0.0078535888 	-0.059160009 	1.0226965
0.0013579017 	-0.0056338849 	-0.054981906 	1.021253
0.0014146996 	-0.0031337323 	-0.049245144 	1.0185369
0.0014707124 	-0.00036744395 	-0.041756199 	1.0150789
0.0015259509 	0.0026509837 	-0.032560476 	1.0114094
0.001580426 	0.0058591097 	-0.022007001 	1.0077969
0.001634148 	0.00908623 	-0.01068043 	1.0040287
0.0016871274 	0.012076839 	0.00073233104 	0.9995076
0.0017393745 	0.014590068 	0.011537466 	0.99363559
0.0017908994 	0.016512687 	0.021022542 	0.98611067
0.0018417121 	0.017858336 	0.028411813 	0.97687405
0.0018918224 	0.018653052 	0.03290822 	0.96589865
0.0019412401 	0.018819058 	0.03384844 	0.9531815
0.0019899746 	0.018178428 	0.030867237 	0.93901394
0.0020380356 	0.016570899 	0.023961407 	0.9241479
0.0020854322 	0.014006786 	0.013441757 	0.90971674
0.0021321736 	0.010764818 	-0.00022254603 	0.89688887
0.002178269 	0.0073224066 	-0.016607348 	0.88650298
0.0022237272 	0.0040824828 	-0.035361145 	0.87878929
0.002268557 	0.0011917922 	-0.055765146 	0.87338173
0.0023127672 	-0.0014627641 	-0.076504363 	0.86967835
0.0023563662 	-0.0040565669 	-0.09609199 	0.86755921
0.0023993626 	-0.0065893001 	-0.113702 	0.86744742
0.0024417647 	-0.0089012603 	-0.12948484 	0.86892945
0.0024835806 	-0.010769802 	-0.14404054 	0.869317
0.0025248186 	-0.012165997 	-0.15739651 	0.86430357
0.0025654865 	-0.013216632 	-0.16809105 	0.85072955
0.0026055923 	-0.014397549 	-0.17305672 	0.82924442
0.0026451437 	-0.016148076 	-0.16921481 	0.80429604
0.0026841484 	-0.018396129 	-0.15576931 	0.7811152
0.002722614 	-0.020805771 	-0.13490265 	0.76289026
0.0027605478 	-0.023014206 	-0.11034248 	0.75087577
0.0027979573 	-0.025021271 	-0.085493886 	0.74546149
0.0028348498 	-0.027043988 	-0.062773344 	0.74593481
0.0028712322 	-0.029235293 	-0.043717103 	0.74999858
0.0029071118 	-0.031597105 	-0.028992129 	0.7545319
0.0029424953 	-0.034041109 	-0.018328079 	0.7571373
0.0029773898 	-0.036482873 	-0.010658737 	0.75713755
0.003011802 	-0.038903823 	-0.0044869571 	0.75546201
0.0030457385 	-0.041287949 	0.0016727691 	0.75372347
0.0030792059 	-0.043446551 	0.0088752005 	0.7531549
0.0031122107 	-0.045203543 	0.017619542 	0.75387087
0.0031447592 	-0.046402143 	0.027827545 	0.75490888
0.0031768579 	-0.046838896 	0.038966901 	0.75479835
0.0032085129 	-0.046351114 	0.050257867 	0.75224213
0.0032397303 	-0.044868206 	0.060808843 	0.74659047
0.0032705162 	-0.042404163 	0.069722432 	0.73791431
0.0033008765 	-0.039036539 	0.076201289 	0.72676888
0.0033308172 	-0.03491067 	0.079689315 	0.71397945
0.0033603441 	-0.03027325 	0.079987329 	0.70064455
0.0033894627 	-0.025487825 	0.077261047 	0.6880791
0.0034181789 	-0.020969463 	0.071943762 	0.67733314
0.0034464982 	-0.017064521 	0.064606979 	0.66853726
0.003474426 	-0.013951543 	0.055857443 	0.66068735
0.0035019678 	-0.01161827 	0.046291497 	0.65203846
0.0035291288 	-0.0099233836 	0.036525363 	0.64077154
0.0035559144 	-0.0086929805 	0.027240963 	0.62554192
0.0035823298 	-0.0077886627 	0.019150209 	0.60573292
0.0036083801 	-0.0071214754 	0.012841022 	0.58145219
0.0036340702 	-0.006634001 	0.0086116722 	0.55338484
0.0036594053 	-0.0062788981 	0.0064246994 	0.52257129
0.0036843901 	-0.0060032205 	0.0059929109 	0.49013186
0.0037090296 	-0.0057409021 	0.0068891827 	0.45700766
0.0037333285 	-0.0054204651 	0.0085968805 	0.42383021
0.0037572915 	-0.0049884805 	0.010534083 	0.39095153
0.0037809233 	-0.0044320644 	0.012121773 	0.35853077
0.0038042285 	-0.0037817439 	0.012899808 	0.32655488
0.0038272115 	-0.0030937237 	0.012627106 	0.29478085
0.0038498768 	-0.0024257476 	0.011309008 	0.26268735
0.0038722288 	-0.0018194201 	0.0091495 	0.2295175
0.0038942718 	-0.0012942742 	0.0064681239 	0.19442373
0.0039160102 	-0.00085143782 	0.0036327601 	0.15666435
0.003937448 	-0.00048579399 	0.0010464993 	0.11578183
0.0039585896 	-0.00020242812 	-0.00079090147 	0.071702811
0.0039794389 	-2.4211799e-05 	-0.001145139 	0.024739698
0.004 	-3.5775146e-05 	0.00060008374 	0.021086107
