0 	0.019297884 	-0.052368098 	1.0667439
5.5555556e-05 	-0.011409938 	-0.055851717 	1.0703734
0.00011111111 	-0.022419862 	-0.052702128 	1.0706786
0.00016666667 	-0.028522069 	-0.048956276 	1.0677219
0.00022222222 	-0.032496543 	-0.045336976 	1.0625461
0.00027777778 	-0.03531176 	-0.04232303 	1.0561276
0.00033333333 	-0.037448431 	-0.040130771 	1.0491274
0.00038888889 	-0.039165195 	-0.038768923 	1.0419923
0.00044444444 	-0.040571178 	-0.038122001 	1.0350351
0.0005 	-0.041649776 	-0.03802411 	1.0284701
0.00055555556 	-0.042284782 	-0.038320522 	1.022438
0.00061111111 	-0.042321729 	-0.038881273 	1.0170307
0.00066666667 	-0.041625468 	-0.039581547 	1.01232
0.00072222222 	-0.040112689 	-0.040288865 	1.0083842
0.00077777778 	-0.037768846 	-0.04084312 	1.0053179
0.00083333333 	-0.034656962 	-0.041082619 	1.0032175
0.00088888889 	-0.030942373 	-0.040916226 	1.0021672
0.00094444444 	-0.026932232 	-0.040256197 	1.0022445
0.001 	-0.022483052 	-0.038946051 	1.0036165
0.0010617451 	-0.017969328 	-0.037192638 	1.0063305
0.0011226367 	-0.013761121 	-0.034933193 	1.0102643
0.0011826866 	-0.0098021231 	-0.032449949 	1.0148785
0.0012419064 	-0.0057785736 	-0.030032913 	1.0194891
0.0013003077 	-0.0013735716 	-0.028003842 	1.0232476
0.0013579017 	0.0034362947 	-0.026469923 	1.0254606
0.0014146996 	0.0082552712 	-0.025432387 	1.026084
0.0014707124 	0.012510091 	-0.024923515 	1.0257031
0.001525951 	0.015785618 	-0.024955895 	1.0250097
0.001580426 	0.017982579 	-0.025472156 	1.0243182
0.001634148 	0.019311388 	-0.026326591 	1.0235938
0.0016871274 	0.020100768 	-0.02730647 	1.0227809
0.0017393745 	0.020610102 	-0.028206944 	1.022021
0.0017908994 	0.020926071 	-0.028890399 	1.021675
0.0018417121 	0.020950063 	-0.029265541 	1.0222252
0.0018918224 	0.020483926 	-0.029214286 	1.0240333
0.0019412401 	0.019380959 	-0.028457609 	1.0269599
0.0019899746 	0.017735933 	-0.026604405 	1.030113
0.0020380356 	0.015888881 	-0.023370141 	1.0321217
0.0020854322 	0.014240233 	-0.01871601 	1.0318467
0.0021321736 	0.013010011 	-0.01293371 	1.0288291
0.002178269 	0.012211596 	-0.0066232478 	1.0232868
0.0022237272 	0.011815421 	-0.00059388232 	1.0158944
0.002268557 	0.011663749 	0.0043334166 	1.0076158
0.0023127672 	0.011464259 	0.0076120735 	0.9993619
0.0023563662 	0.010940597 	0.0090324915 	0.99211036
0.0023993626 	0.0098463217 	0.0087003419 	0.98667254
0.0024417647 	0.0078820044 	0.0068693128 	0.98360347
0.0024835806 	0.0050217941 	0.003787993 	0.98307553
0.0025248186 	0.0013714396 	-0.00035909187 	0.98469235
0.0025654865 	-0.0029291071 	-0.0053264799 	0.98733651
0.0026055923 	-0.0073905097 	-0.010687019 	0.98910598
0.0026451437 	-0.011299598 	-0.015722618 	0.98753988
0.0026841484 	-0.013938998 	-0.019559791 	0.98019029
0.002722614 	-0.01483005 	-0.021389799 	0.96558827
0.0027605478 	-0.013972152 	-0.020792265 	0.94385495
0.0027979573 	-0.011802746 	-0.017904492 	0.91663762
0.0028348498 	-0.0088933079 	-0.013493343 	0.88651893
0.0028712322 	-0.0057604434 	-0.008733602 	0.85626959
0.0029071118 	-0.0027327331 	-0.0047930071 	0.82821363
0.0029424953 	8.5415929e-05 	-0.0025016991 	0.80386718
0.0029773898 	0.0027147184 	-0.0021470558 	0.78379091
0.003011802 	0.0052260014 	-0.0035352086 	0.76777095
0.0030457385 	0.0076800266 	-0.0061926664 	0.75516682
0.0030792059 	0.010094627 	-0.0095261654 	0.74520368
0.0031122107 	0.012435671 	-0.012972027 	0.73716253
0.0031447592 	0.014631624 	-0.016073781 	0.73046225
0.0031768579 	0.016607217 	-0.018508777 	0.72467297
0.0032085129 	0.018298922 	-0.020078196 	0.71950059
0.0032397303 	0.019658323 	-0.020681149 	0.7147706
0.0032705162 	0.020661131 	-0.020286319 	0.7104213
0.0033008765 	0.021296742 	-0.018905442 	0.70648169
0.0033308172 	0.021554269 	-0.01657926 	0.70306049
0.0033603441 	0.021428902 	-0.013373682 	0.7003158
0.0033894627 	0.020924194 	-0.0093852726 	0.69841613
0.0034181789 	0.020055736 	-0.0047462398 	0.69749308
0.0034464982 	0.018852432 	0.00038388325 	0.6975935
0.003474426 	0.017362195 	0.0058154213 	0.69860817
0.0035019678 	0.01566634 	0.011343297 	0.70021946
0.0035291288 	0.013872675 	0.016748212 	0.70187235
0.0035559144 	0.012098879 	0.021790104 	0.70279713
0.0035823298 	0.010452459 	0.02620426 	0.70210403
0.0036083801 	0.0090090183 	0.02970806 	0.6989171
0.0036340702 	0.0077949212 	0.03202846 	0.69248301
0.0036594053 	0.0067817802 	0.032954283 	0.6821838
0.0036843901 	0.0058984663 	0.032407053 	0.66741898
0.0037090296 	0.0050616977 	0.030512225 	0.64739733
0.0037333285 	0.0042176529 	0.0276336 	0.62097363
0.0037572915 	0.0033737834 	0.024333319 	0.58673208
0.0037809233 	0.0025962766 	0.021236065 	0.54346248
0.0038042285 	0.0019665024 	0.018822838 	0.4909223
0.0038272115 	0.0015236153 	0.017243458 	0.4304508
0.0038498768 	0.0012379856 	0.016263486 	0.36494312
0.0038722288 	0.0010340566 	0.015394736 	0.29808621
0.0038942718 	0.0008377157 	0.014131701 	0.23328461
0.0039160102 	0.00061141343 	0.012149978 	0.1728526
0.003937448 	0.00036426388 	0.0093775633 	0.1177508
0.0039585896 	0.0001431536 	0.0059471077 	0.067765272
0.0039794389 	1.177692e-05 	0.0020790782 	0.02185575
0.004 	1.177692e-05 	0.0020790782 	0.02185575
