0 	-0.0099763578 	-0.014409581 	1.0278102
5.5555556e-05 	0.018948497 	-0.012474346 	1.036065
0.00011111111 	0.02059355 	-0.012407929 	1.0371097
0.00016666667 	0.020789039 	-0.011979647 	1.0368798
0.00022222222 	0.02008093 	-0.010863453 	1.0360497
0.00027777778 	0.018896967 	-0.0093149248 	1.0350784
0.00033333333 	0.017630401 	-0.0076583009 	1.0341728
0.00038888889 	0.016603217 	-0.0061316367 	1.0333456
0.00044444444 	0.016034326 	-0.0048421646 	1.0324888
0.0005 	0.016026032 	-0.0037778514 	1.0314228
0.00055555556 	0.01656209 	-0.0028435753 	1.0299277
0.00061111111 	0.017518268 	-0.0018915371 	1.0277871
0.00066666667 	0.018693164 	-0.00075358675 	1.0248505
0.00072222222 	0.019844089 	0.00074368878 	1.0211011
0.00077777778 	0.020732047 	0.002762849 	1.0166789
0.00083333333 	0.021167895 	0.0054301699 	1.0118373
0.00088888889 	0.020998156 	0.0088075026 	1.0068681
0.00094444444 	0.020249335 	0.012751693 	1.0020331
0.001 	0.018685625 	0.017455092 	0.99721356
0.0010617451 	0.016379579 	0.02227589 	0.99271787
0.0011226367 	0.013805953 	0.026334289 	0.98879622
0.0011826866 	0.011212729 	0.028996511 	0.98520112
0.0012419064 	0.0088613861 	0.029931363 	0.98169969
0.0013003077 	0.006900319 	0.02926474 	0.97831332
0.0013579017 	0.0053570326 	0.027528611 	0.97539401
0.0014146996 	0.0042235867 	0.025393135 	0.97339043
0.0014707124 	0.003528016 	0.023349018 	0.97249666
0.0015259509 	0.0033497448 	0.021581297 	0.97249389
0.001580426 	0.0038377414 	0.020002632 	0.97285002
0.001634148 	0.0051446642 	0.018465294 	0.97297409
0.0016871274 	0.0073569029 	0.0169353 	0.9724143
0.0017393745 	0.010442747 	0.015493099 	0.97088068
0.0017908994 	0.014205923 	0.014182981 	0.9681754
0.0018417121 	0.018244876 	0.012852521 	0.96423199
0.0018918224 	0.021947257 	0.011325946 	0.95938928
0.0019412401 	0.02455817 	0.009872698 	0.95458738
0.0019899746 	0.025461495 	0.0095172438 	0.95093662
0.0020380356 	0.024631529 	0.011898546 	0.94872284
0.0020854322 	0.022832118 	0.018808759 	0.94674579
0.0021321736 	0.021295821 	0.031354857 	0.94275372
0.002178269 	0.020866086 	0.048859069 	0.93482812
0.0022237272 	0.021227189 	0.068172351 	0.92278479
0.002268557 	0.020863481 	0.084345509 	0.90852158
0.0023127672 	0.017875113 	0.092752629 	0.89511956
0.0023563662 	0.011220223 	0.091627067 	0.88520887
0.0023993626 	0.0016236239 	0.083443164 	0.87946664
0.0024417647 	-0.008694567 	0.073713147 	0.87646187
0.0024835806 	-0.017357247 	0.067650806 	0.87435395
0.0025248186 	-0.023069148 	0.067366385 	0.87274492
0.0025654865 	-0.025818282 	0.071736823 	0.87238005
0.0026055923 	-0.026168189 	0.07830567 	0.87298412
0.0026451437 	-0.024634098 	0.085133149 	0.87188551
0.0026841484 	-0.021647015 	0.09132799 	0.86525246
0.002722614 	-0.017837966 	0.096480917 	0.85092254
0.0027605478 	-0.014120455 	0.1000973 	0.83008772
0.0027979573 	-0.011415484 	0.10159961 	0.80647677
0.0028348498 	-0.010290471 	0.10069522 	0.78429654
0.0028712322 	-0.010787412 	0.097567991 	0.76666383
0.0029071118 	-0.012485371 	0.092865186 	0.75494848
0.0029424953 	-0.014693928 	0.08749358 	0.74871421
0.0029773898 	-0.016694656 	0.082285815 	0.7460669
0.003011802 	-0.017944445 	0.077703538 	0.74431195
0.0030457385 	-0.018191519 	0.073764281 	0.74074847
0.0030792059 	-0.017491914 	0.07023554 	0.73339146
0.0031122107 	-0.016133064 	0.066933632 	0.72145376
0.0031447592 	-0.014510384 	0.063876491 	0.70548597
0.0031768579 	-0.012994194 	0.061205689 	0.68712058
0.0032085129 	-0.011853754 	0.059029768 	0.6684404
0.0032397303 	-0.011236271 	0.057376491 	0.65121974
0.0032705162 	-0.011174312 	0.05624841 	0.63641498
0.0033008765 	-0.011581733 	0.055652754 	0.62413275
0.0033308172 	-0.012275905 	0.055578603 	0.61387995
0.0033603441 	-0.012997194 	0.055999053 	0.60486932
0.0033894627 	-0.013445654 	0.056897507 	0.5962303
0.0034181789 	-0.013339076 	0.058270134 	0.58714391
0.0034464982 	-0.012468937 	0.060103532 	0.57694545
0.003474426 	-0.01075446 	0.06227981 	0.56523713
0.0035019678 	-0.0082657908 	0.064523698 	0.55200835
0.0035291288 	-0.0052003576 	0.066390387 	0.53770912
0.0035559144 	-0.0018457036 	0.067312091 	0.5232029
0.0035823298 	0.0014570199 	0.066717104 	0.50956721
0.0036083801 	0.0044098894 	0.064160646 	0.49778972
0.0036340702 	0.0068066942 	0.05942901 	0.48848351
0.0036594053 	0.0085198631 	0.052584921 	0.48169257
0.0036843901 	0.0095116688 	0.043977919 	0.47682595
0.0037090296 	0.0098186978 	0.03420311 	0.47268353
0.0037333285 	0.009530311 	0.024051238 	0.46753958
0.0037572915 	0.0087712364 	0.014438592 	0.45929002
0.0037809233 	0.0076878615 	0.006293956 	0.44570743
0.0038042285 	0.0064347795 	0.00039449098 	0.4248269
0.0038272115 	0.0051564698 	-0.0028316279 	0.39539984
0.0038498768 	0.0039615852 	-0.0034628976 	0.35722961
0.0038722288 	0.0029034941 	-0.0021098932 	0.31123557
0.0038942718 	0.001998327 	0.0002418055 	0.2591736
0.0039160102 	0.0012507819 	0.002511654 	0.20315713
0.003937448 	0.00066345304 	0.0038009622 	0.14518248
0.0039585896 	0.00024751462 	0.0035689754 	0.086766771
0.0039794389 	2.582021e-05 	0.0016755569 	0.028786809
0.004 	-6.9482614e-06 	0.0016813186 	0.027968815
