0 	0.012511096 	0.0087430079 	1.0416786
2.0100503e-05 	0.012511096 	0.0087430079 	1.0416786
4.0201005e-05 	0.012511096 	0.0087430079 	1.0416786
6.0301508e-05 	0.019187185 	-0.0052703873 	1.0453374
8.040201e-05 	0.019187185 	-0.0052703873 	1.0453374
0.00010050251 	0.019187185 	-0.0052703873 	1.0453374
0.00012060302 	0.02110772 	-0.015350578 	1.0490032
0.00014070352 	0.02110772 	-0.015350578 	1.0490032
0.00016080402 	0.02110772 	-0.015350578 	1.0490032
0.00018090452 	0.021592792 	-0.023339254 	1.0524129
0.00020100503 	0.021592792 	-0.023339254 	1.0524129
0.00022110553 	0.021592792 	-0.023339254 	1.0524129
0.00024120603 	0.02084327 	-0.029305496 	1.0553833
0.00026130653 	0.02084327 	-0.029305496 	1.0553833
0.00028140704 	0.019043579 	-0.033314403 	1.0578241
0.00030150754 	0.019043579 	-0.033314403 	1.0578241
0.00032160804 	0.019043579 	-0.033314403 	1.0578241
0.00034170854 	0.016535063 	-0.035717633 	1.0597398
0.00036180905 	0.016535063 	-0.035717633 	1.0597398
0.00038190955 	0.016535063 	-0.035717633 	1.0597398
0.00040201005 	0.013745067 	-0.037094586 	1.0611957
0.00042211055 	0.013745067 	-0.037094586 	1.0611957
0.00044221106 	0.013745067 	-0.037094586 	1.0611957
0.00046231156 	0.011108489 	-0.038091676 	1.0622417
0.00048241206 	0.011108489 	-0.038091676 	1.0622417
0.00050251256 	0.0089932077 	-0.039297644 	1.0628342
0.00052261307 	0.0089932077 	-0.039297644 	1.0628342
0.00054271357 	0.0089932077 	-0.039297644 	1.0628342
0.00056281407 	0.0076809097 	-0.041138388 	1.0628352
0.00058291457 	0.0076809097 	-0.041138388 	1.0628352
0.00060301508 	0.0076809097 	-0.041138388 	1.0628352
0.00062311558 	0.0073274682 	-0.043835579 	1.0621339
0.00064321608 	0.0073274682 	-0.043835579 	1.0621339
0.00066331658 	0.0073274682 	-0.043835579 	1.0621339
0.00068341709 	0.0079437319 	-0.047376875 	1.0608152
0.00070351759 	0.0079437319 	-0.047376875 	1.0608152
0.00072361809 	0.0093789895 	-0.051531126 	1.0592583
0.00074371859 	0.0093789895 	-0.051531126 	1.0592583
0.0007638191 	0.0093789895 	-0.051531126 	1.0592583
0.0007839196 	0.011357248 	-0.055926212 	1.0580583
0.0008040201 	0.011357248 	-0.055926212 	1.0580583
0.0008241206 	0.011357248 	-0.055926212 	1.0580583
0.00084422111 	0.013545933 	-0.060134394 	1.0577826
0.00086432161 	0.013545933 	-0.060134394 	1.0577826
0.00088442211 	0.013545933 	-0.060134394 	1.0577826
0.00090452261 	0.015638739 	-0.063843025 	1.0587324
0.00092462312 	0.015638739 	-0.063843025 	1.0587324
0.00094472362 	0.017511865 	-0.066825507 	1.0607772
0.00096482412 	0.017511865 	-0.066825507 	1.0607772
0.00098492462 	0.017511865 	-0.066825507 	1.0607772
0.0010050251 	0.019161406 	-0.069004758 	1.0636248
0.0010251256 	0.019161406 	-0.069004758 	1.0636248
0.0010452261 	0.019161406 	-0.069004758 	1.0636248
0.0010653266 	0.020412771 	-0.070025451 	1.066304
0.0010854271 	0.020412771 	-0.070025451 	1.066304
0.0011055276 	0.020412771 	-0.070025451 	1.066304
0.0011256281 	0.020821437 	-0.069455671 	1.0677198
0.0011457286 	0.020821437 	-0.069455671 	1.0677198
0.0011658291 	0.013805832 	-0.066845524 	1.0722482
0.0011859296 	0.013057117 	-0.063418006 	1.071593
0.0012060302 	0.020015473 	-0.06688613 	1.0671917
0.0012261307 	0.020015473 	-0.06688613 	1.0671917
0.0012462312 	0.0175914 	-0.061854141 	1.0643667
0.0012663317 	0.0175914 	-0.061854141 	1.0643667
0.0012864322 	0.0175914 	-0.061854141 	1.0643667
0.0013065327 	0.013283671 	-0.054056083 	1.0593814
0.0013266332 	0.013283671 	-0.054056083 	1.0593814
0.0013467337 	0.013283671 	-0.054056083 	1.0593814
0.0013668342 	0.0071100651 	-0.043776347 	1.0531045
0.0013869347 	0.0071100651 	-0.043776347 	1.0531045
0.0014070352 	0.0071100651 	-0.043776347 	1.0531045
0.0014271357 	-0.0005078198 	-0.031969498 	1.0470893
0.0014472362 	-0.0005078198 	-0.031969498 	1.0470893
0.0014673367 	-0.0005078198 	-0.031969498 	1.0470893
0.0014874372 	-0.011412867 	-0.0096031214 	1.0450925
0.0015075377 	-0.011412867 	-0.0096031214 	1.0450925
0.0015276382 	-0.018017145 	0.0022210133 	1.0427716
0.0015477387 	-0.016226204 	-0.0079841966 	1.0404327
0.0015678392 	-0.016226204 	-0.0079841966 	1.0404327
0.0015879397 	-0.022548536 	0.0032097692 	1.0389239
0.0016080402 	-0.022548536 	0.0032097692 	1.0389239
0.0016281407 	-0.022548536 	0.0032097692 	1.0389239
0.0016482412 	-0.027619113 	0.013516386 	1.0369117
0.0016683417 	-0.027619113 	0.013516386 	1.0369117
0.0016884422 	-0.031854074 	0.022070395 	1.0343042
0.0017085427 	-0.031854074 	0.022070395 	1.0343042
0.0017286432 	-0.031854074 	0.022070395 	1.0343042
0.0017487437 	-0.035709288 	0.027597747 	1.0324371
0.0017688442 	-0.035709288 	0.027597747 	1.0324371
0.0017889447 	-0.035709288 	0.027597747 	1.0324371
0.0018090452 	-0.039575006 	0.029133618 	1.0327947
0.0018291457 	-0.039575006 	0.029133618 	1.0327947
0.0018492462 	-0.043824204 	0.026599227 	1.0356793
0.0018693467 	-0.043824204 	0.026599227 	1.0356793
0.0018894472 	-0.043824204 	0.026599227 	1.0356793
0.0019095477 	-0.048845707 	0.021001359 	1.0395727
0.0019296482 	-0.048845707 	0.021001359 	1.0395727
0.0019497487 	-0.054841899 	0.014146943 	1.0410748
0.0019698492 	-0.065673662 	0.028259852 	1.0376967
0.0019899497 	-0.074877447 	0.025451072 	1.0184895
0.0020100503 	-0.061390831 	0.0077593857 	1.0357876
0.0020301508 	-0.061390831 	0.0077593857 	1.0357876
0.0020502513 	-0.067270079 	0.0025255434 	1.0204779
0.0020703518 	-0.067270079 	0.0025255434 	1.0204779
0.0020904523 	-0.070997686 	-0.0020352879 	0.99530336
0.0021105528 	-0.070997686 	-0.0020352879 	0.99530336
0.0021306533 	-0.070997686 	-0.0020352879 	0.99530336
0.0021507538 	-0.071487001 	-0.0068396275 	0.96420519
0.0021708543 	-0.071487001 	-0.0068396275 	0.96420519
0.0021909548 	-0.06840712 	-0.012261609 	0.93277755
0.0022110553 	-0.06840712 	-0.012261609 	0.93277755
0.0022311558 	-0.062267317 	-0.017724044 	0.90550019
0.0022512563 	-0.062267317 	-0.017724044 	0.90550019
0.0022713568 	-0.054110357 	-0.022086989 	0.88452341
0.0022914573 	-0.054110357 	-0.022086989 	0.88452341
0.0023115578 	-0.054110357 	-0.022086989 	0.88452341
0.0023316583 	-0.045031933 	-0.024526775 	0.87005874
0.0023517588 	-0.045031933 	-0.024526775 	0.87005874
0.0023718593 	-0.03587503 	-0.024950151 	0.86129896
0.0023919598 	-0.03587503 	-0.024950151 	0.86129896
0.0024120603 	-0.027182336 	-0.02374126 	0.8569594
0.0024321608 	-0.027182336 	-0.02374126 	0.8569594
0.0024522613 	-0.019258115 	-0.021386563 	0.855702
0.0024723618 	-0.019258115 	-0.021386563 	0.855702
0.0024924623 	-0.012252291 	-0.018290366 	0.85643451
0.0025125628 	-0.012252291 	-0.018290366 	0.85643451
0.0025326633 	-0.0062094424 	-0.014757683 	0.85838783
0.0025527638 	-0.0062094424 	-0.014757683 	0.85838783
0.0025728643 	-0.0011421235 	-0.010999437 	0.86104439
0.0025929648 	-0.0011421235 	-0.010999437 	0.86104439
0.0026130653 	0.0029664865 	-0.0071797243 	0.86410732
0.0026331658 	0.0029664865 	-0.0071797243 	0.86410732
0.0026532663 	0.0061502715 	-0.0034318097 	0.86736386
0.0026733668 	0.0061502715 	-0.0034318097 	0.86736386
0.0026934673 	0.0084425896 	0.00014739747 	0.87066941
0.0027135678 	0.0084425896 	0.00014739747 	0.87066941
0.0027336683 	0.0099189437 	0.0035202955 	0.87396684
0.0027537688 	0.0099189437 	0.0035202955 	0.87396684
0.0027738693 	0.010709493 	0.0066774768 	0.87725773
0.0027939698 	0.010709493 	0.0066774768 	0.87725773
0.0028140704 	0.010947827 	0.0096451189 	0.88057239
0.0028341709 	0.010947827 	0.0096451189 	0.88057239
0.0028542714 	0.010750745 	0.012481052 	0.88395783
0.0028743719 	0.010236223 	0.015239066 	0.88747234
0.0028944724 	0.010236223 	0.015239066 	0.88747234
0.0029145729 	0.0095250024 	0.017969681 	0.89117014
0.0029346734 	0.0095250024 	0.017969681 	0.89117014
0.0029547739 	0.0087134352 	0.020711757 	0.8951006
0.0029748744 	0.0087134352 	0.020711757 	0.8951006
0.0029949749 	0.0078774622 	0.023494453 	0.89930715
0.0030150754 	0.0070688748 	0.026335925 	0.90382713
0.0030351759 	0.0070688748 	0.026335925 	0.90382713
0.0030552764 	0.0063089208 	0.029246845 	0.90868591
0.0030753769 	0.0063089208 	0.029246845 	0.90868591
0.0030954774 	0.0056209857 	0.03223022 	0.91388621
0.0031155779 	0.0049825456 	0.035281097 	0.91940364
0.0031356784 	0.0049825456 	0.035281097 	0.91940364
0.0031557789 	0.0043375025 	0.038392217 	0.92516407
0.0031758794 	0.0043375025 	0.038392217 	0.92516407
0.0031959799 	0.0036890343 	0.041561653 	0.93103335
0.0032160804 	0.003020414 	0.044808672 	0.93680366
0.0032361809 	0.003020414 	0.044808672 	0.93680366
0.0032562814 	0.002306981 	0.048189131 	0.94216919
0.0032763819 	0.0016027415 	0.051809054 	0.94669963
0.0032964824 	0.0016027415 	0.051809054 	0.94669963
0.0033165829 	0.00096949566 	0.055825671 	0.94978756
0.0033366834 	0.00049267804 	0.06043042 	0.95060004
0.0033567839 	0.00049267804 	0.06043042 	0.95060004
0.0033768844 	0.00030499257 	0.065809077 	0.94804239
0.0033969849 	0.00049795971 	0.072067507 	0.94079888
0.0034170854 	0.00049795971 	0.072067507 	0.94079888
0.0034371859 	0.0011295189 	0.079105196 	0.92748724
0.0034572864 	0.0022153631 	0.086435306 	0.90696212
0.0034773869 	0.0036901883 	0.093029272 	0.87877173
0.0034974874 	0.0036901883 	0.093029272 	0.87877173
0.0035175879 	0.0053799688 	0.097390956 	0.84364946
0.0035376884 	0.0069816891 	0.098066402 	0.80370857
0.0035577889 	0.0081489178 	0.094424437 	0.76190138
0.0035778894 	0.0081489178 	0.094424437 	0.76190138
0.0035979899 	0.0086579517 	0.087103888 	0.72090759
0.0036180905 	0.008524439 	0.077660067 	0.68232839
0.003638191 	0.0079523001 	0.067722748 	0.64674347
0.0036582915 	0.0079523001 	0.067722748 	0.64674347
0.003678392 	0.0071869333 	0.058371982 	0.61421964
0.0036984925 	0.0064115229 	0.050044773 	0.58462891
0.003718593 	0.0057232018 	0.042752976 	0.55765113
0.0037386935 	0.0051440955 	0.03629809 	0.53267645
0.003758794 	0.0046376114 	0.030388061 	0.50874208
0.0037788945 	0.0046376114 	0.030388061 	0.50874208
0.003798995 	0.0041338882 	0.024718859 	0.48450518
0.0038190955 	0.0035643315 	0.019068538 	0.45826125
0.003839196 	0.0028958427 	0.013405814 	0.42807018
0.0038592965 	0.002149195 	0.0079385453 	0.39204499
0.003879397 	0.0013916728 	0.0030777055 	0.34876508
0.0038994975 	0.00072016396 	-0.00068588506 	0.2976702
0.003919598 	0.00021698532 	-0.0029409811 	0.23924036
0.0039396985 	-7.0986317e-05 	-0.0034958079 	0.1748863
0.003959799 	-0.00013702076 	-0.0025011192 	0.10653554
0.0039798995 	-3.8036064e-05 	-0.00062286232 	0.036015389
0.004 	-3.8036064e-05 	-0.00062286232 	0.036015389
