0 	0.017109669 	0.015917912 	1.0306167
5.5555556e-05 	-0.018107935 	0.010042704 	1.0278227
0.00011111111 	-0.018139829 	0.008382822 	1.0262335
0.00016666667 	-0.017983769 	0.0078318473 	1.0247339
0.00022222222 	-0.017995488 	0.0075240139 	1.0234082
0.00027777778 	-0.018153252 	0.0071873461 	1.022251
0.00033333333 	-0.018348679 	0.0066767444 	1.0211867
0.00038888889 	-0.018454732 	0.0058900827 	1.0201108
0.00044444444 	-0.018350265 	0.0047582513 	1.0189358
0.0005 	-0.017936576 	0.0032545175 	1.0176207
0.00055555556 	-0.017150733 	0.0013898474 	1.0161788
0.00061111111 	-0.01597637 	-0.00078881395 	1.0146552
0.00066666667 	-0.014445944 	-0.0032129906 	1.0130996
0.00072222222 	-0.012635813 	-0.005792139 	1.0115495
0.00077777778 	-0.010664352 	-0.0084089964 	1.0100287
0.00083333333 	-0.0086861182 	-0.0109213 	1.0085534
0.00088888889 	-0.0068960554 	-0.013165609 	1.0071266
0.00094444444 	-0.0055423731 	-0.015005674 	1.005742
0.001 	-0.0047981949 	-0.016335528 	1.0043049
0.0010617451 	-0.0050418097 	-0.0168271 	1.0030002
0.0011226367 	-0.0064098392 	-0.016285419 	1.0022375
0.0011826866 	-0.0086171225 	-0.014652861 	1.0023522
0.0012419064 	-0.011181279 	-0.012146231 	1.0031992
0.0013003077 	-0.013539974 	-0.0093197478 	1.00394
0.0013579017 	-0.01524385 	-0.0068918699 	1.0033781
0.0014146996 	-0.016090854 	-0.0052615124 	1.0007843
0.0014707124 	-0.01620744 	-0.0042752773 	0.99650987
0.0015259509 	-0.015874879 	-0.0032936309 	0.99198226
0.001580426 	-0.015327122 	-0.0015378799 	0.98898506
0.001634148 	-0.014617484 	0.001615955 	0.98864447
0.0016871274 	-0.013654805 	0.0063829268 	0.99077272
0.0017393745 	-0.012374127 	0.01259496 	0.99402589
0.0017908994 	-0.010776774 	0.019526218 	0.99658049
0.0018417121 	-0.0088730794 	0.025986012 	0.9971201
0.0018918224 	-0.0067587843 	0.030796305 	0.99554528
0.0019412401 	-0.004760135 	0.033399617 	0.99293657
0.0019899746 	-0.0033736043 	0.033942969 	0.99068994
0.0020380356 	-0.0031777243 	0.032960373 	0.98957613
0.0020854322 	-0.0045108264 	0.031277947 	0.98910594
0.0021321736 	-0.0070526582 	0.029917256 	0.98733047
0.002178269 	-0.0098919137 	0.029985443 	0.98127639
0.0022237272 	-0.011876336 	0.032441307 	0.96815728
0.002268557 	-0.012205223 	0.037687431 	0.94692823
0.0023127672 	-0.010921467 	0.045251201 	0.91931158
0.0023563662 	-0.0088298214 	0.053961118 	0.88931561
0.0023993626 	-0.0070078779 	0.062473779 	0.86148182
0.0024417647 	-0.006315051 	0.069740754 	0.83912525
0.0024835806 	-0.0071533214 	0.075190393 	0.82352487
0.0025248186 	-0.0094536415 	0.078684828 	0.8141192
0.0025654865 	-0.012858407 	0.080373696 	0.80925106
0.0026055923 	-0.016908015 	0.080559422 	0.8069533
0.0026451437 	-0.021165446 	0.079606839 	0.80554411
0.0026841484 	-0.025304044 	0.077825281 	0.80392094
0.002722614 	-0.029129763 	0.075319294 	0.80153476
0.0027605478 	-0.032551327 	0.071856252 	0.79811107
0.0027979573 	-0.035533583 	0.066858435 	0.79329918
0.0028348498 	-0.038057032 	0.059615462 	0.78649063
0.0028712322 	-0.040137711 	0.04971973 	0.77699283
0.0029071118 	-0.041872023 	0.037531515 	0.76454406
0.0029424953 	-0.043457398 	0.024334755 	0.74982783
0.0029773898 	-0.045131065 	0.011938403 	0.73442282
0.003011802 	-0.046997794 	0.0019559518 	0.71999068
0.0030457385 	-0.048966746 	-0.004690162 	0.70739021
0.0030792059 	-0.050813405 	-0.0077870977 	0.69646227
0.0031122107 	-0.052245431 	-0.0075731443 	0.68657543
0.0031447592 	-0.053030709 	-0.0045479251 	0.67720748
0.0031768579 	-0.053041791 	0.00062644947 	0.66816535
0.0032085129 	-0.052229491 	0.0071946119 	0.65942268
0.0032397303 	-0.050600093 	0.014378905 	0.65089655
0.0032705162 	-0.048129583 	0.021478554 	0.64238644
0.0033008765 	-0.044796974 	0.027956593 	0.63363329
0.0033308172 	-0.04061696 	0.033448298 	0.62444932
0.0033603441 	-0.035705301 	0.037722198 	0.6148519
0.0033894627 	-0.030277754 	0.040638834 	0.60510939
0.0034181789 	-0.024616742 	0.042109285 	0.59569594
0.0034464982 	-0.019020325 	0.042076429 	0.58717384
0.003474426 	-0.013748062 	0.040524041 	0.58003691
0.0035019678 	-0.0089871897 	0.037497543 	0.5745688
0.0035291288 	-0.0048385822 	0.033121932 	0.5707585
0.0035559144 	-0.0013210624 	0.027597874 	0.56829745
0.0035823298 	0.0015721087 	0.021205337 	0.56664054
0.0036083801 	0.0038903598 	0.014290181 	0.56508936
0.0036340702 	0.0057018756 	0.0072540739 	0.56284243
0.0036594053 	0.007022474 	0.00054048849 	0.55903132
0.0036843901 	0.0078399141 	-0.0053866419 	0.552712
0.0037090296 	0.0081247501 	-0.010074298 	0.54282294
0.0037333285 	0.007854525 	-0.013118846 	0.528166
0.0037572915 	0.0070587299 	-0.014193471 	0.50747502
0.0037809233 	0.0058382614 	-0.013065648 	0.47961173
0.0038042285 	0.0044034047 	-0.0096579573 	0.44385758
0.0038272115 	0.0030147753 	-0.0042875534 	0.40035492
0.0038498768 	0.0018615418 	0.0021679302 	0.35022988
0.0038722288 	0.0010401111 	0.0083446456 	0.2955293
0.0038942718 	0.00054087056 	0.012812803 	0.23880611
0.0039160102 	0.00028120004 	0.014582171 	0.18244497
0.003937448 	0.00015335995 	0.013347365 	0.12801175
0.0039585896 	7.4729431e-05 	0.0094119982 	0.07591324
0.0039794389 	1.1066529e-05 	0.0034858124 	0.02541982
0.004 	-6.9123872e-06 	0.0016432131 	0.027740943
