0 	-0.046881115 	-0.032414147 	1.0489901
2.0100503e-05 	-0.046881115 	-0.032414147 	1.0489901
4.0201005e-05 	-0.046881115 	-0.032414147 	1.0489901
6.0301508e-05 	-0.057067173 	-0.0054268454 	1.0498477
8.040201e-05 	-0.057067173 	-0.0054268454 	1.0498477
0.00010050251 	-0.057067173 	-0.0054268454 	1.0498477
0.00012060302 	-0.057653478 	0.004603468 	1.0505286
0.00014070352 	-0.057653478 	0.004603468 	1.0505286
0.00016080402 	-0.057653478 	0.004603468 	1.0505286
0.00018090452 	-0.057337903 	0.010590275 	1.0508461
0.00020100503 	-0.057337903 	0.010590275 	1.0508461
0.00022110553 	-0.057337903 	0.010590275 	1.0508461
0.00024120603 	-0.056504031 	0.014568028 	1.050951
0.00026130653 	-0.051995377 	0.026632867 	1.0515562
0.00028140704 	-0.051583388 	0.0263557 	1.0519093
0.00030150754 	-0.051583388 	0.0263557 	1.0519093
0.00032160804 	-0.051583388 	0.0263557 	1.0519093
0.00034170854 	-0.05308281 	0.018030629 	1.0517631
0.00036180905 	-0.05308281 	0.018030629 	1.0517631
0.00038190955 	-0.05308281 	0.018030629 	1.0517631
0.00040201005 	-0.050626184 	0.018128944 	1.0526951
0.00042211055 	-0.050626184 	0.018128944 	1.0526951
0.00044221106 	-0.050626184 	0.018128944 	1.0526951
0.00046231156 	-0.047866868 	0.017646255 	1.0538194
0.00048241206 	-0.047866868 	0.017646255 	1.0538194
0.00050251256 	-0.044908831 	0.016937608 	1.0549901
0.00052261307 	-0.044908831 	0.016937608 	1.0549901
0.00054271357 	-0.044908831 	0.016937608 	1.0549901
0.00056281407 	-0.041780275 	0.016269049 	1.0561471
0.00058291457 	-0.041780275 	0.016269049 	1.0561471
0.00060301508 	-0.041780275 	0.016269049 	1.0561471
0.00062311558 	-0.038453435 	0.015808489 	1.0573191
0.00064321608 	-0.038453435 	0.015808489 	1.0573191
0.00066331658 	-0.038453435 	0.015808489 	1.0573191
0.00068341709 	-0.034877123 	0.015634874 	1.0586061
0.00070351759 	-0.034877123 	0.015634874 	1.0586061
0.00072361809 	-0.031006088 	0.015768775 	1.0601435
0.00074371859 	-0.031006088 	0.015768775 	1.0601435
0.0007638191 	-0.033696409 	0.015229453 	1.0613159
0.0007839196 	-0.030210977 	0.014671966 	1.0634677
0.0008040201 	-0.030210977 	0.014671966 	1.0634677
0.0008241206 	-0.030210977 	0.014671966 	1.0634677
0.00084422111 	-0.026457095 	0.014560927 	1.0659593
0.00086432161 	-0.026457095 	0.014560927 	1.0659593
0.00088442211 	-0.026457095 	0.014560927 	1.0659593
0.00090452261 	-0.017855368 	0.018329525 	1.0664497
0.00092462312 	-0.017855368 	0.018329525 	1.0664497
0.00094472362 	-0.013487718 	0.020307171 	1.0683707
0.00096482412 	-0.013487718 	0.020307171 	1.0683707
0.00098492462 	-0.013487718 	0.020307171 	1.0683707
0.0010050251 	-0.0091964194 	0.023364372 	1.0695677
0.0010251256 	-0.0091964194 	0.023364372 	1.0695677
0.0010452261 	-0.0091964194 	0.023364372 	1.0695677
0.0010653266 	-0.0055285072 	0.027640348 	1.0694043
0.0010854271 	-0.0055285072 	0.027640348 	1.0694043
0.0011055276 	-0.0055285072 	0.027640348 	1.0694043
0.0011256281 	-0.0031266692 	0.032596464 	1.067711
0.0011457286 	-0.0031266692 	0.032596464 	1.067711
0.0011658291 	-0.0031266692 	0.032596464 	1.067711
0.0011859296 	-0.002088704 	0.037574481 	1.0647777
0.0012060302 	-0.002088704 	0.037574481 	1.0647777
0.0012261307 	-0.002088704 	0.037574481 	1.0647777
0.0012462312 	-0.0023620784 	0.041962333 	1.0611032
0.0012663317 	-0.0023620784 	0.041962333 	1.0611032
0.0012864322 	-0.0023620784 	0.041962333 	1.0611032
0.0013065327 	-0.0037549026 	0.045321565 	1.0571986
0.0013266332 	-0.0037549026 	0.045321565 	1.0571986
0.0013467337 	-0.0037549026 	0.045321565 	1.0571986
0.0013668342 	-0.0059185903 	0.04771319 	1.0532589
0.0013869347 	-0.0059185903 	0.04771319 	1.0532589
0.0014070352 	-0.0059185903 	0.04771319 	1.0532589
0.0014271357 	-0.0082241656 	0.049726777 	1.049016
0.0014472362 	-0.0082241656 	0.049726777 	1.049016
0.0014673367 	-0.0082241656 	0.049726777 	1.049016
0.0014874372 	-0.009834988 	0.052248737 	1.0439198
0.0015075377 	-0.009834988 	0.052248737 	1.0439198
0.0015276382 	-0.0099455295 	0.056007895 	1.0374878
0.0015477387 	-0.0099455295 	0.056007895 	1.0374878
0.0015678392 	-0.0099455295 	0.056007895 	1.0374878
0.0015879397 	-0.008271839 	0.061025059 	1.0293132
0.0016080402 	-0.008271839 	0.061025059 	1.0293132
0.0016281407 	-0.008271839 	0.061025059 	1.0293132
0.0016482412 	-0.0050413998 	0.066129224 	1.0188193
0.0016683417 	-0.0050413998 	0.066129224 	1.0188193
0.0016884422 	-0.00099870893 	0.069196793 	1.0053372
0.0017085427 	-0.00099870893 	0.069196793 	1.0053372
0.0017286432 	-0.00099870893 	0.069196793 	1.0053372
0.0017487437 	0.0026115854 	0.067789327 	0.98825397
0.0017688442 	0.0026115854 	0.067789327 	0.98825397
0.0017889447 	0.0026115854 	0.067789327 	0.98825397
0.0018090452 	0.0049157916 	0.060021683 	0.96659263
0.0018291457 	0.0049157916 	0.060021683 	0.96659263
0.0018492462 	0.0054909284 	0.045105038 	0.9385003
0.0018693467 	0.0054909284 	0.045105038 	0.9385003
0.0018894472 	0.0054909284 	0.045105038 	0.9385003
0.0019095477 	0.0039930029 	0.024900745 	0.90397976
0.0019296482 	0.0039930029 	0.024900745 	0.90397976
0.0019497487 	-0.0006099333 	0.0033175872 	0.87190982
0.0019698492 	-0.0006099333 	0.0033175872 	0.87190982
0.0019899497 	-0.0080497687 	-0.017825796 	0.85734729
0.0020100503 	-0.0080497687 	-0.017825796 	0.85734729
0.0020301508 	-0.0080497687 	-0.017825796 	0.85734729
0.0020502513 	-0.015196353 	-0.039861963 	0.86571212
0.0020703518 	-0.015196353 	-0.039861963 	0.86571212
0.0020904523 	-0.020341073 	-0.060695764 	0.88937587
0.0021105528 	-0.020341073 	-0.060695764 	0.88937587
0.0021306533 	-0.020341073 	-0.060695764 	0.88937587
0.0021507538 	-0.023410413 	-0.07708374 	0.91804793
0.0021708543 	-0.023410413 	-0.07708374 	0.91804793
0.0021909548 	-0.024413427 	-0.088472863 	0.94298919
0.0022110553 	-0.024413427 	-0.088472863 	0.94298919
0.0022311558 	-0.023536884 	-0.095788737 	0.95785817
0.0022512563 	-0.023536884 	-0.095788737 	0.95785817
0.0022713568 	-0.020777994 	-0.099702733 	0.96017616
0.0022914573 	-0.020777994 	-0.099702733 	0.96017616
0.0023115578 	-0.020777994 	-0.099702733 	0.96017616
0.0023316583 	-0.016275125 	-0.10071474 	0.95214438
0.0023517588 	-0.016275125 	-0.10071474 	0.95214438
0.0023718593 	-0.0099153021 	-0.099199348 	0.93872506
0.0023919598 	-0.0099153021 	-0.099199348 	0.93872506
0.0024120603 	-0.0018699803 	-0.095735643 	0.92420005
0.0024321608 	-0.0018699803 	-0.095735643 	0.92420005
0.0024522613 	0.0072054861 	-0.091209209 	0.91065953
0.0024723618 	0.0072054861 	-0.091209209 	0.91065953
0.0024924623 	0.016713357 	-0.086583465 	0.89819042
0.0025125628 	0.016713357 	-0.086583465 	0.89819042
0.0025326633 	0.02616439 	-0.082584349 	0.88646703
0.0025527638 	0.02616439 	-0.082584349 	0.88646703
0.0025728643 	0.035321304 	-0.079354511 	0.87593006
0.0025929648 	0.035321304 	-0.079354511 	0.87593006
0.0026130653 	0.043853056 	-0.07653103 	0.8676416
0.0026331658 	0.043853056 	-0.07653103 	0.8676416
0.0026532663 	0.05135437 	-0.073590536 	0.86204338
0.0026733668 	0.05135437 	-0.073590536 	0.86204338
0.0026934673 	0.057457452 	-0.070225184 	0.85815349
0.0027135678 	0.057457452 	-0.070225184 	0.85815349
0.0027336683 	0.061820355 	-0.066183105 	0.85405768
0.0027537688 	0.061820355 	-0.066183105 	0.85405768
0.0027738693 	0.064380109 	-0.061189609 	0.84806199
0.0027939698 	0.064380109 	-0.061189609 	0.84806199
0.0028140704 	0.065271248 	-0.054959329 	0.83933947
0.0028341709 	0.065271248 	-0.054959329 	0.83933947
0.0028542714 	0.064673946 	-0.047402966 	0.82790624
0.0028743719 	0.062818405 	-0.038777567 	0.81435062
0.0028944724 	0.062818405 	-0.038777567 	0.81435062
0.0029145729 	0.059976943 	-0.029580141 	0.79957576
0.0029346734 	0.059976943 	-0.029580141 	0.79957576
0.0029547739 	0.056395811 	-0.020379466 	0.78454534
0.0029748744 	0.056395811 	-0.020379466 	0.78454534
0.0029949749 	0.052261683 	-0.01166948 	0.7701416
0.0030150754 	0.047716076 	-0.0038252068 	0.75714048
0.0030351759 	0.047716076 	-0.0038252068 	0.75714048
0.0030552764 	0.042916388 	0.0028965604 	0.74619703
0.0030753769 	0.042916388 	0.0028965604 	0.74619703
0.0030954774 	0.038076611 	0.0083535673 	0.73784298
0.0031155779 	0.033425199 	0.012599815 	0.73242094
0.0031356784 	0.033425199 	0.012599815 	0.73242094
0.0031557789 	0.029204483 	0.015918504 	0.72997914
0.0031758794 	0.029204483 	0.015918504 	0.72997914
0.0031959799 	0.025509276 	0.018737647 	0.73025816
0.0032160804 	0.022331813 	0.021560761 	0.7327656
0.0032361809 	0.022331813 	0.021560761 	0.7327656
0.0032562814 	0.019660136 	0.024908807 	0.73688794
0.0032763819 	0.017469462 	0.029246627 	0.74193247
0.0032964824 	0.017469462 	0.029246627 	0.74193247
0.0033165829 	0.015843613 	0.0349266 	0.74710899
0.0033366834 	0.014944375 	0.042064876 	0.75144382
0.0033567839 	0.014944375 	0.042064876 	0.75144382
0.0033768844 	0.014949399 	0.050383166 	0.75373975
0.0033969849 	0.015915755 	0.059105654 	0.75268921
0.0034170854 	0.015915755 	0.059105654 	0.75268921
0.0034371859 	0.017668635 	0.067040868 	0.74716792
0.0034572864 	0.019850711 	0.072863951 	0.73667765
0.0034773869 	0.021991089 	0.075463904 	0.72165142
0.0034974874 	0.021991089 	0.075463904 	0.72165142
0.0035175879 	0.023640087 	0.074196673 	0.70344537
0.0035376884 	0.02447708 	0.068968083 	0.68395173
0.0035577889 	0.024343718 	0.060169727 	0.66503201
0.0035778894 	0.024343718 	0.060169727 	0.66503201
0.0035979899 	0.023234524 	0.048544806 	0.64801192
0.0036180905 	0.021263719 	0.035074601 	0.63331813
0.003638191 	0.018635721 	0.020938205 	0.62022449
0.0036582915 	0.018635721 	0.020938205 	0.62022449
0.003678392 	0.015632344 	0.0075159094 	0.60675236
0.0036984925 	0.012579652 	-0.0036833962 	0.58993862
0.003718593 	0.0097150312 	-0.011306967 	0.56665569
0.0037386935 	0.0072196175 	-0.014629233 	0.53476339
0.003758794 	0.0052059972 	-0.013955751 	0.4942441
0.0037788945 	0.0052059972 	-0.013955751 	0.4942441
0.003798995 	0.0036536531 	-0.01060903 	0.44722713
0.0038190955 	0.0024956385 	-0.0063684846 	0.39694481
0.003839196 	0.0016799069 	-0.0027361286 	0.34632665
0.0038592965 	0.0011624155 	-0.00051814171 	0.29712209
0.003879397 	0.00088473116 	0.00015650928 	0.2497993
0.0038994975 	0.00075697835 	-0.00040496688 	0.20392665
0.003919598 	0.00066426698 	-0.0016847607 	0.15866468
0.0039396985 	0.00051846728 	-0.0030424323 	0.11322875
0.003959799 	0.00029629922 	-0.0036566839 	0.067343847
0.0039798995 	5.7494719e-05 	-0.0023754811 	0.021728256
0.004 	5.7494719e-05 	-0.0023754811 	0.021728256
