0 	-0.020384829 	-0.018397043 	1.0952351
2.0100503e-05 	0.013171715 	-0.022545534 	1.0907253
4.0201005e-05 	0.013171715 	-0.022545534 	1.0907253
6.0301508e-05 	0.019271955 	-0.016854097 	1.0851313
8.040201e-05 	0.019271955 	-0.016854097 	1.0851313
0.00010050251 	0.019271955 	-0.016854097 	1.0851313
0.00012060302 	0.0199985 	-0.01510075 	1.0786555
0.00014070352 	0.0199985 	-0.01510075 	1.0786555
0.00016080402 	0.0199985 	-0.01510075 	1.0786555
0.00018090452 	0.020620238 	-0.012804504 	1.0716699
0.00020100503 	0.020620238 	-0.012804504 	1.0716699
0.00022110553 	0.020620238 	-0.012804504 	1.0716699
0.00024120603 	0.021698393 	-0.009400531 	1.0645335
0.00026130653 	0.021698393 	-0.009400531 	1.0645335
0.00028140704 	0.023281397 	-0.0051007217 	1.0574629
0.00030150754 	0.023281397 	-0.0051007217 	1.0574629
0.00032160804 	0.023281397 	-0.0051007217 	1.0574629
0.00034170854 	0.025245885 	-0.00027170196 	1.0505073
0.00036180905 	0.025245885 	-0.00027170196 	1.0505073
0.00038190955 	0.025245885 	-0.00027170196 	1.0505073
0.00040201005 	0.027374717 	0.004749517 	1.0436047
0.00042211055 	0.027374717 	0.004749517 	1.0436047
0.00044221106 	0.027374717 	0.004749517 	1.0436047
0.00046231156 	0.029414239 	0.0096931372 	1.0366727
0.00048241206 	0.029414239 	0.0096931372 	1.0366727
0.00050251256 	0.031120169 	0.014326264 	1.0296981
0.00052261307 	0.031120169 	0.014326264 	1.0296981
0.00054271357 	0.031120169 	0.014326264 	1.0296981
0.00056281407 	0.032274173 	0.018429687 	1.0228008
0.00058291457 	0.032274173 	0.018429687 	1.0228008
0.00060301508 	0.032274173 	0.018429687 	1.0228008
0.00062311558 	0.032693274 	0.021824861 	1.0162314
0.00064321608 	0.032693274 	0.021824861 	1.0162314
0.00066331658 	0.032693274 	0.021824861 	1.0162314
0.00068341709 	0.032236957 	0.024428515 	1.0102911
0.00070351759 	0.032236957 	0.024428515 	1.0102911
0.00072361809 	0.030827624 	0.026271279 	1.0052006
0.00074371859 	0.030827624 	0.026271279 	1.0052006
0.0007638191 	0.030827624 	0.026271279 	1.0052006
0.0007839196 	0.028478852 	0.027432796 	1.0009764
0.0008040201 	0.028478852 	0.027432796 	1.0009764
0.0008241206 	0.028478852 	0.027432796 	1.0009764
0.00084422111 	0.025318712 	0.02794855 	0.9973647
0.00086432161 	0.025318712 	0.02794855 	0.9973647
0.00088442211 	0.025318712 	0.02794855 	0.9973647
0.00090452261 	0.02156497 	0.027816661 	0.99392772
0.00092462312 	0.02156497 	0.027816661 	0.99392772
0.00094472362 	0.017506061 	0.027037362 	0.9903125
0.00096482412 	0.017506061 	0.027037362 	0.9903125
0.00098492462 	0.017506061 	0.027037362 	0.9903125
0.0010050251 	0.01302502 	0.022806926 	0.9892758
0.0010251256 	0.01302502 	0.022806926 	0.9892758
0.0010452261 	0.01302502 	0.022806926 	0.9892758
0.0010653266 	0.0084088679 	0.021143595 	0.98626691
0.0010854271 	0.0084088679 	0.021143595 	0.98626691
0.0011055276 	0.0084088679 	0.021143595 	0.98626691
0.0011256281 	0.0041863964 	0.020449636 	0.98466036
0.0011457286 	0.0041863964 	0.020449636 	0.98466036
0.0011658291 	0.0041863964 	0.020449636 	0.98466036
0.0011859296 	0.00079028873 	0.021173518 	0.98470765
0.0012060302 	0.00079028873 	0.021173518 	0.98470765
0.0012261307 	0.00079028873 	0.021173518 	0.98470765
0.0012462312 	-0.0013376287 	0.023466762 	0.98585509
0.0012663317 	-0.0013376287 	0.023466762 	0.98585509
0.0012864322 	-0.0013376287 	0.023466762 	0.98585509
0.0013065327 	-0.001884369 	0.027076615 	0.98708391
0.0013266332 	-0.001884369 	0.027076615 	0.98708391
0.0013467337 	-0.001884369 	0.027076615 	0.98708391
0.0013668342 	-0.00078251305 	0.031351331 	0.98742356
0.0013869347 	-0.00078251305 	0.031351331 	0.98742356
0.0014070352 	-0.00078251305 	0.031351331 	0.98742356
0.0014271357 	0.001780233 	0.035279361 	0.98617598
0.0014472362 	0.001780233 	0.035279361 	0.98617598
0.0014673367 	0.001780233 	0.035279361 	0.98617598
0.0014874372 	0.0052870082 	0.037699378 	0.98295556
0.0015075377 	0.0052870082 	0.037699378 	0.98295556
0.0015276382 	0.0089089208 	0.0377389 	0.97777366
0.0015477387 	0.0089089208 	0.0377389 	0.97777366
0.0015678392 	0.0089089208 	0.0377389 	0.97777366
0.0015879397 	0.011738392 	0.035344851 	0.97122699
0.0016080402 	0.011738392 	0.035344851 	0.97122699
0.0016281407 	0.011738392 	0.035344851 	0.97122699
0.0016482412 	0.013107173 	0.031433139 	0.96445394
0.0016683417 	0.013107173 	0.031433139 	0.96445394
0.0016884422 	0.012937676 	0.027394153 	0.95859018
0.0017085427 	0.012937676 	0.027394153 	0.95859018
0.0017286432 	0.012937676 	0.027394153 	0.95859018
0.0017487437 	0.011721579 	0.024395191 	0.95426752
0.0017688442 	0.011721579 	0.024395191 	0.95426752
0.0017889447 	0.011721579 	0.024395191 	0.95426752
0.0018090452 	0.010202311 	0.023008572 	0.9515046
0.0018291457 	0.010202311 	0.023008572 	0.9515046
0.0018492462 	0.0090713004 	0.023292895 	0.94986254
0.0018693467 	0.0090713004 	0.023292895 	0.94986254
0.0018894472 	0.0090713004 	0.023292895 	0.94986254
0.0019095477 	0.0088353794 	0.025066254 	0.94863817
0.0019296482 	0.0088353794 	0.025066254 	0.94863817
0.0019497487 	0.0097462833 	0.028179171 	0.94706981
0.0019698492 	0.0097462833 	0.028179171 	0.94706981
0.0019899497 	0.0097462833 	0.028179171 	0.94706981
0.0020100503 	0.011885006 	0.032642345 	0.94456173
0.0020301508 	0.011885006 	0.032642345 	0.94456173
0.0020502513 	0.015262294 	0.038433174 	0.94079841
0.0020703518 	0.015262294 	0.038433174 	0.94079841
0.0020904523 	0.019775391 	0.045240182 	0.93566407
0.0021105528 	0.019775391 	0.045240182 	0.93566407
0.0021306533 	0.019775391 	0.045240182 	0.93566407
0.0021507538 	0.025210619 	0.052373097 	0.92912211
0.0021708543 	0.025210619 	0.052373097 	0.92912211
0.0021909548 	0.031205863 	0.058902502 	0.92125149
0.0022110553 	0.031205863 	0.058902502 	0.92125149
0.0022311558 	0.037248136 	0.063870909 	0.91238529
0.0022512563 	0.037248136 	0.063870909 	0.91238529
0.0022713568 	0.042899853 	0.066579857 	0.9032092
0.0022914573 	0.042899853 	0.066579857 	0.9032092
0.0023115578 	0.042899853 	0.066579857 	0.9032092
0.0023316583 	0.047893308 	0.066733126 	0.89451725
0.0023517588 	0.047893308 	0.066733126 	0.89451725
0.0023718593 	0.052131295 	0.064461721 	0.88695497
0.0023919598 	0.052131295 	0.064461721 	0.88695497
0.0024120603 	0.055692109 	0.060182165 	0.88089445
0.0024321608 	0.055692109 	0.060182165 	0.88089445
0.0024522613 	0.058767305 	0.054421528 	0.87647749
0.0024723618 	0.058767305 	0.054421528 	0.87647749
0.0024924623 	0.061543553 	0.047690506 	0.8736588
0.0025125628 	0.061543553 	0.047690506 	0.8736588
0.0025326633 	0.064189101 	0.040395015 	0.87231803
0.0025527638 	0.064189101 	0.040395015 	0.87231803
0.0025728643 	0.066856495 	0.032850537 	0.87224385
0.0025929648 	0.066856495 	0.032850537 	0.87224385
0.0026130653 	0.06962978 	0.025265783 	0.87321707
0.0026331658 	0.06962978 	0.025265783 	0.87321707
0.0026532663 	0.072465818 	0.017775412 	0.8749628
0.0026733668 	0.072465818 	0.017775412 	0.8749628
0.0026934673 	0.075387558 	0.010460824 	0.87719202
0.0027135678 	0.075387558 	0.010460824 	0.87719202
0.0027336683 	0.07838798 	0.0033372374 	0.87964751
0.0027537688 	0.07838798 	0.0033372374 	0.87964751
0.0027738693 	0.081344741 	-0.0036113804 	0.88213224
0.0027939698 	0.081344741 	-0.0036113804 	0.88213224
0.0028140704 	0.084047199 	-0.010433218 	0.88450827
0.0028341709 	0.084047199 	-0.010433218 	0.88450827
0.0028542714 	0.086312975 	-0.017229781 	0.8867225
0.0028743719 	0.088032798 	-0.024095411 	0.88877124
0.0028944724 	0.088032798 	-0.024095411 	0.88877124
0.0029145729 	0.089027846 	-0.031082968 	0.89069055
0.0029346734 	0.089027846 	-0.031082968 	0.89069055
0.0029547739 	0.089080108 	-0.03811976 	0.89251331
0.0029748744 	0.089080108 	-0.03811976 	0.89251331
0.0029949749 	0.087907003 	-0.044942271 	0.8943346
0.0030150754 	0.085187373 	-0.051101229 	0.89638619
0.0030351759 	0.085187373 	-0.051101229 	0.89638619
0.0030552764 	0.080657312 	-0.056075113 	0.89899821
0.0030753769 	0.080657312 	-0.056075113 	0.89899821
0.0030954774 	0.074262182 	-0.059470944 	0.90237211
0.0031155779 	0.066290641 	-0.061222963 	0.90624709
0.0031356784 	0.066290641 	-0.061222963 	0.90624709
0.0031557789 	0.057386297 	-0.061664579 	0.90967714
0.0031758794 	0.057386297 	-0.061664579 	0.90967714
0.0031959799 	0.048397377 	-0.061378791 	0.91111237
0.0032160804 	0.040127032 	-0.060834663 	0.90882122
0.0032361809 	0.040127032 	-0.060834663 	0.90882122
0.0032562814 	0.033085247 	-0.059998459 	0.90149203
0.0032763819 	0.027357512 	-0.058260047 	0.88865864
0.0032964824 	0.027357512 	-0.058260047 	0.88865864
0.0033165829 	0.022697441 	-0.054908666 	0.87061761
0.0033366834 	0.01881508 	-0.050009801 	0.84784043
0.0033567839 	0.01881508 	-0.050009801 	0.84784043
0.0033768844 	0.015653712 	-0.04502507 	0.82034121
0.0033969849 	0.013453494 	-0.042501866 	0.78757237
0.0034170854 	0.013453494 	-0.042501866 	0.78757237
0.0034371859 	0.012566716 	-0.044704235 	0.74906173
0.0034572864 	0.013114105 	-0.051889971 	0.70554869
0.0034773869 	0.014725188 	-0.06154122 	0.65995355
0.0034974874 	0.014725188 	-0.06154122 	0.65995355
0.0035175879 	0.0166246 	-0.069438549 	0.61726863
0.0035376884 	0.017977824 	-0.071904572 	0.58287456
0.0035577889 	0.018253565 	-0.067429558 	0.56015224
0.0035778894 	0.018253565 	-0.067429558 	0.56015224
0.0035979899 	0.017382289 	-0.056708636 	0.54921989
0.0036180905 	0.015633482 	-0.041682918 	0.5475393
0.003638191 	0.013406391 	-0.024556638 	0.55137692
0.0036582915 	0.013406391 	-0.024556638 	0.55137692
0.003678392 	0.01107972 	-0.0072462091 	0.55693208
0.0036984925 	0.0089729931 	0.0087601313 	0.56090609
0.003718593 	0.0071954808 	0.022316806 	0.56068315
0.0037386935 	0.0057115248 	0.03255508 	0.55431305
0.003758794 	0.0044806828 	0.038911077 	0.5404339
0.0037788945 	0.0044806828 	0.038911077 	0.5404339
0.003798995 	0.0034032543 	0.041260302 	0.51793823
0.0038190955 	0.0024083459 	0.040016665 	0.48586238
0.003839196 	0.0014995341 	0.036077439 	0.44369935
0.0038592965 	0.00073650815 	0.030605082 	0.39201057
0.003879397 	0.00017857573 	0.024737362 	0.33283278
0.0038994975 	-0.000155114 	0.019318546 	0.26939336
0.003919598 	-0.00028835506 	0.01471361 	0.20517666
0.0039396985 	-0.00026867435 	0.010771905 	0.14289456
0.003959799 	-0.00015726313 	0.0069668152 	0.083839875
0.0039798995 	-2.5397374e-05 	0.0026535776 	0.027691821
0.004 	-2.5397374e-05 	0.0026535776 	0.027691821
