0 	-0.028931817 	0.034056958 	1.0152151
5.5555556e-05 	-0.011385031 	-0.028090786 	1.0345048
0.00011111111 	-0.0060983434 	-0.022651297 	1.0435364
0.00016666667 	-0.0041326868 	-0.017266135 	1.0510469
0.00022222222 	-0.0035230386 	-0.012842284 	1.0568432
0.00027777778 	-0.0033523153 	-0.0092446176 	1.061063
0.00033333333 	-0.0030465235 	-0.0060909278 	1.0638434
0.00038888889 	-0.002303458 	-0.0030971627 	1.0651635
0.00044444444 	-0.0010835058 	-0.00023474762 	1.064934
0.0005 	0.00041660502 	0.0022440149 	1.0631961
0.00055555556 	0.0018458773 	0.0039188569 	1.0602286
0.00061111111 	0.0028427204 	0.0044136151 	1.0564692
0.00066666667 	0.0031892763 	0.0035846636 	1.0523415
0.00072222222 	0.0028548367 	0.0015491265 	1.0481299
0.00077777778 	0.0019431908 	-0.0014054362 	1.0439429
0.00083333333 	0.0006278627 	-0.0049471023 	1.0397309
0.00088888889 	-0.00093552113 	-0.0087795149 	1.0353485
0.00094444444 	-0.0026087272 	-0.012687388 	1.0306016
0.001 	-0.0044349235 	-0.016776375 	1.0251216
0.0010617451 	-0.0063883015 	-0.020896111 	1.0188005
0.0011226367 	-0.0082926019 	-0.024621102 	1.0120482
0.0011826866 	-0.010237423 	-0.027843743 	1.005172
0.0012419064 	-0.012172274 	-0.030251594 	0.99853441
0.0013003077 	-0.01396972 	-0.031252578 	0.99239005
0.0013579017 	-0.015376186 	-0.030006003 	0.98675452
0.0014146996 	-0.016050338 	-0.025757689 	0.98127855
0.0014707124 	-0.015647933 	-0.018424367 	0.97536858
0.0015259509 	-0.013990278 	-0.0090113083 	0.96855952
0.001580426 	-0.011156042 	0.00083054716 	0.96090294
0.001634148 	-0.0075204023 	0.0095906747 	0.95303396
0.0016871274 	-0.0037255145 	0.016426974 	0.94576479
0.0017393745 	-0.00041056597 	0.021019542 	0.93977709
0.0017908994 	0.0019989901 	0.023216128 	0.93552547
0.0018417121 	0.0033257023 	0.023000518 	0.93311031
0.0018918224 	0.0036706507 	0.020568795 	0.93222947
0.0019412401 	0.0033221182 	0.016360909 	0.9322076
0.0019899746 	0.0025750988 	0.011025849 	0.93225323
0.0020380356 	0.0016932162 	0.0052843233 	0.93175591
0.0020854322 	0.00085476338 	-0.00026540855 	0.93047014
0.0021321736 	0.00023102013 	-0.0053106175 	0.92853196
0.002178269 	-7.4482496e-05 	-0.009779206 	0.9262772
0.0022237272 	-8.3932662e-05 	-0.013792468 	0.92403769
0.002268557 	0.00014709225 	-0.017480114 	0.92202909
0.0023127672 	0.00049575963 	-0.020882553 	0.92034696
0.0023563662 	0.00082019917 	-0.023958346 	0.91905331
0.0023993626 	0.0010029288 	-0.02665612 	0.91825428
0.0024417647 	0.00095952527 	-0.02897673 	0.91810854
0.0024835806 	0.0006331346 	-0.031016084 	0.91876631
0.0025248186 	-2.1985461e-05 	-0.032936605 	0.92028575
0.0025654865 	-0.0010462481 	-0.034905267 	0.92258875
0.0026055923 	-0.0024732026 	-0.037011634 	0.92547067
0.0026451437 	-0.0042918897 	-0.039186864 	0.9286511
0.0026841484 	-0.0064351686 	-0.041203189 	0.93181805
0.002722614 	-0.0087811037 	-0.042754348 	0.93462887
0.0027605478 	-0.011163363 	-0.043594072 	0.93669934
0.0027979573 	-0.013433867 	-0.043673265 	0.93761328
0.0028348498 	-0.01548552 	-0.043175989 	0.93697389
0.0028712322 	-0.017264142 	-0.042467951 	0.93447077
0.0029071118 	-0.018758456 	-0.04198499 	0.9299366
0.0029424953 	-0.019987329 	-0.042117126 	0.9233669
0.0029773898 	-0.020983889 	-0.043121205 	0.91492082
0.003011802 	-0.021778437 	-0.045077174 	0.90491586
0.0030457385 	-0.02241582 	-0.047880733 	0.89379617
0.0030792059 	-0.022944002 	-0.05126752 	0.88211095
0.0031122107 	-0.023408503 	-0.0548673 	0.87043816
0.0031447592 	-0.023855232 	-0.058273158 	0.85930275
0.0031768579 	-0.024313799 	-0.061091111 	0.84907747
0.0032085129 	-0.024772963 	-0.062969392 	0.83991492
0.0032397303 	-0.025190807 	-0.063598543 	0.83172723
0.0032705162 	-0.025489665 	-0.062712354 	0.82423871
0.0033008765 	-0.025548122 	-0.06012052 	0.81709975
0.0033308172 	-0.025246496 	-0.055757945 	0.81001169
0.0033603441 	-0.024496814 	-0.04971709 	0.80279852
0.0033894627 	-0.023259921 	-0.042235667 	0.79540351
0.0034181789 	-0.021556833 	-0.033643465 	0.78782516
0.0034464982 	-0.01946612 	-0.02429878 	0.78004599
0.003474426 	-0.017103804 	-0.014539555 	0.77198696
0.0035019678 	-0.014565106 	-0.0046594499 	0.76348732
0.0035291288 	-0.011957528 	0.005081361 	0.75431928
0.0035559144 	-0.0093957755 	0.014438929 	0.7442012
0.0035823298 	-0.0069436248 	0.023157246 	0.73281649
0.0036083801 	-0.0046356014 	0.030937373 	0.71986151
0.0036340702 	-0.0024974022 	0.037426257 	0.70509674
0.0036594053 	-0.00053991691 	0.042209499 	0.68843556
0.0036843901 	0.001219568 	0.044852386 	0.66999875
0.0037090296 	0.0027320173 	0.044979676 	0.65007926
0.0037333285 	0.003911867 	0.042378869 	0.62895057
0.0037572915 	0.0046487899 	0.037095368 	0.60651044
0.0037809233 	0.0048483018 	0.029488146 	0.58188403
0.0038042285 	0.0044815543 	0.020227825 	0.55321219
0.0038272115 	0.0036245732 	0.010242863 	0.51785816
0.0038498768 	0.0024671916 	0.00063466286 	0.4731294
0.0038722288 	0.0012821537 	-0.0074466405 	0.41736584
0.0038942718 	0.00032827602 	-0.012995103 	0.35085981
0.0039160102 	-0.00023209009 	-0.015364771 	0.27614792
0.003937448 	-0.00039058676 	-0.014424864 	0.19714348
0.0039585896 	-0.00027451529 	-0.01052489 	0.11753012
0.0039794389 	-5.6579391e-05 	-0.0042240529 	0.039195902
0.004 	-9.7213181e-05 	-0.0025797613 	0.031669801
