0 	-0.023139696 	-0.0058773245 	1.0550471
2.0100503e-05 	-0.0095012531 	0.026557514 	1.059832
4.0201005e-05 	-0.0095012531 	0.026557514 	1.059832
6.0301508e-05 	0.0021223054 	0.03117214 	1.0642356
8.040201e-05 	0.0021223054 	0.03117214 	1.0642356
0.00010050251 	0.0021223054 	0.03117214 	1.0642356
0.00012060302 	0.01861766 	0.027002873 	1.0673097
0.00014070352 	0.01861766 	0.027002873 	1.0673097
0.00016080402 	0.01861766 	0.027002873 	1.0673097
0.00018090452 	0.017432999 	0.029500544 	1.0702373
0.00020100503 	0.017432999 	0.029500544 	1.0702373
0.00022110553 	0.017432999 	0.029500544 	1.0702373
0.00024120603 	0.016812064 	0.030405506 	1.0719015
0.00026130653 	0.016812064 	0.030405506 	1.0719015
0.00028140704 	0.016386926 	0.030067969 	1.0722714
0.00030150754 	0.016386926 	0.030067969 	1.0722714
0.00032160804 	0.016386926 	0.030067969 	1.0722714
0.00034170854 	0.015838716 	0.02859989 	1.0712098
0.00036180905 	0.015838716 	0.02859989 	1.0712098
0.00038190955 	0.015838716 	0.02859989 	1.0712098
0.00040201005 	0.01490329 	0.026024933 	1.068376
0.00042211055 	0.01490329 	0.026024933 	1.068376
0.00044221106 	0.01490329 	0.026024933 	1.068376
0.00046231156 	0.01336097 	0.022354148 	1.063436
0.00048241206 	0.01336097 	0.022354148 	1.063436
0.00050251256 	0.011001888 	0.017657319 	1.0564941
0.00052261307 	0.011001888 	0.017657319 	1.0564941
0.00054271357 	0.011001888 	0.017657319 	1.0564941
0.00056281407 	0.0076316015 	0.012177038 	1.0483653
0.00058291457 	0.0076316015 	0.012177038 	1.0483653
0.00060301508 	0.0076316015 	0.012177038 	1.0483653
0.00062311558 	0.0031252489 	0.0065020704 	1.0403567
0.00064321608 	0.0031252489 	0.0065020704 	1.0403567
0.00066331658 	0.0031252489 	0.0065020704 	1.0403567
0.00068341709 	-0.0024284255 	0.0016350926 	1.033648
0.00070351759 	-0.0024284255 	0.0016350926 	1.033648
0.00072361809 	-0.0087480325 	-0.0012206857 	1.0286821
0.00074371859 	-0.0087480325 	-0.0012206857 	1.0286821
0.0007638191 	-0.0087480325 	-0.0012206857 	1.0286821
0.0007839196 	-0.015534941 	-0.001128347 	1.0248266
0.0008040201 	-0.017852559 	-0.0061525863 	1.0226298
0.0008241206 	-0.017852559 	-0.0061525863 	1.0226298
0.00084422111 	-0.025317567 	-0.0032293907 	1.0177415
0.00086432161 	-0.025317567 	-0.0032293907 	1.0177415
0.00088442211 	-0.025317567 	-0.0032293907 	1.0177415
0.00090452261 	-0.030035025 	0.0079789615 	1.0106933
0.00092462312 	-0.030035025 	0.0079789615 	1.0106933
0.00094472362 	-0.037957796 	0.015266565 	0.99450238
0.00096482412 	-0.042940165 	0.0094910971 	0.99089333
0.00098492462 	-0.042940165 	0.0094910971 	0.99089333
0.0010050251 	-0.053340468 	0.016205431 	0.96685154
0.0010251256 	-0.053340468 	0.016205431 	0.96685154
0.0010452261 	-0.053340468 	0.016205431 	0.96685154
0.0010653266 	-0.064183412 	0.018376687 	0.94100026
0.0010854271 	-0.064183412 	0.018376687 	0.94100026
0.0011055276 	-0.064183412 	0.018376687 	0.94100026
0.0011256281 	-0.073911605 	0.014431719 	0.91984567
0.0011457286 	-0.073911605 	0.014431719 	0.91984567
0.0011658291 	-0.073911605 	0.014431719 	0.91984567
0.0011859296 	-0.081894673 	0.0075462389 	0.90373019
0.0012060302 	-0.081894673 	0.0075462389 	0.90373019
0.0012261307 	-0.081894673 	0.0075462389 	0.90373019
0.0012462312 	-0.078631137 	0.004479254 	0.89808666
0.0012663317 	-0.078631137 	0.004479254 	0.89808666
0.0012864322 	-0.087816516 	0.0020452799 	0.8907761
0.0013065327 	-0.091583457 	0.00012402082 	0.87945471
0.0013266332 	-0.091583457 	0.00012402082 	0.87945471
0.0013467337 	-0.091583457 	0.00012402082 	0.87945471
0.0013668342 	-0.083056876 	0.000936288 	0.8769082
0.0013869347 	-0.093602684 	0.0013215229 	0.86904062
0.0014070352 	-0.093602684 	0.0013215229 	0.86904062
0.0014271357 	-0.094550176 	0.0036677108 	0.85983598
0.0014472362 	-0.094550176 	0.0036677108 	0.85983598
0.0014673367 	-0.094550176 	0.0036677108 	0.85983598
0.0014874372 	-0.094903748 	0.0052241078 	0.85311178
0.0015075377 	-0.094903748 	0.0052241078 	0.85311178
0.0015276382 	-0.094778345 	0.0051585178 	0.85011504
0.0015477387 	-0.094778345 	0.0051585178 	0.85011504
0.0015678392 	-0.094778345 	0.0051585178 	0.85011504
0.0015879397 	-0.094069362 	0.0040532027 	0.85079286
0.0016080402 	-0.094069362 	0.0040532027 	0.85079286
0.0016281407 	-0.094069362 	0.0040532027 	0.85079286
0.0016482412 	-0.092728339 	0.0031348674 	0.8536942
0.0016683417 	-0.092728339 	0.0031348674 	0.8536942
0.0016884422 	-0.090946238 	0.0030187479 	0.85716012
0.0017085427 	-0.090946238 	0.0030187479 	0.85716012
0.0017286432 	-0.090946238 	0.0030187479 	0.85716012
0.0017487437 	-0.08909564 	0.0032055444 	0.86030039
0.0017688442 	-0.08909564 	0.0032055444 	0.86030039
0.0017889447 	-0.08909564 	0.0032055444 	0.86030039
0.0018090452 	-0.087521024 	0.0027493425 	0.86300022
0.0018291457 	-0.087521024 	0.0027493425 	0.86300022
0.0018492462 	-0.086336142 	0.0011066898 	0.8654378
0.0018693467 	-0.086336142 	0.0011066898 	0.8654378
0.0018894472 	-0.086336142 	0.0011066898 	0.8654378
0.0019095477 	-0.08544932 	-0.0017170461 	0.86766626
0.0019296482 	-0.08544932 	-0.0017170461 	0.86766626
0.0019497487 	-0.084711568 	-0.0055322767 	0.86952269
0.0019698492 	-0.084711568 	-0.0055322767 	0.86952269
0.0019899497 	-0.084052882 	-0.010153574 	0.87082273
0.0020100503 	-0.084052882 	-0.010153574 	0.87082273
0.0020301508 	-0.084052882 	-0.010153574 	0.87082273
0.0020502513 	-0.083359012 	-0.015453601 	0.8715195
0.0020703518 	-0.083359012 	-0.015453601 	0.8715195
0.0020904523 	-0.064885536 	-0.019275917 	0.85720252
0.0021105528 	-0.082437965 	-0.021309867 	0.87175105
0.0021306533 	-0.082437965 	-0.021309867 	0.87175105
0.0021507538 	-0.081141266 	-0.027542848 	0.87178978
0.0021708543 	-0.081141266 	-0.027542848 	0.87178978
0.0021909548 	-0.079344953 	-0.03395875 	0.87193398
0.0022110553 	-0.079344953 	-0.03395875 	0.87193398
0.0022311558 	-0.076966762 	-0.040342569 	0.872434
0.0022512563 	-0.076966762 	-0.040342569 	0.872434
0.0022713568 	-0.073986048 	-0.046476457 	0.87344642
0.0022914573 	-0.073986048 	-0.046476457 	0.87344642
0.0023115578 	-0.073986048 	-0.046476457 	0.87344642
0.0023316583 	-0.07043599 	-0.052151033 	0.87501545
0.0023517588 	-0.07043599 	-0.052151033 	0.87501545
0.0023718593 	-0.066388347 	-0.057181169 	0.87707094
0.0023919598 	-0.066388347 	-0.057181169 	0.87707094
0.0024120603 	-0.061940385 	-0.061414379 	0.87943057
0.0024321608 	-0.061940385 	-0.061414379 	0.87943057
0.0024522613 	-0.057205936 	-0.064731682 	0.88179677
0.0024723618 	-0.057205936 	-0.064731682 	0.88179677
0.0024924623 	-0.052307542 	-0.067052502 	0.88376105
0.0025125628 	-0.052307542 	-0.067052502 	0.88376105
0.0025326633 	-0.04737133 	-0.068340141 	0.88481615
0.0025527638 	-0.04737133 	-0.068340141 	0.88481615
0.0025728643 	-0.042524255 	-0.068609271 	0.88438738
0.0025929648 	-0.042524255 	-0.068609271 	0.88438738
0.0026130653 	-0.037890298 	-0.067922644 	0.88188773
0.0026331658 	-0.037890298 	-0.067922644 	0.88188773
0.0026532663 	-0.033584977 	-0.066363319 	0.87679979
0.0026733668 	-0.033584977 	-0.066363319 	0.87679979
0.0026934673 	-0.029698125 	-0.063962434 	0.86876559
0.0027135678 	-0.029698125 	-0.063962434 	0.86876559
0.0027336683 	-0.026271547 	-0.060620928 	0.85764791
0.0027537688 	-0.026271547 	-0.060620928 	0.85764791
0.0027738693 	-0.023289858 	-0.056105902 	0.84352368
0.0027939698 	-0.023289858 	-0.056105902 	0.84352368
0.0028140704 	-0.020688467 	-0.050218899 	0.8266224
0.0028341709 	-0.020688467 	-0.050218899 	0.8266224
0.0028542714 	-0.018390899 	-0.043106559 	0.80731115
0.0028743719 	-0.01636558 	-0.035492105 	0.78621027
0.0028944724 	-0.01636558 	-0.035492105 	0.78621027
0.0029145729 	-0.014657951 	-0.028562937 	0.76431298
0.0029346734 	-0.014657951 	-0.028562937 	0.76431298
0.0029547739 	-0.013351678 	-0.023509799 	0.74285251
0.0029748744 	-0.013351678 	-0.023509799 	0.74285251
0.0029949749 	-0.012499782 	-0.02104589 	0.72290103
0.0030150754 	-0.012105667 	-0.021254944 	0.70502512
0.0030351759 	-0.012105667 	-0.021254944 	0.70502512
0.0030552764 	-0.012149533 	-0.023777964 	0.6892514
0.0030753769 	-0.012149533 	-0.023777964 	0.6892514
0.0030954774 	-0.012611483 	-0.028092919 	0.67527248
0.0031155779 	-0.013454323 	-0.03368295 	0.66266276
0.0031356784 	-0.013454323 	-0.03368295 	0.66266276
0.0031557789 	-0.014583309 	-0.040061356 	0.65095651
0.0031758794 	-0.014583309 	-0.040061356 	0.65095651
0.0031959799 	-0.015824798 	-0.046742252 	0.6396187
0.0032160804 	-0.016942493 	-0.053215793 	0.62802123
0.0032361809 	-0.016942493 	-0.053215793 	0.62802123
0.0032562814 	-0.017687798 	-0.058963343 	0.61549591
0.0032763819 	-0.017869964 	-0.063508079 	0.60147362
0.0032964824 	-0.017869964 	-0.063508079 	0.60147362
0.0033165829 	-0.01741287 	-0.066488395 	0.58564023
0.0033366834 	-0.016374907 	-0.067727242 	0.56803104
0.0033567839 	-0.016374907 	-0.067727242 	0.56803104
0.0033768844 	-0.014926631 	-0.067267654 	0.54900825
0.0033969849 	-0.013293798 	-0.065356017 	0.52912957
0.0034170854 	-0.013293798 	-0.065356017 	0.52912957
0.0034371859 	-0.011689764 	-0.062371642 	0.50897254
0.0034572864 	-0.010266298 	-0.058728074 	0.48901097
0.0034773869 	-0.0090973926 	-0.054792498 	0.46957483
0.0034974874 	-0.0090973926 	-0.054792498 	0.46957483
0.0035175879 	-0.0081901728 	-0.050849626 	0.45087125
0.0035376884 	-0.0075083532 	-0.047103239 	0.4330077
0.0035577889 	-0.0069929675 	-0.043688848 	0.41598715
0.0035778894 	-0.0069929675 	-0.043688848 	0.41598715
0.0035979899 	-0.0065754486 	-0.040677158 	0.39969046
0.0036180905 	-0.0061871491 	-0.038070286 	0.38387812
0.003638191 	-0.0057691163 	-0.035806196 	0.36822506
0.0036582915 	-0.0057691163 	-0.035806196 	0.36822506
0.003678392 	-0.005281378 	-0.033779585 	0.35237393
0.0036984925 	-0.0047090963 	-0.031873584 	0.33598367
0.003718593 	-0.004062898 	-0.029988827 	0.31875927
0.0037386935 	-0.0033736462 	-0.028060884 	0.300463
0.003758794 	-0.0026833298 	-0.026064235 	0.28091388
0.0037788945 	-0.0026833298 	-0.026064235 	0.28091388
0.003798995 	-0.0020350117 	-0.024006135 	0.25998335
0.0038190955 	-0.0014642181 	-0.021915112 	0.23759123
0.003839196 	-0.00099356727 	-0.019828139 	0.21370372
0.0038592965 	-0.00063099795 	-0.017777811 	0.18833417
0.003879397 	-0.0003712565 	-0.015778279 	0.16154768
0.0038994975 	-0.00019927738 	-0.013805558 	0.13347165
0.003919598 	-9.474403e-05 	-0.011766322 	0.10431413
0.0039396985 	-3.6937459e-05 	-0.0094576716 	0.074391108
0.003959799 	-8.9407893e-06 	-0.0065399143 	0.044166308
0.0039798995 	7.0536056e-07 	-0.0025946675 	0.014317821
0.004 	7.0536056e-07 	-0.0025946675 	0.014317821
