0 	-0.035357035 	0.0084084486 	0.99663851
5.5555556e-05 	0.010535964 	-0.035922813 	1.0003875
0.00011111111 	0.016988977 	-0.033142767 	1.0025583
0.00016666667 	0.021337651 	-0.030243894 	1.0049614
0.00022222222 	0.025107954 	-0.02734739 	1.0077167
0.00027777778 	0.028604033 	-0.024758977 	1.0111038
0.00033333333 	0.031849575 	-0.022785865 	1.0154397
0.00038888889 	0.034804016 	-0.021550339 	1.0208439
0.00044444444 	0.037445294 	-0.020886654 	1.0271464
0.0005 	0.039807935 	-0.020404395 	1.0339842
0.00055555556 	0.041968892 	-0.019666099 	1.0409202
0.00061111111 	0.043989167 	-0.018368159 	1.0475151
0.00066666667 	0.045850363 	-0.016451075 	1.0534017
0.00072222222 	0.047445613 	-0.014077413 	1.058327
0.00077777778 	0.04865348 	-0.011571883 	1.0621259
0.00083333333 	0.049360279 	-0.0092807856 	1.0646567
0.00088888889 	0.049594349 	-0.0075076486 	1.0658037
0.00094444444 	0.049397835 	-0.0064231809 	1.0654462
0.001 	0.048879723 	-0.0062038593 	1.0635874
0.0010617451 	0.048123073 	-0.007125646 	1.0602021
0.0011226367 	0.047140492 	-0.0090772172 	1.0557342
0.0011826866 	0.045968223 	-0.011974954 	1.0505329
0.0012419064 	0.044762174 	-0.015499302 	1.0449615
0.0013003077 	0.043765655 	-0.019139221 	1.0392744
0.0013579017 	0.043287424 	-0.022130685 	1.0334337
0.0014146996 	0.043559479 	-0.023473952 	1.0270257
0.0014707124 	0.044605496 	-0.022238418 	1.0194917
0.0015259509 	0.046272736 	-0.018047597 	1.0104518
0.001580426 	0.048265817 	-0.01134786 	0.99983762
0.001634148 	0.050132382 	-0.003312616 	0.98792445
0.0016871274 	0.051319165 	0.0045117958 	0.97531403
0.0017393745 	0.051446164 	0.010843231 	0.96285473
0.0017908994 	0.050579411 	0.015089396 	0.95140036
0.0018417121 	0.049195833 	0.017395165 	0.9415408
0.0018918224 	0.047928909 	0.018331042 	0.93349203
0.0019412401 	0.047319827 	0.018524515 	0.92714601
0.0019899746 	0.047689844 	0.01843816 	0.92221555
0.0020380356 	0.049140874 	0.018342552 	0.91835431
0.0020854322 	0.051620934 	0.018363719 	0.91522378
0.0021321736 	0.054987076 	0.018553204 	0.91253888
0.002178269 	0.059056184 	0.018921122 	0.91006491
0.0022237272 	0.063623454 	0.019442455 	0.90763975
0.002268557 	0.068468293 	0.020072931 	0.90516639
0.0023127672 	0.073389345 	0.020747172 	0.90260791
0.0023563662 	0.078213719 	0.021394376 	0.89995994
0.0023993626 	0.082776896 	0.021950838 	0.89725115
0.0024417647 	0.086940798 	0.022379684 	0.89452225
0.0024835806 	0.090587281 	0.022647382 	0.89184795
0.0025248186 	0.093626719 	0.022718373 	0.88931492
0.0025654865 	0.096002247 	0.022522713 	0.88699797
0.0026055923 	0.09767221 	0.021960586 	0.8849201
0.0026451437 	0.098643432 	0.020936449 	0.88298347
0.0026841484 	0.099003721 	0.019394303 	0.88098444
0.002722614 	0.098878304 	0.017332653 	0.87869463
0.0027605478 	0.098373767 	0.014783419 	0.87597889
0.0027979573 	0.097518739 	0.011768849 	0.872886
0.0028348498 	0.096332157 	0.0082700193 	0.86964457
0.0028712322 	0.094808755 	0.0042144454 	0.86654489
0.0029071118 	0.092882877 	-0.00050087968 	0.8638403
0.0029424953 	0.090495642 	-0.0059739596 	0.86172274
0.0029773898 	0.087584068 	-0.012241373 	0.86033245
0.003011802 	0.084111182 	-0.019258293 	0.85979061
0.0030457385 	0.080091534 	-0.026868422 	0.86019351
0.0030792059 	0.075608343 	-0.034803934 	0.86156238
0.0031122107 	0.070817572 	-0.042699228 	0.86379206
0.0031447592 	0.065927802 	-0.05012373 	0.86661886
0.0031768579 	0.061158275 	-0.05664153 	0.86963595
0.0032085129 	0.056692463 	-0.061906925 	0.87236824
0.0032397303 	0.052643873 	-0.065767629 	0.87438279
0.0032705162 	0.049038137 	-0.068303729 	0.87537217
0.0033008765 	0.045810912 	-0.069743906 	0.87515556
0.0033308172 	0.042821586 	-0.070282671 	0.87359911
0.0033603441 	0.039881923 	-0.069932593 	0.87050082
0.0033894627 	0.036803014 	-0.068578846 	0.8654938
0.0034181789 	0.0334651 	-0.066268108 	0.85802194
0.0034464982 	0.029905976 	-0.06349557 	0.8474456
0.003474426 	0.026384936 	-0.06110624 	0.83326441
0.0035019678 	0.02332769 	-0.059722878 	0.81537881
0.0035291288 	0.021111903 	-0.059189414 	0.7943005
0.0035559144 	0.019833014 	-0.058608566 	0.77121365
0.0035823298 	0.019254144 	-0.05688292 	0.747771
0.0036083801 	0.018950309 	-0.053186029 	0.72558581
0.0036340702 	0.018492578 	-0.047161471 	0.70552595
0.0036594053 	0.017578483 	-0.039002236 	0.68713113
0.0036843901 	0.016111334 	-0.029440354 	0.66858841
0.0037090296 	0.014208077 	-0.019644566 	0.64745855
0.0037333285 	0.012107543 	-0.011088059 	0.62185225
0.0037572915 	0.010022109 	-0.0052961206 	0.59130731
0.0037809233 	0.00805511 	-0.0033269976 	0.55664042
0.0038042285 	0.0062368629 	-0.0051893152 	0.51886486
0.0038272115 	0.0045876771 	-0.0096683969 	0.4781013
0.0038498768 	0.0031468476 	-0.014780633 	0.43328461
0.0038722288 	0.0019681752 	-0.01858207 	0.38273794
0.0038942718 	0.0010892801 	-0.019853245 	0.32512453
0.0039160102 	0.00050543861 	-0.0183534 	0.26022139
0.003937448 	0.00016987078 	-0.014621873 	0.18916045
0.0039585896 	1.447783e-05 	-0.009494611 	0.11411113
0.0039794389 	-1.2053183e-05 	-0.0035348898 	0.037712477
0.004 	2.1197291e-05 	-0.0034151425 	0.031344162
