0 	-0.026341914 	0.032935249 	1.0279506
5.5555556e-05 	0.046990697 	0.016569965 	1.0320578
0.00011111111 	0.050662662 	0.015319587 	1.0334379
0.00016666667 	0.052599308 	0.017779363 	1.0342155
0.00022222222 	0.053369579 	0.021928653 	1.0343882
0.00027777778 	0.05315152 	0.026964212 	1.0340502
0.00033333333 	0.052111863 	0.032301445 	1.0333638
0.00038888889 	0.050419124 	0.037338386 	1.0325063
0.00044444444 	0.048237546 	0.041467964 	1.0316124
0.0005 	0.045736799 	0.044214439 	1.0307375
0.00055555556 	0.043068733 	0.045389674 	1.02989
0.00061111111 	0.040309816 	0.045130322 	1.0291687
0.00066666667 	0.037435779 	0.043783165 	1.0288964
0.00072222222 	0.034418707 	0.041674856 	1.0295381
0.00077777778 	0.031478135 	0.038939454 	1.0313594
0.00083333333 	0.029127879 	0.035483325 	1.0340815
0.00088888889 	0.028266957 	0.031195351 	1.0367557
0.00094444444 	0.029285581 	0.025968759 	1.0381533
0.001 	0.032836292 	0.019789468 	1.0370974
0.0010617224 	0.038367225 	0.013333203 	1.0329586
0.0011225923 	0.04408746 	0.0077413741 	1.0266637
0.0011826215 	0.048473761 	0.0037283933 	1.0198447
0.0012418217 	0.050392538 	0.0013475282 	1.0140745
0.0013002041 	0.049230773 	0.00041048372 	1.0102449
0.0013577803 	0.044901209 	0.00074760884 	1.0081062
0.0014145612 	0.037753069 	0.0022566744 	1.0066015
0.0014705579 	0.028506133 	0.0048236667 	1.0045771
0.0015257812 	0.018141074 	0.0081879153 	1.0013272
0.0015802418 	0.0077316471 	0.011942709 	0.99696752
0.0016339502 	-0.0017539114 	0.015529296 	0.99240463
0.0016869168 	-0.0095828043 	0.018591994 	0.98873772
0.0017391518 	-0.015412342 	0.021187061 	0.98660208
0.0017906654 	-0.019299503 	0.023673509 	0.98600261
0.0018414676 	-0.021489304 	0.026366678 	0.98652731
0.0018915681 	-0.022262965 	0.029304102 	0.9875928
0.0019409766 	-0.02191713 	0.032284195 	0.98856836
0.0019897027 	-0.020747628 	0.035036119 	0.98891848
0.0020377558 	-0.019058695 	0.037379065 	0.98828809
0.0020851453 	-0.017191656 	0.039308223 	0.98655306
0.0021318802 	-0.015511777 	0.041007732 	0.98382268
0.0021779697 	-0.014387968 	0.042810882 	0.98035743
0.0022234225 	-0.014166507 	0.045132021 	0.97641823
0.0022682477 	-0.015138336 	0.048376496 	0.97209366
0.0023124537 	-0.017499994 	0.052813396 	0.96715989
0.0023560491 	-0.021275029 	0.058404888 	0.96112012
0.0023990425 	-0.026232412 	0.064637971 	0.95346381
0.002441442 	-0.031859041 	0.070491393 	0.94403081
0.002483256 	-0.037434443 	0.07464522 	0.93319091
0.0025244924 	-0.042212295 	0.075903502 	0.92166313
0.0025651593 	-0.045617802 	0.073565756 	0.91016933
0.0026052645 	-0.047342036 	0.067603723 	0.89916874
0.0026448158 	-0.047339065 	0.058494416 	0.88882961
0.0026838209 	-0.045724344 	0.047133305 	0.87913136
0.0027222872 	-0.042729604 	0.034521498 	0.86997813
0.0027602223 	-0.038650845 	0.021640708 	0.86127465
0.0027976334 	-0.03378737 	0.0094093082 	0.8530016
0.0028345278 	-0.028461286 	-0.001410784 	0.84520852
0.0028709126 	-0.022979389 	-0.010240089 	0.83800166
0.002906795 	-0.017615565 	-0.01668812 	0.83147915
0.0029421817 	-0.012673899 	-0.020626806 	0.82562917
0.0029770797 	-0.0084535919 	-0.022228943 	0.8202949
0.0030114957 	-0.0051758698 	-0.021961077 	0.81516964
0.0030454363 	-0.0030045568 	-0.020504023 	0.80984341
0.0030789082 	-0.0019964093 	-0.018590974 	0.80393304
0.0031119178 	-0.0020749367 	-0.016825542 	0.79722961
0.0031444715 	-0.0030348521 	-0.015501826 	0.78983057
0.0031765755 	-0.0045701368 	-0.014510825 	0.78220049
0.0032082362 	-0.0063277541 	-0.013371026 	0.77513258
0.0032394596 	-0.0079823823 	-0.011374867 	0.76956292
0.0032702517 	-0.0093128104 	-0.0078288056 	0.76623287
0.0033006186 	-0.010218363 	-0.0023001867 	0.76530675
0.003330566 	-0.010724275 	0.0052234345 	0.76612968
0.0033600998 	-0.010972309 	0.014313942 	0.76729984
0.0033892257 	-0.011112816 	0.024243614 	0.76704297
0.0034179494 	-0.011239388 	0.034242512 	0.76369755
0.0034462763 	-0.011409502 	0.043713973 	0.75610046
0.003474212 	-0.011635261 	0.052346837 	0.74376902
0.0035017619 	-0.011885798 	0.060069836 	0.72684622
0.0035289312 	-0.012103417 	0.066900633 	0.70587823
0.0035557253 	-0.012210769 	0.072786739 	0.68156594
0.0035821494 	-0.012123945 	0.077518142 	0.65461446
0.0036082084 	-0.011776491 	0.080751738 	0.62571781
0.0036339076 	-0.011145389 	0.082125617 	0.59560849
0.0036592518 	-0.010266065 	0.081400082 	0.56505567
0.003684246 	-0.0092261228 	0.078554674 	0.53474673
0.003708895 	-0.008138337 	0.073799511 	0.50509369
0.0037332035 	-0.0071055721 	0.067509072 	0.47607603
0.0037571763 	-0.0061930756 	0.060127035 	0.44720977
0.003780818 	-0.0054173342 	0.052089665 	0.41765482
0.0038041332 	-0.0047518242 	0.043793303 	0.38641139
0.0038271264 	-0.0041442576 	0.035597281 	0.35254063
0.0038498019 	-0.0035389845 	0.027835948 	0.31535373
0.0038721643 	-0.0028978306 	0.020815913 	0.27452756
0.0038942179 	-0.0022135495 	0.014789342 	0.23012456
0.0039159668 	-0.0015142161 	0.0099104432 	0.18252555
0.0039374154 	-0.00086032998 	0.0061879474 	0.13231599
0.0039585677 	-0.00033652348 	0.0034381926 	0.080186529
0.0039794279 	-3.5959155e-05 	0.0012258875 	0.026906755
0.004 	-3.5959155e-05 	0.0012258875 	0.026906755
