0 	-0.011744953 	0.025308325 	1.0635341
5.5555556e-05 	0.022307847 	-0.0015136518 	1.0649311
0.00011111111 	0.019514999 	-0.0045069651 	1.0659012
0.00016666667 	0.01761303 	-0.0061006621 	1.0669763
0.00022222222 	0.016776407 	-0.0076819674 	1.0680395
0.00027777778 	0.016867704 	-0.0096568325 	1.0688056
0.00033333333 	0.01760803 	-0.012171357 	1.068656
0.00038888889 	0.018683445 	-0.0154219 	1.0666613
0.00044444444 	0.019752681 	-0.019646502 	1.0619183
0.0005 	0.020417952 	-0.024815216 	1.0540963
0.00055555556 	0.020264079 	-0.030313207 	1.0437302
0.00061111111 	0.019063992 	-0.035280013 	1.0320131
0.00066666667 	0.016914416 	-0.03932506 	1.0202869
0.00072222222 	0.014163902 	-0.04284106 	1.009604
0.00077777778 	0.011251486 	-0.04670376 	1.0004917
0.00083333333 	0.0085354257 	-0.051712344 	0.99289189
0.00088888889 	0.0062403868 	-0.058235043 	0.98621609
0.00094444444 	0.0044435888 	-0.066065086 	0.97958812
0.001 	0.0030646675 	-0.075214964 	0.97177704
0.0010617451 	0.0020386396 	-0.08441276 	0.96224504
0.0011226367 	0.001040636 	-0.091954309 	0.95164294
0.0011826866 	-0.00033007345 	-0.097317496 	0.94062157
0.0012419064 	-0.0022836824 	-0.10086022 	0.93006414
0.0013003077 	-0.0049052708 	-0.10377749 	0.92071339
0.0013579017 	-0.0080192987 	-0.10696424 	0.91271951
0.0014146996 	-0.011098104 	-0.10929207 	0.90600345
0.0014707124 	-0.013597392 	-0.10751445 	0.90196096
0.0015259509 	-0.015760619 	-0.09956363 	0.90385389
0.001580426 	-0.0179267 	-0.085183372 	0.9125624
0.001634148 	-0.01869168 	-0.064357921 	0.92514326
0.0016871274 	-0.016777562 	-0.038844943 	0.93865506
0.0017393745 	-0.013014392 	-0.012811663 	0.9520673
0.0017908994 	-0.0088740728 	0.0099717897 	0.96469538
0.0018417121 	-0.0051852145 	0.027920733 	0.97563748
0.0018918224 	-0.0020344756 	0.041407331 	0.98427614
0.0019412401 	0.0010435074 	0.051932519 	0.99012259
0.0019899746 	0.0046664942 	0.061113124 	0.99255061
0.0020380356 	0.0093299983 	0.070051589 	0.99092866
0.0020854322 	0.015251367 	0.079194736 	0.98499798
0.0021321736 	0.022339033 	0.088402999 	0.97500469
0.002178269 	0.030292788 	0.097109536 	0.96151442
0.0022237272 	0.038680565 	0.10446617 	0.94511548
0.002268557 	0.047010754 	0.10954744 	0.92627718
0.0023127672 	0.054795412 	0.11163572 	0.90552454
0.0023563662 	0.061671336 	0.11055978 	0.88354941
0.0023993626 	0.067540569 	0.10692843 	0.86111844
0.0024417647 	0.072495311 	0.10207148 	0.8392501
0.0024835806 	0.07652277 	0.097622435 	0.81953432
0.0025248186 	0.079458613 	0.094943883 	0.80378542
0.0025654865 	0.081246035 	0.094736945 	0.79320901
0.0026055923 	0.082089639 	0.096785527 	0.78783656
0.0026451437 	0.082341087 	0.099933025 	0.78666525
0.0026841484 	0.082261677 	0.1025285 	0.78829094
0.002722614 	0.081891732 	0.10318004 	0.79154657
0.0027605478 	0.081153353 	0.1012546 	0.79571608
0.0027979573 	0.079997304 	0.096809766 	0.80034854
0.0028348498 	0.078428655 	0.090238151 	0.80501689
0.0028712322 	0.076488877 	0.081933222 	0.80923233
0.0029071118 	0.07419686 	0.072140065 	0.81251872
0.0029424953 	0.071502967 	0.060968732 	0.81451743
0.0029773898 	0.06826342 	0.048508006 	0.81507859
0.003011802 	0.06435572 	0.034948302 	0.81433692
0.0030457385 	0.059655091 	0.020617848 	0.81274969
0.0030792059 	0.054173224 	0.0060358477 	0.81117091
0.0031122107 	0.048035262 	-0.0080614346 	0.81079929
0.0031447592 	0.04137331 	-0.020774599 	0.81302281
0.0031768579 	0.034329332 	-0.031035263 	0.81894411
0.0032085129 	0.02723696 	-0.037848986 	0.82871056
0.0032397303 	0.020568028 	-0.04061319 	0.84105905
0.0032705162 	0.01482801 	-0.039365277 	0.8533969
0.0033008765 	0.010387015 	-0.034852522 	0.86247231
0.0033308172 	0.007334685 	-0.028407803 	0.86543784
0.0033603441 	0.0054326016 	-0.021644763 	0.86089688
0.0033894627 	0.004204655 	-0.016016858 	0.84940578
0.0034181789 	0.0031358498 	-0.012431864 	0.83305459
0.0034464982 	0.001868183 	-0.011126366 	0.81435992
0.003474426 	0.00027574936 	-0.011846504 	0.79523186
0.0035019678 	-0.0015688462 	-0.014140197 	0.77657363
0.0035291288 	-0.0034979912 	-0.017572101 	0.7584636
0.0035559144 	-0.0053510269 	-0.021804073 	0.74055454
0.0035823298 	-0.0070094022 	-0.02659263 	0.72236045
0.0036083801 	-0.0083966893 	-0.031754262 	0.70336086
0.0036340702 	-0.0094636301 	-0.037117958 	0.68298449
0.0036594053 	-0.010173487 	-0.042473403 	0.66055721
0.0036843901 	-0.010497274 	-0.047533462 	0.63528607
0.0037090296 	-0.010422478 	-0.051926391 	0.60632612
0.0037333285 	-0.0099640723 	-0.055243103 	0.57294154
0.0037572915 	-0.0091712793 	-0.057098249 	0.53471727
0.0037809233 	-0.0081282501 	-0.057205323 	0.49173943
0.0038042285 	-0.0069416091 	-0.055440123 	0.44464577
0.0038272115 	-0.0057189392 	-0.051878782 	0.39449052
0.0038498768 	-0.0045463387 	-0.046796333 	0.34246196
0.0038722288 	-0.0034748802 	-0.040613991 	0.2895822
0.0038942718 	-0.002521725 	-0.033793624 	0.23652906
0.0039160102 	-0.0016849 	-0.026709179 	0.18363323
0.003937448 	-0.00096712335 	-0.01953895 	0.13098907
0.0039585896 	-0.00040110815 	-0.012211172 	0.078567685
0.0039794389 	-5.2729533e-05 	-0.004405876 	0.026276781
0.004 	-5.2729533e-05 	-0.004405876 	0.026276781
