0 	0.0094651914 	0.038337321 	1.0310056
2.0100503e-05 	0.037868368 	-0.0094997788 	1.0336136
4.0201005e-05 	0.037868368 	-0.0094997788 	1.0336136
6.0301508e-05 	0.028641145 	-0.025066646 	1.0367874
8.040201e-05 	0.028641145 	-0.025066646 	1.0367874
0.00010050251 	0.028641145 	-0.025066646 	1.0367874
0.00012060302 	0.024086566 	-0.027867201 	1.0404282
0.00014070352 	0.024086566 	-0.027867201 	1.0404282
0.00016080402 	0.024086566 	-0.027867201 	1.0404282
0.00018090452 	0.021257733 	-0.02860442 	1.044328
0.00020100503 	0.021257733 	-0.02860442 	1.044328
0.00022110553 	0.021257733 	-0.02860442 	1.044328
0.00024120603 	0.019294841 	-0.028830241 	1.0482135
0.00026130653 	0.019294841 	-0.028830241 	1.0482135
0.00028140704 	0.018013412 	-0.028995205 	1.0517833
0.00030150754 	0.018013412 	-0.028995205 	1.0517833
0.00032160804 	0.018013412 	-0.028995205 	1.0517833
0.00034170854 	0.017361964 	-0.029287482 	1.0547498
0.00036180905 	0.017361964 	-0.029287482 	1.0547498
0.00038190955 	0.017361964 	-0.029287482 	1.0547498
0.00040201005 	0.01725621 	-0.029782483 	1.0569147
0.00042211055 	0.01725621 	-0.029782483 	1.0569147
0.00044221106 	0.01725621 	-0.029782483 	1.0569147
0.00046231156 	0.017535845 	-0.030457201 	1.0582653
0.00048241206 	0.017535845 	-0.030457201 	1.0582653
0.00050251256 	0.018002701 	-0.031194679 	1.0590049
0.00052261307 	0.018002701 	-0.031194679 	1.0590049
0.00054271357 	0.018002701 	-0.031194679 	1.0590049
0.00056281407 	0.018490149 	-0.031827407 	1.0594554
0.00058291457 	0.018490149 	-0.031827407 	1.0594554
0.00060301508 	0.018490149 	-0.031827407 	1.0594554
0.00062311558 	0.018891253 	-0.032201084 	1.0598811
0.00064321608 	0.018891253 	-0.032201084 	1.0598811
0.00066331658 	0.018891253 	-0.032201084 	1.0598811
0.00068341709 	0.019130319 	-0.03223429 	1.0603673
0.00070351759 	0.019130319 	-0.03223429 	1.0603673
0.00072361809 	0.019119106 	-0.031960286 	1.0608255
0.00074371859 	0.019119106 	-0.031960286 	1.0608255
0.0007638191 	0.019119106 	-0.031960286 	1.0608255
0.0007839196 	0.018754518 	-0.031539621 	1.0610796
0.0008040201 	0.018754518 	-0.031539621 	1.0610796
0.0008241206 	0.018754518 	-0.031539621 	1.0610796
0.00084422111 	0.017920706 	-0.031233396 	1.0609228
0.00086432161 	0.011069022 	-0.028695516 	1.0613005
0.00088442211 	0.011069022 	-0.028695516 	1.0613005
0.00090452261 	0.016528042 	-0.031301408 	1.0601066
0.00092462312 	0.016528042 	-0.031301408 	1.0601066
0.00094472362 	0.014514007 	-0.031968213 	1.0583272
0.00096482412 	0.014514007 	-0.031968213 	1.0583272
0.00098492462 	0.0077648503 	-0.028764897 	1.0567471
0.0010050251 	0.0048548511 	-0.029697727 	1.0530148
0.0010251256 	0.011772975 	-0.033193577 	1.0553271
0.0010452261 	0.011772975 	-0.033193577 	1.0553271
0.0010653266 	0.0081160834 	-0.03469024 	1.0518374
0.0010854271 	0.0081160834 	-0.03469024 	1.0518374
0.0011055276 	0.0081160834 	-0.03469024 	1.0518374
0.0011256281 	0.0035293277 	-0.035882465 	1.0514141
0.0011457286 	0.0035293277 	-0.035882465 	1.0514141
0.0011658291 	0.0035293277 	-0.035882465 	1.0514141
0.0011859296 	-0.0085991028 	-0.033196468 	1.0609267
0.0012060302 	-0.0017618729 	-0.037393573 	1.0588692
0.0012261307 	-0.0017618729 	-0.037393573 	1.0588692
0.0012462312 	-0.0072240985 	-0.040974608 	1.0761497
0.0012663317 	-0.0072240985 	-0.040974608 	1.0761497
0.0012864322 	-0.0072240985 	-0.040974608 	1.0761497
0.0013065327 	-0.01208066 	-0.04792366 	1.0971992
0.0013266332 	-0.01208066 	-0.04792366 	1.0971992
0.0013467337 	-0.01208066 	-0.04792366 	1.0971992
0.0013668342 	-0.015557302 	-0.057592804 	1.1077298
0.0013869347 	-0.015557302 	-0.057592804 	1.1077298
0.0014070352 	-0.015557302 	-0.057592804 	1.1077298
0.0014271357 	-0.016614597 	-0.067770837 	1.0921823
0.0014472362 	-0.016614597 	-0.067770837 	1.0921823
0.0014673367 	-0.016614597 	-0.067770837 	1.0921823
0.0014874372 	-0.015365997 	-0.075699684 	1.0457576
0.0015075377 	-0.015365997 	-0.075699684 	1.0457576
0.0015276382 	-0.01487243 	-0.078499171 	0.98111106
0.0015477387 	-0.01487243 	-0.078499171 	0.98111106
0.0015678392 	-0.01487243 	-0.078499171 	0.98111106
0.0015879397 	-0.018154369 	-0.074786539 	0.91632299
0.0016080402 	-0.018154369 	-0.074786539 	0.91632299
0.0016281407 	-0.018154369 	-0.074786539 	0.91632299
0.0016482412 	-0.025482982 	-0.065455865 	0.86268064
0.0016683417 	-0.025482982 	-0.065455865 	0.86268064
0.0016884422 	-0.035314303 	-0.05391308 	0.82459876
0.0017085427 	-0.035314303 	-0.05391308 	0.82459876
0.0017286432 	-0.035314303 	-0.05391308 	0.82459876
0.0017487437 	-0.045506353 	-0.042892235 	0.80207224
0.0017688442 	-0.045506353 	-0.042892235 	0.80207224
0.0017889447 	-0.045506353 	-0.042892235 	0.80207224
0.0018090452 	-0.054630506 	-0.032465832 	0.79162516
0.0018291457 	-0.054630506 	-0.032465832 	0.79162516
0.0018492462 	-0.062036635 	-0.021694917 	0.78839681
0.0018693467 	-0.062036635 	-0.021694917 	0.78839681
0.0018894472 	-0.062036635 	-0.021694917 	0.78839681
0.0019095477 	-0.067433578 	-0.010640384 	0.78860393
0.0019296482 	-0.067433578 	-0.010640384 	0.78860393
0.0019497487 	-0.070985644 	-1.3437813e-05 	0.79009311
0.0019698492 	-0.070985644 	-1.3437813e-05 	0.79009311
0.0019899497 	-0.073145355 	0.0098359963 	0.79185328
0.0020100503 	-0.073145355 	0.0098359963 	0.79185328
0.0020301508 	-0.073145355 	0.0098359963 	0.79185328
0.0020502513 	-0.074226819 	0.018794227 	0.79360152
0.0020703518 	-0.074226819 	0.018794227 	0.79360152
0.0020904523 	-0.07435173 	0.026856338 	0.79525919
0.0021105528 	-0.07435173 	0.026856338 	0.79525919
0.0021306533 	-0.07435173 	0.026856338 	0.79525919
0.0021507538 	-0.073500136 	0.034029115 	0.79666213
0.0021708543 	-0.073500136 	0.034029115 	0.79666213
0.0021909548 	-0.07157682 	0.040158498 	0.79762449
0.0022110553 	-0.07157682 	0.040158498 	0.79762449
0.0022311558 	-0.068452209 	0.044982873 	0.79804727
0.0022512563 	-0.068452209 	0.044982873 	0.79804727
0.0022713568 	-0.063991299 	0.048178048 	0.79796132
0.0022914573 	-0.063991299 	0.048178048 	0.79796132
0.0023115578 	-0.063991299 	0.048178048 	0.79796132
0.0023316583 	-0.058180485 	0.049402565 	0.79751304
0.0023517588 	-0.058180485 	0.049402565 	0.79751304
0.0023718593 	-0.051070455 	0.048379438 	0.79689485
0.0023919598 	-0.051070455 	0.048379438 	0.79689485
0.0024120603 	-0.042911366 	0.045009606 	0.79626034
0.0024321608 	-0.042911366 	0.045009606 	0.79626034
0.0024522613 	-0.034156859 	0.039451768 	0.79566662
0.0024723618 	-0.034156859 	0.039451768 	0.79566662
0.0024924623 	-0.02541953 	0.032205556 	0.79497062
0.0025125628 	-0.02541953 	0.032205556 	0.79497062
0.0025326633 	-0.017491815 	0.024088763 	0.79384221
0.0025527638 	-0.017491815 	0.024088763 	0.79384221
0.0025728643 	-0.011255652 	0.0162356 	0.79187649
0.0025929648 	-0.011255652 	0.0162356 	0.79187649
0.0026130653 	-0.0076248087 	0.010018664 	0.78875025
0.0026331658 	-0.0076248087 	0.010018664 	0.78875025
0.0026532663 	-0.0072941662 	0.0069413731 	0.78426431
0.0026733668 	-0.0072941662 	0.0069413731 	0.78426431
0.0026934673 	-0.010511583 	0.0084540305 	0.7783585
0.0027135678 	-0.010511583 	0.0084540305 	0.7783585
0.0027336683 	-0.016777618 	0.01539219 	0.771245
0.0027537688 	-0.016777618 	0.01539219 	0.771245
0.0027738693 	-0.024703379 	0.027087004 	0.76304234
0.0027939698 	-0.024703379 	0.027087004 	0.76304234
0.0028140704 	-0.032253331 	0.041141096 	0.75281965
0.0028341709 	-0.032253331 	0.041141096 	0.75281965
0.0028542714 	-0.037440069 	0.054606195 	0.73861951
0.0028743719 	-0.039195974 	0.065440143 	0.71957672
0.0028944724 	-0.039195974 	0.065440143 	0.71957672
0.0029145729 	-0.03773187 	0.072939353 	0.69763954
0.0029346734 	-0.03773187 	0.072939353 	0.69763954
0.0029547739 	-0.034162693 	0.077405555 	0.67639575
0.0029748744 	-0.034162693 	0.077405555 	0.67639575
0.0029949749 	-0.029794634 	0.079645625 	0.65854309
0.0030150754 	-0.025607968 	0.08048701 	0.64483656
0.0030351759 	-0.025607968 	0.08048701 	0.64483656
0.0030552764 	-0.022104517 	0.080474635 	0.63477226
0.0030753769 	-0.022104517 	0.080474635 	0.63477226
0.0030954774 	-0.019386839 	0.079834303 	0.62754634
0.0031155779 	-0.017321598 	0.078580078 	0.62248454
0.0031356784 	-0.017321598 	0.078580078 	0.62248454
0.0031557789 	-0.015683859 	0.076602843 	0.61911947
0.0031758794 	-0.015683859 	0.076602843 	0.61911947
0.0031959799 	-0.014240993 	0.073724403 	0.61719242
0.0032160804 	-0.012798556 	0.06978776 	0.61660892
0.0032361809 	-0.012798556 	0.06978776 	0.61660892
0.0032562814 	-0.011218918 	0.064770071 	0.61733389
0.0032763819 	-0.0094443228 	0.058830604 	0.61928931
0.0032964824 	-0.0094443228 	0.058830604 	0.61928931
0.0033165829 	-0.0074995197 	0.052267359 	0.62231942
0.0033366834 	-0.0054768317 	0.045408569 	0.62622658
0.0033567839 	-0.0054768317 	0.045408569 	0.62622658
0.0033768844 	-0.0034936291 	0.038496945 	0.63084623
0.0033969849 	-0.0016512755 	0.031666803 	0.63607669
0.0034170854 	-0.0016512755 	0.031666803 	0.63607669
0.0034371859 	-5.6753102e-05 	0.024942131 	0.64188216
0.0034572864 	0.0011789094 	0.018269239 	0.64825033
0.0034773869 	0.0019746681 	0.011537255 	0.65513546
0.0034974874 	0.0019746681 	0.011537255 	0.65513546
0.0035175879 	0.0022678492 	0.004605579 	0.66237306
0.0035376884 	0.0021105044 	-0.0026794006 	0.66970948
0.0035577889 	0.0016008979 	-0.010426367 	0.67677667
0.0035778894 	0.0016008979 	-0.010426367 	0.67677667
0.0035979899 	0.00085213016 	-0.018637525 	0.68305997
0.0036180905 	2.3042103e-05 	-0.027176731 	0.68785732
0.003638191 	-0.00075926051 	-0.035790203 	0.69030575
0.0036582915 	-0.00075926051 	-0.035790203 	0.69030575
0.003678392 	-0.0013577928 	-0.04413328 	0.6893913
0.0036984925 	-0.0016466435 	-0.051817832 	0.68398141
0.003718593 	-0.0015519014 	-0.058423862 	0.67290728
0.0037386935 	-0.0010715835 	-0.063531384 	0.65512433
0.003758794 	-0.00028401821 	-0.066739222 	0.62992088
0.0037788945 	-0.00028401821 	-0.066739222 	0.62992088
0.003798995 	0.00067323924 	-0.067710309 	0.59709697
0.0038190955 	0.0015873906 	-0.066229917 	0.55700175
0.003839196 	0.0022348601 	-0.062266993 	0.51034279
0.0038592965 	0.0024942822 	-0.056036403 	0.45784831
0.003879397 	0.0023571623 	-0.048039343 	0.39997359
0.0038994975 	0.0019163993 	-0.039046855 	0.33685275
0.003919598 	0.0013188225 	-0.029963102 	0.26853813
0.0039396985 	0.0007153302 	-0.02151328 	0.19538949
0.003959799 	0.00023449265 	-0.013774902 	0.11841301
0.0039798995 	-5.8279054e-06 	-0.0056298965 	0.039431575
0.004 	-5.8279054e-06 	-0.0056298965 	0.039431575
