0 	0.046920609 	0.012740592 	1.0855794
2.0100503e-05 	0.012400568 	-0.042753266 	1.091838
4.0201005e-05 	0.012400568 	-0.042753266 	1.091838
6.0301508e-05 	-0.0060993278 	-0.039852593 	1.097038
8.040201e-05 	-0.0060993278 	-0.039852593 	1.097038
0.00010050251 	-0.0060993278 	-0.039852593 	1.097038
0.00012060302 	-0.021340689 	-0.02843517 	1.09424
0.00014070352 	-0.021340689 	-0.02843517 	1.09424
0.00016080402 	-0.021340689 	-0.02843517 	1.09424
0.00018090452 	-0.015653557 	-0.027727491 	1.0982287
0.00020100503 	-0.015653557 	-0.027727491 	1.0982287
0.00022110553 	-0.015653557 	-0.027727491 	1.0982287
0.00024120603 	-0.010311527 	-0.026929391 	1.1011695
0.00026130653 	-0.010311527 	-0.026929391 	1.1011695
0.00028140704 	-0.0047822724 	-0.026538628 	1.1027409
0.00030150754 	-0.0047822724 	-0.026538628 	1.1027409
0.00032160804 	-0.0047822724 	-0.026538628 	1.1027409
0.00034170854 	0.0012635993 	-0.026791279 	1.102338
0.00036180905 	0.0012635993 	-0.026791279 	1.102338
0.00038190955 	0.0012635993 	-0.026791279 	1.102338
0.00040201005 	0.0080674091 	-0.027697212 	1.0994259
0.00042211055 	0.0080674091 	-0.027697212 	1.0994259
0.00044221106 	0.0080674091 	-0.027697212 	1.0994259
0.00046231156 	0.015716587 	-0.029124927 	1.0939194
0.00048241206 	0.015716587 	-0.029124927 	1.0939194
0.00050251256 	0.024115273 	-0.030763119 	1.0863822
0.00052261307 	0.024115273 	-0.030763119 	1.0863822
0.00054271357 	0.024115273 	-0.030763119 	1.0863822
0.00056281407 	0.032983596 	-0.032199028 	1.0778596
0.00058291457 	0.032983596 	-0.032199028 	1.0778596
0.00060301508 	0.032983596 	-0.032199028 	1.0778596
0.00062311558 	0.041904354 	-0.033032815 	1.0695367
0.00064321608 	0.041904354 	-0.033032815 	1.0695367
0.00066331658 	0.041904354 	-0.033032815 	1.0695367
0.00068341709 	0.050402408 	-0.032996822 	1.0624297
0.00070351759 	0.050402408 	-0.032996822 	1.0624297
0.00072361809 	0.058007942 	-0.032050292 	1.0572322
0.00074371859 	0.058007942 	-0.032050292 	1.0572322
0.0007638191 	0.058007942 	-0.032050292 	1.0572322
0.0007839196 	0.064260314 	-0.030501652 	1.0542133
0.0008040201 	0.065034985 	-0.025344046 	1.0540899
0.0008241206 	0.065034985 	-0.025344046 	1.0540899
0.00084422111 	0.068680365 	-0.024147572 	1.0533127
0.00086432161 	0.068680365 	-0.024147572 	1.0533127
0.00088442211 	0.068680365 	-0.024147572 	1.0533127
0.00090452261 	0.071210094 	-0.029079051 	1.0527847
0.00092462312 	0.071210094 	-0.029079051 	1.0527847
0.00094472362 	0.071700367 	-0.031516209 	1.0520603
0.00096482412 	0.071177554 	-0.028341847 	1.0511391
0.00098492462 	0.071177554 	-0.028341847 	1.0511391
0.0010050251 	0.070485976 	-0.034885234 	1.0481546
0.0010251256 	0.070485976 	-0.034885234 	1.0481546
0.0010452261 	0.070485976 	-0.034885234 	1.0481546
0.0010653266 	0.06866567 	-0.043190709 	1.0437348
0.0010854271 	0.06866567 	-0.043190709 	1.0437348
0.0011055276 	0.06866567 	-0.043190709 	1.0437348
0.0011256281 	0.066538452 	-0.049439682 	1.0384486
0.0011457286 	0.066538452 	-0.049439682 	1.0384486
0.0011658291 	0.066538452 	-0.049439682 	1.0384486
0.0011859296 	0.064960014 	-0.049290672 	1.0321237
0.0012060302 	0.064960014 	-0.049290672 	1.0321237
0.0012261307 	0.064960014 	-0.049290672 	1.0321237
0.0012462312 	0.060174785 	-0.044654936 	1.0262582
0.0012663317 	0.060174785 	-0.044654936 	1.0262582
0.0012864322 	0.064400099 	-0.040556624 	1.0248086
0.0013065327 	0.064463829 	-0.025176749 	1.0175309
0.0013266332 	0.064463829 	-0.025176749 	1.0175309
0.0013467337 	0.064463829 	-0.025176749 	1.0175309
0.0013668342 	0.059814281 	-0.014305092 	1.0111139
0.0013869347 	0.064079207 	-0.007598835 	1.0118617
0.0014070352 	0.064079207 	-0.007598835 	1.0118617
0.0014271357 	0.062210998 	0.0084690345 	1.0089068
0.0014472362 	0.062210998 	0.0084690345 	1.0089068
0.0014673367 	0.062210998 	0.0084690345 	1.0089068
0.0014874372 	0.058362166 	0.021516917 	1.0088055
0.0015075377 	0.058362166 	0.021516917 	1.0088055
0.0015276382 	0.052716076 	0.031639918 	1.0107671
0.0015477387 	0.052716076 	0.031639918 	1.0107671
0.0015678392 	0.052716076 	0.031639918 	1.0107671
0.0015879397 	0.045986805 	0.039397095 	1.0135873
0.0016080402 	0.045986805 	0.039397095 	1.0135873
0.0016281407 	0.045986805 	0.039397095 	1.0135873
0.0016482412 	0.039026832 	0.04522229 	1.0162288
0.0016683417 	0.039026832 	0.04522229 	1.0162288
0.0016884422 	0.032528418 	0.049385436 	1.0181993
0.0017085427 	0.032528418 	0.049385436 	1.0181993
0.0017286432 	0.032528418 	0.049385436 	1.0181993
0.0017487437 	0.02694246 	0.052066782 	1.0195212
0.0017688442 	0.02694246 	0.052066782 	1.0195212
0.0017889447 	0.02694246 	0.052066782 	1.0195212
0.0018090452 	0.022515952 	0.05337758 	1.0205491
0.0018291457 	0.022515952 	0.05337758 	1.0205491
0.0018492462 	0.019350643 	0.053375208 	1.0217189
0.0018693467 	0.019350643 	0.053375208 	1.0217189
0.0018894472 	0.019350643 	0.053375208 	1.0217189
0.0019095477 	0.017421657 	0.052178317 	1.0232824
0.0019296482 	0.017421657 	0.052178317 	1.0232824
0.0019497487 	0.016591263 	0.050093714 	1.0251579
0.0019698492 	0.016591263 	0.050093714 	1.0251579
0.0019899497 	0.016642034 	0.047592408 	1.0269097
0.0020100503 	0.016642034 	0.047592408 	1.0269097
0.0020301508 	0.016642034 	0.047592408 	1.0269097
0.0020502513 	0.017346833 	0.045184811 	1.0279174
0.0020703518 	0.017346833 	0.045184811 	1.0279174
0.0020904523 	0.018244901 	0.038011254 	1.0188118
0.0021105528 	0.018430814 	0.043190343 	1.0277853
0.0021306533 	0.018430814 	0.043190343 	1.0277853
0.0021507538 	0.019446262 	0.041598234 	1.0269002
0.0021708543 	0.019446262 	0.041598234 	1.0269002
0.0021909548 	0.019826414 	0.040256417 	1.0264348
0.0022110553 	0.019826414 	0.040256417 	1.0264348
0.0022311558 	0.018991341 	0.039134673 	1.0275844
0.0022512563 	0.018991341 	0.039134673 	1.0275844
0.0022713568 	0.016644378 	0.038389464 	1.0307431
0.0022914573 	0.016644378 	0.038389464 	1.0307431
0.0023115578 	0.016644378 	0.038389464 	1.0307431
0.0023316583 	0.013039302 	0.038206308 	1.0350123
0.0023517588 	0.013039302 	0.038206308 	1.0350123
0.0023718593 	0.0090557118 	0.038447113 	1.0382702
0.0023919598 	0.0090557118 	0.038447113 	1.0382702
0.0024120603 	0.0060228325 	0.038576808 	1.037455
0.0024321608 	0.0060228325 	0.038576808 	1.037455
0.0024522613 	0.0051079667 	0.037613262 	1.0293986
0.0024723618 	0.0051079667 	0.037613262 	1.0293986
0.0024924623 	0.0065008013 	0.034623144 	1.0123053
0.0025125628 	0.0065008013 	0.034623144 	1.0123053
0.0025326633 	0.0084577209 	0.029372822 	0.98804231
0.0025527638 	0.0084577209 	0.029372822 	0.98804231
0.0025728643 	0.0073794349 	0.023015524 	0.96315394
0.0025929648 	0.0073794349 	0.023015524 	0.96315394
0.0026130653 	0.00015338877 	0.017745806 	0.94379752
0.0026331658 	0.00015338877 	0.017745806 	0.94379752
0.0026532663 	-0.010937467 	0.013214594 	0.92580123
0.0026733668 	-0.010937467 	0.013214594 	0.92580123
0.0026934673 	-0.018489925 	0.0045056727 	0.89646773
0.0027135678 	-0.018489925 	0.0045056727 	0.89646773
0.0027336683 	-0.018291326 	-0.012174443 	0.85093123
0.0027537688 	-0.018291326 	-0.012174443 	0.85093123
0.0027738693 	-0.012245237 	-0.034764149 	0.79724036
0.0027939698 	-0.012245237 	-0.034764149 	0.79724036
0.0028140704 	-0.0043751593 	-0.059957401 	0.74481775
0.0028341709 	-0.0043751593 	-0.059957401 	0.74481775
0.0028542714 	0.002487953 	-0.086718222 	0.6987215
0.0028743719 	0.0071770906 	-0.11525451 	0.66215254
0.0028944724 	0.0071770906 	-0.11525451 	0.66215254
0.0029145729 	0.0093129713 	-0.14477228 	0.63704918
0.0029346734 	0.0093129713 	-0.14477228 	0.63704918
0.0029547739 	0.0090363366 	-0.17271703 	0.62278317
0.0029748744 	0.0090363366 	-0.17271703 	0.62278317
0.0029949749 	0.0069735605 	-0.19610495 	0.61643899
0.0030150754 	0.0042485694 	-0.21284939 	0.61504105
0.0030351759 	0.0042485694 	-0.21284939 	0.61504105
0.0030552764 	0.0019287363 	-0.22196951 	0.61704894
0.0030753769 	0.0019287363 	-0.22196951 	0.61704894
0.0030954774 	0.00082227062 	-0.22335534 	0.62210635
0.0031155779 	0.0013156612 	-0.21742137 	0.63016214
0.0031356784 	0.0013156612 	-0.21742137 	0.63016214
0.0031557789 	0.0032912955 	-0.2050046 	0.64090577
0.0031758794 	0.0032912955 	-0.2050046 	0.64090577
0.0031959799 	0.0062150283 	-0.18726421 	0.65368166
0.0032160804 	0.0092076944 	-0.1655603 	0.66751555
0.0032361809 	0.0092076944 	-0.1655603 	0.66751555
0.0032562814 	0.011656977 	-0.14125818 	0.68141044
0.0032763819 	0.013110513 	-0.11560086 	0.69462018
0.0032964824 	0.013110513 	-0.11560086 	0.69462018
0.0033165829 	0.013220186 	-0.089671624 	0.70685924
0.0033366834 	0.011801036 	-0.064507883 	0.71818279
0.0033567839 	0.011801036 	-0.064507883 	0.71818279
0.0033768844 	0.0086567071 	-0.041270764 	0.72874023
0.0033969849 	0.0039861839 	-0.021207138 	0.73844225
0.0034170854 	0.0039861839 	-0.021207138 	0.73844225
0.0034371859 	-0.0019334862 	-0.0052485153 	0.74671551
0.0034572864 	-0.008691035 	0.0065064276 	0.75266181
0.0034773869 	-0.015570612 	0.014790653 	0.7555518
0.0034974874 	-0.015570612 	0.014790653 	0.7555518
0.0035175879 	-0.022158164 	0.020858403 	0.75537211
0.0035376884 	-0.028490371 	0.025749682 	0.7529919
0.0035577889 	-0.034651103 	0.029754842 	0.74953771
0.0035778894 	-0.034651103 	0.029754842 	0.74953771
0.0035979899 	-0.040314885 	0.032183404 	0.74492678
0.0036180905 	-0.044692062 	0.031585963 	0.73687511
0.003638191 	-0.046695923 	0.026552484 	0.72146077
0.0036582915 	-0.046695923 	0.026552484 	0.72146077
0.003678392 	-0.045559671 	0.016829522 	0.6950862
0.0036984925 	-0.041244213 	0.004116222 	0.65644732
0.003718593 	-0.034616084 	-0.0081054784 	0.60706032
0.0037386935 	-0.027113591 	-0.015876316 	0.5506047
0.003758794 	-0.020205011 	-0.016819568 	0.49174148
0.0037788945 	-0.020205011 	-0.016819568 	0.49174148
0.003798995 	-0.015201564 	-0.011655069 	0.43452884
0.0038190955 	-0.012603445 	-0.0037824368 	0.38213713
0.003839196 	-0.01186017 	0.0031583244 	0.33588346
0.0038592965 	-0.011789045 	0.0077732407 	0.29500289
0.003879397 	-0.011258553 	0.010767731 	0.25690679
0.0038994975 	-0.0097224878 	0.012936661 	0.21854578
0.003919598 	-0.0072645873 	0.014051103 	0.17771459
0.0039396985 	-0.0043818921 	0.01326038 	0.13330489
0.003959799 	-0.0017707588 	0.0098459185 	0.084584347
0.0039798995 	-0.00016370459 	0.0037408739 	0.030471277
0.004 	-0.00016370459 	0.0037408739 	0.030471277
