0 	0.029654128 	0.01379314 	1.0866827
2.0100503e-05 	0.029654128 	0.01379314 	1.0866827
4.0201005e-05 	0.029654128 	0.01379314 	1.0866827
6.0301508e-05 	0.017568021 	0.022611845 	1.085422
8.040201e-05 	0.017568021 	0.022611845 	1.085422
0.00010050251 	0.017568021 	0.022611845 	1.085422
0.00012060302 	0.012842059 	0.020410359 	1.0847036
0.00014070352 	0.012842059 	0.020410359 	1.0847036
0.00016080402 	0.012842059 	0.020410359 	1.0847036
0.00018090452 	0.010757164 	0.016330617 	1.0842217
0.00020100503 	0.010757164 	0.016330617 	1.0842217
0.00022110553 	0.0087382836 	0.016478689 	1.0774197
0.00024120603 	0.0094836151 	0.011903351 	1.0773219
0.00026130653 	0.0094836151 	0.011903351 	1.0773219
0.00028140704 	0.0094368586 	0.0095474885 	1.0821495
0.00030150754 	0.0094368586 	0.0095474885 	1.0821495
0.00032160804 	0.0094368586 	0.0095474885 	1.0821495
0.00034170854 	0.009931164 	0.0077663304 	1.0755149
0.00036180905 	0.009931164 	0.0077663304 	1.0755149
0.00038190955 	0.009931164 	0.0077663304 	1.0755149
0.00040201005 	0.0095541063 	0.009655969 	1.0738093
0.00042211055 	0.0095541063 	0.009655969 	1.0738093
0.00044221106 	0.0095541063 	0.009655969 	1.0738093
0.00046231156 	0.008852762 	0.014201818 	1.0717044
0.00048241206 	0.008852762 	0.014201818 	1.0717044
0.00050251256 	0.0078974046 	0.02047887 	1.0690435
0.00052261307 	0.0078974046 	0.02047887 	1.0690435
0.00054271357 	0.0078974046 	0.02047887 	1.0690435
0.00056281407 	0.0067692706 	0.026977758 	1.0656626
0.00058291457 	0.0067692706 	0.026977758 	1.0656626
0.00060301508 	0.0067692706 	0.026977758 	1.0656626
0.00062311558 	0.0056131584 	0.031984027 	1.0618
0.00064321608 	0.0056131584 	0.031984027 	1.0618
0.00066331658 	0.0056131584 	0.031984027 	1.0618
0.00068341709 	0.0047035436 	0.033796286 	1.0581219
0.00070351759 	0.0047035436 	0.033796286 	1.0581219
0.00072361809 	0.0069627735 	0.032271078 	1.0617575
0.00074371859 	0.0069627735 	0.032271078 	1.0617575
0.0007638191 	0.0069627735 	0.032271078 	1.0617575
0.0007839196 	0.0083282717 	0.023014848 	1.0589353
0.0008040201 	0.0083282717 	0.023014848 	1.0589353
0.0008241206 	0.0083282717 	0.023014848 	1.0589353
0.00084422111 	0.0108302 	0.0089322049 	1.0539356
0.00086432161 	0.0108302 	0.0089322049 	1.0539356
0.00088442211 	0.0077956952 	0.00903476 	1.0473359
0.00090452261 	0.011061497 	-0.0071478727 	1.0400055
0.00092462312 	0.011061497 	-0.0071478727 	1.0400055
0.00094472362 	0.014467727 	-0.023201579 	1.030072
0.00096482412 	0.014467727 	-0.023201579 	1.030072
0.00098492462 	0.014467727 	-0.023201579 	1.030072
0.0010050251 	0.017305402 	-0.037356557 	1.0180091
0.0010251256 	0.017305402 	-0.037356557 	1.0180091
0.0010452261 	0.017305402 	-0.037356557 	1.0180091
0.0010653266 	0.018588819 	-0.046879254 	1.0058611
0.0010854271 	0.018588819 	-0.046879254 	1.0058611
0.0011055276 	0.018588819 	-0.046879254 	1.0058611
0.0011256281 	0.018211421 	-0.051394326 	0.99596037
0.0011457286 	0.018211421 	-0.051394326 	0.99596037
0.0011658291 	0.018211421 	-0.051394326 	0.99596037
0.0011859296 	0.016590286 	-0.05275423 	0.98926148
0.0012060302 	0.016590286 	-0.05275423 	0.98926148
0.0012261307 	0.016590286 	-0.05275423 	0.98926148
0.0012462312 	0.014243996 	-0.053237125 	0.98634721
0.0012663317 	0.014243996 	-0.053237125 	0.98634721
0.0012864322 	0.014243996 	-0.053237125 	0.98634721
0.0013065327 	0.011690653 	-0.054296598 	0.98711137
0.0013266332 	0.011690653 	-0.054296598 	0.98711137
0.0013467337 	0.011690653 	-0.054296598 	0.98711137
0.0013668342 	0.0094046578 	-0.056115693 	0.99013371
0.0013869347 	0.0094046578 	-0.056115693 	0.99013371
0.0014070352 	0.0094046578 	-0.056115693 	0.99013371
0.0014271357 	0.0079871572 	-0.058024132 	0.99335127
0.0014472362 	0.0079871572 	-0.058024132 	0.99335127
0.0014673367 	0.0079871572 	-0.058024132 	0.99335127
0.0014874372 	0.0077286396 	-0.059524097 	0.99566945
0.0015075377 	0.0077286396 	-0.059524097 	0.99566945
0.0015276382 	0.0083067837 	-0.060658313 	0.99736999
0.0015477387 	0.0083067837 	-0.060658313 	0.99736999
0.0015678392 	0.0083067837 	-0.060658313 	0.99736999
0.0015879397 	0.0090845315 	-0.061598798 	0.9988582
0.0016080402 	0.0090845315 	-0.061598798 	0.9988582
0.0016281407 	0.0090845315 	-0.061598798 	0.9988582
0.0016482412 	0.0095449978 	-0.061845343 	0.99973538
0.0016683417 	0.0095449978 	-0.061845343 	0.99973538
0.0016884422 	0.0094663975 	-0.060353521 	0.99931812
0.0017085427 	0.0094663975 	-0.060353521 	0.99931812
0.0017286432 	0.0094663975 	-0.060353521 	0.99931812
0.0017487437 	0.0089228578 	-0.056293919 	0.99748552
0.0017688442 	0.0089228578 	-0.056293919 	0.99748552
0.0017889447 	0.0089228578 	-0.056293919 	0.99748552
0.0018090452 	0.0081710298 	-0.049658179 	0.99462256
0.0018291457 	0.0081710298 	-0.049658179 	0.99462256
0.0018492462 	0.0075197908 	-0.040907812 	0.99109424
0.0018693467 	0.0075197908 	-0.040907812 	0.99109424
0.0018894472 	0.0075197908 	-0.040907812 	0.99109424
0.0019095477 	0.0071968874 	-0.030430728 	0.98712737
0.0019296482 	0.0071968874 	-0.030430728 	0.98712737
0.0019497487 	0.0072051061 	-0.018412712 	0.98314995
0.0019698492 	0.0072051061 	-0.018412712 	0.98314995
0.0019899497 	0.0073307776 	-0.0049633235 	0.97986577
0.0020100503 	0.0073307776 	-0.0049633235 	0.97986577
0.0020301508 	0.0073307776 	-0.0049633235 	0.97986577
0.0020502513 	0.007127877 	0.0093343393 	0.97780454
0.0020703518 	0.007127877 	0.0093343393 	0.97780454
0.0020904523 	0.0055743976 	0.023284203 	0.9761677
0.0021105528 	0.0055743976 	0.023284203 	0.9761677
0.0021306533 	0.0055743976 	0.023284203 	0.9761677
0.0021507538 	0.0016688759 	0.035086462 	0.97255403
0.0021708543 	0.0016688759 	0.035086462 	0.97255403
0.0021909548 	-0.0052569284 	0.042453218 	0.9635208
0.0022110553 	-0.0052569284 	0.042453218 	0.9635208
0.0022311558 	-0.014783997 	0.04274208 	0.94600644
0.0022512563 	-0.014783997 	0.04274208 	0.94600644
0.0022713568 	-0.025007446 	0.034156944 	0.91921885
0.0022914573 	-0.025007446 	0.034156944 	0.91921885
0.0023115578 	-0.025007446 	0.034156944 	0.91921885
0.0023316583 	-0.034355741 	0.019018645 	0.88607743
0.0023517588 	-0.034355741 	0.019018645 	0.88607743
0.0023718593 	-0.042698791 	0.0040916723 	0.85229444
0.0023919598 	-0.042698791 	0.0040916723 	0.85229444
0.0024120603 	-0.050369108 	-0.0053315786 	0.82363082
0.0024321608 	-0.050369108 	-0.0053315786 	0.82363082
0.0024522613 	-0.056976634 	-0.010338387 	0.80228181
0.0024723618 	-0.056976634 	-0.010338387 	0.80228181
0.0024924623 	-0.06195483 	-0.014891231 	0.78634281
0.0025125628 	-0.06195483 	-0.014891231 	0.78634281
0.0025326633 	-0.064956331 	-0.020592119 	0.77255087
0.0025527638 	-0.064956331 	-0.020592119 	0.77255087
0.0025728643 	-0.066151549 	-0.026699252 	0.7586571
0.0025929648 	-0.066151549 	-0.026699252 	0.7586571
0.0026130653 	-0.065989815 	-0.032139993 	0.74418197
0.0026331658 	-0.065989815 	-0.032139993 	0.74418197
0.0026532663 	-0.064767619 	-0.036465317 	0.72930053
0.0026733668 	-0.064767619 	-0.036465317 	0.72930053
0.0026934673 	-0.062655961 	-0.039599986 	0.71409469
0.0027135678 	-0.062655961 	-0.039599986 	0.71409469
0.0027336683 	-0.05976749 	-0.041612701 	0.6985966
0.0027537688 	-0.05976749 	-0.041612701 	0.6985966
0.0027738693 	-0.056257715 	-0.042665973 	0.68299218
0.0027939698 	-0.056257715 	-0.042665973 	0.68299218
0.0028140704 	-0.052385961 	-0.042942213 	0.66768332
0.0028341709 	-0.052385961 	-0.042942213 	0.66768332
0.0028542714 	-0.048507109 	-0.042539817 	0.65328474
0.0028743719 	-0.044999016 	-0.041442264 	0.64061372
0.0028944724 	-0.044999016 	-0.041442264 	0.64061372
0.0029145729 	-0.042156205 	-0.039548995 	0.63055117
0.0029346734 	-0.042156205 	-0.039548995 	0.63055117
0.0029547739 	-0.040096891 	-0.03674887 	0.6237979
0.0029748744 	-0.040096891 	-0.03674887 	0.6237979
0.0029949749 	-0.03878622 	-0.032998479 	0.62065787
0.0030150754 	-0.038140155 	-0.028370672 	0.62097517
0.0030351759 	-0.038140155 	-0.028370672 	0.62097517
0.0030552764 	-0.038087509 	-0.023036084 	0.62422281
0.0030753769 	-0.038087509 	-0.023036084 	0.62422281
0.0030954774 	-0.038559165 	-0.017199594 	0.62962621
0.0031155779 	-0.039452395 	-0.011074531 	0.63631031
0.0031356784 	-0.039452395 	-0.011074531 	0.63631031
0.0031557789 	-0.040633543 	-0.0048232585 	0.64335668
0.0031758794 	-0.040633543 	-0.0048232585 	0.64335668
0.0031959799 	-0.041858745 	0.0014361058 	0.6499249
0.0032160804 	-0.042898957 	0.0075807547 	0.65532415
0.0032361809 	-0.042898957 	0.0075807547 	0.65532415
0.0032562814 	-0.04367789 	0.01348933 	0.65902326
0.0032763819 	-0.044152087 	0.019042861 	0.66064339
0.0032964824 	-0.044152087 	0.019042861 	0.66064339
0.0033165829 	-0.044275557 	0.024122232 	0.65992877
0.0033366834 	-0.044013012 	0.028614661 	0.65669027
0.0033567839 	-0.044013012 	0.028614661 	0.65669027
0.0033768844 	-0.043336256 	0.032419591 	0.65080778
0.0033969849 	-0.042217473 	0.035451827 	0.64220845
0.0034170854 	-0.042217473 	0.035451827 	0.64220845
0.0034371859 	-0.040633611 	0.03764406 	0.63086892
0.0034572864 	-0.038572826 	0.038949067 	0.6168314
0.0034773869 	-0.036043154 	0.039342631 	0.60022229
0.0034974874 	-0.036043154 	0.039342631 	0.60022229
0.0035175879 	-0.033079483 	0.038826184 	0.5812674
0.0035376884 	-0.029744929 	0.037428662 	0.56029596
0.0035577889 	-0.026126187 	0.035205906 	0.53772726
0.0035778894 	-0.026126187 	0.035205906 	0.53772726
0.0035979899 	-0.022324049 	0.032238206 	0.51403773
0.0036180905 	-0.018444393 	0.028628219 	0.48971328
0.003638191 	-0.014592122 	0.024501594 	0.46519597
0.0036582915 	-0.014592122 	0.024501594 	0.46519597
0.003678392 	-0.010870615 	0.020011082 	0.44083804
0.0036984925 	-0.0073826276 	0.015343316 	0.4168705
0.003718593 	-0.0042331269 	0.010721918 	0.39338729
0.0037386935 	-0.0015320053 	0.0064032027 	0.37033836
0.003758794 	0.00063614677 	0.0026579195 	0.34751738
0.0037788945 	0.00063614677 	0.0026579195 	0.34751738
0.003798995 	0.0022203722 	-0.00026571048 	0.32454829
0.0038190955 	0.0031956787 	-0.0021938102 	0.30088354
0.003839196 	0.0035853181 	-0.0030822262 	0.27580201
0.0038592965 	0.0034682959 	-0.0030522992 	0.24848379
0.003879397 	0.0029702721 	-0.0023857175 	0.21815506
0.0038994975 	0.0022432854 	-0.0014696035 	0.1842951
0.003919598 	0.0014453834 	-0.00069901973 	0.14685376
0.0039396985 	0.00072847587 	-0.00035174952 	0.10639727
0.003959799 	0.00021816704 	-0.00043961445 	0.064060569
0.0039798995 	4.1386597e-06 	-0.00052245349 	0.021241269
0.004 	4.1386597e-06 	-0.00052245349 	0.021241269
