0 	0.00766922 	0.022383257 	1.1306663
5.5555556e-05 	-0.0089328702 	0.027741423 	1.1319568
0.00011111111 	-0.019774375 	0.03075846 	1.1300913
0.00016666667 	-0.030524218 	0.032958525 	1.1215532
0.00022222222 	-0.04187187 	0.031387818 	1.1019418
0.00027777778 	-0.053228263 	0.022746218 	1.0696289
0.00033333333 	-0.06374506 	0.0068693035 	1.0307202
0.00038888889 	-0.07296187 	-0.011622106 	0.9973179
0.00044444444 	-0.080606209 	-0.026698339 	0.97652984
0.0005 	-0.086463999 	-0.036003335 	0.96573991
0.00055555556 	-0.090561631 	-0.041610953 	0.96049666
0.00061111111 	-0.092910387 	-0.046501444 	0.95917014
0.00066666667 	-0.093425214 	-0.051835019 	0.96076853
0.00072222222 	-0.092228643 	-0.05720816 	0.96367624
0.00077777778 	-0.089742675 	-0.061958224 	0.9662622
0.00083333333 	-0.086507373 	-0.065834906 	0.96743948
0.00088888889 	-0.082864742 	-0.068957128 	0.9668948
0.00094444444 	-0.078842379 	-0.071474331 	0.96509794
0.001 	-0.074266775 	-0.073387377 	0.96293041
0.0010617199 	-0.06900363 	-0.074351426 	0.96162858
0.0011225874 	-0.06336719 	-0.074339987 	0.96197558
0.0011826143 	-0.057102457 	-0.073154532 	0.96409746
0.0012418122 	-0.050239895 	-0.070900369 	0.96689106
0.0013001926 	-0.042768918 	-0.067495049 	0.96913156
0.0013577668 	-0.034953523 	-0.062846632 	0.96967806
0.0014145458 	-0.027148697 	-0.056820969 	0.96784115
0.0014705407 	-0.01980823 	-0.049352509 	0.9634216
0.0015257623 	-0.013392128 	-0.040529436 	0.95666025
0.0015802213 	-0.0082754378 	-0.030635572 	0.94819447
0.0016339282 	-0.0046015867 	-0.020063337 	0.93905088
0.0016868934 	-0.0021388282 	-0.0091732152 	0.93059096
0.0017391271 	-0.00026743359 	0.001899073 	0.92418009
0.0017906395 	0.0017971187 	0.013189924 	0.92055652
0.0018414404 	0.0045576058 	0.024574919 	0.91935539
0.0018915398 	0.0078910447 	0.035329244 	0.91944386
0.0019409473 	0.011148801 	0.044182467 	0.91952399
0.0019896725 	0.013527983 	0.050024849 	0.91855534
0.0020377248 	0.014434114 	0.052422729 	0.91599234
0.0020851134 	0.013642436 	0.051521464 	0.91179251
0.0021318476 	0.011256384 	0.047685723 	0.90618414
0.0021779364 	0.0075212284 	0.041232564 	0.89938721
0.0022233887 	0.0026153462 	0.032491387 	0.89151904
0.0022682133 	-0.0033888709 	0.021938034 	0.88275241
0.0023124189 	-0.010418051 	0.010187533 	0.87356879
0.0023560139 	-0.018263414 	-0.0021335157 	0.86486452
0.0023990069 	-0.026549311 	-0.014379746 	0.85777086
0.0024414062 	-0.034952676 	-0.025918747 	0.85331506
0.0024832199 	-0.043128774 	-0.036083299 	0.85203601
0.0025244562 	-0.050673495 	-0.044356936 	0.85378372
0.002565123 	-0.057308573 	-0.050507836 	0.85774048
0.0026052281 	-0.062883312 	-0.054610666 	0.86271568
0.0026447794 	-0.067408034 	-0.057028852 	0.86754895
0.0026837845 	-0.071035764 	-0.058328294 	0.87138519
0.0027222509 	-0.074030418 	-0.059133189 	0.8737738
0.0027601861 	-0.076708154 	-0.059905997 	0.87466166
0.0027975974 	-0.079353048 	-0.060754104 	0.87430597
0.002834492 	-0.082086454 	-0.06132323 	0.87307913
0.0028708772 	-0.084749314 	-0.060900324 	0.87124216
0.0029067598 	-0.086892776 	-0.058663414 	0.86881826
0.0029421469 	-0.087803574 	-0.054022775 	0.86565608
0.0029770452 	-0.086738387 	-0.046893635 	0.86163732
0.0030114616 	-0.083138514 	-0.037873805 	0.85689508
0.0030454028 	-0.076843918 	-0.028142461 	0.85194069
0.0030788752 	-0.068117821 	-0.019083932 	0.84763691
0.0031118853 	-0.057592243 	-0.011837443 	0.84476187
0.0031444395 	-0.046160798 	-0.0070312984 	0.84371967
0.0031765442 	-0.034554042 	-0.0047666103 	0.84446775
0.0032082055 	-0.02342807 	-0.0045583012 	0.84657451
0.0032394295 	-0.013380197 	-0.0057119313 	0.84939947
0.0032702223 	-0.0047826362 	-0.0075652019 	0.85220676
0.0033005899 	0.0021652031 	-0.0096497039 	0.85408367
0.0033305381 	0.0074277742 	-0.011678685 	0.85395266
0.0033600727 	0.011132067 	-0.01356285 	0.85077934
0.0033891994 	0.013404803 	-0.015410806 	0.84410081
0.0034179239 	0.014282885 	-0.017489858 	0.83432694
0.0034462517 	0.013805954 	-0.020025881 	0.82225283
0.0034741882 	0.012147676 	-0.022909943 	0.80812095
0.003501739 	0.0097455214 	-0.025472934 	0.79136101
0.0035289093 	0.0072111821 	-0.026536448 	0.77143677
0.0035557043 	0.0050662885 	-0.024873396 	0.7485973
0.0035821293 	0.0035670883 	-0.019944276 	0.72318729
0.0036081894 	0.0027312979 	-0.012365193 	0.69419708
0.0036338895 	0.0024774043 	-0.0036776012 	0.65893021
0.0036592348 	0.0027729609 	0.0043629731 	0.61467197
0.00368423 	0.0035360508 	0.010438915 	0.56121227
0.00370888 	0.0044445752 	0.013943406 	0.50200132
0.0037331896 	0.0050766574 	0.014941903 	0.44262087
0.0037571635 	0.0051510439 	0.013974688 	0.38783291
0.0037808063 	0.0046435073 	0.011805169 	0.33967031
0.0038041226 	0.0037427766 	0.0091898685 	0.29755317
0.0038271169 	0.0027129277 	0.0067236326 	0.25958498
0.0038497936 	0.0017700208 	0.0047761632 	0.22381921
0.0038721572 	0.0010301217 	0.0034992094 	0.18891831
0.0038942119 	0.00051771036 	0.0028679183 	0.1542447
0.003915962 	0.00019938142 	0.0027231972 	0.11965665
0.0039374118 	2.4555607e-05 	0.0027890989 	0.08524123
0.0039585653 	-3.9766293e-05 	0.0026394824 	0.051090157
0.0039794267 	-1.9045403e-05 	0.0015797877 	0.017141704
0.004 	4.5709104e-05 	0.0012255556 	0.015707948
