0 	-0.0011901949 	0.0053894686 	1.0350713
5.5555556e-05 	0.00021203944 	0.0019300535 	1.0373617
0.00011111111 	0.0012163906 	0.0065127547 	1.0435279
0.00016666667 	0.0010747136 	0.011030877 	1.0508315
0.00022222222 	9.6867641e-05 	0.01432101 	1.0571331
0.00027777778 	-0.001578553 	0.016099979 	1.061177
0.00033333333 	-0.0039751198 	0.016974928 	1.0626422
0.00038888889 	-0.0070382843 	0.018087849 	1.0613281
0.00044444444 	-0.01044274 	0.020746058 	1.0564792
0.0005 	-0.013741385 	0.025861504 	1.0473101
0.00055555556 	-0.016744186 	0.032999862 	1.0346488
0.00061111111 	-0.019617421 	0.039633699 	1.0213948
0.00066666667 	-0.022605113 	0.042264794 	1.0097145
0.00072222222 	-0.025818231 	0.039691302 	0.99863414
0.00077777778 	-0.029476414 	0.035247474 	0.98565698
0.00083333333 	-0.034280122 	0.034709607 	0.96948929
0.00088888889 	-0.041272732 	0.040981045 	0.95140229
0.00094444444 	-0.050867138 	0.051916318 	0.93469716
0.001 	-0.062740983 	0.064756663 	0.92181211
0.0010617451 	-0.075094487 	0.077168185 	0.91594486
0.0011226367 	-0.086332637 	0.087157658 	0.91804651
0.0011826866 	-0.096062731 	0.094314119 	0.92562052
0.0012419064 	-0.10395526 	0.097951505 	0.93463151
0.0013003077 	-0.10951547 	0.097611703 	0.94171752
0.0013579017 	-0.11249066 	0.093760876 	0.94545
0.0014146996 	-0.1131519 	0.087439026 	0.9459687
0.0014707124 	-0.1121556 	0.07923607 	0.94352436
0.0015259509 	-0.11013438 	0.069117802 	0.93750793
0.001580426 	-0.10767142 	0.057161936 	0.9273047
0.001634148 	-0.10559242 	0.044072103 	0.91355718
0.0016871274 	-0.10484458 	0.030735373 	0.89806314
0.0017393745 	-0.10603131 	0.017707808 	0.88297743
0.0017908994 	-0.10912776 	0.0053237653 	0.87036037
0.0018417121 	-0.11350789 	-0.0062580532 	0.86179925
0.0018918224 	-0.11811841 	-0.017110774 	0.85791746
0.0019412401 	-0.12189051 	-0.027345719 	0.85814055
0.0019899746 	-0.12406663 	-0.036611054 	0.86091709
0.0020380356 	-0.12429703 	-0.04403178 	0.86427396
0.0020854322 	-0.12267684 	-0.048847348 	0.86647777
0.0021321736 	-0.11963265 	-0.050810002 	0.86650945
0.002178269 	-0.11579264 	-0.050207251 	0.86426694
0.0022237272 	-0.11180211 	-0.047703214 	0.86053823
0.002268557 	-0.10809289 	-0.044197728 	0.85659729
0.0023127672 	-0.1047077 	-0.040565108 	0.85350603
0.0023563662 	-0.10131387 	-0.037339425 	0.85163386
0.0023993626 	-0.097433799 	-0.034611146 	0.85072294
0.0024417647 	-0.092671044 	-0.032170828 	0.85026282
0.0024835806 	-0.086797731 	-0.029685779 	0.84975508
0.0025248186 	-0.079771438 	-0.026810226 	0.84879917
0.0025654865 	-0.071742531 	-0.023270279 	0.84709268
0.0026055923 	-0.063002312 	-0.018902013 	0.84439577
0.0026451437 	-0.053889403 	-0.01368596 	0.84054298
0.0026841484 	-0.044688131 	-0.0077443517 	0.835459
0.002722614 	-0.035594505 	-0.0012521849 	0.82912859
0.0027605478 	-0.026714453 	0.0056042732 	0.82163625
0.0027979573 	-0.018042306 	0.012654044 	0.81315579
0.0028348498 	-0.0095965951 	0.019713307 	0.80394944
0.0028712322 	-0.0015061191 	0.026620411 	0.79430837
0.0029071118 	0.006034205 	0.033276668 	0.7846148
0.0029424953 	0.012783933 	0.03955845 	0.77533111
0.0029773898 	0.018458053 	0.045337401 	0.76698083
0.003011802 	0.022727583 	0.050512675 	0.76013657
0.0030457385 	0.025289456 	0.055028464 	0.75534488
0.0030792059 	0.025942012 	0.058885492 	0.75302861
0.0031122107 	0.024658351 	0.062138525 	0.75331891
0.0031447592 	0.02163779 	0.064876884 	0.75586266
0.0031768579 	0.017312751 	0.067190244 	0.75969933
0.0032085129 	0.012281989 	0.069116478 	0.76333495
0.0032397303 	0.0071707068 	0.070579031 	0.76509387
0.0032705162 	0.0024718556 	0.071321717 	0.76368545
0.0033008765 	-0.0016106882 	0.070872049 	0.75872465
0.0033308172 	-0.0052113537 	0.068555117 	0.75097002
0.0033603441 	-0.0087237366 	0.063577011 	0.74208627
0.0033894627 	-0.012580711 	0.055211079 	0.73392725
0.0034181789 	-0.016987577 	0.043113283 	0.7275923
0.0034464982 	-0.021767756 	0.027665815 	0.7227232
0.003474426 	-0.02640473 	0.010084379 	0.71750731
0.0035019678 	-0.030208326 	-0.0079620927 	0.70945837
0.0035291288 	-0.032808541 	-0.025038382 	0.69672205
0.0035559144 	-0.034454223 	-0.040481706 	0.67907231
0.0035823298 	-0.035806348 	-0.054394247 	0.65793923
0.0036083801 	-0.037544284 	-0.067146235 	0.63515136
0.0036340702 	-0.039811009 	-0.078714737 	0.61099629
0.0036594053 	-0.041955561 	-0.088243446 	0.58315309
0.0036843901 	-0.042829963 	-0.094188062 	0.54782173
0.0037090296 	-0.041517593 	-0.095045349 	0.50283473
0.0037333285 	-0.037965287 	-0.090211196 	0.45048789
0.0037572915 	-0.033015538 	-0.080342625 	0.39716717
0.0037809233 	-0.027817414 	-0.067093334 	0.34949447
0.0038042285 	-0.023158819 	-0.052556806 	0.31039022
0.0038272115 	-0.019233067 	-0.038752235 	0.27827016
0.0038498768 	-0.015827859 	-0.027237169 	0.24911246
0.0038722288 	-0.012646057 	-0.018877018 	0.21903107
0.0038942718 	-0.0095123278 	-0.013698803 	0.18578663
0.0039160102 	-0.0064423796 	-0.010955199 	0.14878631
0.003937448 	-0.0036368282 	-0.0092229854 	0.10852209
0.0039585896 	-0.0014151407 	-0.0067612286 	0.065949939
0.0039794389 	-0.00014563193 	-0.0024275925 	0.022137866
0.004 	-0.00017939958 	0.0083307707 	0.03720605
