0 	-0.022985663 	0.022532508 	1.0818621
2.0100503e-05 	-0.020150226 	-0.020886186 	1.0783124
4.0201005e-05 	-0.020150226 	-0.020886186 	1.0783124
6.0301508e-05 	-0.0078325916 	-0.025019926 	1.0733977
8.040201e-05 	-0.0078325916 	-0.025019926 	1.0733977
0.00010050251 	-0.0078325916 	-0.025019926 	1.0733977
0.00012060302 	-0.0045845016 	-0.023555863 	1.0681663
0.00014070352 	-0.0045845016 	-0.023555863 	1.0681663
0.00016080402 	-0.0045845016 	-0.023555863 	1.0681663
0.00018090452 	-0.0038986052 	-0.022015694 	1.0642845
0.00020100503 	-0.0038986052 	-0.022015694 	1.0642845
0.00022110553 	-0.0038986052 	-0.022015694 	1.0642845
0.00024120603 	-0.0043208444 	-0.020428501 	1.0626226
0.00026130653 	-0.0043208444 	-0.020428501 	1.0626226
0.00028140704 	-0.0047734472 	-0.018239506 	1.0620525
0.00030150754 	-0.0047734472 	-0.018239506 	1.0620525
0.00032160804 	-0.0047734472 	-0.018239506 	1.0620525
0.00034170854 	-0.0042852646 	-0.015084568 	1.0603832
0.00036180905 	-0.0042852646 	-0.015084568 	1.0603832
0.00038190955 	-0.0042852646 	-0.015084568 	1.0603832
0.00040201005 	-0.0025402564 	-0.011127147 	1.0564568
0.00042211055 	-0.0025402564 	-0.011127147 	1.0564568
0.00044221106 	-0.0025402564 	-0.011127147 	1.0564568
0.00046231156 	8.576481e-06 	-0.0071950341 	1.0508392
0.00048241206 	8.576481e-06 	-0.0071950341 	1.0508392
0.00050251256 	0.0026035818 	-0.0044185857 	1.0448056
0.00052261307 	0.0026035818 	-0.0044185857 	1.0448056
0.00054271357 	0.0026035818 	-0.0044185857 	1.0448056
0.00056281407 	0.0046839641 	-0.0036181568 	1.0392598
0.00058291457 	0.0046839641 	-0.0036181568 	1.0392598
0.00060301508 	0.0046839641 	-0.0036181568 	1.0392598
0.00062311558 	0.0060342994 	-0.0049343783 	1.0345792
0.00064321608 	0.0060342994 	-0.0049343783 	1.0345792
0.00066331658 	0.0060342994 	-0.0049343783 	1.0345792
0.00068341709 	0.0066527225 	-0.0079384391 	1.0309192
0.00070351759 	0.0066527225 	-0.0079384391 	1.0309192
0.00072361809 	0.0066246288 	-0.01201548 	1.028366
0.00074371859 	0.0066246288 	-0.01201548 	1.028366
0.0007638191 	0.0066246288 	-0.01201548 	1.028366
0.0007839196 	0.0059853786 	-0.016681685 	1.0269063
0.0008040201 	0.0059853786 	-0.016681685 	1.0269063
0.0008241206 	0.0059853786 	-0.016681685 	1.0269063
0.00084422111 	0.0047325498 	-0.021603209 	1.0264101
0.00086432161 	0.0047325498 	-0.021603209 	1.0264101
0.00088442211 	0.0047325498 	-0.021603209 	1.0264101
0.00090452261 	0.0028748737 	-0.026496323 	1.0267041
0.00092462312 	0.0028748737 	-0.026496323 	1.0267041
0.00094472362 	0.00048304595 	-0.030974215 	1.0276643
0.00096482412 	0.00048304595 	-0.030974215 	1.0276643
0.00098492462 	-0.0032069609 	-0.031512746 	1.0327954
0.0010050251 	-0.0061651555 	-0.034323693 	1.0344006
0.0010251256 	-0.0061651555 	-0.034323693 	1.0344006
0.0010452261 	-0.0061651555 	-0.034323693 	1.0344006
0.0010653266 	-0.0094603508 	-0.035275798 	1.0366421
0.0010854271 	-0.0094603508 	-0.035275798 	1.0366421
0.0011055276 	-0.0094603508 	-0.035275798 	1.0366421
0.0011256281 	-0.012725452 	-0.033999858 	1.0390331
0.0011457286 	-0.012725452 	-0.033999858 	1.0390331
0.0011658291 	-0.0083437651 	-0.03604083 	1.0341623
0.0011859296 	-0.011136748 	-0.032949814 	1.0371437
0.0012060302 	-0.016135334 	-0.030811536 	1.0408264
0.0012261307 	-0.016135334 	-0.030811536 	1.0408264
0.0012462312 	-0.019825432 	-0.026518474 	1.0408569
0.0012663317 	-0.019825432 	-0.026518474 	1.0408569
0.0012864322 	-0.019825432 	-0.026518474 	1.0408569
0.0013065327 	-0.023806106 	-0.021962798 	1.0379755
0.0013266332 	-0.023806106 	-0.021962798 	1.0379755
0.0013467337 	-0.023806106 	-0.021962798 	1.0379755
0.0013668342 	-0.027859014 	-0.01763251 	1.0318096
0.0013869347 	-0.027859014 	-0.01763251 	1.0318096
0.0014070352 	-0.027859014 	-0.01763251 	1.0318096
0.0014271357 	-0.031696532 	-0.013681559 	1.0230886
0.0014472362 	-0.031696532 	-0.013681559 	1.0230886
0.0014673367 	-0.031696532 	-0.013681559 	1.0230886
0.0014874372 	-0.035115617 	-0.010137726 	1.0130785
0.0015075377 	-0.035115617 	-0.010137726 	1.0130785
0.0015276382 	-0.037972626 	-0.0068856059 	1.0027458
0.0015477387 	-0.037972626 	-0.0068856059 	1.0027458
0.0015678392 	-0.037972626 	-0.0068856059 	1.0027458
0.0015879397 	-0.040135433 	-0.0036340631 	0.99255477
0.0016080402 	-0.040135433 	-0.0036340631 	0.99255477
0.0016281407 	-0.040135433 	-0.0036340631 	0.99255477
0.0016482412 	-0.041527872 	-7.1080158e-05 	0.98273723
0.0016683417 	-0.041527872 	-7.1080158e-05 	0.98273723
0.0016884422 	-0.042151679 	0.0039052428 	0.97351652
0.0017085427 	-0.042151679 	0.0039052428 	0.97351652
0.0017286432 	-0.042151679 	0.0039052428 	0.97351652
0.0017487437 	-0.042055703 	0.0081085679 	0.96512138
0.0017688442 	-0.042055703 	0.0081085679 	0.96512138
0.0017889447 	-0.042055703 	0.0081085679 	0.96512138
0.0018090452 	-0.041309339 	0.012175436 	0.95774018
0.0018291457 	-0.041309339 	0.012175436 	0.95774018
0.0018492462 	-0.039995226 	0.01561868 	0.95152125
0.0018693467 	-0.039995226 	0.01561868 	0.95152125
0.0018894472 	-0.039995226 	0.01561868 	0.95152125
0.0019095477 	-0.038219237 	0.017932313 	0.94656833
0.0019296482 	-0.038219237 	0.017932313 	0.94656833
0.0019497487 	-0.036110003 	0.018707509 	0.94289694
0.0019698492 	-0.036110003 	0.018707509 	0.94289694
0.0019899497 	-0.033795889 	0.017770559 	0.94033879
0.0020100503 	-0.033795889 	0.017770559 	0.94033879
0.0020301508 	-0.033795889 	0.017770559 	0.94033879
0.0020502513 	-0.031358503 	0.0153261 	0.93844575
0.0020703518 	-0.031358503 	0.0153261 	0.93844575
0.0020904523 	-0.028794735 	0.011992832 	0.93647703
0.0021105528 	-0.028794735 	0.011992832 	0.93647703
0.0021306533 	-0.028794735 	0.011992832 	0.93647703
0.0021507538 	-0.026021931 	0.0087006314 	0.93354263
0.0021708543 	-0.026021931 	0.0087006314 	0.93354263
0.0021909548 	-0.022946437 	0.006397781 	0.92890374
0.0022110553 	-0.022946437 	0.006397781 	0.92890374
0.0022311558 	-0.019580955 	0.0056741534 	0.92232348
0.0022512563 	-0.019580955 	0.0056741534 	0.92232348
0.0022713568 	-0.016074483 	0.0065282431 	0.9141952
0.0022914573 	-0.016074483 	0.0065282431 	0.9141952
0.0023115578 	-0.016074483 	0.0065282431 	0.9141952
0.0023316583 	-0.012598332 	0.0084561642 	0.90532739
0.0023517588 	-0.012598332 	0.0084561642 	0.90532739
0.0023718593 	-0.009189763 	0.010726278 	0.89648935
0.0023919598 	-0.009189763 	0.010726278 	0.89648935
0.0024120603 	-0.0056859504 	0.012723271 	0.88805111
0.0024321608 	-0.0056859504 	0.012723271 	0.88805111
0.0024522613 	-0.001776168 	0.014051114 	0.87998151
0.0024723618 	-0.001776168 	0.014051114 	0.87998151
0.0024924623 	0.0027995567 	0.014492561 	0.87217932
0.0025125628 	0.0027995567 	0.014492561 	0.87217932
0.0025326633 	0.0080460821 	0.013966957 	0.86476045
0.0025527638 	0.0080460821 	0.013966957 	0.86476045
0.0025728643 	0.013796178 	0.012637855 	0.85808808
0.0025929648 	0.013796178 	0.012637855 	0.85808808
0.0026130653 	0.019791996 	0.011012027 	0.85247391
0.0026331658 	0.019791996 	0.011012027 	0.85247391
0.0026532663 	0.025594931 	0.0099208411 	0.84791275
0.0026733668 	0.025594931 	0.0099208411 	0.84791275
0.0026934673 	0.030779987 	0.010270412 	0.84403155
0.0027135678 	0.030779987 	0.010270412 	0.84403155
0.0027336683 	0.035062179 	0.012682281 	0.84019739
0.0027537688 	0.035062179 	0.012682281 	0.84019739
0.0027738693 	0.038333488 	0.017305458 	0.83567207
0.0027939698 	0.038333488 	0.017305458 	0.83567207
0.0028140704 	0.040581361 	0.02376385 	0.82984675
0.0028341709 	0.040581361 	0.02376385 	0.82984675
0.0028542714 	0.041801715 	0.031400938 	0.8224405
0.0028743719 	0.04219223 	0.039427257 	0.81370037
0.0028944724 	0.04219223 	0.039427257 	0.81370037
0.0029145729 	0.042062168 	0.046934235 	0.80442931
0.0029346734 	0.042062168 	0.046934235 	0.80442931
0.0029547739 	0.041767069 	0.053010062 	0.79589912
0.0029748744 	0.041767069 	0.053010062 	0.79589912
0.0029949749 	0.041568538 	0.056706506 	0.78955825
0.0030150754 	0.041648371 	0.05716629 	0.78663467
0.0030351759 	0.041648371 	0.05716629 	0.78663467
0.0030552764 	0.04206892 	0.053870589 	0.78771293
0.0030753769 	0.04206892 	0.053870589 	0.78771293
0.0030954774 	0.042738421 	0.046852673 	0.79248847
0.0031155779 	0.043465867 	0.036690709 	0.79986931
0.0031356784 	0.043465867 	0.036690709 	0.79986931
0.0031557789 	0.044052746 	0.024256373 	0.80838187
0.0031758794 	0.044052746 	0.024256373 	0.80838187
0.0031959799 	0.044343522 	0.010415239 	0.81667884
0.0032160804 	0.044247253 	-0.0040877004 	0.82392479
0.0032361809 	0.044247253 	-0.0040877004 	0.82392479
0.0032562814 	0.043873524 	-0.018571869 	0.82997253
0.0032763819 	0.043335078 	-0.032328781 	0.83524422
0.0032964824 	0.043335078 	-0.032328781 	0.83524422
0.0033165829 	0.042621064 	-0.04470907 	0.8404537
0.0033366834 	0.04178568 	-0.055212821 	0.84629262
0.0033567839 	0.04178568 	-0.055212821 	0.84629262
0.0033768844 	0.040893742 	-0.063638307 	0.85318799
0.0033969849 	0.039996267 	-0.070092113 	0.86117589
0.0034170854 	0.039996267 	-0.070092113 	0.86117589
0.0034371859 	0.039128904 	-0.074925867 	0.86988145
0.0034572864 	0.038305931 	-0.078645772 	0.87859089
0.0034773869 	0.037509163 	-0.08180496 	0.88643197
0.0034974874 	0.037509163 	-0.08180496 	0.88643197
0.0035175879 	0.036675866 	-0.084892164 	0.89263612
0.0035376884 	0.035697246 	-0.088246026 	0.89680785
0.0035577889 	0.034439795 	-0.092016552 	0.89908082
0.0035778894 	0.034439795 	-0.092016552 	0.89908082
0.0035979899 	0.032799909 	-0.096137787 	0.90004103
0.0036180905 	0.030776698 	-0.10028996 	0.90031233
0.003638191 	0.02850136 	-0.10386573 	0.8999018
0.0036582915 	0.02850136 	-0.10386573 	0.8999018
0.003678392 	0.026171053 	-0.10596591 	0.89773326
0.0036984925 	0.023848507 	-0.10548394 	0.89205447
0.003718593 	0.021221385 	-0.10142848 	0.88197132
0.0037386935 	0.017622461 	-0.093453236 	0.86856847
0.003758794 	0.012615053 	-0.082009826 	0.85217095
0.0037788945 	0.012615053 	-0.082009826 	0.85217095
0.003798995 	0.0069609916 	-0.067802479 	0.82587836
0.0038190955 	0.0026564279 	-0.051678359 	0.77454346
0.003839196 	0.001283983 	-0.035579677 	0.68696647
0.0038592965 	0.0024039435 	-0.022503982 	0.57008856
0.003879397 	0.0040719248 	-0.014166034 	0.44551449
0.0038994975 	0.0047645599 	-0.0095723801 	0.33238569
0.003919598 	0.0042024167 	-0.0065486069 	0.23787246
0.0039396985 	0.0028371512 	-0.0036574637 	0.15989106
0.003959799 	0.0013119657 	-0.00080889041 	0.09293317
0.0039798995 	0.00018121102 	0.00085706839 	0.031241732
0.004 	0.00018121102 	0.00085706839 	0.031241732
