0 	-0.0077160318 	-0.004718885 	1.0769915
5.5555556e-05 	0.0062467767 	0.012368939 	1.0842948
0.00011111111 	0.011219514 	0.012414537 	1.0877019
0.00016666667 	0.015157263 	0.012365393 	1.0907619
0.00022222222 	0.01846368 	0.012208176 	1.0934057
0.00027777778 	0.02119914 	0.011839625 	1.0955846
0.00033333333 	0.023358964 	0.011149324 	1.0972514
0.00038888889 	0.024939725 	0.01004445 	1.0983566
0.00044444444 	0.025961893 	0.0084630668 	1.0988613
0.0005 	0.02646693 	0.0063755912 	1.098744
0.00055555556 	0.02651063 	0.0037903324 	1.0979973
0.00061111111 	0.026164288 	0.00076359154 	1.0966056
0.00066666667 	0.025509321 	-0.0025775898 	1.0945242
0.00072222222 	0.024637618 	-0.0060027941 	1.091671
0.00077777778 	0.02364381 	-0.0091541209 	1.0879453
0.00083333333 	0.022596219 	-0.01154757 	1.0832854
0.00088888889 	0.021524819 	-0.012640009 	1.0777389
0.00094444444 	0.0204532 	-0.012024332 	1.0715437
0.001 	0.019293822 	-0.0092932843 	1.0648609
0.0010617199 	0.018126664 	-0.0039885493 	1.0583511
0.0011225874 	0.017046178 	0.00367368 	1.0524936
0.0011826143 	0.015981784 	0.013765481 	1.0466301
0.0012418122 	0.014875367 	0.025953952 	1.0395662
0.0013001926 	0.013615383 	0.038937214 	1.0302469
0.0013577668 	0.012051905 	0.050079104 	1.0184372
0.0014145458 	0.0099707107 	0.055311961 	1.0048913
0.0014705407 	0.0071430145 	0.049260509 	0.99075742
0.0015257623 	0.0033570845 	0.027437455 	0.9765138
0.0015802213 	-0.0025752922 	-0.0062791802 	0.95942999
0.0016339282 	-0.013932322 	-0.032935744 	0.93012044
0.0016868934 	-0.031763351 	-0.03594422 	0.88575886
0.0017391271 	-0.052192321 	-0.023186468 	0.84644711
0.0017906395 	-0.070696514 	-0.012252245 	0.83052134
0.0018414404 	-0.084015322 	-0.009023276 	0.8342006
0.0018915398 	-0.091718715 	-0.0094525984 	0.84359115
0.0019409473 	-0.095171043 	-0.0096476998 	0.84994762
0.0019896725 	-0.095916613 	-0.0084966589 	0.85173055
0.0020377248 	-0.095175537 	-0.0058888288 	0.85023676
0.0020851134 	-0.093652205 	-0.0021421097 	0.84675015
0.0021318476 	-0.09174681 	0.0021147328 	0.84223152
0.0021779364 	-0.08971097 	0.0063317697 	0.83740002
0.0022233887 	-0.08772361 	0.010251937 	0.83266423
0.0022682133 	-0.085877486 	0.013827559 	0.82817764
0.0023124189 	-0.084175309 	0.017019475 	0.82396039
0.0023560139 	-0.082574656 	0.01974151 	0.81999436
0.0023990069 	-0.081010518 	0.021916287 	0.81628873
0.0024414062 	-0.079393706 	0.023554081 	0.81286038
0.0024832199 	-0.077651754 	0.024737775 	0.80970598
0.0025244562 	-0.075732781 	0.025555447 	0.80676639
0.002565123 	-0.073619887 	0.026096952 	0.80395753
0.0026052281 	-0.071405084 	0.026452931 	0.80113735
0.0026447794 	-0.069241878 	0.02663148 	0.79827915
0.0026837845 	-0.067354506 	0.02654739 	0.7953545
0.0027222509 	-0.065921999 	0.025972249 	0.79243886
0.0027601861 	-0.065041024 	0.024601669 	0.7895989
0.0027975974 	-0.064723093 	0.022110628 	0.78681192
0.002834492 	-0.064833515 	0.018253965 	0.78382806
0.0028708772 	-0.065073982 	0.012981518 	0.78024575
0.0029067598 	-0.065098088 	0.0065028983 	0.77559774
0.0029421469 	-0.064545674 	-0.00069149368 	0.76959643
0.0029770452 	-0.063209487 	-0.0079192861 	0.7623855
0.0030114616 	-0.061134547 	-0.014452548 	0.7545679
0.0030454028 	-0.058499819 	-0.019736526 	0.74693041
0.0030788752 	-0.05552861 	-0.02354428 	0.74005134
0.0031118853 	-0.052381842 	-0.025967891 	0.73410048
0.0031444395 	-0.049133297 	-0.027307757 	0.72892717
0.0031765442 	-0.045783454 	-0.027933939 	0.72425321
0.0032082055 	-0.042296436 	-0.028192692 	0.71981578
0.0032394295 	-0.038635803 	-0.028357486 	0.71542789
0.0032702223 	-0.034780098 	-0.028616962 	0.71098619
0.0033005899 	-0.030724074 	-0.029078182 	0.70644901
0.0033305381 	-0.026485646 	-0.029775239 	0.70181164
0.0033600727 	-0.022109556 	-0.030685762 	0.6970881
0.0033891994 	-0.017671142 	-0.031750517 	0.69229298
0.0034179239 	-0.013279793 	-0.032896585 	0.68743095
0.0034462517 	-0.0090782003 	-0.034063165 	0.6824819
0.0034741882 	-0.0052333875 	-0.035220459 	0.67739046
0.003501739 	-0.0019078273 	-0.036381167 	0.67203869
0.0035289093 	0.00075543712 	-0.037571069 	0.66620376
0.0035557043 	0.0026852154 	-0.038789552 	0.65951141
0.0035821293 	0.0039184684 	-0.039947054 	0.65140069
0.0036081894 	0.0045943538 	-0.040811897 	0.64113075
0.0036338895 	0.0049378614 	-0.041010461 	0.6278636
0.0036592348 	0.0051825302 	-0.040106681 	0.61082635
0.00368423 	0.0054738838 	-0.037743406 	0.589509
0.00370888 	0.0058084853 	-0.033810253 	0.56378335
0.0037331896 	0.0060577615 	-0.02855754 	0.5338226
0.0037571635 	0.0060677914 	-0.022576552 	0.4998499
0.0037808063 	0.0057639179 	-0.01662625 	0.46194842
0.0038041226 	0.0051847822 	-0.011382053 	0.42014997
0.0038271169 	0.0044340938 	-0.007244232 	0.37472574
0.0038497936 	0.0036097807 	-0.0042897434 	0.32637202
0.0038721572 	0.0027877683 	-0.0023543431 	0.2761028
0.0038942119 	0.002010606 	-0.0011788074 	0.22495
0.003915962 	0.0012973201 	-0.00052725135 	0.17371818
0.0039374118 	0.00068537297 	-0.00023242462 	0.12292667
0.0039585653 	0.00023233044 	-0.00015570338 	0.072900395
0.0039794267 	1.014627e-05 	-0.00011352466 	0.023928348
0.004 	1.014627e-05 	-0.00011352466 	0.023928348
