0 	0.04231805 	-0.026876632 	1.0618579
5.5555556e-05 	0.044812629 	0.0030354295 	1.0690551
0.00011111111 	0.037829873 	0.014281666 	1.0714268
0.00016666667 	0.03019211 	0.01943856 	1.0697319
0.00022222222 	0.022828387 	0.02164896 	1.0658114
0.00027777778 	0.01610243 	0.02280878 	1.06136
0.00033333333 	0.010098528 	0.02396775 	1.0573457
0.00038888889 	0.0047585025 	0.025312257 	1.0540546
0.00044444444 	3.8195974e-05 	0.026449244 	1.0514315
0.0005 	-0.0040075205 	0.02685214 	1.049371
0.00055555556 	-0.0072315547 	0.026115194 	1.0478165
0.00061111111 	-0.0094167329 	0.024101102 	1.0467411
0.00066666667 	-0.010314319 	0.020978496 	1.0460946
0.00072222222 	-0.0097263727 	0.0171883 	1.0457874
0.00077777778 	-0.0075834575 	0.01335909 	1.04571
0.00083333333 	-0.0039968196 	0.010127215 	1.0457538
0.00088888889 	0.00075605481 	0.0080167513 	1.0458015
0.00094444444 	0.0062882045 	0.0072007859 	1.0456608
0.001 	0.012610172 	0.0075421711 	1.0448855
0.0010617199 	0.019251799 	0.0085782355 	1.0426418
0.0011225874 	0.025354408 	0.0092574955 	1.0382683
0.0011826143 	0.030079006 	0.0088002551 	1.0320825
0.0012418122 	0.032154319 	0.0071935577 	1.0259196
0.0013001926 	0.030315687 	0.0051036227 	1.0223331
0.0013577668 	0.024077512 	0.0033969685 	1.0231012
0.0014145458 	0.014269038 	0.002163627 	1.0280873
0.0014705407 	0.0028545362 	2.5547604e-05 	1.0345135
0.0015257623 	-0.0074105661 	-0.0056657444 	1.0371486
0.0015802213 	-0.01359174 	-0.016134946 	1.0306563
0.0016339282 	-0.014677644 	-0.029533724 	1.0135346
0.0016868934 	-0.012874335 	-0.04141611 	0.99018201
0.0017391271 	-0.01183159 	-0.047866389 	0.96605281
0.0017906395 	-0.013884683 	-0.047751795 	0.94286017
0.0018414404 	-0.018080774 	-0.042408835 	0.92125084
0.0018915398 	-0.020722252 	-0.034624976 	0.90339212
0.0019409473 	-0.018710156 	-0.026423669 	0.89277371
0.0019896725 	-0.012625578 	-0.017671062 	0.89223865
0.0020377248 	-0.0054093473 	-0.0080873854 	0.90078635
0.0020851134 	0.00099341325 	0.001058488 	0.91408557
0.0021318476 	0.0058889446 	0.0083809455 	0.92808502
0.0021779364 	0.0092013638 	0.013471743 	0.94064052
0.0022233887 	0.011039482 	0.016536248 	0.95087722
0.0022682133 	0.011621735 	0.018046994 	0.95866592
0.0023124189 	0.011294282 	0.018628172 	0.96437516
0.0023560139 	0.010455208 	0.018832595 	0.96861846
0.0023990069 	0.0094811842 	0.019029803 	0.97189954
0.0024414062 	0.0086758883 	0.019284455 	0.97445367
0.0024832199 	0.0083087065 	0.019453076 	0.97621546
0.0025244562 	0.0085667538 	0.01928586 	0.97693919
0.002565123 	0.0095981224 	0.018536975 	0.97634886
0.0026052281 	0.011478589 	0.017060173 	0.97422913
0.0026447794 	0.014195371 	0.014835682 	0.97051043
0.0026837845 	0.017658495 	0.011962991 	0.96526877
0.0027222509 	0.021732266 	0.0086416784 	0.95868525
0.0027601861 	0.026245524 	0.0051145862 	0.9510364
0.0027975974 	0.031023465 	0.0016226754 	0.94263145
0.002834492 	0.035985715 	-0.001527688 	0.93392832
0.0028708772 	0.040975323 	-0.0041198624 	0.92535552
0.0029067598 	0.045739252 	-0.0059704264 	0.91732311
0.0029421469 	0.050004387 	-0.0069798882 	0.91020617
0.0029770452 	0.05350914 	-0.0071527089 	0.90430627
0.0030114616 	0.056020417 	-0.0066034066 	0.89979233
0.0030454028 	0.057364891 	-0.0055428768 	0.89667826
0.0030788752 	0.057417317 	-0.004215203 	0.8947643
0.0031118853 	0.056192671 	-0.002811014 	0.89382593
0.0031444395 	0.053838187 	-0.0013966388 	0.89370571
0.0031765442 	0.050461079 	8.9449456e-05 	0.8943496
0.0032082055 	0.046185712 	0.0018198864 	0.89585606
0.0032394295 	0.04125083 	0.0039753796 	0.89837615
0.0032702223 	0.035969479 	0.0066366612 	0.90192141
0.0033005899 	0.030690285 	0.0097331344 	0.90618065
0.0033305381 	0.025760226 	0.013054513 	0.91043367
0.0033600727 	0.021481303 	0.016310188 	0.91362018
0.0033891994 	0.018071159 	0.019206638 	0.91452419
0.0034179239 	0.015643951 	0.021522452 	0.91201831
0.0034462517 	0.014195846 	0.023182575 	0.90529449
0.0034741882 	0.013597134 	0.024311394 	0.89403346
0.003501739 	0.013591721 	0.025257356 	0.87850443
0.0035289093 	0.0138146 	0.026574872 	0.85958819
0.0035557043 	0.01383462 	0.028950559 	0.83869975
0.0035821293 	0.013225512 	0.033073529 	0.81757043
0.0036081894 	0.011661344 	0.039464846 	0.79785956
0.0036338895 	0.0090048526 	0.048297389 	0.78062616
0.0036592348 	0.005362326 	0.059249667 	0.76579613
0.00368423 	0.0010733177 	0.071451736 	0.75186044
0.00370888 	-0.0033505121 	0.083576215 	0.73601594
0.0037331896 	-0.0073625415 	0.094077212 	0.71475513
0.0037571635 	-0.010470602 	0.10150093 	0.68465154
0.0037808063 	-0.012294381 	0.10476514 	0.64304351
0.0038041226 	-0.012660248 	0.10335118 	0.58855939
0.0038271169 	-0.011647454 	0.097414462 	0.52165237
0.0038497936 	-0.0096040757 	0.087792506 	0.44511048
0.0038721572 	-0.0070824178 	0.07581654 	0.36392626
0.0038942119 	-0.0046573441 	0.062877603 	0.28386207
0.003915962 	-0.0027119401 	0.049918034 	0.20929529
0.0039374118 	-0.0013559856 	0.037133182 	0.14199395
0.0039585653 	-0.00051543064 	0.023959763 	0.081489218
0.0039794267 	-8.0249116e-05 	0.0091673298 	0.026180196
0.004 	0.00014720267 	0.0073105241 	0.039666432
