0 	-0.065887997 	-0.015735768 	1.0704906
5.5555556e-05 	0.046894828 	-0.051744933 	1.0667826
0.00011111111 	0.056015767 	-0.043335304 	1.0637363
0.00016666667 	0.06176942 	-0.036203889 	1.0605198
0.00022222222 	0.066121373 	-0.028836757 	1.0576842
0.00027777778 	0.069375707 	-0.021136695 	1.0555723
0.00033333333 	0.071695151 	-0.013416956 	1.0543013
0.00038888889 	0.073334837 	-0.0061188105 	1.0538647
0.00044444444 	0.074630296 	0.00032482738 	1.0542209
0.0005 	0.075928321 	0.0055983077 	1.0553358
0.00055555556 	0.077515794 	0.0095831144 	1.0571666
0.00061111111 	0.079573505 	0.012354951 	1.0596143
0.00066666667 	0.08215322 	0.014107107 	1.0625051
0.00072222222 	0.085201823 	0.015087095 	1.065611
0.00077777778 	0.088555081 	0.015498518 	1.0687428
0.00083333333 	0.092024245 	0.015550548 	1.0717554
0.00088888889 	0.095313131 	0.015339993 	1.0746324
0.00094444444 	0.098179796 	0.015021465 	1.0773851
0.001 	0.10048508 	0.014623427 	1.0800496
0.0010617451 	0.10171209 	0.014217002 	1.0826385
0.0011226367 	0.10172104 	0.014094645 	1.0849486
0.0011826866 	0.10073664 	0.01442922 	1.0868513
0.0012419064 	0.099040586 	0.015312299 	1.0882298
0.0013003077 	0.096984998 	0.016697635 	1.0890274
0.0013579017 	0.094885388 	0.018401122 	1.0892027
0.0014146996 	0.092948279 	0.020145479 	1.0887531
0.0014707124 	0.091295834 	0.021641403 	1.0877248
0.0015259509 	0.089968354 	0.022654884 	1.0862424
0.001580426 	0.088943049 	0.022983483 	1.0844948
0.001634148 	0.088157891 	0.022446791 	1.0826845
0.0016871274 	0.087545332 	0.020907696 	1.0809687
0.0017393745 	0.087073872 	0.018342314 	1.07941
0.0017908994 	0.086768859 	0.014901705 	1.0779587
0.0018417121 	0.086697254 	0.010938233 	1.0764699
0.0018918224 	0.086933863 	0.0069581069 	1.0747462
0.0019412401 	0.087526074 	0.0035148117 	1.072577
0.0019899746 	0.088476213 	0.0010848219 	1.069777
0.0020380356 	0.089751388 	-4.2769115e-05 	1.0662295
0.0020854322 	0.091295078 	0.00019910586 	1.0619063
0.0021321736 	0.093023491 	0.0016984611 	1.0568684
0.002178269 	0.094812475 	0.0042264777 	1.0512479
0.0022237272 	0.096477303 	0.0074928026 	1.0451865
0.002268557 	0.097790093 	0.01115661 	1.0387583
0.0023127672 	0.0985126 	0.014812715 	1.0318917
0.0023563662 	0.098451691 	0.017996566 	1.0243238
0.0023993626 	0.097491931 	0.020227768 	1.0156337
0.0024417647 	0.095582985 	0.021115169 	1.0054205
0.0024835806 	0.092696839 	0.020464198 	0.99363686
0.0025248186 	0.088753559 	0.018341103 	0.98100265
0.0025654865 	0.083627057 	0.014964228 	0.96917691
0.0026055923 	0.077300334 	0.010544797 	0.96026941
0.0026451437 	0.070096262 	0.0052255865 	0.95551695
0.0026841484 	0.062773484 	-0.00068279711 	0.95395436
0.002722614 	0.056196006 	-0.00647023 	0.95254504
0.0027605478 	0.05075579 	-0.011220472 	0.94812611
0.0027979573 	0.04613392 	-0.014287087 	0.93939743
0.0028348498 	0.041678144 	-0.015586554 	0.9267687
0.0028712322 	0.037098043 	-0.015776441 	0.91053856
0.0029071118 	0.032612036 	-0.016535803 	0.89058723
0.0029424953 	0.028153839 	-0.020452871 	0.86901029
0.0029773898 	0.022729493 	-0.029661786 	0.85178601
0.003011802 	0.015033569 	-0.044107032 	0.8453091
0.0030457385 	0.0047130008 	-0.061423718 	0.85049887
0.0030792059 	-0.0070548913 	-0.078640658 	0.86075635
0.0031122107 	-0.018152755 	-0.093909731 	0.86592319
0.0031447592 	-0.026709172 	-0.10688347 	0.85876853
0.0031768579 	-0.031974576 	-0.11785834 	0.83859997
0.0032085129 	-0.034323003 	-0.12674 	0.81003413
0.0032397303 	-0.034651339 	-0.1326019 	0.77946439
0.0032705162 	-0.033826416 	-0.13401262 	0.75215728
0.0033008765 	-0.032344181 	-0.12987588 	0.73058313
0.0033308172 	-0.03020563 	-0.12022992 	0.7139326
0.0033603441 	-0.027123444 	-0.10649079 	0.69916412
0.0033894627 	-0.022927432 	-0.091052693 	0.68315186
0.0034181789 	-0.01785042 	-0.076482627 	0.66445811
0.0034464982 	-0.012522349 	-0.064769636 	0.64365437
0.003474426 	-0.0077072901 	-0.056908939 	0.622398
0.0035019678 	-0.0039955835 	-0.052925455 	0.6022127
0.0035291288 	-0.0016365582 	-0.052162537 	0.58371724
0.0035559144 	-0.00052845452 	-0.053658229 	0.5664868
0.0035823298 	-0.00032472961 	-0.056431352 	0.54936329
0.0036083801 	-0.00057381951 	-0.059637822 	0.53094742
0.0036340702 	-0.00085055323 	-0.062612466 	0.51002146
0.0036594053 	-0.00085366467 	-0.064867013 	0.485842
0.0036843901 	-0.00045107497 	-0.066089284 	0.45826023
0.0037090296 	0.00032563801 	-0.066151832 	0.42769664
0.0037333285 	0.0013124536 	-0.065108808 	0.39498291
0.0037572915 	0.002288387 	-0.063155461 	0.36109949
0.0037809233 	0.003062649 	-0.060549533 	0.32688558
0.0038042285 	0.0035162303 	-0.057517916 	0.29283548
0.0038272115 	0.0036155127 	-0.054182381 	0.25905108
0.0038498768 	0.0033942895 	-0.050523624 	0.22533815
0.0038722288 	0.0029238868 	-0.0463827 	0.19137402
0.0038942718 	0.002289964 	-0.041487583 	0.15687515
0.0039160102 	0.0015823526 	-0.035494046 	0.12173068
0.003937448 	0.00089703193 	-0.02802893 	0.086104399
0.0039585896 	0.00034118503 	-0.018715764 	0.050526653
0.0039794389 	2.4357469e-05 	-0.0071557306 	0.016007199
0.004 	5.422379e-05 	-0.0083596592 	0.01487095
