0 	-0.0083887993 	-0.013198942 	1.0392302
2.0100503e-05 	-0.017083685 	0.0086395044 	1.0382374
4.0201005e-05 	-0.017083685 	0.0086395044 	1.0382374
6.0301508e-05 	-0.014886642 	0.017217558 	1.0362199
8.040201e-05 	-0.014886642 	0.017217558 	1.0362199
0.00010050251 	-0.014886642 	0.017217558 	1.0362199
0.00012060302 	-0.015950589 	0.020919139 	1.0335353
0.00014070352 	-0.015950589 	0.020919139 	1.0335353
0.00016080402 	-0.015950589 	0.020919139 	1.0335353
0.00018090452 	-0.017995059 	0.023678189 	1.0305831
0.00020100503 	-0.017995059 	0.023678189 	1.0305831
0.00022110553 	-0.017995059 	0.023678189 	1.0305831
0.00024120603 	-0.020322565 	0.026242902 	1.0275363
0.00026130653 	-0.020322565 	0.026242902 	1.0275363
0.00028140704 	-0.022640949 	0.029188799 	1.0243011
0.00030150754 	-0.022640949 	0.029188799 	1.0243011
0.00032160804 	-0.022640949 	0.029188799 	1.0243011
0.00034170854 	-0.024872594 	0.033017077 	1.0207197
0.00036180905 	-0.024872594 	0.033017077 	1.0207197
0.00038190955 	-0.024872594 	0.033017077 	1.0207197
0.00040201005 	-0.027104086 	0.038001428 	1.0167461
0.00042211055 	-0.027104086 	0.038001428 	1.0167461
0.00044221106 	-0.027104086 	0.038001428 	1.0167461
0.00046231156 	-0.029493395 	0.044097559 	1.0123838
0.00048241206 	-0.029493395 	0.044097559 	1.0123838
0.00050251256 	-0.032147424 	0.050959009 	1.0074507
0.00052261307 	-0.032147424 	0.050959009 	1.0074507
0.00054271357 	-0.032147424 	0.050959009 	1.0074507
0.00056281407 	-0.035018249 	0.058005201 	1.0014248
0.00058291457 	-0.035018249 	0.058005201 	1.0014248
0.00060301508 	-0.035018249 	0.058005201 	1.0014248
0.00062311558 	-0.037864148 	0.064508855 	0.99358495
0.00064321608 	-0.037864148 	0.064508855 	0.99358495
0.00066331658 	-0.037864148 	0.064508855 	0.99358495
0.00068341709 	-0.040321094 	0.069698679 	0.98347838
0.00070351759 	-0.040321094 	0.069698679 	0.98347838
0.00072361809 	-0.042099952 	0.072938741 	0.97145823
0.00074371859 	-0.042099952 	0.072938741 	0.97145823
0.0007638191 	-0.042099952 	0.072938741 	0.97145823
0.0007839196 	-0.043200205 	0.073993795 	0.95879189
0.0008040201 	-0.043200205 	0.073993795 	0.95879189
0.0008241206 	-0.043200205 	0.073993795 	0.95879189
0.00084422111 	-0.043940927 	0.073167527 	0.94704968
0.00086432161 	-0.043940927 	0.073167527 	0.94704968
0.00088442211 	-0.043940927 	0.073167527 	0.94704968
0.00090452261 	-0.044775769 	0.071114532 	0.93727356
0.00092462312 	-0.044775769 	0.071114532 	0.93727356
0.00094472362 	-0.046048363 	0.068476187 	0.92973519
0.00096482412 	-0.046048363 	0.068476187 	0.92973519
0.00098492462 	-0.046048363 	0.068476187 	0.92973519
0.0010050251 	-0.047875112 	0.065515836 	0.92391841
0.0010251256 	-0.047875112 	0.065515836 	0.92391841
0.0010452261 	-0.047875112 	0.065515836 	0.92391841
0.0010653266 	-0.050371833 	0.062515875 	0.91982391
0.0010854271 	-0.050371833 	0.062515875 	0.91982391
0.0011055276 	-0.050371833 	0.062515875 	0.91982391
0.0011256281 	-0.053046778 	0.060111657 	0.91698952
0.0011457286 	-0.053046778 	0.060111657 	0.91698952
0.0011658291 	-0.053046778 	0.060111657 	0.91698952
0.0011859296 	-0.055536989 	0.058339164 	0.9146318
0.0012060302 	-0.055536989 	0.058339164 	0.9146318
0.0012261307 	-0.055536989 	0.058339164 	0.9146318
0.0012462312 	-0.057465013 	0.057264362 	0.91227136
0.0012663317 	-0.057465013 	0.057264362 	0.91227136
0.0012864322 	-0.057465013 	0.057264362 	0.91227136
0.0013065327 	-0.058555876 	0.056824196 	0.9097867
0.0013266332 	-0.058555876 	0.056824196 	0.9097867
0.0013467337 	-0.058555876 	0.056824196 	0.9097867
0.0013668342 	-0.058710847 	0.05687688 	0.90737836
0.0013869347 	-0.058710847 	0.05687688 	0.90737836
0.0014070352 	-0.058710847 	0.05687688 	0.90737836
0.0014271357 	-0.058037294 	0.057125484 	0.90541702
0.0014472362 	-0.058037294 	0.057125484 	0.90541702
0.0014673367 	-0.058037294 	0.057125484 	0.90541702
0.0014874372 	-0.05680141 	0.057101311 	0.90432404
0.0015075377 	-0.05680141 	0.057101311 	0.90432404
0.0015276382 	-0.055328712 	0.056215541 	0.9044798
0.0015477387 	-0.055328712 	0.056215541 	0.9044798
0.0015678392 	-0.055328712 	0.056215541 	0.9044798
0.0015879397 	-0.053901789 	0.053874657 	0.90614365
0.0016080402 	-0.053901789 	0.053874657 	0.90614365
0.0016281407 	-0.053901789 	0.053874657 	0.90614365
0.0016482412 	-0.052678685 	0.049600094 	0.90934982
0.0016683417 	-0.052678685 	0.049600094 	0.90934982
0.0016884422 	-0.05162881 	0.043109088 	0.91380046
0.0017085427 	-0.05162881 	0.043109088 	0.91380046
0.0017286432 	-0.05162881 	0.043109088 	0.91380046
0.0017487437 	-0.050541307 	0.034328052 	0.91883519
0.0017688442 	-0.050541307 	0.034328052 	0.91883519
0.0017889447 	-0.050541307 	0.034328052 	0.91883519
0.0018090452 	-0.049039854 	0.023412765 	0.92353763
0.0018291457 	-0.049039854 	0.023412765 	0.92353763
0.0018492462 	-0.046669431 	0.010767857 	0.92702732
0.0018693467 	-0.046669431 	0.010767857 	0.92702732
0.0018894472 	-0.046669431 	0.010767857 	0.92702732
0.0019095477 	-0.043233558 	-0.0029256708 	0.92872649
0.0019296482 	-0.043233558 	-0.0029256708 	0.92872649
0.0019497487 	-0.038707424 	-0.016707407 	0.92854379
0.0019698492 	-0.038707424 	-0.016707407 	0.92854379
0.0019899497 	-0.033157347 	-0.029377774 	0.92688089
0.0020100503 	-0.033157347 	-0.029377774 	0.92688089
0.0020301508 	-0.033157347 	-0.029377774 	0.92688089
0.0020502513 	-0.02689231 	-0.03963906 	0.92437849
0.0020703518 	-0.02689231 	-0.03963906 	0.92437849
0.0020904523 	-0.020394223 	-0.046364706 	0.92166374
0.0021105528 	-0.020394223 	-0.046364706 	0.92166374
0.0021306533 	-0.020394223 	-0.046364706 	0.92166374
0.0021507538 	-0.014237714 	-0.048991551 	0.91922844
0.0021708543 	-0.014237714 	-0.048991551 	0.91922844
0.0021909548 	-0.0090083871 	-0.047683535 	0.91734879
0.0022110553 	-0.0090083871 	-0.047683535 	0.91734879
0.0022311558 	-0.0051952397 	-0.043314781 	0.91601055
0.0022512563 	-0.0051952397 	-0.043314781 	0.91601055
0.0022713568 	-0.0030611481 	-0.037217999 	0.91487555
0.0022914573 	-0.0030611481 	-0.037217999 	0.91487555
0.0023115578 	-0.0030611481 	-0.037217999 	0.91487555
0.0023316583 	-0.0025599122 	-0.030745654 	0.91336046
0.0023517588 	-0.0025599122 	-0.030745654 	0.91336046
0.0023718593 	-0.0033654893 	-0.024872668 	0.91091734
0.0023919598 	-0.0033654893 	-0.024872668 	0.91091734
0.0024120603 	-0.0050192005 	-0.02001311 	0.90737083
0.0024321608 	-0.0050192005 	-0.02001311 	0.90737083
0.0024522613 	-0.0070943601 	-0.016095082 	0.90307669
0.0024723618 	-0.0070943601 	-0.016095082 	0.90307669
0.0024924623 	-0.0092970682 	-0.012801151 	0.8987529
0.0025125628 	-0.0092970682 	-0.012801151 	0.8987529
0.0025326633 	-0.011480723 	-0.0098054155 	0.89510863
0.0025527638 	-0.011480723 	-0.0098054155 	0.89510863
0.0025728643 	-0.013588931 	-0.0069040596 	0.89249626
0.0025929648 	-0.013588931 	-0.0069040596 	0.89249626
0.0026130653 	-0.015585145 	-0.0040377898 	0.8907491
0.0026331658 	-0.015585145 	-0.0040377898 	0.8907491
0.0026532663 	-0.017490409 	-0.0012698931 	0.8892797
0.0026733668 	-0.017490409 	-0.0012698931 	0.8892797
0.0026934673 	-0.019356077 	0.0012524665 	0.8873745
0.0027135678 	-0.019356077 	0.0012524665 	0.8873745
0.0027336683 	-0.021210588 	0.0033232707 	0.88452389
0.0027537688 	-0.021210588 	0.0033232707 	0.88452389
0.0027738693 	-0.023051842 	0.0047653947 	0.88063578
0.0027939698 	-0.023051842 	0.0047653947 	0.88063578
0.0028140704 	-0.024820774 	0.00552134 	0.87597773
0.0028341709 	-0.024820774 	0.00552134 	0.87597773
0.0028542714 	-0.026429539 	0.0056799404 	0.87097974
0.0028743719 	-0.027776657 	0.0054319139 	0.86605449
0.0028944724 	-0.027776657 	0.0054319139 	0.86605449
0.0029145729 	-0.028776338 	0.0049884878 	0.86150368
0.0029346734 	-0.028776338 	0.0049884878 	0.86150368
0.0029547739 	-0.029377755 	0.0045260627 	0.85750131
0.0029748744 	-0.029377755 	0.0045260627 	0.85750131
0.0029949749 	-0.029554484 	0.004157776 	0.85411445
0.0030150754 	-0.029304253 	0.0039321677 	0.85132913
0.0030351759 	-0.029304253 	0.0039321677 	0.85132913
0.0030552764 	-0.028636582 	0.0038444532 	0.84906915
0.0030753769 	-0.028636582 	0.0038444532 	0.84906915
0.0030954774 	-0.02757998 	0.0038507823 	0.84720398
0.0031155779 	-0.026175778 	0.0038757792 	0.84556068
0.0031356784 	-0.026175778 	0.0038757792 	0.84556068
0.0031557789 	-0.024469398 	0.0038088986 	0.84394459
0.0031758794 	-0.024469398 	0.0038088986 	0.84394459
0.0031959799 	-0.022536469 	0.0035059784 	0.8421648
0.0032160804 	-0.02047164 	0.002791448 	0.84006397
0.0032361809 	-0.02047164 	0.002791448 	0.84006397
0.0032562814 	-0.018402068 	0.0014676203 	0.83753199
0.0032763819 	-0.016464786 	-0.00067097218 	0.83450704
0.0032964824 	-0.016464786 	-0.00067097218 	0.83450704
0.0033165829 	-0.014840633 	-0.0038137233 	0.8309599
0.0033366834 	-0.013711913 	-0.0081201568 	0.82686678
0.0033567839 	-0.013711913 	-0.0081201568 	0.82686678
0.0033768844 	-0.013208099 	-0.013699915 	0.82216284
0.0033969849 	-0.013421842 	-0.020579155 	0.8167127
0.0034170854 	-0.013421842 	-0.020579155 	0.8167127
0.0034371859 	-0.01436266 	-0.028671424 	0.81029468
0.0034572864 	-0.015946862 	-0.03773865 	0.80258836
0.0034773869 	-0.017998129 	-0.047364535 	0.79315639
0.0034974874 	-0.017998129 	-0.047364535 	0.79315639
0.0035175879 	-0.020258043 	-0.056958828 	0.78140833
0.0035376884 	-0.022413414 	-0.065814141 	0.76655664
0.0035577889 	-0.02413953 	-0.073220955 	0.74760909
0.0035778894 	-0.02413953 	-0.073220955 	0.74760909
0.0035979899 	-0.025152482 	-0.078607101 	0.72346575
0.0036180905 	-0.025262005 	-0.081668227 	0.69317629
0.003638191 	-0.024416938 	-0.082404846 	0.65633263
0.0036582915 	-0.024416938 	-0.082404846 	0.65633263
0.003678392 	-0.022723407 	-0.081063593 	0.6134624
0.0036984925 	-0.020419069 	-0.078002547 	0.56618186
0.003718593 	-0.017808507 	-0.073568233 	0.51690206
0.0037386935 	-0.015180684 	-0.068056322 	0.46812919
0.003758794 	-0.012741721 	-0.061747865 	0.42170879
0.0037788945 	-0.012741721 	-0.061747865 	0.42170879
0.003798995 	-0.010589197 	-0.0549502 	0.37842073
0.0038190955 	-0.008728034 	-0.047992161 	0.33805674
0.003839196 	-0.0071088581 	-0.041181288 	0.29979428
0.0038592965 	-0.0056670352 	-0.034757323 	0.26259661
0.003879397 	-0.0043510703 	-0.028862117 	0.2254851
0.0038994975 	-0.0031385512 	-0.023524319 	0.18766793
0.003919598 	-0.0020420277 	-0.018647378 	0.14857816
0.0039396985 	-0.0011087919 	-0.013992233 	0.10788709
0.003959799 	-0.0004129413 	-0.0091540189 	0.065556794
0.0039798995 	-4.0113917e-05 	-0.0035497041 	0.021988421
0.004 	-4.0113917e-05 	-0.0035497041 	0.021988421
