0 	-0.00026801539 	-0.023787554 	1.0298793
5.5555625e-05 	-0.012686407 	-0.020123615 	1.0310543
0.00011111111 	-0.01680534 	-0.016905465 	1.0332139
0.00016666667 	-0.019291436 	-0.013972495 	1.0363428
0.00022222222 	-0.020996609 	-0.010798086 	1.0402979
0.00027777778 	-0.022003647 	-0.0072162624 	1.0448189
0.00033333333 	-0.022257261 	-0.0033930735 	1.0495863
0.00038888889 	-0.021742095 	0.00017573687 	1.0542844
0.00044444444 	-0.020554233 	0.0027826496 	1.058611
0.0005 	-0.018894661 	0.0037460536 	1.0621779
0.00055555556 	-0.017034581 	0.0027172435 	1.0642952
0.00061111111 	-0.015275678 	-0.00013205151 	1.0637288
0.00066666667 	-0.013927022 	-0.0041257134 	1.0586238
0.00072222222 	-0.013246753 	-0.0083198936 	1.0471628
0.00077777778 	-0.013421916 	-0.011979371 	1.0293736
0.00083333333 	-0.01451244 	-0.014993889 	1.0087661
0.00088888889 	-0.016218721 	-0.017741037 	0.99082173
0.00094444444 	-0.017878658 	-0.020498332 	0.9789108
0.001 	-0.019025531 	-0.023321431 	0.97227762
0.0010617199 	-0.019066912 	-0.025875488 	0.96957026
0.0011225874 	-0.018074224 	-0.027894776 	0.96843621
0.0011826143 	-0.01606711 	-0.029724237 	0.96765265
0.0012418122 	-0.013203828 	-0.031685097 	0.9667354
0.0013001926 	-0.0096370173 	-0.034034147 	0.96552981
0.0013577668 	-0.005488813 	-0.036837433 	0.96401489
0.0014145458 	-0.0009256159 	-0.040027256 	0.96225524
0.0014705407 	0.0038561703 	-0.04342162 	0.96038277
0.0015257623 	0.0086677748 	-0.046781406 	0.95854505
0.0015802213 	0.013348984 	-0.049863173 	0.95680518
0.0016339282 	0.017766771 	-0.052477027 	0.9550527
0.0016868934 	0.021817524 	-0.054566018 	0.95301138
0.0017391271 	0.025414216 	-0.056156913 	0.95036324
0.0017906395 	0.028467427 	-0.05733692 	0.94690642
0.0018414404 	0.030879854 	-0.058155303 	0.94267155
0.0018915398 	0.032555119 	-0.058609797 	0.93791786
0.0019409473 	0.033402915 	-0.058620682 	0.93310414
0.0019896725 	0.033339092 	-0.058065624 	0.9287537
0.0020377248 	0.03231788 	-0.056829807 	0.92534035
0.0020851134 	0.030405511 	-0.054833856 	0.92320004
0.0021318476 	0.027746048 	-0.052073952 	0.92246962
0.0021779364 	0.024530717 	-0.048637555 	0.92309543
0.0022233887 	0.020983935 	-0.04468047 	0.92487036
0.0022682133 	0.017301878 	-0.040403998 	0.92749095
0.0023124189 	0.013656206 	-0.036037219 	0.93059441
0.0023560139 	0.010204653 	-0.031797113 	0.93377504
0.0023990069 	0.0070972058 	-0.027901106 	0.936606
0.0024414062 	0.0044445414 	-0.024523042 	0.9386647
0.0024832199 	0.0023253917 	-0.021777948 	0.93960285
0.0025244562 	0.0007640214 	-0.019716285 	0.9392153
0.002565123 	-0.0002654334 	-0.018325081 	0.93749892
0.0026052281 	-0.00080695993 	-0.017529851 	0.93464419
0.0026447794 	-0.00087360356 	-0.017182369 	0.93094245
0.0026837845 	-0.00040212282 	-0.017029035 	0.92660656
0.0027222509 	0.00075654847 	-0.016695296 	0.9216224
0.0027601861 	0.0028337543 	-0.015731095 	0.91574555
0.0027975974 	0.0060002729 	-0.013739723 	0.90871214
0.002834492 	0.010264357 	-0.010533216 	0.90050969
0.0028708772 	0.015390378 	-0.0062226381 	0.89146108
0.0029067598 	0.02110895 	-0.001187954 	0.882064
0.0029421469 	0.027058238 	0.0040977253 	0.87276116
0.0029770452 	0.032709802 	0.0092081899 	0.86378168
0.0030114616 	0.037542713 	0.013815933 	0.85526483
0.0030454028 	0.041035934 	0.017639546 	0.84753337
0.0030788752 	0.042773054 	0.02037915 	0.84114507
0.0031118853 	0.042447578 	0.02170374 	0.83668927
0.0031444395 	0.039883375 	0.021298405 	0.83455405
0.0031765442 	0.03514846 	0.018996354 	0.83481923
0.0032082055 	0.028473254 	0.014879561 	0.8372839
0.0032394295 	0.020235311 	0.0093401556 	0.84158883
0.0032702223 	0.011025444 	0.0030692922 	0.84724787
0.0033005899 	0.0015704172 	-0.0031186892 	0.85360419
0.0033305381 	-0.0073355191 	-0.0085126406 	0.85967664
0.0033600727 	-0.014914177 	-0.012658302 	0.86406709
0.0033891994 	-0.020493329 	-0.015361899 	0.8650191
0.0034179239 	-0.02359232 	-0.016612754 	0.86066609
0.0034462517 	-0.024002047 	-0.01649541 	0.84938928
0.0034741882 	-0.021832697 	-0.015167629 	0.83017796
0.003501739 	-0.017511703 	-0.012887937 	0.80288061
0.0035289093 	-0.011745037 	-0.010057964 	0.76830315
0.0035557043 	-0.0054349735 	-0.007221611 	0.72814344
0.0035821293 	0.00042376003 	-0.0049900575 	0.68481638
0.0036081894 	0.0049040996 	-0.0038804949 	0.64108963
0.0036338895 	0.0073877428 	-0.0041072497 	0.59948057
0.0036592348 	0.0076999624 	-0.0054852393 	0.56164646
0.00368423 	0.0061378595 	-0.0075002005 	0.52798652
0.00370888 	0.0034030039 	-0.0095718023 	0.49765608
0.0037331896 	0.00031604111 	-0.011311518 	0.46904088
0.0037571635 	-0.0023340126 	-0.012561808 	0.44040618
0.0037808063 	-0.0040259552 	-0.013257618 	0.41042991
0.0038041226 	-0.0047149303 	-0.013316244 	0.37847663
0.0038271169 	-0.0045932863 	-0.012672583 	0.34445517
0.0038497936 	-0.0039124138 	-0.011373511 	0.30842397
0.0038721572 	-0.0029434163 	-0.0095763885 	0.2702792
0.0038942119 	-0.0019183647 	-0.007504152 	0.22959671
0.003915962 	-0.0010198258 	-0.0053954241 	0.18571008
0.0039374118 	-0.00036817341 	-0.0034717917 	0.13792037
0.0039585653 	-1.0764891e-05 	-0.0018874557 	0.085817974
0.0039794267 	3.6227731e-05 	-0.000636071 	0.029653312
0.004 	3.6227731e-05 	-0.000636071 	0.029653312
