0 	-0.018210176 	-0.039045589 	1.0372399
5.5555556e-05 	0.039645997 	-0.01155135 	1.0571167
0.00011111111 	0.038620327 	-0.011519012 	1.0654082
0.00016666667 	0.036303557 	-0.012421224 	1.0714058
0.00022222222 	0.032971829 	-0.012329489 	1.0748078
0.00027777778 	0.029062648 	-0.011139039 	1.0758232
0.00033333333 	0.025194879 	-0.0092881852 	1.0748838
0.00038888889 	0.0219482 	-0.0072022928 	1.0724038
0.00044444444 	0.019674583 	-0.0050583585 	1.0687011
0.0005 	0.018430591 	-0.0028067957 	1.0640147
0.00055555556 	0.01802203 	-0.00033569967 	1.0585362
0.00061111111 	0.018095814 	0.0023709074 	1.0524391
0.00066666667 	0.018236459 	0.0051684616 	1.0459089
0.00072222222 	0.018047681 	0.0077825538 	1.0391662
0.00077777778 	0.017221799 	0.0099341705 	1.0324697
0.00083333333 	0.015628854 	0.011472323 	1.0260972
0.00088888889 	0.013292583 	0.012471674 	1.0203397
0.00094444444 	0.010466241 	0.013156001 	1.0154984
0.001 	0.0072176997 	0.013956699 	1.0115804
0.0010617451 	0.0039191055 	0.015250361 	1.0089891
0.0011226367 	0.0010602105 	0.017309836 	1.0075882
0.0011826866 	-0.0011943836 	0.02050908 	1.0067961
0.0012419064 	-0.0028464671 	0.025112092 	1.006059
0.0013003077 	-0.0039806687 	0.03104138 	1.0050473
0.0013579017 	-0.004701911 	0.037661691 	1.0036123
0.0014146996 	-0.0050774749 	0.043811452 	1.0017035
0.0014707124 	-0.0051000764 	0.048177311 	0.99937056
0.0015259509 	-0.0047204021 	0.049759241 	0.99687088
0.001580426 	-0.0039471047 	0.048233806 	0.99471428
0.001634148 	-0.0028258719 	0.043954826 	0.99351727
0.0016871274 	-0.0013742842 	0.037720194 	0.99371147
0.0017393745 	0.00045921646 	0.030532283 	0.995378
0.0017908994 	0.002781566 	0.023331049 	0.99831195
0.0018417121 	0.0056888148 	0.016924297 	1.0022596
0.0018918224 	0.0090957777 	0.011985694 	1.0070932
0.0019412401 	0.012733415 	0.0091308652 	1.0128842
0.0019899746 	0.016297165 	0.0088253384 	1.0198152
0.0020380356 	0.019516334 	0.011145233 	1.0279729
0.0020854322 	0.022177416 	0.015511268 	1.0370544
0.0021321736 	0.02412495 	0.020620181 	1.0461656
0.002178269 	0.025145576 	0.024756323 	1.0538263
0.0022237272 	0.024749944 	0.02617321 	1.0582014
0.002268557 	0.022440534 	0.023852392 	1.0575732
0.0023127672 	0.017712396 	0.0176169 	1.0510162
0.0023563662 	0.010126849 	0.0081487592 	1.038962
0.0023993626 	-0.0002652325 	-0.0033457453 	1.0230827
0.0024417647 	-0.012335165 	-0.015456332 	1.0050603
0.0024835806 	-0.024129561 	-0.026561061 	0.98564631
0.0025248186 	-0.034148268 	-0.034861662 	0.96534994
0.0025654865 	-0.04192091 	-0.03953679 	0.94489813
0.0026055923 	-0.047474163 	-0.041145702 	0.92484321
0.0026451437 	-0.05096938 	-0.04079884 	0.90528914
0.0026841484 	-0.052624347 	-0.039205944 	0.88612388
0.002722614 	-0.052681746 	-0.03621176 	0.86745971
0.0027605478 	-0.051412149 	-0.03099259 	0.84984436
0.0027979573 	-0.049131471 	-0.022688704 	0.83428891
0.0028348498 	-0.046222961 	-0.011202707 	0.82200182
0.0028712322 	-0.043133935 	0.0021972968 	0.814
0.0029071118 	-0.040243036 	0.014969347 	0.81059747
0.0029424953 	-0.037598223 	0.024168123 	0.81125185
0.0029773898 	-0.034957805 	0.027700451 	0.81415481
0.003011802 	-0.032070273 	0.025231436 	0.8160232
0.0030457385 	-0.028732045 	0.018217113 	0.81241362
0.0030792059 	-0.024931607 	0.009120825 	0.79904033
0.0031122107 	-0.021020502 	0.00050165635 	0.77374716
0.0031447592 	-0.017795566 	-0.0055669867 	0.73808222
0.0031768579 	-0.016245834 	-0.0077716914 	0.6972473
0.0032085129 	-0.017102898 	-0.0058014286 	0.6578354
0.0032397303 	-0.020464528 	-0.0003947756 	0.62484513
0.0032705162 	-0.025635233 	0.0070765327 	0.59996031
0.0033008765 	-0.031433687 	0.015234129 	0.58193349
0.0033308172 	-0.036772889 	0.023039595 	0.56812896
0.0033603441 	-0.04093593 	0.029769224 	0.55600413
0.0033894627 	-0.043608756 	0.0349127 	0.54378501
0.0034181789 	-0.044875058 	0.038133643 	0.53073715
0.0034464982 	-0.045078784 	0.039335482 	0.51700776
0.003474426 	-0.044628328 	0.038684967 	0.50324608
0.0035019678 	-0.043860815 	0.036520298 	0.49019415
0.0035291288 	-0.042980849 	0.033224299 	0.4784052
0.0035559144 	-0.042056443 	0.029139538 	0.4681091
0.0035823298 	-0.041052316 	0.024544372 	0.45916829
0.0036083801 	-0.039879028 	0.019680573 	0.45108401
0.0036340702 	-0.038439097 	0.014796011 	0.44305605
0.0036594053 	-0.036655998 	0.010164856 	0.43411258
0.0036843901 	-0.034485204 	0.0060654379 	0.42330077
0.0037090296 	-0.031931148 	0.0027323615 	0.40982085
0.0037333285 	-0.029032011 	0.00032291733 	0.39316498
0.0037572915 	-0.025852384 	-0.0011002532 	0.37311281
0.0037809233 	-0.02247362 	-0.0015692293 	0.34967858
0.0038042285 	-0.01898975 	-0.0012004398 	0.32303299
0.0038272115 	-0.015504084 	-0.00018218347 	0.29342797
0.0038498768 	-0.012127812 	0.0012364834 	0.26113704
0.0038722288 	-0.0089773635 	0.0027563835 	0.22641276
0.0038942718 	-0.0061672533 	0.0040447024 	0.18945979
0.0039160102 	-0.0037983791 	0.004765466 	0.15043118
0.003937448 	-0.0019507625 	0.0046283884 	0.1094643
0.0039585896 	-0.00068509182 	0.0034613933 	0.066759529
0.0039794389 	-5.9434684e-05 	0.0013277876 	0.022660137
0.004 	-2.2557721e-05 	0.0022276005 	0.017356964
