0 	-0.0059438611 	0.028784614 	1.0429872
5.5555556e-05 	0.0096102001 	0.026857059 	1.0442106
0.00011111111 	0.014428731 	0.023615611 	1.0454806
0.00016666667 	0.016914792 	0.020799784 	1.0466618
0.00022222222 	0.01844008 	0.018206168 	1.0476356
0.00027777778 	0.019386576 	0.015757863 	1.0482901
0.00033333333 	0.019902892 	0.013454515 	1.0485137
0.00038888889 	0.020066378 	0.011333899 	1.0481996
0.00044444444 	0.019924652 	0.0094576362 	1.0472576
0.0005 	0.019496762 	0.0079103466 	1.0456325
0.00055555556 	0.018764202 	0.0068042267 	1.0433326
0.00061111111 	0.017670993 	0.0062645516 	1.0404591
0.00066666667 	0.016128053 	0.0063996412 	1.037238
0.00072222222 	0.014039868 	0.0072482513 	1.0340362
0.00077777778 	0.011368022 	0.0087501013 	1.0312992
0.00083333333 	0.0082133409 	0.010737396 	1.0293359
0.00088888889 	0.0049039832 	0.013009622 	1.0279648
0.00094444444 	0.0020383452 	0.015306439 	1.0263669
0.001 	-8.7026595e-05 	0.017410304 	1.0234332
0.0010617199 	-0.00084245874 	0.018826943 	1.0187217
0.0011225874 	-0.00047139514 	0.019352109 	1.0135689
0.0011826143 	0.00054361433 	0.019210085 	1.0094117
0.0012418122 	0.0019189862 	0.018999062 	1.0070813
0.0013001926 	0.0035499077 	0.019428816 	1.0066942
0.0013577668 	0.0054440097 	0.02109975 	1.0079259
0.0014145458 	0.0076511111 	0.024344421 	1.0102514
0.0014705407 	0.010187566 	0.029187616 	1.0131063
0.0015257623 	0.013018655 	0.035372737 	1.0160044
0.0015802213 	0.016065465 	0.04243238 	1.0186077
0.0016339282 	0.019217391 	0.049725345 	1.0207564
0.0016868934 	0.02232916 	0.056510359 	1.0224489
0.0017391271 	0.025239743 	0.06205739 	1.0237477
0.0017906395 	0.027774985 	0.065832487 	1.0246413
0.0018414404 	0.029762182 	0.067650403 	1.0248983
0.0018915398 	0.031147857 	0.06767165 	1.0239818
0.0019409473 	0.03198396 	0.066202177 	1.0211864
0.0019896725 	0.032505748 	0.063539228 	1.0159319
0.0020377248 	0.032929092 	0.059907981 	1.0082242
0.0020851134 	0.033223527 	0.055448899 	0.998918
0.0021318476 	0.033256207 	0.05010924 	0.98949357
0.0021779364 	0.032923029 	0.043619863 	0.98124392
0.0022233887 	0.032280692 	0.035576516 	0.97454087
0.0022682133 	0.031475695 	0.025745292 	0.96875014
0.0023124189 	0.030555129 	0.014401143 	0.96280891
0.0023560139 	0.029422491 	0.002511132 	0.95592118
0.0023990069 	0.027890198 	-0.0084855557 	0.94794621
0.0024414062 	0.02581029 	-0.017162404 	0.93938944
0.0024832199 	0.023211108 	-0.022450275 	0.93105533
0.0025244562 	0.020349991 	-0.023669291 	0.9235899
0.002565123 	0.017645872 	-0.020475341 	0.91720081
0.0026052281 	0.01553425 	-0.012946074 	0.91173458
0.0026447794 	0.014341187 	-0.0017322428 	0.90696266
0.0026837845 	0.014291754 	0.01192681 	0.90273587
0.0027222509 	0.015475093 	0.026411927 	0.89888091
0.0027601861 	0.017807058 	0.040045783 	0.8950089
0.0027975974 	0.021051707 	0.051360462 	0.89044312
0.002834492 	0.024812425 	0.059309787 	0.88438419
0.0028708772 	0.028580012 	0.063425264 	0.8762448
0.0029067598 	0.031825704 	0.063848624 	0.86596314
0.0029421469 	0.034095212 	0.061181096 	0.85411938
0.0029770452 	0.035074234 	0.056207909 	0.84178792
0.0030114616 	0.034599702 	0.049649754 	0.83020656
0.0030454028 	0.032644784 	0.042039603 	0.82042489
0.0030788752 	0.029301401 	0.033732683 	0.8130868
0.0031118853 	0.024766197 	0.024939996 	0.80834892
0.0031444395 	0.019339005 	0.015857716 	0.80596173
0.0031765442 	0.013371132 	0.0067195551 	0.80531593
0.0032082055 	0.0072453365 	-0.0021351537 	0.80552658
0.0032394295 	0.0013839253 	-0.010241868 	0.80550918
0.0032702223 	-0.003805134 	-0.017048885 	0.80407302
0.0033005899 	-0.0080006708 	-0.021971548 	0.80008901
0.0033305381 	-0.011000729 	-0.024504105 	0.79268124
0.0033600727 	-0.012764976 	-0.024343544 	0.78141055
0.0033891994 	-0.013422152 	-0.02152659 	0.76636724
0.0034179239 	-0.013246421 	-0.016529088 	0.74813176
0.0034462517 	-0.012587345 	-0.010270085 	0.7275926
0.0034741882 	-0.011802446 	-0.0039697184 	0.70567918
0.003501739 	-0.01116121 	0.0011180671 	0.68316817
0.0035289093 	-0.010767217 	0.0040004208 	0.66056501
0.0035557043 	-0.010610756 	0.0041637855 	0.63815954
0.0035821293 	-0.010615223 	0.0016502745 	0.61607834
0.0036081894 	-0.010652055 	-0.0030175382 	0.5942792
0.0036338895 	-0.010578003 	-0.0089974398 	0.57249683
0.0036592348 	-0.010306219 	-0.015316408 	0.55021019
0.00368423 	-0.0098125198 	-0.021050745 	0.52677801
0.00370888 	-0.0091027956 	-0.025472978 	0.50161406
0.0037331896 	-0.0082112607 	-0.02814124 	0.47433202
0.0037571635 	-0.0071949412 	-0.028915275 	0.44476944
0.0037808063 	-0.0061234853 	-0.027918867 	0.41289958
0.0038041226 	-0.0050652459 	-0.025471309 	0.37870648
0.0038271169 	-0.0040736911 	-0.022006641 	0.34211302
0.0038497936 	-0.0031795716 	-0.017995988 	0.30300409
0.0038721572 	-0.0023917684 	-0.01388553 	0.26131974
0.0038942119 	-0.0017054302 	-0.010055501 	0.21715567
0.003915962 	-0.0011136606 	-0.0067948384 	0.17081779
0.0039374118 	-0.00061956617 	-0.0042723404 	0.12281328
0.0039585653 	-0.00024507972 	-0.0024672236 	0.073797879
0.0039794267 	-2.7946968e-05 	-0.0010137964 	0.024519975
0.004 	-2.7946968e-05 	-0.0010137964 	0.024519975
