0 	0.0023283778 	0.012178877 	1.0357562
5.5555625e-05 	0.005818095 	0.0059272937 	1.030714
0.00011111111 	0.003904646 	0.0019843963 	1.0252806
0.00016666667 	0.00084165492 	-0.00022788483 	1.0199381
0.00022222222 	-0.0025684256 	-0.00076960871 	1.0149961
0.00027777778 	-0.0057351198 	0.00026664911 	1.0107131
0.00033333333 	-0.0081467589 	0.0025338668 	1.0073586
0.00038888889 	-0.0095229206 	0.0054300321 	1.0051076
0.00044444444 	-0.0099195248 	0.0082156074 	1.0038869
0.0005 	-0.0096393564 	0.010253049 	1.003399
0.00055555556 	-0.0090220913 	0.011213707 	1.0033196
0.00061111111 	-0.0083723441 	0.011148466 	1.0034308
0.00066666667 	-0.007948998 	0.010356357 	1.0035939
0.00072222222 	-0.0079736463 	0.0091988888 	1.0035825
0.00077777778 	-0.0085875696 	0.0080088958 	1.0029451
0.00083333333 	-0.0097481739 	0.0070767121 	1.0011578
0.00088888889 	-0.011355511 	0.0065967077 	0.99807206
0.00094444444 	-0.013233163 	0.0067588545 	0.99413188
0.001 	-0.015319923 	0.0076534081 	0.98978487
0.0010617199 	-0.017554748 	0.009852341 	0.98582381
0.0011225874 	-0.01986708 	0.013821295 	0.98263525
0.0011826143 	-0.022203932 	0.01974478 	0.97983971
0.0012418122 	-0.024505559 	0.027681667 	0.97669233
0.0013001926 	-0.026215849 	0.037386856 	0.97279677
0.0013577668 	-0.026902908 	0.048069974 	0.96911226
0.0014145458 	-0.026766897 	0.05860148 	0.9681374
0.0014705407 	-0.026341983 	0.068250647 	0.97228977
0.0015257623 	-0.025939447 	0.076863585 	0.98199781
0.0015802213 	-0.025656281 	0.084634476 	0.99551008
0.0016339282 	-0.02548846 	0.091986004 	1.0098307
0.0016868934 	-0.025267786 	0.099408058 	1.0217723
0.0017391271 	-0.02473242 	0.10721953 	1.0289501
0.0017906395 	-0.023625469 	0.11517057 	1.0306014
0.0018414404 	-0.021688289 	0.12245884 	1.0272412
0.0018915398 	-0.018985967 	0.12836895 	1.0196814
0.0019409473 	-0.015986016 	0.13244067 	1.0088081
0.0019896725 	-0.013273141 	0.13424612 	0.99553067
0.0020377248 	-0.011320269 	0.13327075 	0.98045994
0.0020851134 	-0.010312691 	0.12911929 	0.9636863
0.0021318476 	-0.010191832 	0.12178388 	0.94479327
0.0021779364 	-0.010649879 	0.11197569 	0.92351064
0.0022233887 	-0.011392936 	0.10094764 	0.90048732
0.0022682133 	-0.012351249 	0.089966214 	0.87770854
0.0023124189 	-0.013842673 	0.079698882 	0.85769103
0.0023560139 	-0.016459434 	0.070010005 	0.84232656
0.0023990069 	-0.020543528 	0.060154447 	0.83189947
0.0024414062 	-0.025555685 	0.049449432 	0.82465961
0.0024832199 	-0.030293311 	0.038021931 	0.81784063
0.0025244562 	-0.033744952 	0.026807731 	0.80949328
0.002565123 	-0.035498777 	0.016751925 	0.79952743
0.0026052281 	-0.035749493 	0.0082689712 	0.78880169
0.0026447794 	-0.034962156 	0.0014032083 	0.77816441
0.0026837845 	-0.033629859 	-0.0039796179 	0.7681712
0.0027222509 	-0.032149642 	-0.0081038237 	0.75928908
0.0027601861 	-0.030830517 	-0.01137252 	0.75208596
0.0027975974 	-0.029951001 	-0.01433058 	0.74723063
0.002834492 	-0.029822748 	-0.017495378 	0.74522197
0.0028708772 	-0.030717535 	-0.021176068 	0.74612096
0.0029067598 	-0.032809022 	-0.025434529 	0.74947795
0.0029421469 	-0.036036836 	-0.03020486 	0.75452107
0.0029770452 	-0.040051744 	-0.035402513 	0.76040373
0.0030114616 	-0.044339919 	-0.040886734 	0.76620957
0.0030454028 	-0.048283077 	-0.046312451 	0.7709555
0.0030788752 	-0.0512703 	-0.051097803 	0.77352883
0.0031118853 	-0.052757677 	-0.054529651 	0.77284411
0.0031444395 	-0.052332505 	-0.055928363 	0.76810304
0.0031765442 	-0.049797485 	-0.054748481 	0.75902591
0.0032082055 	-0.045268747 	-0.050578335 	0.74598047
0.0032394295 	-0.039189518 	-0.043138045 	0.73004448
0.0032702223 	-0.032298728 	-0.032361991 	0.71286022
0.0033005899 	-0.025500566 	-0.018627733 	0.69628928
0.0033305381 	-0.019654354 	-0.0030486602 	0.68176865
0.0033600727 	-0.01523858 	0.012346315 	0.66951777
0.0033891994 	-0.012243455 	0.02490348 	0.65798443
0.0034179239 	-0.010190091 	0.032213819 	0.64407077
0.0034462517 	-0.0083582834 	0.033224489 	0.62441825
0.0034741882 	-0.0062474807 	0.028914127 	0.59715543
0.003501739 	-0.0037888827 	0.021979161 	0.56306219
0.0035289093 	-0.0012864927 	0.015586559 	0.52524029
0.0035557043 	0.00079745932 	0.011946947 	0.48751727
0.0035821293 	0.0021278802 	0.011641812 	0.45272529
0.0036081894 	0.0026056867 	0.013912127 	0.42195456
0.0036338895 	0.0022993307 	0.017420379 	0.39486273
0.0036592348 	0.0014502941 	0.020923111 	0.37047222
0.00368423 	0.00030313217 	0.023610012 	0.34781019
0.00370888 	-0.00087647666 	0.025138162 	0.32612856
0.0037331896 	-0.0018284023 	0.025479561 	0.30495442
0.0037571635 	-0.0024389662 	0.024813322 	0.28391623
0.0037808063 	-0.0026590875 	0.023424173 	0.2626876
0.0038041226 	-0.0025168959 	0.021643621 	0.24097014
0.0038271169 	-0.0020967718 	0.019808002 	0.21848863
0.0038497936 	-0.0015104198 	0.018205917 	0.1949759
0.0038721572 	-0.00087568433 	0.017006037 	0.17017184
0.0038942119 	-0.00030141428 	0.016171402 	0.14382935
0.003915962 	0.00012307885 	0.015373758 	0.11572297
0.0039374118 	0.00031514314 	0.013931486 	0.085638334
0.0039585653 	0.00026721202 	0.010824815 	0.053353882
0.0039794267 	7.1671688e-05 	0.0048739074 	0.018663752
0.004 	7.1671688e-05 	0.0048739074 	0.018663752
