0 	-0.044695374 	-0.0029621226 	1.0106778
5.5555625e-05 	-0.042762991 	0.019440481 	1.0022313
0.00011111111 	-0.040578993 	0.026715476 	0.99479193
0.00016666667 	-0.038662251 	0.030770844 	0.98931013
0.00022222222 	-0.036369338 	0.033379071 	0.98635437
0.00027777778 	-0.03360713 	0.034939263 	0.98578331
0.00033333333 	-0.030608308 	0.035547497 	0.98678091
0.00038888889 	-0.027710227 	0.035330475 	0.98824792
0.00044444444 	-0.025122721 	0.034592434 	0.98928419
0.0005 	-0.022800795 	0.03373975 	0.98946308
0.00055555556 	-0.02051839 	0.033093548 	0.98880759
0.00061111111 	-0.018010212 	0.032776505 	0.98760367
0.00066666667 	-0.015076335 	0.032679254 	0.9861937
0.00072222222 	-0.011617185 	0.032553938 	0.98485346
0.00077777778 	-0.0076155451 	0.032113631 	0.98376305
0.00083333333 	-0.0031380481 	0.031132798 	0.9830643
0.00088888889 	0.001670036 	0.029476166 	0.98290229
0.00094444444 	0.0066568828 	0.02713781 	0.98338028
0.001 	0.011793001 	0.023961729 	0.98459273
0.0010617199 	0.016986512 	0.020004483 	0.98643552
0.0011225874 	0.021863631 	0.015538406 	0.98856178
0.0011826143 	0.026350646 	0.010793401 	0.99099201
0.0012418122 	0.030512835 	0.0059799294 	0.99384544
0.0013001926 	0.034426971 	0.0013468178 	0.99704568
0.0013577668 	0.038066625 	-0.0029729791 	1.0002667
0.0014145458 	0.041291729 	-0.0068546694 	1.0030601
0.0014705407 	0.043997594 	-0.010158008 	1.0050641
0.0015257623 	0.046199596 	-0.012699387 	1.006037
0.0015802213 	0.047999926 	-0.014273138 	1.0060662
0.0016339282 	0.049385814 	-0.01482564 	1.0055847
0.0016868934 	0.050225903 	-0.014206474 	1.0052842
0.0017391271 	0.050360833 	-0.011993519 	1.0056635
0.0017906395 	0.049678723 	-0.0074237177 	1.0066338
0.0018414404 	0.048201614 	1.3432281e-05 	1.0073139
0.0018915398 	0.046085052 	0.0098713677 	1.0061383
0.0019409473 	0.043531514 	0.020965835 	1.0015609
0.0019896725 	0.040854557 	0.03209934 	0.99277547
0.0020377248 	0.038502108 	0.04294411 	0.98015282
0.0020851134 	0.036797731 	0.054060302 	0.96532138
0.0021318476 	0.035856503 	0.066305418 	0.95074691
0.0021779364 	0.035597465 	0.080265507 	0.93881868
0.0022233887 	0.03582241 	0.095977396 	0.93104719
0.0022682133 	0.036305222 	0.11291719 	0.9277472
0.0023124189 	0.036966734 	0.13019327 	0.92800994
0.0023560139 	0.037991487 	0.14687859 	0.92993464
0.0023990069 	0.039701608 	0.16229693 	0.93131445
0.0024414062 	0.042424764 	0.1759873 	0.93041649
0.0024832199 	0.046469836 	0.18754036 	0.92606565
0.0025244562 	0.05204711 	0.19654835 	0.91723382
0.002565123 	0.059043275 	0.20271966 	0.90309221
0.0026052281 	0.066844995 	0.20581166 	0.88348955
0.0026447794 	0.074346892 	0.20545933 	0.8592032
0.0026837845 	0.080246924 	0.20111966 	0.83178053
0.0027222509 	0.083479128 	0.19225427 	0.80320691
0.0027601861 	0.083501752 	0.17869945 	0.77558331
0.0027975974 	0.080358964 	0.16092348 	0.75080433
0.002834492 	0.074591131 	0.14000925 	0.73031274
0.0028708772 	0.067021062 	0.11730349 	0.71498261
0.0029067598 	0.058433822 	0.093969431 	0.70506975
0.0029421469 	0.049432847 	0.070764091 	0.70026162
0.0029770452 	0.040376025 	0.048057305 	0.69978923
0.0030114616 	0.031527264 	0.025958399 	0.70258323
0.0030454028 	0.022995641 	0.004523696 	0.70758057
0.0030788752 	0.014943481 	-0.016275134 	0.71391773
0.0031118853 	0.0079137602 	-0.036518401 	0.72104639
0.0031444395 	0.0019520405 	-0.056389172 	0.72874488
0.0031765442 	-0.0030420202 	-0.075973612 	0.73688742
0.0032082055 	-0.006856634 	-0.094802724 	0.74484759
0.0032394295 	-0.0091949565 	-0.11153769 	0.75091867
0.0032702223 	-0.009738986 	-0.12402019 	0.75244233
0.0033005899 	-0.0084193628 	-0.12993074 	0.74687299
0.0033305381 	-0.005676874 	-0.12790005 	0.7334601
0.0033600727 	-0.0023148915 	-0.1185574 	0.71392809
0.0033891994 	0.00089555743 	-0.10450263 	0.69116168
0.0034179239 	0.0036071478 	-0.088861793 	0.66726765
0.0034462517 	0.0058870544 	-0.073647728 	0.6429193
0.0034741882 	0.0079192291 	-0.059110789 	0.61805179
0.003501739 	0.0097505225 	-0.044373437 	0.59291645
0.0035289093 	0.011133213 	-0.028682036 	0.56865999
0.0035557043 	0.011647731 	-0.012397113 	0.54693917
0.0035821293 	0.011069805 	0.0029326551 	0.52875049
0.0036081894 	0.0096582157 	0.015331909 	0.51337594
0.0036338895 	0.0079754579 	0.023396522 	0.49842276
0.0036592348 	0.0065918229 	0.026886397 	0.48098658
0.00368423 	0.0058963143 	0.026709463 	0.45905046
0.00370888 	0.0059021587 	0.024472148 	0.43222763
0.0037331896 	0.0063121362 	0.021858543 	0.40152619
0.0037571635 	0.0067315908 	0.020092473 	0.36849751
0.0037808063 	0.006865798 	0.019662046 	0.3344233
0.0038041226 	0.0066050998 	0.020363792 	0.29995536
0.0038271169 	0.0059963071 	0.021582029 	0.26520424
0.0038497936 	0.0051574406 	0.022621322 	0.23003075
0.0038721572 	0.0041999366 	0.022932453 	0.19430439
0.0038942119 	0.0031954422 	0.022167388 	0.15803336
0.003915962 	0.0021896521 	0.020111337 	0.12140046
0.0039374118 	0.0012438238 	0.016587245 	0.084797973
0.0039585653 	0.00046987719 	0.011412384 	0.048942807
0.0039794267 	3.2710678e-05 	0.0044317979 	0.01508048
0.004 	3.2710678e-05 	0.0044317979 	0.01508048
