0 	0.011834278 	-0.034717212 	0.99390136
2.0100503e-05 	0.032535016 	0.011219162 	0.9915867
4.0201005e-05 	0.032535016 	0.011219162 	0.9915867
6.0301508e-05 	0.022245724 	0.023098796 	0.98982535
8.040201e-05 	0.022245724 	0.023098796 	0.98982535
0.00010050251 	0.022245724 	0.023098796 	0.98982535
0.00012060302 	0.017740904 	0.024082069 	0.98873039
0.00014070352 	0.017740904 	0.024082069 	0.98873039
0.00016080402 	0.017740904 	0.024082069 	0.98873039
0.00018090452 	0.015423615 	0.023480257 	0.98826367
0.00020100503 	0.015423615 	0.023480257 	0.98826367
0.00022110553 	0.0029822748 	0.026469787 	0.99491598
0.00024120603 	0.014347993 	0.022414171 	0.98825802
0.00026130653 	0.014347993 	0.022414171 	0.98825802
0.00028140704 	0.014197979 	0.020976306 	0.98845172
0.00030150754 	0.0056068322 	0.024523701 	0.99662788
0.00032160804 	0.0056068322 	0.024523701 	0.99662788
0.00034170854 	0.0074053818 	0.023170874 	0.99726378
0.00036180905 	0.0074053818 	0.023170874 	0.99726378
0.00038190955 	0.0074053818 	0.023170874 	0.99726378
0.00040201005 	0.015876418 	0.016257802 	0.98822986
0.00042211055 	0.015876418 	0.016257802 	0.98822986
0.00044221106 	0.015876418 	0.016257802 	0.98822986
0.00046231156 	0.017333406 	0.012735601 	0.98732903
0.00048241206 	0.017333406 	0.012735601 	0.98732903
0.00050251256 	0.018918986 	0.0085822759 	0.98578447
0.00052261307 	0.018918986 	0.0085822759 	0.98578447
0.00054271357 	0.018918986 	0.0085822759 	0.98578447
0.00056281407 	0.020351444 	0.0041504551 	0.98371324
0.00058291457 	0.020351444 	0.0041504551 	0.98371324
0.00060301508 	0.020351444 	0.0041504551 	0.98371324
0.00062311558 	0.018803918 	0.0056494937 	0.99054986
0.00064321608 	0.018803918 	0.0056494937 	0.99054986
0.00066331658 	0.018803918 	0.0056494937 	0.99054986
0.00068341709 	0.02018951 	0.0014205416 	0.9877849
0.00070351759 	0.02018951 	0.0014205416 	0.9877849
0.00072361809 	0.020483077 	-0.0021100101 	0.98519143
0.00074371859 	0.019961316 	-0.0059196225 	0.97719303
0.0007638191 	0.019961316 	-0.0059196225 	0.97719303
0.0007839196 	0.017033798 	-0.0067616138 	0.97589887
0.0008040201 	0.017033798 	-0.0067616138 	0.97589887
0.0008241206 	0.017033798 	-0.0067616138 	0.97589887
0.00084422111 	0.012401068 	-0.0060587272 	0.97527569
0.00086432161 	0.012401068 	-0.0060587272 	0.97527569
0.00088442211 	0.012401068 	-0.0060587272 	0.97527569
0.00090452261 	0.0062121108 	-0.0040525449 	0.97518665
0.00092462312 	0.0062121108 	-0.0040525449 	0.97518665
0.00094472362 	-0.00097404159 	-0.0012410994 	0.97529569
0.00096482412 	-0.00097404159 	-0.0012410994 	0.97529569
0.00098492462 	-0.00097404159 	-0.0012410994 	0.97529569
0.0010050251 	-0.0091931655 	0.0019965583 	0.97509428
0.0010251256 	-0.0011973943 	-0.0023848301 	0.98049306
0.0010452261 	-0.0011973943 	-0.0023848301 	0.98049306
0.0010653266 	-0.008857473 	-0.00043584206 	0.98021299
0.0010854271 	-0.008857473 	-0.00043584206 	0.98021299
0.0011055276 	-0.008857473 	-0.00043584206 	0.98021299
0.0011256281 	-0.015904483 	0.0010150818 	0.97920111
0.0011457286 	-0.015904483 	0.0010150818 	0.97920111
0.0011658291 	-0.015904483 	0.0010150818 	0.97920111
0.0011859296 	-0.021860844 	0.0017365076 	0.97730761
0.0012060302 	-0.021860844 	0.0017365076 	0.97730761
0.0012261307 	-0.021860844 	0.0017365076 	0.97730761
0.0012462312 	-0.026516628 	0.001744934 	0.97468295
0.0012663317 	-0.026516628 	0.001744934 	0.97468295
0.0012864322 	-0.026516628 	0.001744934 	0.97468295
0.0013065327 	-0.029946629 	0.0012425246 	0.97172549
0.0013266332 	-0.029946629 	0.0012425246 	0.97172549
0.0013467337 	-0.029946629 	0.0012425246 	0.97172549
0.0013668342 	-0.032270195 	0.00045926361 	0.96891573
0.0013869347 	-0.032270195 	0.00045926361 	0.96891573
0.0014070352 	-0.032270195 	0.00045926361 	0.96891573
0.0014271357 	-0.03354146 	-0.00042188963 	0.96661154
0.0014472362 	-0.03354146 	-0.00042188963 	0.96661154
0.0014673367 	-0.03354146 	-0.00042188963 	0.96661154
0.0014874372 	-0.033697492 	-0.0012550683 	0.96498726
0.0015075377 	-0.033697492 	-0.0012550683 	0.96498726
0.0015276382 	-0.032664294 	-0.0018376973 	0.96413387
0.0015477387 	-0.032664294 	-0.0018376973 	0.96413387
0.0015678392 	-0.032664294 	-0.0018376973 	0.96413387
0.0015879397 	-0.030547646 	-0.0018842548 	0.96417908
0.0016080402 	-0.030547646 	-0.0018842548 	0.96417908
0.0016281407 	-0.030547646 	-0.0018842548 	0.96417908
0.0016482412 	-0.027669883 	-0.0011176801 	0.96516568
0.0016683417 	-0.027669883 	-0.0011176801 	0.96516568
0.0016884422 	-0.024389397 	0.00055191728 	0.96683857
0.0017085427 	-0.024389397 	0.00055191728 	0.96683857
0.0017286432 	-0.024389397 	0.00055191728 	0.96683857
0.0017487437 	-0.020921144 	0.0029739397 	0.96867238
0.0017688442 	-0.020921144 	0.0029739397 	0.96867238
0.0017889447 	-0.020921144 	0.0029739397 	0.96867238
0.0018090452 	-0.017257195 	0.0058792353 	0.97015277
0.0018291457 	-0.017257195 	0.0058792353 	0.97015277
0.0018492462 	-0.013314449 	0.0089931703 	0.97102958
0.0018693467 	-0.013314449 	0.0089931703 	0.97102958
0.0018894472 	-0.013314449 	0.0089931703 	0.97102958
0.0019095477 	-0.0091406836 	0.012053417 	0.97132575
0.0019296482 	-0.0091406836 	0.012053417 	0.97132575
0.0019497487 	-0.0048989823 	0.014852175 	0.97117745
0.0019698492 	-0.0048989823 	0.014852175 	0.97117745
0.0019899497 	-0.00083938896 	0.017211449 	0.97071769
0.0020100503 	-0.00083938896 	0.017211449 	0.97071769
0.0020301508 	-0.00083938896 	0.017211449 	0.97071769
0.0020502513 	0.0027253044 	0.018969131 	0.96997993
0.0020703518 	0.0027253044 	0.018969131 	0.96997993
0.0020904523 	0.0056899591 	0.020131736 	0.96890735
0.0021105528 	0.0056899591 	0.020131736 	0.96890735
0.0021306533 	0.0056899591 	0.020131736 	0.96890735
0.0021507538 	0.0079227073 	0.020759125 	0.96747846
0.0021708543 	0.0079227073 	0.020759125 	0.96747846
0.0021909548 	0.009233323 	0.021000195 	0.96563936
0.0022110553 	0.009233323 	0.021000195 	0.96563936
0.0022311558 	0.0097318147 	0.020967502 	0.96334542
0.0022512563 	0.0097318147 	0.020967502 	0.96334542
0.0022713568 	0.0094939615 	0.020523889 	0.96068067
0.0022914573 	0.0094939615 	0.020523889 	0.96068067
0.0023115578 	0.0094939615 	0.020523889 	0.96068067
0.0023316583 	0.0086297029 	0.019362745 	0.95764581
0.0023517588 	0.0086297029 	0.019362745 	0.95764581
0.0023718593 	0.0075392324 	0.017152262 	0.9542422
0.0023919598 	0.0075392324 	0.017152262 	0.9542422
0.0024120603 	0.0065748969 	0.01399224 	0.95053261
0.0024321608 	0.0065748969 	0.01399224 	0.95053261
0.0024522613 	0.0058512899 	0.010494191 	0.94682315
0.0024723618 	0.0058512899 	0.010494191 	0.94682315
0.0024924623 	0.0053338847 	0.0073447904 	0.94358223
0.0025125628 	0.0053338847 	0.0073447904 	0.94358223
0.0025326633 	0.0050224695 	0.0049860816 	0.94122582
0.0025527638 	0.0050224695 	0.0049860816 	0.94122582
0.0025728643 	0.0050850315 	0.0035367169 	0.9400294
0.0025929648 	0.0050850315 	0.0035367169 	0.9400294
0.0026130653 	0.0057583444 	0.00286428 	0.94008496
0.0026331658 	0.0057583444 	0.00286428 	0.94008496
0.0026532663 	0.0073007619 	0.0026809269 	0.94125584
0.0026733668 	0.0073007619 	0.0026809269 	0.94125584
0.0026934673 	0.0098139864 	0.0025286005 	0.94316437
0.0027135678 	0.0098139864 	0.0025286005 	0.94316437
0.0027336683 	0.013217266 	0.0021083063 	0.94529147
0.0027537688 	0.013217266 	0.0021083063 	0.94529147
0.0027738693 	0.017262119 	0.0014163979 	0.94718608
0.0027939698 	0.017262119 	0.0014163979 	0.94718608
0.0028140704 	0.021604457 	0.00069818739 	0.94857173
0.0028341709 	0.021604457 	0.00069818739 	0.94857173
0.0028542714 	0.025955119 	0.00030114261 	0.94923539
0.0028743719 	0.030047148 	0.00039006917 	0.94885891
0.0028944724 	0.030047148 	0.00039006917 	0.94885891
0.0029145729 	0.033694901 	0.00087174566 	0.94695579
0.0029346734 	0.033694901 	0.00087174566 	0.94695579
0.0029547739 	0.036752555 	0.0016290348 	0.94308207
0.0029748744 	0.036752555 	0.0016290348 	0.94308207
0.0029949749 	0.038988416 	0.0028474504 	0.93714272
0.0030150754 	0.040050549 	0.004930819 	0.92959587
0.0030351759 	0.040050549 	0.004930819 	0.92959587
0.0030552764 	0.039535409 	0.0083214712 	0.92135012
0.0030753769 	0.039535409 	0.0083214712 	0.92135012
0.0030954774 	0.036969258 	0.013356781 	0.91390353
0.0031155779 	0.032075613 	0.020217224 	0.90922449
0.0031356784 	0.032075613 	0.020217224 	0.90922449
0.0031557789 	0.025036565 	0.028454765 	0.9091296
0.0031758794 	0.025036565 	0.028454765 	0.9091296
0.0031959799 	0.016622448 	0.036266423 	0.91366999
0.0032160804 	0.008399933 	0.040523209 	0.9193663
0.0032361809 	0.008399933 	0.040523209 	0.9193663
0.0032562814 	0.0026352912 	0.03770662 	0.91859028
0.0032763819 	0.0015598074 	0.025659785 	0.90116386
0.0032964824 	0.0015598074 	0.025659785 	0.90116386
0.0033165829 	0.0059959776 	0.0049488858 	0.85823423
0.0033366834 	0.014285249 	-0.020756878 	0.78789892
0.0033567839 	0.014285249 	-0.020756878 	0.78789892
0.0033768844 	0.022869194 	-0.045661551 	0.69996339
0.0033969849 	0.027330826 	-0.064270487 	0.61392873
0.0034170854 	0.027330826 	-0.064270487 	0.61392873
0.0034371859 	0.025112496 	-0.074068763 	0.54801546
0.0034572864 	0.017263684 	-0.076423753 	0.50825717
0.0034773869 	0.0062281363 	-0.074870151 	0.48846404
0.0034974874 	0.0062281363 	-0.074870151 	0.48846404
0.0035175879 	-0.0059398458 	-0.072839906 	0.47850624
0.0035376884 	-0.017984917 	-0.072102948 	0.47119503
0.0035577889 	-0.029340791 	-0.072579587 	0.46354717
0.0035778894 	-0.029340791 	-0.072579587 	0.46354717
0.0035979899 	-0.039821354 	-0.073217635 	0.4549387
0.0036180905 	-0.049276139 	-0.072924976 	0.44543528
0.003638191 	-0.057450622 	-0.070956779 	0.43525474
0.0036582915 	-0.057450622 	-0.070956779 	0.43525474
0.003678392 	-0.063945157 	-0.066953816 	0.42467348
0.0036984925 	-0.068283058 	-0.060943069 	0.41377146
0.003718593 	-0.070046896 	-0.053399584 	0.40206964
0.0037386935 	-0.069043999 	-0.045240858 	0.38849423
0.003758794 	-0.065504465 	-0.037566984 	0.37175539
0.0037788945 	-0.065504465 	-0.037566984 	0.37175539
0.003798995 	-0.060124252 	-0.031069865 	0.3513264
0.0038190955 	-0.053689116 	-0.02600729 	0.3271778
0.003839196 	-0.046588336 	-0.022401696 	0.29948158
0.0038592965 	-0.039038567 	-0.020244965 	0.26847565
0.003879397 	-0.03116157 	-0.019575268 	0.23439724
0.0038994975 	-0.023126494 	-0.020382232 	0.19754941
0.003919598 	-0.015299318 	-0.02225317 	0.15833883
0.0039396985 	-0.0083113881 	-0.023771076 	0.11701884
0.003959799 	-0.002978634 	-0.021914831 	0.073124938
0.0039798995 	-0.00021576678 	-0.011874098 	0.025546762
0.004 	-0.00021576678 	-0.011874098 	0.025546762
