0 	-0.012507465 	0.05173635 	1.0098396
5.5555556e-05 	-0.033454611 	0.04114505 	1.0128303
0.00011111111 	-0.037268595 	0.037238541 	1.0162267
0.00016666667 	-0.037975922 	0.035795334 	1.0201147
0.00022222222 	-0.037450858 	0.035430532 	1.0245537
0.00027777778 	-0.036183213 	0.035641407 	1.0295281
0.00033333333 	-0.034369641 	0.036117162 	1.034907
0.00038888889 	-0.032140955 	0.036617847 	1.0404455
0.00044444444 	-0.02961876 	0.03700625 	1.0458411
0.0005 	-0.026900874 	0.037264155 	1.0508343
0.00055555556 	-0.024033688 	0.037410315 	1.0553035
0.00061111111 	-0.021011678 	0.037457631 	1.0592712
0.00066666667 	-0.017795805 	0.03742189 	1.0627977
0.00072222222 	-0.014322202 	0.037379036 	1.0658124
0.00077777778 	-0.010533958 	0.037486513 	1.0679729
0.00083333333 	-0.0064107348 	0.037956861 	1.0686224
0.00088888889 	-0.0019218358 	0.038996415 	1.0668854
0.00094444444 	0.0028556598 	0.040746722 	1.061985
0.001 	0.0082013381 	0.043376361 	1.0530976
0.0010617199 	0.014125632 	0.046848032 	1.0398775
0.0011225874 	0.020221311 	0.050742458 	1.0241
0.0011826143 	0.026236223 	0.054351473 	1.0070307
0.0012418122 	0.031591148 	0.05635725 	0.98923354
0.0013001926 	0.035534718 	0.055396129 	0.97057809
0.0013577668 	0.037396072 	0.050901676 	0.95081718
0.0014145458 	0.036796435 	0.043471134 	0.9300699
0.0014705407 	0.03370792 	0.034454985 	0.90905942
0.0015257623 	0.02823552 	0.025027199 	0.88899466
0.0015802213 	0.020544724 	0.015752768 	0.87118714
0.0016339282 	0.010917901 	0.0066904528 	0.85633119
0.0016868934 	-9.5037305e-05 	-0.0021825592 	0.84384588
0.0017391271 	-0.011627236 	-0.010586911 	0.83220258
0.0017906395 	-0.022710349 	-0.017822823 	0.82024129
0.0018414404 	-0.032499094 	-0.023120396 	0.80817116
0.0018915398 	-0.040539334 	-0.026171437 	0.79717567
0.0019409473 	-0.046847601 	-0.027126602 	0.78832415
0.0019896725 	-0.051674152 	-0.026492376 	0.78201953
0.0020377248 	-0.055285335 	-0.024800044 	0.77816318
0.0020851134 	-0.057861421 	-0.022428802 	0.77646234
0.0021318476 	-0.059484015 	-0.019558989 	0.77656822
0.0021779364 	-0.060172438 	-0.016213424 	0.77810434
0.0022233887 	-0.059928926 	-0.012334808 	0.78067708
0.0022682133 	-0.058780536 	-0.0078731162 	0.78389487
0.0023124189 	-0.056829687 	-0.0028525064 	0.78739975
0.0023560139 	-0.054208819 	0.002593761 	0.79089108
0.0023990069 	-0.051084117 	0.0082492647 	0.79411317
0.0024414062 	-0.04772794 	0.013823933 	0.79683985
0.0024832199 	-0.044462056 	0.019013842 	0.79883621
0.0025244562 	-0.041587082 	0.023550939 	0.79980706
0.002565123 	-0.039350368 	0.027235214 	0.79936773
0.0026052281 	-0.037918558 	0.029933947 	0.79704294
0.0026447794 	-0.037355754 	0.031556803 	0.79232386
0.0026837845 	-0.037621098 	0.031984546 	0.78479076
0.0027222509 	-0.038589101 	0.031036163 	0.7743204
0.0027601861 	-0.040091753 	0.028528773 	0.76131105
0.0027975974 	-0.041964817 	0.024425758 	0.74678201
0.002834492 	-0.044075575 	0.018944244 	0.73222643
0.0028708772 	-0.04629812 	0.012485067 	0.71924729
0.0029067598 	-0.048453132 	0.0054363929 	0.7091552
0.0029421469 	-0.050316473 	-0.0019595457 	0.70272766
0.0029770452 	-0.051758962 	-0.0095759455 	0.70017255
0.0030114616 	-0.052716103 	-0.017322078 	0.70118926
0.0030454028 	-0.053174769 	-0.025141835 	0.70509318
0.0030788752 	-0.05322347 	-0.033047453 	0.71086365
0.0031118853 	-0.052997123 	-0.041185697 	0.7172892
0.0031444395 	-0.052615979 	-0.04978695 	0.72319827
0.0031765442 	-0.052144485 	-0.059039198 	0.72768908
0.0032082055 	-0.051582155 	-0.068944983 	0.7302466
0.0032394295 	-0.05087891 	-0.079234688 	0.7306738
0.0032702223 	-0.049962185 	-0.089375277 	0.72889262
0.0033005899 	-0.048756455 	-0.098652769 	0.72474523
0.0033305381 	-0.047194354 	-0.10628097 	0.71790093
0.0033600727 	-0.045224961 	-0.11150801 	0.70788901
0.0033891994 	-0.04282767 	-0.11371733 	0.69421127
0.0034179239 	-0.040028876 	-0.11253347 	0.67647213
0.0034462517 	-0.036912719 	-0.10792225 	0.65448376
0.0034741882 	-0.033616133 	-0.10025313 	0.62833549
0.003501739 	-0.030302346 	-0.090268112 	0.59844989
0.0035289093 	-0.027122695 	-0.07892837 	0.56564452
0.0035557043 	-0.024185804 	-0.067186539 	0.5311426
0.0035821293 	-0.021545904 	-0.055805529 	0.49641275
0.0036081894 	-0.01920722 	-0.045309586 	0.46281537
0.0036338895 	-0.01713726 	-0.036035523 	0.43123774
0.0036592348 	-0.015283641 	-0.028191055 	0.40194813
0.00368423 	-0.013591096 	-0.021875052 	0.3747185
0.00370888 	-0.012014073 	-0.017077558 	0.34907544
0.0037331896 	-0.010522403 	-0.013689098 	0.32451058
0.0037571635 	-0.009100535 	-0.011526302 	0.30057503
0.0037808063 	-0.0077438704 	-0.010363562 	0.27687621
0.0038041226 	-0.0064556101 	-0.0099597758 	0.25303269
0.0038271169 	-0.0052440857 	-0.010071455 	0.22863846
0.0038497936 	-0.004120655 	-0.010455294 	0.20326085
0.0038721572 	-0.0030981607 	-0.010865067 	0.17647615
0.0038942119 	-0.0021899993 	-0.011042122 	0.14793645
0.003915962 	-0.0014097856 	-0.010700612 	0.11745802
0.0039374118 	-0.00077346904 	-0.0095101024 	0.085119396
0.0039585653 	-0.0003049535 	-0.0070841721 	0.051353027
0.0039794267 	-3.7521394e-05 	-0.0030114254 	0.016995405
0.004 	-4.4676714e-05 	-0.0010837884 	0.014582093
