0 	0.019183589 	0.031110044 	0.99014652
2.0100503e-05 	0.028592064 	-0.013466024 	0.9877608
4.0201005e-05 	0.028592064 	-0.013466024 	0.9877608
6.0301508e-05 	0.020388415 	-0.018777529 	0.98655029
8.040201e-05 	0.020388415 	-0.018777529 	0.98655029
0.00010050251 	0.020388415 	-0.018777529 	0.98655029
0.00012060302 	0.019876389 	-0.015628835 	0.98648758
0.00014070352 	0.019876389 	-0.015628835 	0.98648758
0.00016080402 	0.019876389 	-0.015628835 	0.98648758
0.00018090452 	0.02142454 	-0.01169267 	0.98740409
0.00020100503 	0.02142454 	-0.01169267 	0.98740409
0.00022110553 	0.02142454 	-0.01169267 	0.98740409
0.00024120603 	0.023573793 	-0.0077608706 	0.98911667
0.00026130653 	0.023573793 	-0.0077608706 	0.98911667
0.00028140704 	0.025743211 	-0.0039164783 	0.99150532
0.00030150754 	0.025743211 	-0.0039164783 	0.99150532
0.00032160804 	0.025743211 	-0.0039164783 	0.99150532
0.00034170854 	0.027638223 	-0.00010062463 	0.99452343
0.00036180905 	0.027638223 	-0.00010062463 	0.99452343
0.00038190955 	0.027638223 	-0.00010062463 	0.99452343
0.00040201005 	0.029116447 	0.0037388934 	0.99814792
0.00042211055 	0.029116447 	0.0037388934 	0.99814792
0.00044221106 	0.029116447 	0.0037388934 	0.99814792
0.00046231156 	0.030124304 	0.0075676582 	1.0023216
0.00048241206 	0.030124304 	0.0075676582 	1.0023216
0.00050251256 	0.030643281 	0.011220362 	1.0069156
0.00052261307 	0.030643281 	0.011220362 	1.0069156
0.00054271357 	0.030643281 	0.011220362 	1.0069156
0.00056281407 	0.030663494 	0.014446749 	1.0117381
0.00058291457 	0.030663494 	0.014446749 	1.0117381
0.00060301508 	0.030663494 	0.014446749 	1.0117381
0.00062311558 	0.030173022 	0.016994553 	1.0165858
0.00064321608 	0.030173022 	0.016994553 	1.0165858
0.00066331658 	0.030173022 	0.016994553 	1.0165858
0.00068341709 	0.029172135 	0.018719445 	1.02133
0.00070351759 	0.029172135 	0.018719445 	1.02133
0.00072361809 	0.02771375 	0.019671912 	1.026017
0.00074371859 	0.02771375 	0.019671912 	1.026017
0.0007638191 	0.02771375 	0.019671912 	1.026017
0.0007839196 	0.025915184 	0.020091999 	1.0309367
0.0008040201 	0.025915184 	0.020091999 	1.0309367
0.0008241206 	0.025915184 	0.020091999 	1.0309367
0.00084422111 	0.023960699 	0.020348302 	1.0365852
0.00086432161 	0.023960699 	0.020348302 	1.0365852
0.00088442211 	0.023960699 	0.020348302 	1.0365852
0.00090452261 	0.022096804 	0.020805014 	1.0434274
0.00092462312 	0.021959012 	0.02125602 	1.0392564
0.00094472362 	0.020293854 	0.022124114 	1.0474929
0.00096482412 	0.020293854 	0.022124114 	1.0474929
0.00098492462 	0.020293854 	0.022124114 	1.0474929
0.0010050251 	0.018932813 	0.023564343 	1.057154
0.0010251256 	0.018932813 	0.023564343 	1.057154
0.0010452261 	0.01930688 	0.023271326 	1.0610952
0.0010653266 	0.018517412 	0.025575948 	1.0704026
0.0010854271 	0.018517412 	0.025575948 	1.0704026
0.0011055276 	0.018517412 	0.025575948 	1.0704026
0.0011256281 	0.017890742 	0.028224938 	1.0769745
0.0011457286 	0.017543755 	0.028094636 	1.0734504
0.0011658291 	0.017543755 	0.028094636 	1.0734504
0.0011859296 	0.01691506 	0.030469248 	1.0752816
0.0012060302 	0.01698691 	0.03076829 	1.0790348
0.0012261307 	0.01698691 	0.03076829 	1.0790348
0.0012462312 	0.015459151 	0.032722412 	1.0753122
0.0012663317 	0.015459151 	0.032722412 	1.0753122
0.0012864322 	0.015459151 	0.032722412 	1.0753122
0.0013065327 	0.013262926 	0.033689785 	1.0653897
0.0013266332 	0.013262926 	0.033689785 	1.0653897
0.0013467337 	0.013262926 	0.033689785 	1.0653897
0.0013668342 	0.010723537 	0.033376856 	1.0499932
0.0013869347 	0.010723537 	0.033376856 	1.0499932
0.0014070352 	0.010723537 	0.033376856 	1.0499932
0.0014271357 	0.0083886312 	0.031670634 	1.0310132
0.0014472362 	0.0083886312 	0.031670634 	1.0310132
0.0014673367 	0.0083886312 	0.031670634 	1.0310132
0.0014874372 	0.0067799838 	0.028774998 	1.011086
0.0015075377 	0.0067799838 	0.028774998 	1.011086
0.0015276382 	0.01280592 	0.012705939 	0.97248194
0.0015477387 	0.0061892684 	0.025282674 	0.9926702
0.0015678392 	0.0061892684 	0.025282674 	0.9926702
0.0015879397 	0.0065623864 	0.022033085 	0.97726079
0.0016080402 	0.0065623864 	0.022033085 	0.97726079
0.0016281407 	0.0065623864 	0.022033085 	0.97726079
0.0016482412 	0.0075297735 	0.019771611 	0.96532494
0.0016683417 	0.0075297735 	0.019771611 	0.96532494
0.0016884422 	0.0085765377 	0.018851434 	0.95666739
0.0017085427 	0.0085765377 	0.018851434 	0.95666739
0.0017286432 	0.0085765377 	0.018851434 	0.95666739
0.0017487437 	0.0092284806 	0.019213394 	0.95072744
0.0017688442 	0.0092284806 	0.019213394 	0.95072744
0.0017889447 	0.0092284806 	0.019213394 	0.95072744
0.0018090452 	0.0091985736 	0.020545063 	0.94665651
0.0018291457 	0.0091985736 	0.020545063 	0.94665651
0.0018492462 	0.0084201415 	0.022525157 	0.94337133
0.0018693467 	0.0084201415 	0.022525157 	0.94337133
0.0018894472 	0.0084201415 	0.022525157 	0.94337133
0.0019095477 	0.0069576591 	0.024956105 	0.93987483
0.0019296482 	0.0069576591 	0.024956105 	0.93987483
0.0019497487 	0.0047960718 	0.027825381 	0.9358401
0.0019698492 	0.0047960718 	0.027825381 	0.9358401
0.0019899497 	0.0017399677 	0.031234221 	0.93186965
0.0020100503 	0.0017399677 	0.031234221 	0.93186965
0.0020301508 	0.0017399677 	0.031234221 	0.93186965
0.0020502513 	-0.0023039705 	0.035085251 	0.92872315
0.0020703518 	-0.0023039705 	0.035085251 	0.92872315
0.0020904523 	-0.0068930859 	0.038711689 	0.92598714
0.0021105528 	-0.0068930859 	0.038711689 	0.92598714
0.0021306533 	-0.0068930859 	0.038711689 	0.92598714
0.0021507538 	-0.011040773 	0.040957392 	0.92180614
0.0021708543 	-0.011040773 	0.040957392 	0.92180614
0.0021909548 	-0.01381683 	0.040888577 	0.91443817
0.0022110553 	-0.01381683 	0.040888577 	0.91443817
0.0022311558 	-0.014997275 	0.038474403 	0.90406126
0.0022512563 	-0.014997275 	0.038474403 	0.90406126
0.0022713568 	-0.015114988 	0.034554085 	0.89280214
0.0022914573 	-0.015114988 	0.034554085 	0.89280214
0.0023115578 	-0.015114988 	0.034554085 	0.89280214
0.0023316583 	-0.014987288 	0.030316989 	0.88318279
0.0023517588 	-0.014987288 	0.030316989 	0.88318279
0.0023718593 	-0.015292883 	0.026838332 	0.87676725
0.0023919598 	-0.015292883 	0.026838332 	0.87676725
0.0024120603 	-0.016398285 	0.024767486 	0.87376416
0.0024321608 	-0.016398285 	0.024767486 	0.87376416
0.0024522613 	-0.018388076 	0.024183081 	0.87339336
0.0024723618 	-0.018388076 	0.024183081 	0.87339336
0.0024924623 	-0.020958464 	0.024564229 	0.87438917
0.0025125628 	-0.020958464 	0.024564229 	0.87438917
0.0025326633 	-0.023537711 	0.025028665 	0.87546612
0.0025527638 	-0.023537711 	0.025028665 	0.87546612
0.0025728643 	-0.025640754 	0.024713407 	0.87570321
0.0025929648 	-0.025640754 	0.024713407 	0.87570321
0.0026130653 	-0.026905103 	0.023158058 	0.87477582
0.0026331658 	-0.026905103 	0.023158058 	0.87477582
0.0026532663 	-0.02714032 	0.020307548 	0.87289481
0.0026733668 	-0.02714032 	0.020307548 	0.87289481
0.0026934673 	-0.026326337 	0.016452185 	0.87057793
0.0027135678 	-0.026326337 	0.016452185 	0.87057793
0.0027336683 	-0.024560099 	0.011990902 	0.86844031
0.0027537688 	-0.024560099 	0.011990902 	0.86844031
0.0027738693 	-0.022016988 	0.0073016275 	0.86700044
0.0027939698 	-0.022016988 	0.0073016275 	0.86700044
0.0028140704 	-0.018986856 	0.0026523163 	0.86661592
0.0028341709 	-0.018986856 	0.0026523163 	0.86661592
0.0028542714 	-0.015638349 	-0.0017829967 	0.86730552
0.0028743719 	-0.011914109 	-0.005906991 	0.86879142
0.0028944724 	-0.011914109 	-0.005906991 	0.86879142
0.0029145729 	-0.0076826615 	-0.00968225 	0.87044903
0.0029346734 	-0.0076826615 	-0.00968225 	0.87044903
0.0029547739 	-0.0029135056 	-0.013105105 	0.87153919
0.0029748744 	-0.0029135056 	-0.013105105 	0.87153919
0.0029949749 	0.0023727215 	-0.016150557 	0.87148168
0.0030150754 	0.0081455593 	-0.018815245 	0.87003676
0.0030351759 	0.0081455593 	-0.018815245 	0.87003676
0.0030552764 	0.014280369 	-0.02106412 	0.86733484
0.0030753769 	0.014280369 	-0.02106412 	0.86733484
0.0030954774 	0.020596241 	-0.02286273 	0.8637366
0.0031155779 	0.026845415 	-0.02418006 	0.85971931
0.0031356784 	0.026845415 	-0.02418006 	0.85971931
0.0031557789 	0.032773894 	-0.024991537 	0.85570705
0.0031758794 	0.032773894 	-0.024991537 	0.85570705
0.0031959799 	0.038142179 	-0.025270983 	0.85203083
0.0032160804 	0.042693222 	-0.024997879 	0.84888377
0.0032361809 	0.042693222 	-0.024997879 	0.84888377
0.0032562814 	0.046212425 	-0.024154323 	0.84637619
0.0032763819 	0.048530026 	-0.022742637 	0.84456313
0.0032964824 	0.048530026 	-0.022742637 	0.84456313
0.0033165829 	0.049480958 	-0.020795423 	0.84349388
0.0033366834 	0.048962802 	-0.018390456 	0.84320636
0.0033567839 	0.048962802 	-0.018390456 	0.84320636
0.0033768844 	0.046957536 	-0.015656399 	0.84361878
0.0033969849 	0.043596996 	-0.012741254 	0.8442376
0.0034170854 	0.043596996 	-0.012741254 	0.8442376
0.0034371859 	0.039278555 	-0.0096173587 	0.84382739
0.0034572864 	0.034704592 	-0.0058053334 	0.84037356
0.0034773869 	0.030707089 	-0.00029783618 	0.83175201
0.0034974874 	0.030707089 	-0.00029783618 	0.83175201
0.0035175879 	0.027930282 	0.0077763874 	0.81692005
0.0035376884 	0.026525339 	0.017936507 	0.79679725
0.0035577889 	0.026068496 	0.027838796 	0.7741628
0.0035778894 	0.026068496 	0.027838796 	0.7741628
0.0035979899 	0.025690215 	0.034171078 	0.75254269
0.0036180905 	0.024429887 	0.034425115 	0.73484915
0.003638191 	0.021672837 	0.028133017 	0.72224621
0.0036582915 	0.021672837 	0.028133017 	0.72224621
0.003678392 	0.01742046 	0.016761784 	0.71373971
0.0036984925 	0.012240636 	0.0027398304 	0.7066955
0.003718593 	0.0069720126 	-0.011450095 	0.69766356
0.0037386935 	0.0024155503 	-0.023741879 	0.68288573
0.003758794 	-0.00088854682 	-0.032785418 	0.65893296
0.0037788945 	-0.00088854682 	-0.032785418 	0.65893296
0.003798995 	-0.002832241 	-0.038260069 	0.62347703
0.0038190955 	-0.0036722868 	-0.040856008 	0.57596801
0.003839196 	-0.0038202015 	-0.041708779 	0.51770422
0.0038592965 	-0.0036190493 	-0.04157341 	0.45124011
0.003879397 	-0.0032183299 	-0.040394833 	0.37959023
0.0038994975 	-0.0026340327 	-0.037601195 	0.30570814
0.003919598 	-0.001892791 	-0.032720855 	0.2322448
0.0039396985 	-0.0011042532 	-0.025710618 	0.16128476
0.003959799 	-0.00042824537 	-0.016832899 	0.094017852
0.0039798995 	-3.5184117e-05 	-0.0062961434 	0.030550008
0.004 	-3.5184117e-05 	-0.0062961434 	0.030550008
