0 	-0.026031546 	-0.00089422491 	1.0319306
2.0100503e-05 	0.0080634795 	-0.018083484 	1.0343635
4.0201005e-05 	0.0080634795 	-0.018083484 	1.0343635
6.0301508e-05 	0.017936237 	-0.0018395468 	1.0375627
8.040201e-05 	0.017936237 	-0.0018395468 	1.0375627
0.00010050251 	0.017936237 	-0.0018395468 	1.0375627
0.00012060302 	0.018304526 	0.010586166 	1.0411342
0.00014070352 	0.018304526 	0.010586166 	1.0411342
0.00016080402 	0.018304526 	0.010586166 	1.0411342
0.00018090452 	0.015589886 	0.019650803 	1.0446867
0.00020100503 	0.015589886 	0.019650803 	1.0446867
0.00022110553 	0.015589886 	0.019650803 	1.0446867
0.00024120603 	0.010304337 	0.025200166 	1.0479274
0.00026130653 	0.010304337 	0.025200166 	1.0479274
0.00028140704 	0.0028954163 	0.027521299 	1.0505711
0.00030150754 	0.0028954163 	0.027521299 	1.0505711
0.00032160804 	0.0028954163 	0.027521299 	1.0505711
0.00034170854 	-0.0057258725 	0.02753584 	1.0523917
0.00036180905 	-0.0057258725 	0.02753584 	1.0523917
0.00038190955 	-0.0057258725 	0.02753584 	1.0523917
0.00040201005 	-0.014314665 	0.026408866 	1.0533038
0.00042211055 	-0.014314665 	0.026408866 	1.0533038
0.00044221106 	-0.014314665 	0.026408866 	1.0533038
0.00046231156 	-0.021685396 	0.025022383 	1.053373
0.00048241206 	-0.021685396 	0.025022383 	1.053373
0.00050251256 	-0.02711686 	0.023753921 	1.0527777
0.00052261307 	-0.02711686 	0.023753921 	1.0527777
0.00054271357 	-0.02711686 	0.023753921 	1.0527777
0.00056281407 	-0.030423156 	0.02251119 	1.0517538
0.00058291457 	-0.030423156 	0.02251119 	1.0517538
0.00060301508 	-0.030423156 	0.02251119 	1.0517538
0.00062311558 	-0.031823421 	0.02100604 	1.0505383
0.00064321608 	-0.031823421 	0.02100604 	1.0505383
0.00066331658 	-0.031823421 	0.02100604 	1.0505383
0.00068341709 	-0.03171083 	0.01903608 	1.0493311
0.00070351759 	-0.03171083 	0.01903608 	1.0493311
0.00072361809 	-0.030461202 	0.016639034 	1.0482446
0.00074371859 	-0.030461202 	0.016639034 	1.0482446
0.0007638191 	-0.030461202 	0.016639034 	1.0482446
0.0007839196 	-0.028333481 	0.014076878 	1.0472256
0.0008040201 	-0.028333481 	0.014076878 	1.0472256
0.0008241206 	-0.028333481 	0.014076878 	1.0472256
0.00084422111 	-0.02550016 	0.011679442 	1.0460027
0.00086432161 	-0.02550016 	0.011679442 	1.0460027
0.00088442211 	-0.02550016 	0.011679442 	1.0460027
0.00090452261 	-0.022137805 	0.0096503895 	1.0441035
0.00092462312 	-0.022137805 	0.0096503895 	1.0441035
0.00094472362 	-0.01858985 	0.0079587116 	1.0410244
0.00096482412 	-0.01858985 	0.0079587116 	1.0410244
0.00098492462 	-0.01858985 	0.0079587116 	1.0410244
0.0010050251 	-0.01720717 	0.0056648116 	1.0380264
0.0010251256 	-0.01720717 	0.0056648116 	1.0380264
0.0010452261 	-0.01720717 	0.0056648116 	1.0380264
0.0010653266 	-0.014555046 	0.0021462334 	1.0303492
0.0010854271 	-0.014555046 	0.0021462334 	1.0303492
0.0011055276 	-0.014555046 	0.0021462334 	1.0303492
0.0011256281 	-0.013388348 	-0.0014136905 	1.0221164
0.0011457286 	-0.013388348 	-0.0014136905 	1.0221164
0.0011658291 	-0.013388348 	-0.0014136905 	1.0221164
0.0011859296 	-0.013041136 	-0.0031846255 	1.013871
0.0012060302 	-0.013041136 	-0.0031846255 	1.013871
0.0012261307 	-0.013041136 	-0.0031846255 	1.013871
0.0012462312 	-0.012592707 	-0.0012663775 	1.0057317
0.0012663317 	-0.012592707 	-0.0012663775 	1.0057317
0.0012864322 	-0.012592707 	-0.0012663775 	1.0057317
0.0013065327 	-0.011621436 	0.0050850181 	0.99751054
0.0013266332 	-0.011621436 	0.0050850181 	0.99751054
0.0013467337 	-0.011621436 	0.0050850181 	0.99751054
0.0013668342 	-0.01044146 	0.014970954 	0.98882708
0.0013869347 	-0.01044146 	0.014970954 	0.98882708
0.0014070352 	-0.01044146 	0.014970954 	0.98882708
0.0014271357 	-0.0096334025 	0.026565092 	0.97908199
0.0014472362 	-0.0096334025 	0.026565092 	0.97908199
0.0014673367 	-0.0096334025 	0.026565092 	0.97908199
0.0014874372 	-0.0094900509 	0.037674598 	0.96749786
0.0015075377 	-0.0094900509 	0.037674598 	0.96749786
0.0015276382 	-0.0099656128 	0.046021479 	0.95351213
0.0015477387 	-0.0099656128 	0.046021479 	0.95351213
0.0015678392 	-0.0099656128 	0.046021479 	0.95351213
0.0015879397 	-0.01110508 	0.049616324 	0.9376858
0.0016080402 	-0.01110508 	0.049616324 	0.9376858
0.0016281407 	-0.01110508 	0.049616324 	0.9376858
0.0016482412 	-0.013409886 	0.047396787 	0.92247975
0.0016683417 	-0.013409886 	0.047396787 	0.92247975
0.0016884422 	-0.017514601 	0.03937546 	0.91144175
0.0017085427 	-0.017514601 	0.03937546 	0.91144175
0.0017286432 	-0.017514601 	0.03937546 	0.91144175
0.0017487437 	-0.023417294 	0.026464045 	0.90682044
0.0017688442 	-0.023417294 	0.026464045 	0.90682044
0.0017889447 	-0.023417294 	0.026464045 	0.90682044
0.0018090452 	-0.030242635 	0.010827743 	0.90793888
0.0018291457 	-0.030242635 	0.010827743 	0.90793888
0.0018492462 	-0.036825247 	-0.004243928 	0.91200715
0.0018693467 	-0.036825247 	-0.004243928 	0.91200715
0.0018894472 	-0.036825247 	-0.004243928 	0.91200715
0.0019095477 	-0.04231867 	-0.01593328 	0.91629356
0.0019296482 	-0.04231867 	-0.01593328 	0.91629356
0.0019497487 	-0.046510229 	-0.023359785 	0.9194756
0.0019698492 	-0.046510229 	-0.023359785 	0.9194756
0.0019899497 	-0.046510229 	-0.023359785 	0.9194756
0.0020100503 	-0.049591808 	-0.027107286 	0.92132265
0.0020301508 	-0.049591808 	-0.027107286 	0.92132265
0.0020502513 	-0.051651435 	-0.0279974 	0.92166329
0.0020703518 	-0.051651435 	-0.0279974 	0.92166329
0.0020904523 	-0.052534884 	-0.026452051 	0.91989668
0.0021105528 	-0.052534884 	-0.026452051 	0.91989668
0.0021306533 	-0.052534884 	-0.026452051 	0.91989668
0.0021507538 	-0.052018926 	-0.02254895 	0.91532765
0.0021708543 	-0.052018926 	-0.02254895 	0.91532765
0.0021909548 	-0.050038623 	-0.016345583 	0.90767428
0.0022110553 	-0.050038623 	-0.016345583 	0.90767428
0.0022311558 	-0.046824793 	-0.0081877174 	0.89739402
0.0022512563 	-0.046824793 	-0.0081877174 	0.89739402
0.0022713568 	-0.042913528 	0.0012868999 	0.8856203
0.0022914573 	-0.042913528 	0.0012868999 	0.8856203
0.0023115578 	-0.042913528 	0.0012868999 	0.8856203
0.0023316583 	-0.038896151 	0.011266613 	0.8737784
0.0023517588 	-0.038896151 	0.011266613 	0.8737784
0.0023718593 	-0.035258624 	0.020937271 	0.86319625
0.0023919598 	-0.035258624 	0.020937271 	0.86319625
0.0024120603 	-0.03236466 	0.029659023 	0.8548217
0.0024321608 	-0.03236466 	0.029659023 	0.8548217
0.0024522613 	-0.0303797 	0.036982277 	0.84912953
0.0024723618 	-0.0303797 	0.036982277 	0.84912953
0.0024924623 	-0.029322974 	0.042660824 	0.84616744
0.0025125628 	-0.029322974 	0.042660824 	0.84616744
0.0025326633 	-0.02909853 	0.046634155 	0.84569116
0.0025527638 	-0.02909853 	0.046634155 	0.84569116
0.0025728643 	-0.029518176 	0.049013349 	0.84728739
0.0025929648 	-0.029518176 	0.049013349 	0.84728739
0.0026130653 	-0.030349252 	0.050022825 	0.85049722
0.0026331658 	-0.030349252 	0.050022825 	0.85049722
0.0026532663 	-0.031338214 	0.049923665 	0.85491912
0.0026733668 	-0.031338214 	0.049923665 	0.85491912
0.0026934673 	-0.032244114 	0.048920656 	0.86021404
0.0027135678 	-0.032244114 	0.048920656 	0.86021404
0.0027336683 	-0.03290497 	0.047135003 	0.86610337
0.0027537688 	-0.03290497 	0.047135003 	0.86610337
0.0027738693 	-0.033227165 	0.044624116 	0.87236849
0.0027939698 	-0.033227165 	0.044624116 	0.87236849
0.0028140704 	-0.033170942 	0.04143112 	0.87878974
0.0028341709 	-0.033170942 	0.04143112 	0.87878974
0.0028542714 	-0.032794261 	0.037609831 	0.88517013
0.0028743719 	-0.032185307 	0.03325389 	0.89129027
0.0028944724 	-0.032185307 	0.03325389 	0.89129027
0.0029145729 	-0.031401347 	0.028491949 	0.89692764
0.0029346734 	-0.031401347 	0.028491949 	0.89692764
0.0029547739 	-0.030484072 	0.023483963 	0.90183437
0.0029748744 	-0.030484072 	0.023483963 	0.90183437
0.0029949749 	-0.02949095 	0.018404858 	0.90573716
0.0030150754 	-0.028412562 	0.01342515 	0.90832512
0.0030351759 	-0.028412562 	0.01342515 	0.90832512
0.0030552764 	-0.027205045 	0.0086898897 	0.90927578
0.0030753769 	-0.027205045 	0.0086898897 	0.90927578
0.0030954774 	-0.025865274 	0.0042980841 	0.90825278
0.0031155779 	-0.02431074 	0.00029899086 	0.90493123
0.0031356784 	-0.02431074 	0.00029899086 	0.90493123
0.0031557789 	-0.022485729 	-0.00331268 	0.89903638
0.0031758794 	-0.022485729 	-0.00331268 	0.89903638
0.0031959799 	-0.020410466 	-0.0065502226 	0.89038976
0.0032160804 	-0.018090675 	-0.0094118856 	0.87895799
0.0032361809 	-0.018090675 	-0.0094118856 	0.87895799
0.0032562814 	-0.015553584 	-0.011863539 	0.86488443
0.0032763819 	-0.012858765 	-0.013849889 	0.84850677
0.0032964824 	-0.012858765 	-0.013849889 	0.84850677
0.0033165829 	-0.01009679 	-0.015330386 	0.83033819
0.0033366834 	-0.0073886191 	-0.016321258 	0.81102544
0.0033567839 	-0.0073886191 	-0.016321258 	0.81102544
0.0033768844 	-0.0048773551 	-0.016927274 	0.79126712
0.0033969849 	-0.0027096158 	-0.017341632 	0.77174773
0.0034170854 	-0.0027096158 	-0.017341632 	0.77174773
0.0034371859 	-0.0010161147 	-0.017812593 	0.75304593
0.0034572864 	0.00011889307 	-0.018591363 	0.73556562
0.0034773869 	0.00064580625 	-0.019876525 	0.7195007
0.0034974874 	0.00064580625 	-0.019876525 	0.7195007
0.0035175879 	0.00059462055 	-0.021770475 	0.70479417
0.0035376884 	6.9988756e-05 	-0.024261471 	0.69114375
0.0035577889 	-0.00080269432 	-0.027230964 	0.67803653
0.0035778894 	-0.00080269432 	-0.027230964 	0.67803653
0.0035979899 	-0.0018682163 	-0.030478716 	0.6648056
0.0036180905 	-0.0029705729 	-0.03375621 	0.65069625
0.003638191 	-0.0039669152 	-0.036798176 	0.63493051
0.0036582915 	-0.0039669152 	-0.036798176 	0.63493051
0.003678392 	-0.0047425341 	-0.039347664 	0.61676116
0.0036984925 	-0.0052192145 	-0.041174865 	0.59551462
0.003718593 	-0.0053597432 	-0.042094099 	0.57062763
0.0037386935 	-0.005168799 	-0.041982526 	0.54168387
0.003758794 	-0.0046902232 	-0.040800273 	0.50845349
0.0037788945 	-0.0046902232 	-0.040800273 	0.50845349
0.003798995 	-0.0039999224 	-0.038605609 	0.47093152
0.0038190955 	-0.0031940379 	-0.035555185 	0.42936303
0.003839196 	-0.0023732629 	-0.031880719 	0.38423724
0.0038592965 	-0.0016254539 	-0.02784267 	0.33623702
0.003879397 	-0.0010112623 	-0.023673762 	0.2861454
0.0038994975 	-0.00055674752 	-0.019532203 	0.23473159
0.003919598 	-0.00025670458 	-0.015477017 	0.18264817
0.0039396985 	-8.5793959e-05 	-0.011460112 	0.13036416
0.003959799 	-9.9832985e-06 	-0.0073157824 	0.078145188
0.0039798995 	2.1190518e-06 	-0.0027380311 	0.026090868
0.004 	2.1190518e-06 	-0.0027380311 	0.026090868
