0 	-0.049399079 	0.048595846 	0.96699479
2.0100503e-05 	0.049947302 	0.047242227 	0.97491797
4.0201005e-05 	0.049947302 	0.047242227 	0.97491797
6.0301508e-05 	0.066418372 	0.018085597 	0.98192492
8.040201e-05 	0.066418372 	0.018085597 	0.98192492
0.00010050251 	0.066418372 	0.018085597 	0.98192492
0.00012060302 	0.067509209 	-0.012774368 	0.98733087
0.00014070352 	0.067509209 	-0.012774368 	0.98733087
0.00016080402 	0.067509209 	-0.012774368 	0.98733087
0.00018090452 	0.069009509 	-0.010125593 	0.99181963
0.00020100503 	0.069009509 	-0.010125593 	0.99181963
0.00022110553 	0.069009509 	-0.010125593 	0.99181963
0.00024120603 	0.070566726 	-0.0087744874 	0.99532225
0.00026130653 	0.070566726 	-0.0087744874 	0.99532225
0.00028140704 	0.072196594 	-0.0079096401 	0.99791004
0.00030150754 	0.072196594 	-0.0079096401 	0.99791004
0.00032160804 	0.072196594 	-0.0079096401 	0.99791004
0.00034170854 	0.073786762 	-0.0072118506 	0.99964099
0.00036180905 	0.073786762 	-0.0072118506 	0.99964099
0.00038190955 	0.073786762 	-0.0072118506 	0.99964099
0.00040201005 	0.075186172 	-0.0065020263 	1.0005661
0.00042211055 	0.075186172 	-0.0065020263 	1.0005661
0.00044221106 	0.075186172 	-0.0065020263 	1.0005661
0.00046231156 	0.076232716 	-0.0056501019 	1.0007441
0.00048241206 	0.076232716 	-0.0056501019 	1.0007441
0.00050251256 	0.076771971 	-0.0045370719 	1.0002359
0.00052261307 	0.076771971 	-0.0045370719 	1.0002359
0.00054271357 	0.076771971 	-0.0045370719 	1.0002359
0.00056281407 	0.076682335 	-0.0030610383 	0.99908189
0.00058291457 	0.076682335 	-0.0030610383 	0.99908189
0.00060301508 	0.076682335 	-0.0030610383 	0.99908189
0.00062311558 	0.075898646 	-0.0011480441 	0.99728838
0.00064321608 	0.075898646 	-0.0011480441 	0.99728838
0.00066331658 	0.075898646 	-0.0011480441 	0.99728838
0.00068341709 	0.074414964 	0.00118416 	0.99487198
0.00070351759 	0.074414964 	0.00118416 	0.99487198
0.00072361809 	0.072284169 	0.0037986055 	0.99193757
0.00074371859 	0.072284169 	0.0037986055 	0.99193757
0.0007638191 	0.072284169 	0.0037986055 	0.99193757
0.0007839196 	0.069633439 	0.0064379453 	0.98868466
0.0008040201 	0.068428288 	0.0047108904 	0.98871691
0.0008241206 	0.068428288 	0.0047108904 	0.98871691
0.00084422111 	0.065311883 	0.0069784919 	0.9849052
0.00086432161 	0.065311883 	0.0069784919 	0.9849052
0.00088442211 	0.065311883 	0.0069784919 	0.9849052
0.00090452261 	0.063864254 	0.010818425 	0.98203727
0.00092462312 	0.063864254 	0.010818425 	0.98203727
0.00094472362 	0.061424929 	0.012267751 	0.9789689
0.00096482412 	0.059895608 	0.01107877 	0.97768256
0.00098492462 	0.059895608 	0.01107877 	0.97768256
0.0010050251 	0.057840261 	0.012622985 	0.97458343
0.0010251256 	0.057840261 	0.012622985 	0.97458343
0.0010452261 	0.057840261 	0.012622985 	0.97458343
0.0010653266 	0.056027743 	0.01335448 	0.97285598
0.0010854271 	0.056027743 	0.01335448 	0.97285598
0.0011055276 	0.056027743 	0.01335448 	0.97285598
0.0011256281 	0.054270454 	0.012831792 	0.97319518
0.0011457286 	0.054270454 	0.012831792 	0.97319518
0.0011658291 	0.054270454 	0.012831792 	0.97319518
0.0011859296 	0.052374465 	0.010726031 	0.97549858
0.0012060302 	0.052374465 	0.010726031 	0.97549858
0.0012261307 	0.052374465 	0.010726031 	0.97549858
0.0012462312 	0.055115261 	0.0047943694 	0.97801942
0.0012663317 	0.055115261 	0.0047943694 	0.97801942
0.0012864322 	0.050310954 	0.0069190143 	0.97900247
0.0013065327 	0.048182606 	0.001742371 	0.98256373
0.0013266332 	0.048182606 	0.001742371 	0.98256373
0.0013467337 	0.048182606 	0.001742371 	0.98256373
0.0013668342 	0.052369501 	-0.0070695213 	0.98361061
0.0013869347 	0.046098153 	-0.0039704144 	0.98499491
0.0014070352 	0.046098153 	-0.0039704144 	0.98499491
0.0014271357 	0.044197748 	-0.0091639132 	0.98521148
0.0014472362 	0.044197748 	-0.0091639132 	0.98521148
0.0014673367 	0.044197748 	-0.0091639132 	0.98521148
0.0014874372 	0.042634979 	-0.013092997 	0.98228937
0.0015075377 	0.042634979 	-0.013092997 	0.98228937
0.0015276382 	0.041351957 	-0.015678037 	0.97580973
0.0015477387 	0.041351957 	-0.015678037 	0.97580973
0.0015678392 	0.041351957 	-0.015678037 	0.97580973
0.0015879397 	0.0398265 	-0.017498845 	0.96638855
0.0016080402 	0.0398265 	-0.017498845 	0.96638855
0.0016281407 	0.0398265 	-0.017498845 	0.96638855
0.0016482412 	0.037007499 	-0.019263418 	0.9550145
0.0016683417 	0.037007499 	-0.019263418 	0.9550145
0.0016884422 	0.031718334 	-0.020519546 	0.94132498
0.0017085427 	0.031718334 	-0.020519546 	0.94132498
0.0017286432 	0.031718334 	-0.020519546 	0.94132498
0.0017487437 	0.023764274 	-0.018430127 	0.92516263
0.0017688442 	0.023764274 	-0.018430127 	0.92516263
0.0017889447 	0.023764274 	-0.018430127 	0.92516263
0.0018090452 	0.01472837 	-0.0096222052 	0.91072447
0.0018291457 	0.01472837 	-0.0096222052 	0.91072447
0.0018492462 	0.00713776 	0.0055665159 	0.90367574
0.0018693467 	0.00713776 	0.0055665159 	0.90367574
0.0018894472 	0.00713776 	0.0055665159 	0.90367574
0.0019095477 	0.0023907008 	0.022422246 	0.90327419
0.0019296482 	0.0023907008 	0.022422246 	0.90327419
0.0019497487 	0.00035733062 	0.035922549 	0.9036557
0.0019698492 	0.00035733062 	0.035922549 	0.9036557
0.0019899497 	7.5183111e-05 	0.04388611 	0.90060149
0.0020100503 	7.5183111e-05 	0.04388611 	0.90060149
0.0020301508 	7.5183111e-05 	0.04388611 	0.90060149
0.0020502513 	8.6825628e-05 	0.046725752 	0.89337411
0.0020703518 	8.6825628e-05 	0.046725752 	0.89337411
0.0020904523 	0.012197383 	0.045206004 	0.87019394
0.0021105528 	-0.0011167284 	0.046016881 	0.88348993
0.0021306533 	-0.0011167284 	0.046016881 	0.88348993
0.0021507538 	-0.0045066105 	0.04308843 	0.87334025
0.0021708543 	-0.0045066105 	0.04308843 	0.87334025
0.0021909548 	-0.009699705 	0.03791447 	0.86459999
0.0022110553 	-0.009699705 	0.03791447 	0.86459999
0.0022311558 	-0.015103696 	0.029324276 	0.85737125
0.0022512563 	-0.015103696 	0.029324276 	0.85737125
0.0022713568 	-0.019221269 	0.01640699 	0.85106564
0.0022914573 	-0.019221269 	0.01640699 	0.85106564
0.0023115578 	-0.019221269 	0.01640699 	0.85106564
0.0023316583 	-0.021539376 	-0.00013811727 	0.84553039
0.0023517588 	-0.021539376 	-0.00013811727 	0.84553039
0.0023718593 	-0.022207218 	-0.018132603 	0.84131488
0.0023919598 	-0.022207218 	-0.018132603 	0.84131488
0.0024120603 	-0.021543954 	-0.035258569 	0.83907896
0.0024321608 	-0.021543954 	-0.035258569 	0.83907896
0.0024522613 	-0.019803455 	-0.050073754 	0.83920496
0.0024723618 	-0.019803455 	-0.050073754 	0.83920496
0.0024924623 	-0.01706614 	-0.062155969 	0.84177093
0.0025125628 	-0.01706614 	-0.062155969 	0.84177093
0.0025326633 	-0.013445048 	-0.071774249 	0.8466814
0.0025527638 	-0.013445048 	-0.071774249 	0.8466814
0.0025728643 	-0.0091414963 	-0.079477496 	0.85374266
0.0025929648 	-0.0091414963 	-0.079477496 	0.85374266
0.0026130653 	-0.0043984396 	-0.085823125 	0.86263846
0.0026331658 	-0.0043984396 	-0.085823125 	0.86263846
0.0026532663 	0.00055610965 	-0.091200767 	0.87291587
0.0026733668 	0.00055610965 	-0.091200767 	0.87291587
0.0026934673 	0.0055967482 	-0.095809984 	0.88400912
0.0027135678 	0.0055967482 	-0.095809984 	0.88400912
0.0027336683 	0.010735826 	-0.099745489 	0.89535023
0.0027537688 	0.010735826 	-0.099745489 	0.89535023
0.0027738693 	0.016033891 	-0.10303093 	0.90639409
0.0027939698 	0.016033891 	-0.10303093 	0.90639409
0.0028140704 	0.021595524 	-0.10569398 	0.91662125
0.0028341709 	0.021595524 	-0.10569398 	0.91662125
0.0028542714 	0.027504242 	-0.10778135 	0.92527501
0.0028743719 	0.033857178 	-0.10940767 	0.93127986
0.0028944724 	0.033857178 	-0.10940767 	0.93127986
0.0029145729 	0.040661487 	-0.11075625 	0.93300898
0.0029346734 	0.040661487 	-0.11075625 	0.93300898
0.0029547739 	0.047677194 	-0.1118523 	0.92862578
0.0029748744 	0.047677194 	-0.1118523 	0.92862578
0.0029949749 	0.054246044 	-0.11220863 	0.91715897
0.0030150754 	0.059396489 	-0.11076074 	0.89945199
0.0030351759 	0.059396489 	-0.11076074 	0.89945199
0.0030552764 	0.062275667 	-0.10655857 	0.87783734
0.0030753769 	0.062275667 	-0.10655857 	0.87783734
0.0030954774 	0.062473246 	-0.099463929 	0.85488682
0.0031155779 	0.060107206 	-0.09021401 	0.83256283
0.0031356784 	0.060107206 	-0.09021401 	0.83256283
0.0031557789 	0.055715361 	-0.080099728 	0.8120593
0.0031758794 	0.055715361 	-0.080099728 	0.8120593
0.0031959799 	0.050105323 	-0.070501599 	0.79397751
0.0032160804 	0.044099516 	-0.062457079 	0.77840401
0.0032361809 	0.044099516 	-0.062457079 	0.77840401
0.0032562814 	0.038261897 	-0.056365763 	0.76480414
0.0032763819 	0.032708259 	-0.052080516 	0.7523133
0.0032964824 	0.032708259 	-0.052080516 	0.7523133
0.0033165829 	0.027026616 	-0.049274273 	0.74088805
0.0033366834 	0.020574837 	-0.047702951 	0.73144541
0.0033567839 	0.020574837 	-0.047702951 	0.73144541
0.0033768844 	0.013502623 	-0.047273273 	0.72362656
0.0033969849 	0.0069833331 	-0.04825323 	0.71485438
0.0034170854 	0.0069833331 	-0.04825323 	0.71485438
0.0034371859 	0.001972232 	-0.050639004 	0.70297
0.0034572864 	-0.0015620259 	-0.052901256 	0.68860419
0.0034773869 	-0.0042442715 	-0.052287905 	0.67389233
0.0034974874 	-0.0042442715 	-0.052287905 	0.67389233
0.0035175879 	-0.0065539048 	-0.046923062 	0.65985363
0.0035376884 	-0.0086046661 	-0.037342547 	0.64605466
0.0035577889 	-0.010417781 	-0.025877163 	0.63197516
0.0035778894 	-0.010417781 	-0.025877163 	0.63197516
0.0035979899 	-0.012067028 	-0.01487448 	0.61778496
0.0036180905 	-0.01362297 	-0.0055488524 	0.60392659
0.003638191 	-0.015069122 	0.0020227296 	0.59045723
0.0036582915 	-0.015069122 	0.0020227296 	0.59045723
0.003678392 	-0.016302856 	0.0083299461 	0.57677613
0.0036984925 	-0.017083852 	0.013892859 	0.5617672
0.003718593 	-0.017143409 	0.018997597 	0.54412639
0.0037386935 	-0.016419344 	0.023622227 	0.52272747
0.003758794 	-0.01505087 	0.027548762 	0.49672947
0.0037788945 	-0.01505087 	0.027548762 	0.49672947
0.003798995 	-0.013247302 	0.030504704 	0.46570093
0.0038190955 	-0.011229916 	0.032256444 	0.42961588
0.003839196 	-0.0091962706 	0.032650812 	0.38880745
0.0038592965 	-0.0072906567 	0.031616625 	0.34386378
0.003879397 	-0.005594707 	0.029148992 	0.29549889
0.0038994975 	-0.0041300431 	0.025293218 	0.24444065
0.003919598 	-0.0028725574 	0.020150179 	0.19137572
0.0039396985 	-0.0017773815 	0.013943195 	0.13696657
0.003959799 	-0.00084192262 	0.0072116568 	0.081913622
0.0039798995 	-0.00014173073 	0.0012302556 	0.027023937
0.004 	-0.00014173073 	0.0012302556 	0.027023937
