0 	0.022974981 	0.026829213 	1.0159109
2.0100503e-05 	-0.026440486 	0.020293291 	1.0092757
4.0201005e-05 	-0.026440486 	0.020293291 	1.0092757
6.0301508e-05 	-0.030375502 	0.003870005 	1.0029865
8.040201e-05 	-0.030375502 	0.003870005 	1.0029865
0.00010050251 	-0.030375502 	0.003870005 	1.0029865
0.00012060302 	-0.027141395 	-0.0019589821 	0.99749189
0.00014070352 	-0.027141395 	-0.0019589821 	0.99749189
0.00016080402 	-0.027141395 	-0.0019589821 	0.99749189
0.00018090452 	-0.022719916 	-0.0049008731 	0.99319474
0.00020100503 	-0.022719916 	-0.0049008731 	0.99319474
0.00022110553 	-0.022719916 	-0.0049008731 	0.99319474
0.00024120603 	-0.017869809 	-0.0063633409 	0.99041868
0.00026130653 	-0.017869809 	-0.0063633409 	0.99041868
0.00028140704 	-0.013070007 	-0.0068174054 	0.98934477
0.00030150754 	-0.013070007 	-0.0068174054 	0.98934477
0.00032160804 	-0.013070007 	-0.0068174054 	0.98934477
0.00034170854 	-0.0087469379 	-0.0065815925 	0.98993617
0.00036180905 	-0.0087469379 	-0.0065815925 	0.98993617
0.00038190955 	-0.0087469379 	-0.0065815925 	0.98993617
0.00040201005 	-0.0052497668 	-0.0060093771 	0.99187726
0.00042211055 	-0.0052497668 	-0.0060093771 	0.99187726
0.00044221106 	-0.0052497668 	-0.0060093771 	0.99187726
0.00046231156 	-0.0028842759 	-0.0055152277 	0.9945987
0.00048241206 	-0.0028842759 	-0.0055152277 	0.9945987
0.00050251256 	-0.0019336571 	-0.0054442228 	0.99732883
0.00052261307 	-0.0019336571 	-0.0054442228 	0.99732883
0.00054271357 	-0.0019336571 	-0.0054442228 	0.99732883
0.00056281407 	-0.0026723834 	-0.0058666032 	0.99916313
0.00058291457 	-0.0026723834 	-0.0058666032 	0.99916313
0.00060301508 	-0.0026723834 	-0.0058666032 	0.99916313
0.00062311558 	-0.0052614952 	-0.0065744339 	0.99908269
0.00064321608 	-0.0052614952 	-0.0065744339 	0.99908269
0.00066331658 	-0.0052614952 	-0.0065744339 	0.99908269
0.00068341709 	-0.0096740712 	-0.0071224551 	0.99618024
0.00070351759 	-0.0096740712 	-0.0071224551 	0.99618024
0.00072361809 	-0.01556564 	-0.0073541259 	0.99005141
0.00074371859 	-0.01556564 	-0.0073541259 	0.99005141
0.0007638191 	-0.01556564 	-0.0073541259 	0.99005141
0.0007839196 	-0.022121374 	-0.0078633398 	0.98117374
0.0008040201 	-0.022121374 	-0.0078633398 	0.98117374
0.0008241206 	-0.022121374 	-0.0078633398 	0.98117374
0.00084422111 	-0.028237728 	-0.0098641123 	0.97079585
0.00086432161 	-0.028237728 	-0.0098641123 	0.97079585
0.00088442211 	-0.028237728 	-0.0098641123 	0.97079585
0.00090452261 	-0.032873271 	-0.014521733 	0.96045171
0.00092462312 	-0.032873271 	-0.014521733 	0.96045171
0.00094472362 	-0.035245779 	-0.022127911 	0.95149736
0.00096482412 	-0.035245779 	-0.022127911 	0.95149736
0.00098492462 	-0.035245779 	-0.022127911 	0.95149736
0.0010050251 	-0.032271879 	-0.028439703 	0.955419
0.0010251256 	-0.032271879 	-0.028439703 	0.955419
0.0010452261 	-0.032271879 	-0.028439703 	0.955419
0.0010653266 	-0.028759907 	-0.036779875 	0.94997999
0.0010854271 	-0.028759907 	-0.036779875 	0.94997999
0.0011055276 	-0.028759907 	-0.036779875 	0.94997999
0.0011256281 	-0.023172338 	-0.043580607 	0.94636111
0.0011457286 	-0.023172338 	-0.043580607 	0.94636111
0.0011658291 	-0.023172338 	-0.043580607 	0.94636111
0.0011859296 	-0.016491369 	-0.047523553 	0.94425828
0.0012060302 	-0.016491369 	-0.047523553 	0.94425828
0.0012261307 	-0.016491369 	-0.047523553 	0.94425828
0.0012462312 	-0.0094444848 	-0.048458187 	0.94320148
0.0012663317 	-0.0094444848 	-0.048458187 	0.94320148
0.0012864322 	-0.0094444848 	-0.048458187 	0.94320148
0.0013065327 	-0.0022136122 	-0.047100646 	0.9426719
0.0013266332 	-0.0022136122 	-0.047100646 	0.9426719
0.0013467337 	-0.0022136122 	-0.047100646 	0.9426719
0.0013668342 	0.0052669952 	-0.044320185 	0.94226378
0.0013869347 	0.0052669952 	-0.044320185 	0.94226378
0.0014070352 	0.0052669952 	-0.044320185 	0.94226378
0.0014271357 	0.012882541 	-0.040828756 	0.94210072
0.0014472362 	0.012882541 	-0.040828756 	0.94210072
0.0014673367 	0.012882541 	-0.040828756 	0.94210072
0.0014874372 	0.020178739 	-0.036869355 	0.94272922
0.0015075377 	0.020178739 	-0.036869355 	0.94272922
0.0015276382 	0.026679409 	-0.032281075 	0.94451493
0.0015477387 	0.026679409 	-0.032281075 	0.94451493
0.0015678392 	0.026679409 	-0.032281075 	0.94451493
0.0015879397 	0.032243831 	-0.027011345 	0.94740956
0.0016080402 	0.032243831 	-0.027011345 	0.94740956
0.0016281407 	0.032243831 	-0.027011345 	0.94740956
0.0016482412 	0.037010882 	-0.021318972 	0.95146816
0.0016683417 	0.037010882 	-0.021318972 	0.95146816
0.0016884422 	0.041153285 	-0.0155755 	0.95692448
0.0017085427 	0.041153285 	-0.0155755 	0.95692448
0.0017286432 	0.041153285 	-0.0155755 	0.95692448
0.0017487437 	0.044698243 	-0.010070919 	0.96392631
0.0017688442 	0.044698243 	-0.010070919 	0.96392631
0.0017889447 	0.044698243 	-0.010070919 	0.96392631
0.0018090452 	0.047537198 	-0.005016475 	0.97224054
0.0018291457 	0.047537198 	-0.005016475 	0.97224054
0.0018492462 	0.049525901 	-0.00056023197 	0.98133238
0.0018693467 	0.049525901 	-0.00056023197 	0.98133238
0.0018894472 	0.049525901 	-0.00056023197 	0.98133238
0.0019095477 	0.050445564 	0.0032461756 	0.99045402
0.0019296482 	0.050445564 	0.0032461756 	0.99045402
0.0019497487 	0.050118271 	0.006580285 	0.9988424
0.0019698492 	0.050118271 	0.006580285 	0.9988424
0.0019899497 	0.050118271 	0.006580285 	0.9988424
0.0020100503 	0.048528921 	0.010062264 	1.0056456
0.0020301508 	0.048528921 	0.010062264 	1.0056456
0.0020502513 	0.04581643 	0.014984445 	1.0095111
0.0020703518 	0.04581643 	0.014984445 	1.0095111
0.0020904523 	0.042196701 	0.022875361 	1.0076352
0.0021105528 	0.042196701 	0.022875361 	1.0076352
0.0021306533 	0.042196701 	0.022875361 	1.0076352
0.0021507538 	0.037727258 	0.032940929 	0.99601446
0.0021708543 	0.037727258 	0.032940929 	0.99601446
0.0021909548 	0.031636453 	0.038616732 	0.97464938
0.0022110553 	0.031636453 	0.038616732 	0.97464938
0.0022311558 	0.023492726 	0.032479488 	0.94986508
0.0022512563 	0.023492726 	0.032479488 	0.94986508
0.0022713568 	0.014560248 	0.014638155 	0.92730612
0.0022914573 	0.014560248 	0.014638155 	0.92730612
0.0023115578 	0.014560248 	0.014638155 	0.92730612
0.0023316583 	0.0061388996 	-0.0089605989 	0.90886995
0.0023517588 	0.0061388996 	-0.0089605989 	0.90886995
0.0023718593 	-0.0010812045 	-0.032466657 	0.89478695
0.0023919598 	-0.0010812045 	-0.032466657 	0.89478695
0.0024120603 	-0.006656597 	-0.052270049 	0.88468178
0.0024321608 	-0.006656597 	-0.052270049 	0.88468178
0.0024522613 	-0.010412466 	-0.06659403 	0.87767425
0.0024723618 	-0.010412466 	-0.06659403 	0.87767425
0.0024924623 	-0.012256923 	-0.074941339 	0.87248082
0.0025125628 	-0.012256923 	-0.074941339 	0.87248082
0.0025326633 	-0.012250618 	-0.077777055 	0.86769667
0.0025527638 	-0.012250618 	-0.077777055 	0.86769667
0.0025728643 	-0.010542095 	-0.076082082 	0.86212843
0.0025929648 	-0.010542095 	-0.076082082 	0.86212843
0.0026130653 	-0.0073830305 	-0.070959918 	0.85505095
0.0026331658 	-0.0073830305 	-0.070959918 	0.85505095
0.0026532663 	-0.0031059758 	-0.063422176 	0.84624676
0.0026733668 	-0.0031059758 	-0.063422176 	0.84624676
0.0026934673 	0.0018626526 	-0.05431238 	0.83584157
0.0027135678 	0.0018626526 	-0.05431238 	0.83584157
0.0027336683 	0.0070692033 	-0.044279841 	0.82416886
0.0027537688 	0.0070692033 	-0.044279841 	0.82416886
0.0027738693 	0.012099801 	-0.03378021 	0.81165827
0.0027939698 	0.012099801 	-0.03378021 	0.81165827
0.0028140704 	0.016582357 	-0.023097241 	0.798783
0.0028341709 	0.016582357 	-0.023097241 	0.798783
0.0028542714 	0.020203036 	-0.012423711 	0.78609422
0.0028743719 	0.022770135 	-0.0019819852 	0.77422064
0.0028944724 	0.022770135 	-0.0019819852 	0.77422064
0.0029145729 	0.024056147 	0.0078841552 	0.76383381
0.0029346734 	0.024056147 	0.0078841552 	0.76383381
0.0029547739 	0.023854299 	0.01665346 	0.75565387
0.0029748744 	0.023854299 	0.01665346 	0.75565387
0.0029949749 	0.022212043 	0.023710861 	0.75036423
0.0030150754 	0.01933519 	0.028672965 	0.74850517
0.0030351759 	0.01933519 	0.028672965 	0.74850517
0.0030552764 	0.015471259 	0.031692187 	0.75026663
0.0030753769 	0.015471259 	0.031692187 	0.75026663
0.0030954774 	0.010896135 	0.033427337 	0.75529499
0.0031155779 	0.0059234702 	0.034628461 	0.76249597
0.0031356784 	0.0059234702 	0.034628461 	0.76249597
0.0031557789 	0.00085889023 	0.035517277 	0.77025988
0.0031758794 	0.00085889023 	0.035517277 	0.77025988
0.0031959799 	-0.0039693373 	0.035522765 	0.77705084
0.0032160804 	-0.0082368062 	0.033715922 	0.78191283
0.0032361809 	-0.0082368062 	0.033715922 	0.78191283
0.0032562814 	-0.01162425 	0.029659505 	0.78456663
0.0032763819 	-0.013944483 	0.02391785 	0.78519049
0.0032964824 	-0.013944483 	0.02391785 	0.78519049
0.0033165829 	-0.015222762 	0.017846848 	0.78410129
0.0033366834 	-0.015642444 	0.012864724 	0.78148841
0.0033567839 	-0.015642444 	0.012864724 	0.78148841
0.0033768844 	-0.01546184 	0.0097897558 	0.77724489
0.0033969849 	-0.014924077 	0.0086520512 	0.77091856
0.0034170854 	-0.014924077 	0.0086520512 	0.77091856
0.0034371859 	-0.014193931 	0.0089459143 	0.76180517
0.0034572864 	-0.013350377 	0.010034383 	0.74914265
0.0034773869 	-0.012413709 	0.011427002 	0.73234435
0.0034974874 	-0.012413709 	0.011427002 	0.73234435
0.0035175879 	-0.011385406 	0.012863593 	0.71119521
0.0035376884 	-0.010281108 	0.014260768 	0.68592957
0.0035577889 	-0.0091314295 	0.015603905 	0.65717616
0.0035778894 	-0.0091314295 	0.015603905 	0.65717616
0.0035979899 	-0.0079778623 	0.016853186 	0.62579742
0.0036180905 	-0.0068635003 	0.017901005 	0.59269778
0.003638191 	-0.0058271934 	0.018588076 	0.55867182
0.0036582915 	-0.0058271934 	0.018588076 	0.55867182
0.003678392 	-0.0049009746 	0.018756654 	0.52432881
0.0036984925 	-0.0041071729 	0.018304754 	0.4900847
0.003718593 	-0.0034559578 	0.017214056 	0.45618369
0.0037386935 	-0.0029434329 	0.015548034 	0.42271536
0.003758794 	-0.0025516701 	0.013432997 	0.38961725
0.0037788945 	-0.0025516701 	0.013432997 	0.38961725
0.003798995 	-0.0022514443 	0.011036125 	0.35667858
0.0038190955 	-0.0020071208 	0.0085447468 	0.32356628
0.003839196 	-0.0017829664 	0.0061464377 	0.28988085
0.0038592965 	-0.0015495553 	0.0040090916 	0.25523045
0.003879397 	-0.00128901 	0.0022617891 	0.21930206
0.0038994975 	-0.00099862602 	0.0009802763 	0.18190768
0.003919598 	-0.00069258437 	0.0001790702 	0.14301728
0.0039396985 	-0.00040043292 	-0.00018839594 	0.10279003
0.003959799 	-0.00016266044 	-0.00022482386 	0.061633003
0.0039798995 	-2.0405887e-05 	-7.9087082e-05 	0.020298504
0.004 	-2.0405887e-05 	-7.9087082e-05 	0.020298504
