0 	-0.012338071 	-0.0089381097 	1.0792403
5.5555625e-05 	-0.013516796 	-0.0025623863 	1.0790968
0.00011111111 	-0.012177667 	-0.0013808007 	1.0777852
0.00016666667 	-0.010737367 	-0.0016151114 	1.0753798
0.00022222222 	-0.0094002078 	-0.0025414344 	1.0719538
0.00027777778 	-0.0082264202 	-0.0038706016 	1.067527
0.00033333333 	-0.0072721574 	-0.0053537854 	1.0620702
0.00038888889 	-0.006621411 	-0.0066658124 	1.0555745
0.00044444444 	-0.0063972784 	-0.0074198139 	1.0481732
0.0005 	-0.0067299705 	-0.0072209827 	1.0402636
0.00055555556 	-0.0077295056 	-0.0057645067 	1.0325465
0.00061111111 	-0.009430689 	-0.0029805813 	1.0258816
0.00066666667 	-0.011727487 	0.00098726332 	1.0209938
0.00072222222 	-0.014349266 	0.0059030382 	1.0181593
0.00077777778 	-0.016852715 	0.01166835 	1.017084
0.00083333333 	-0.018707938 	0.018445583 	1.0170768
0.00088888889 	-0.019407366 	0.026486141 	1.0173576
0.00094444444 	-0.018720012 	0.035700407 	1.0172324
0.001 	-0.016988426 	0.04601954 	1.0161411
0.0010617199 	-0.014471071 	0.056515454 	1.0131914
0.0011225874 	-0.011982285 	0.065813705 	1.0077433
0.0011826143 	-0.0097283051 	0.073900118 	0.99964587
0.0012418122 	-0.0078200634 	0.080956524 	0.98920917
0.0013001926 	-0.006438124 	0.086940518 	0.97712037
0.0013577668 	-0.0057900502 	0.091696065 	0.96429388
0.0014145458 	-0.0059890579 	0.095123922 	0.95165983
0.0014705407 	-0.0070143468 	0.097265304 	0.93996792
0.0015257623 	-0.0087229625 	0.098269285 	0.92968343
0.0015802213 	-0.010898399 	0.09830423 	0.92102286
0.0016339282 	-0.0132838 	0.097499819 	0.91405791
0.0016868934 	-0.015645305 	0.09593874 	0.90879249
0.0017391271 	-0.017775827 	0.093679901 	0.90516809
0.0017906395 	-0.019505696 	0.090717945 	0.90298325
0.0018414404 	-0.020727282 	0.086964165 	0.90188269
0.0018915398 	-0.021378861 	0.082292041 	0.90143049
0.0019409473 	-0.021424491 	0.076632534 	0.9012594
0.0019896725 	-0.020859512 	0.070015083 	0.90120177
0.0020377248 	-0.019650639 	0.062542726 	0.90120105
0.0020851134 	-0.017631885 	0.054344612 	0.90083787
0.0021318476 	-0.014526396 	0.045633163 	0.89894393
0.0021779364 	-0.010210546 	0.036812298 	0.8941928
0.0022233887 	-0.0049352519 	0.028489151 	0.88660714
0.0022682133 	0.00032292575 	0.021171292 	0.87851241
0.0023124189 	0.0041999814 	0.014954267 	0.87358749
0.0023560139 	0.0057505554 	0.0093914039 	0.87464036
0.0023990069 	0.0047403203 	0.0036852412 	0.88184002
0.0024414062 	0.0018572106 	-0.0029125104 	0.8926528
0.0024832199 	-0.0016595956 	-0.010814314 	0.90320502
0.0025244562 	-0.0045980678 	-0.02002331 	0.90999987
0.002565123 	-0.006186065 	-0.030199818 	0.91120604
0.0026052281 	-0.0064799991 	-0.040839168 	0.90733523
0.0026447794 	-0.006299132 	-0.051423555 	0.90105924
0.0026837845 	-0.0067802276 	-0.061501458 	0.89602742
0.0027222509 	-0.0087461506 	-0.070673474 	0.89500614
0.0027601861 	-0.01220545 	-0.07857499 	0.89835982
0.0027975974 	-0.016424127 	-0.084962131 	0.9039334
0.002834492 	-0.020416811 	-0.089887563 	0.90846184
0.0028708772 	-0.023558626 	-0.093807158 	0.90950769
0.0029067598 	-0.025920926 	-0.097414556 	0.9067511
0.0029421469 	-0.028175837 	-0.10119514 	0.90208559
0.0029770452 	-0.031204474 	-0.10493609 	0.89881315
0.0030114616 	-0.035684103 	-0.10773932 	0.90049016
0.0030454028 	-0.041700755 	-0.10857697 	0.90933984
0.0030788752 	-0.048363585 	-0.10676042 	0.92403466
0.0031118853 	-0.053654799 	-0.10199769 	0.93824281
0.0031444395 	-0.054940512 	-0.09419655 	0.94216584
0.0031765442 	-0.050008525 	-0.083377882 	0.92721009
0.0032082055 	-0.038118182 	-0.06989682 	0.89045443
0.0032394295 	-0.020401986 	-0.054622743 	0.8354911
0.0032702223 	0.00045740507 	-0.038857321 	0.77022126
0.0033005899 	0.021265298 	-0.024079741 	0.70386478
0.0033305381 	0.03916985 	-0.011670614 	0.64476437
0.0033600727 	0.051981489 	-0.0026601798 	0.59878873
0.0033891994 	0.058558269 	0.0024596883 	0.56849705
0.0034179239 	0.05895622 	0.0037016932 	0.55317043
0.0034462517 	0.054283028 	0.0015206436 	0.54940374
0.0034741882 	0.046176741 	-0.0033888419 	0.55247987
0.003501739 	0.036289357 	-0.010249832 	0.55776528
0.0035289093 	0.025899261 	-0.01830591 	0.56179322
0.0035557043 	0.015825427 	-0.026843344 	0.56262708
0.0035821293 	0.006519679 	-0.035255678 	0.55960464
0.0036081894 	-0.0017760985 	-0.043071393 	0.55269245
0.0036338895 	-0.0088699837 	-0.049924326 	0.54186955
0.0036592348 	-0.014530413 	-0.055539828 	0.52681603
0.00368423 	-0.018529837 	-0.059675069 	0.5069395
0.00370888 	-0.020752383 	-0.062083056 	0.481663
0.0037331896 	-0.021266681 	-0.062565258 	0.45078892
0.0037571635 	-0.020319583 	-0.061078807 	0.41472884
0.0037808063 	-0.018271911 	-0.057803708 	0.3744932
0.0038041226 	-0.015525868 	-0.053114776 	0.33150346
0.0038271169 	-0.012471862 	-0.047495346 	0.28734274
0.0038497936 	-0.0094466947 	-0.041435589 	0.2434962
0.0038721572 	-0.0067002571 	-0.035334464 	0.20111211
0.0038942119 	-0.0043797436 	-0.029420373 	0.16084559
0.003915962 	-0.0025452271 	-0.023711472 	0.12282356
0.0039374118 	-0.0012070739 	-0.018007662 	0.086705314
0.0039585653 	-0.00036040073 	-0.01187954 	0.051802788
0.0039794267 	-1.1608901e-05 	-0.0046400157 	0.017314595
0.004 	-1.1608901e-05 	-0.0046400157 	0.017314595
