0 	0.0041103057 	0.015124465 	1.0125369
2.0100503e-05 	-0.015326923 	0.0027999333 	1.0185403
4.0201005e-05 	-0.015326923 	0.0027999333 	1.0185403
6.0301508e-05 	-0.01346784 	-0.0053416077 	1.0282314
8.040201e-05 	-0.01346784 	-0.0053416077 	1.0282314
0.00010050251 	-0.01346784 	-0.0053416077 	1.0282314
0.00012060302 	-0.010076628 	-0.0070897861 	1.0413048
0.00014070352 	-0.010076628 	-0.0070897861 	1.0413048
0.00016080402 	-0.010076628 	-0.0070897861 	1.0413048
0.00018090452 	-0.0064605858 	-0.0069765294 	1.0563472
0.00020100503 	-0.0064605858 	-0.0069765294 	1.0563472
0.00022110553 	-0.0064605858 	-0.0069765294 	1.0563472
0.00024120603 	-0.0030627184 	-0.0060262471 	1.071382
0.00026130653 	-0.0030627184 	-0.0060262471 	1.071382
0.00028140704 	-0.00025260612 	-0.0046912183 	1.0847202
0.00030150754 	-0.00025260612 	-0.0046912183 	1.0847202
0.00032160804 	-0.00025260612 	-0.0046912183 	1.0847202
0.00034170854 	0.0018598142 	-0.0031402161 	1.0955554
0.00036180905 	0.0018598142 	-0.0031402161 	1.0955554
0.00038190955 	0.0018598142 	-0.0031402161 	1.0955554
0.00040201005 	0.0033397534 	-0.0014686063 	1.1039384
0.00042211055 	0.0033397534 	-0.0014686063 	1.1039384
0.00044221106 	0.0033397534 	-0.0014686063 	1.1039384
0.00046231156 	0.0042736201 	0.00011145592 	1.1102963
0.00048241206 	0.0042736201 	0.00011145592 	1.1102963
0.00050251256 	0.0047233344 	0.0012587625 	1.1149997
0.00052261307 	0.0047233344 	0.0012587625 	1.1149997
0.00054271357 	0.0047233344 	0.0012587625 	1.1149997
0.00056281407 	0.0047995327 	0.001694671 	1.1182249
0.00058291457 	0.0047995327 	0.001694671 	1.1182249
0.00060301508 	0.0047995327 	0.001694671 	1.1182249
0.00062311558 	0.0046309525 	0.0011565238 	1.1199807
0.00064321608 	0.0046309525 	0.0011565238 	1.1199807
0.00066331658 	0.0046309525 	0.0011565238 	1.1199807
0.00068341709 	0.004330333 	-0.00043014447 	1.1202087
0.00070351759 	0.004330333 	-0.00043014447 	1.1202087
0.00072361809 	0.0039435257 	-0.0031045349 	1.1188079
0.00074371859 	0.0039435257 	-0.0031045349 	1.1188079
0.0007638191 	0.0039435257 	-0.0031045349 	1.1188079
0.0007839196 	0.003434359 	-0.0067585852 	1.1156253
0.0008040201 	0.003434359 	-0.0067585852 	1.1156253
0.0008241206 	0.003434359 	-0.0067585852 	1.1156253
0.00084422111 	0.002699573 	-0.011253509 	1.1104622
0.00086432161 	0.002699573 	-0.011253509 	1.1104622
0.00088442211 	0.002699573 	-0.011253509 	1.1104622
0.00090452261 	0.0016467627 	-0.016491814 	1.1030594
0.00092462312 	0.0016467627 	-0.016491814 	1.1030594
0.00094472362 	0.00022925925 	-0.022365035 	1.0931494
0.00096482412 	0.00022925925 	-0.022365035 	1.0931494
0.00098492462 	0.00022925925 	-0.022365035 	1.0931494
0.0010050251 	-0.0014660122 	-0.031547669 	1.0772349
0.0010251256 	-0.0014660122 	-0.031547669 	1.0772349
0.0010452261 	-0.0014660122 	-0.031547669 	1.0772349
0.0010653266 	-0.0028357577 	-0.039588375 	1.0600306
0.0010854271 	-0.0028357577 	-0.039588375 	1.0600306
0.0011055276 	-0.0034366948 	-0.037392827 	1.0625598
0.0011256281 	-0.0040017305 	-0.046712416 	1.0408986
0.0011457286 	-0.0040017305 	-0.046712416 	1.0408986
0.0011658291 	-0.0040017305 	-0.046712416 	1.0408986
0.0011859296 	-0.0048836615 	-0.051137735 	1.021041
0.0012060302 	-0.0048836615 	-0.051137735 	1.021041
0.0012261307 	-0.0048836615 	-0.051137735 	1.021041
0.0012462312 	-0.0058117524 	-0.049998546 	1.0018291
0.0012663317 	-0.0058117524 	-0.049998546 	1.0018291
0.0012864322 	-0.0058117524 	-0.049998546 	1.0018291
0.0013065327 	-0.0076827138 	-0.04032192 	0.98406791
0.0013266332 	-0.0076827138 	-0.04032192 	0.98406791
0.0013467337 	-0.0076827138 	-0.04032192 	0.98406791
0.0013668342 	-0.011801547 	-0.021433271 	0.96755275
0.0013869347 	-0.011801547 	-0.021433271 	0.96755275
0.0014070352 	-0.011801547 	-0.021433271 	0.96755275
0.0014271357 	-0.019338667 	0.0025245604 	0.95260106
0.0014472362 	-0.019338667 	0.0025245604 	0.95260106
0.0014673367 	-0.019338667 	0.0025245604 	0.95260106
0.0014874372 	-0.0303039 	0.023461684 	0.94294601
0.0015075377 	-0.0303039 	0.023461684 	0.94294601
0.0015276382 	-0.042628832 	0.03465323 	0.94261267
0.0015477387 	-0.042628832 	0.03465323 	0.94261267
0.0015678392 	-0.042628832 	0.03465323 	0.94261267
0.0015879397 	-0.054100387 	0.034957956 	0.9463958
0.0016080402 	-0.054100387 	0.034957956 	0.9463958
0.0016281407 	-0.054100387 	0.034957956 	0.9463958
0.0016482412 	-0.064939359 	0.028205943 	0.94241093
0.0016683417 	-0.064939359 	0.028205943 	0.94241093
0.0016884422 	-0.076018488 	0.020045935 	0.92863001
0.0017085427 	-0.076018488 	0.020045935 	0.92863001
0.0017286432 	-0.076018488 	0.020045935 	0.92863001
0.0017487437 	-0.086483154 	0.014131559 	0.91518428
0.0017688442 	-0.086483154 	0.014131559 	0.91518428
0.0017889447 	-0.086483154 	0.014131559 	0.91518428
0.0018090452 	-0.095037208 	0.0096712 	0.90859803
0.0018291457 	-0.095037208 	0.0096712 	0.90859803
0.0018492462 	-0.10193343 	0.0046711386 	0.90540724
0.0018693467 	-0.10193343 	0.0046711386 	0.90540724
0.0018894472 	-0.10193343 	0.0046711386 	0.90540724
0.0019095477 	-0.10854887 	0.0002765149 	0.90014425
0.0019296482 	-0.10854887 	0.0002765149 	0.90014425
0.0019497487 	-0.11557399 	-0.0011668371 	0.89185063
0.0019698492 	-0.11557399 	-0.0011668371 	0.89185063
0.0019899497 	-0.11557399 	-0.0011668371 	0.89185063
0.0020100503 	-0.12234473 	0.00054705879 	0.88275771
0.0020301508 	-0.12234473 	0.00054705879 	0.88275771
0.0020502513 	-0.12760538 	0.0039314322 	0.87514508
0.0020703518 	-0.12760538 	0.0039314322 	0.87514508
0.0020904523 	-0.13037194 	0.0074722003 	0.87020563
0.0021105528 	-0.13037194 	0.0074722003 	0.87020563
0.0021306533 	-0.13037194 	0.0074722003 	0.87020563
0.0021507538 	-0.13015713 	0.01006212 	0.86810457
0.0021708543 	-0.13015713 	0.01006212 	0.86810457
0.0021909548 	-0.12697301 	0.010963872 	0.86826682
0.0022110553 	-0.12697301 	0.010963872 	0.86826682
0.0022311558 	-0.12150284 	0.0099842184 	0.86973042
0.0022512563 	-0.12150284 	0.0099842184 	0.86973042
0.0022713568 	-0.11478655 	0.0075963751 	0.87151547
0.0022914573 	-0.11478655 	0.0075963751 	0.87151547
0.0023115578 	-0.11478655 	0.0075963751 	0.87151547
0.0023316583 	-0.10767594 	0.0046466099 	0.87305435
0.0023517588 	-0.10767594 	0.0046466099 	0.87305435
0.0023718593 	-0.10059926 	0.0017957221 	0.87438158
0.0023919598 	-0.10059926 	0.0017957221 	0.87438158
0.0024120603 	-0.09368759 	-0.00071783021 	0.87575429
0.0024321608 	-0.09368759 	-0.00071783021 	0.87575429
0.0024522613 	-0.086985228 	-0.0029111502 	0.87721668
0.0024723618 	-0.086985228 	-0.0029111502 	0.87721668
0.0024924623 	-0.080475847 	-0.0048623853 	0.8785238
0.0025125628 	-0.080475847 	-0.0048623853 	0.8785238
0.0025326633 	-0.074081943 	-0.0066657709 	0.87931527
0.0025527638 	-0.074081943 	-0.0066657709 	0.87931527
0.0025728643 	-0.067705063 	-0.0084084155 	0.87925712
0.0025929648 	-0.067705063 	-0.0084084155 	0.87925712
0.0026130653 	-0.061246421 	-0.010168992 	0.87812136
0.0026331658 	-0.061246421 	-0.010168992 	0.87812136
0.0026532663 	-0.05461172 	-0.012023144 	0.87578747
0.0026733668 	-0.05461172 	-0.012023144 	0.87578747
0.0026934673 	-0.047784292 	-0.014047629 	0.87223566
0.0027135678 	-0.047784292 	-0.014047629 	0.87223566
0.0027336683 	-0.040820387 	-0.016314293 	0.86750254
0.0027537688 	-0.040820387 	-0.016314293 	0.86750254
0.0027738693 	-0.033780418 	-0.018900964 	0.86170215
0.0027939698 	-0.033780418 	-0.018900964 	0.86170215
0.0028140704 	-0.026738048 	-0.021861172 	0.8550117
0.0028341709 	-0.026738048 	-0.021861172 	0.8550117
0.0028542714 	-0.019746624 	-0.02515795 	0.84769042
0.0028743719 	-0.012859678 	-0.02865198 	0.84007658
0.0028944724 	-0.012859678 	-0.02865198 	0.84007658
0.0029145729 	-0.0061412555 	-0.032082224 	0.83255242
0.0029346734 	-0.0061412555 	-0.032082224 	0.83255242
0.0029547739 	0.00033233557 	-0.035135698 	0.82548025
0.0029748744 	0.00033233557 	-0.035135698 	0.82548025
0.0029949749 	0.0064174427 	-0.037515317 	0.8191645
0.0030150754 	0.012020829 	-0.038990743 	0.8138045
0.0030351759 	0.012020829 	-0.038990743 	0.8138045
0.0030552764 	0.017099553 	-0.039426013 	0.80949244
0.0030753769 	0.017099553 	-0.039426013 	0.80949244
0.0030954774 	0.021610837 	-0.038766533 	0.80623893
0.0031155779 	0.025564587 	-0.037007206 	0.80398307
0.0031356784 	0.025564587 	-0.037007206 	0.80398307
0.0031557789 	0.028982048 	-0.034205045 	0.8026078
0.0031758794 	0.028982048 	-0.034205045 	0.8026078
0.0031959799 	0.031892025 	-0.030450751 	0.80196172
0.0032160804 	0.034325477 	-0.025867262 	0.80188322
0.0032361809 	0.034325477 	-0.025867262 	0.80188322
0.0032562814 	0.036296645 	-0.020602489 	0.80221282
0.0032763819 	0.037810367 	-0.0148344 	0.80280229
0.0032964824 	0.037810367 	-0.0148344 	0.80280229
0.0033165829 	0.038893766 	-0.0087549006 	0.80351244
0.0033366834 	0.03959892 	-0.0025524536 	0.80417994
0.0033567839 	0.03959892 	-0.0025524536 	0.80417994
0.0033768844 	0.039912239 	0.0036179482 	0.80457065
0.0033969849 	0.039816498 	0.009650488 	0.804379
0.0034170854 	0.039816498 	0.009650488 	0.804379
0.0034371859 	0.039370505 	0.015499284 	0.80321788
0.0034572864 	0.038612754 	0.021177448 	0.80061594
0.0034773869 	0.037559609 	0.026731117 	0.79602324
0.0034974874 	0.037559609 	0.026731117 	0.79602324
0.0035175879 	0.036216526 	0.032188878 	0.78883099
0.0035376884 	0.034580468 	0.037489819 	0.7783969
0.0035577889 	0.032639334 	0.042409621 	0.7640585
0.0035778894 	0.032639334 	0.042409621 	0.7640585
0.0035979899 	0.030375917 	0.046532756 	0.74513504
0.0036180905 	0.027788837 	0.049323807 	0.72094013
0.003638191 	0.024937089 	0.050301116 	0.69082242
0.0036582915 	0.024937089 	0.050301116 	0.69082242
0.003678392 	0.0219775 	0.049235372 	0.65431689
0.0036984925 	0.019131898 	0.046250519 	0.61154604
0.003718593 	0.016577866 	0.041760065 	0.56371802
0.0037386935 	0.014354698 	0.036303297 	0.51316419
0.003758794 	0.012367326 	0.030409554 	0.46261987
0.0037788945 	0.012367326 	0.030409554 	0.46261987
0.003798995 	0.01046879 	0.024542253 	0.41421052
0.0038190955 	0.0085520683 	0.019076916 	0.36884137
0.003839196 	0.0066067058 	0.01427111 	0.32622761
0.0038592965 	0.0047246968 	0.010249468 	0.28533843
0.003879397 	0.0030562113 	0.0070372615 	0.24492941
0.0038994975 	0.0017381682 	0.0046238002 	0.20394676
0.003919598 	0.00083529121 	0.0029867451 	0.1617124
0.0039396985 	0.00031895985 	0.0020390193 	0.11789434
0.003959799 	8.7348262e-05 	0.0015229084 	0.072336377
0.0039798995 	9.9346379e-06 	0.00088421202 	0.02488262
0.004 	9.9346379e-06 	0.00088421202 	0.02488262
