0 	-0.03095344 	-0.034330847 	0.96970021
2.0100503e-05 	-0.021302128 	0.025927328 	0.95679472
4.0201005e-05 	-0.021302128 	0.025927328 	0.95679472
6.0301508e-05 	0.0039383831 	0.020506351 	0.94448334
8.040201e-05 	0.0039383831 	0.020506351 	0.94448334
0.00010050251 	0.0039383831 	0.020506351 	0.94448334
0.00012060302 	0.017158992 	0.0053633942 	0.93408928
0.00014070352 	0.017158992 	0.0053633942 	0.93408928
0.00016080402 	0.017158992 	0.0053633942 	0.93408928
0.00018090452 	0.027207572 	-0.0099123909 	0.9264986
0.00020100503 	0.027207572 	-0.0099123909 	0.9264986
0.00022110553 	0.027207572 	-0.0099123909 	0.9264986
0.00024120603 	0.0351495 	-0.022735819 	0.92201329
0.00026130653 	0.0351495 	-0.022735819 	0.92201329
0.00028140704 	0.040957088 	-0.031563068 	0.92039805
0.00030150754 	0.040957088 	-0.031563068 	0.92039805
0.00032160804 	0.040957088 	-0.031563068 	0.92039805
0.00034170854 	0.044564308 	-0.035825725 	0.92104931
0.00036180905 	0.044564308 	-0.035825725 	0.92104931
0.00038190955 	0.044564308 	-0.035825725 	0.92104931
0.00040201005 	0.046084255 	-0.035895541 	0.92319188
0.00042211055 	0.046084255 	-0.035895541 	0.92319188
0.00044221106 	0.046084255 	-0.035895541 	0.92319188
0.00046231156 	0.04581398 	-0.032878278 	0.92601809
0.00048241206 	0.04581398 	-0.032878278 	0.92601809
0.00050251256 	0.044198698 	-0.028286795 	0.92880129
0.00052261307 	0.044198698 	-0.028286795 	0.92880129
0.00054271357 	0.044198698 	-0.028286795 	0.92880129
0.00056281407 	0.04179226 	-0.023616406 	0.93106613
0.00058291457 	0.04179226 	-0.023616406 	0.93106613
0.00060301508 	0.04179226 	-0.023616406 	0.93106613
0.00062311558 	0.039193612 	-0.01995129 	0.93282296
0.00064321608 	0.039193612 	-0.01995129 	0.93282296
0.00066331658 	0.039193612 	-0.01995129 	0.93282296
0.00068341709 	0.036948577 	-0.017790269 	0.93470413
0.00070351759 	0.036948577 	-0.017790269 	0.93470413
0.00072361809 	0.035421168 	-0.017105937 	0.93778931
0.00074371859 	0.035421168 	-0.017105937 	0.93778931
0.0007638191 	0.035421168 	-0.017105937 	0.93778931
0.0007839196 	0.034707058 	-0.017495722 	0.94312346
0.0008040201 	0.034707058 	-0.017495722 	0.94312346
0.0008241206 	0.034707058 	-0.017495722 	0.94312346
0.00084422111 	0.034602615 	-0.018258054 	0.95117636
0.00086432161 	0.034602615 	-0.018258054 	0.95117636
0.00088442211 	0.034602615 	-0.018258054 	0.95117636
0.00090452261 	0.034612814 	-0.018575912 	0.96159769
0.00092462312 	0.034612814 	-0.018575912 	0.96159769
0.00094472362 	0.034381974 	-0.01779185 	0.97332199
0.00096482412 	0.034381974 	-0.01779185 	0.97332199
0.00098492462 	0.034381974 	-0.01779185 	0.97332199
0.0010050251 	0.025594239 	-0.016900692 	0.99317046
0.0010251256 	0.025594239 	-0.016900692 	0.99317046
0.0010452261 	0.025594239 	-0.016900692 	0.99317046
0.0010653266 	0.022715015 	-0.012570389 	1.0035444
0.0010854271 	0.022715015 	-0.012570389 	1.0035444
0.0011055276 	0.022715015 	-0.012570389 	1.0035444
0.0011256281 	0.031663451 	-0.0067237726 	1.0046995
0.0011457286 	0.031663451 	-0.0067237726 	1.0046995
0.0011658291 	0.020639217 	-0.0078015308 	1.0109339
0.0011859296 	0.019950813 	-0.003144341 	1.015085
0.0012060302 	0.019950813 	-0.003144341 	1.015085
0.0012261307 	0.019950813 	-0.003144341 	1.015085
0.0012462312 	0.020845059 	0.0011545231 	1.0160414
0.0012663317 	0.032692586 	0.0030757592 	1.010529
0.0012864322 	0.032692586 	0.0030757592 	1.010529
0.0013065327 	0.034876471 	0.0078007034 	1.0085492
0.0013266332 	0.034876471 	0.0078007034 	1.0085492
0.0013467337 	0.034876471 	0.0078007034 	1.0085492
0.0013668342 	0.038022657 	0.012548885 	1.0041157
0.0013869347 	0.038022657 	0.012548885 	1.0041157
0.0014070352 	0.038022657 	0.012548885 	1.0041157
0.0014271357 	0.041843341 	0.01751373 	0.99832277
0.0014472362 	0.03147328 	0.012813902 	1.0057489
0.0014673367 	0.03147328 	0.012813902 	1.0057489
0.0014874372 	0.036369496 	0.016937616 	1.0012029
0.0015075377 	0.045922172 	0.022851976 	0.9927533
0.0015276382 	0.049851066 	0.028712264 	0.98914225
0.0015477387 	0.049851066 	0.028712264 	0.98914225
0.0015678392 	0.049851066 	0.028712264 	0.98914225
0.0015879397 	0.05330746 	0.035126963 	0.9885809
0.0016080402 	0.05330746 	0.035126963 	0.9885809
0.0016281407 	0.05330746 	0.035126963 	0.9885809
0.0016482412 	0.056016457 	0.041723516 	0.99096315
0.0016683417 	0.056016457 	0.041723516 	0.99096315
0.0016884422 	0.057741137 	0.047715785 	0.99527393
0.0017085427 	0.057741137 	0.047715785 	0.99527393
0.0017286432 	0.057741137 	0.047715785 	0.99527393
0.0017487437 	0.058355329 	0.052302683 	1.0003487
0.0017688442 	0.058355329 	0.052302683 	1.0003487
0.0017889447 	0.058355329 	0.052302683 	1.0003487
0.0018090452 	0.057950062 	0.055082003 	1.0054041
0.0018291457 	0.057950062 	0.055082003 	1.0054041
0.0018492462 	0.056826503 	0.056166767 	1.0100662
0.0018693467 	0.056826503 	0.056166767 	1.0100662
0.0018894472 	0.056826503 	0.056166767 	1.0100662
0.0019095477 	0.055407078 	0.056015653 	1.0141635
0.0019296482 	0.055407078 	0.056015653 	1.0141635
0.0019497487 	0.054104977 	0.055137883 	1.0175883
0.0019698492 	0.054104977 	0.055137883 	1.0175883
0.0019899497 	0.053192145 	0.053896235 	1.0202825
0.0020100503 	0.053192145 	0.053896235 	1.0202825
0.0020301508 	0.053192145 	0.053896235 	1.0202825
0.0020502513 	0.052764655 	0.052461928 	1.0222642
0.0020703518 	0.052764655 	0.052461928 	1.0222642
0.0020904523 	0.052798684 	0.050871368 	1.0236201
0.0021105528 	0.052798684 	0.050871368 	1.0236201
0.0021306533 	0.052798684 	0.050871368 	1.0236201
0.0021507538 	0.053227753 	0.04909434 	1.0244643
0.0021708543 	0.053227753 	0.04909434 	1.0244643
0.0021909548 	0.054004855 	0.04706597 	1.0248955
0.0022110553 	0.054004855 	0.04706597 	1.0248955
0.0022311558 	0.055127013 	0.044726066 	1.024982
0.0022512563 	0.055127013 	0.044726066 	1.024982
0.0022713568 	0.056581211 	0.042078462 	1.0247932
0.0022914573 	0.056581211 	0.042078462 	1.0247932
0.0023115578 	0.056581211 	0.042078462 	1.0247932
0.0023316583 	0.058269031 	0.039188042 	1.024507
0.0023517588 	0.058269031 	0.039188042 	1.024507
0.0023718593 	0.060013658 	0.036127559 	1.0244565
0.0023919598 	0.060013658 	0.036127559 	1.0244565
0.0024120603 	0.061543563 	0.032897281 	1.0250535
0.0024321608 	0.061543563 	0.032897281 	1.0250535
0.0024522613 	0.062580752 	0.029354826 	1.0265831
0.0024723618 	0.062580752 	0.029354826 	1.0265831
0.0024924623 	0.062960312 	0.025310489 	1.0290455
0.0025125628 	0.062960312 	0.025310489 	1.0290455
0.0025326633 	0.062618975 	0.020624817 	1.0321725
0.0025527638 	0.062618975 	0.020624817 	1.0321725
0.0025728643 	0.061643271 	0.015226384 	1.0355861
0.0025929648 	0.061643271 	0.015226384 	1.0355861
0.0026130653 	0.060219212 	0.0091106847 	1.0389564
0.0026331658 	0.060219212 	0.0091106847 	1.0389564
0.0026532663 	0.058582741 	0.0023315485 	1.0419526
0.0026733668 	0.058582741 	0.0023315485 	1.0419526
0.0026934673 	0.057104375 	-0.004972644 	1.0441423
0.0027135678 	0.057104375 	-0.004972644 	1.0441423
0.0027336683 	0.056197166 	-0.012528456 	1.0449449
0.0027537688 	0.056197166 	-0.012528456 	1.0449449
0.0027738693 	0.056183768 	-0.019995333 	1.0437473
0.0027939698 	0.056183768 	-0.019995333 	1.0437473
0.0028140704 	0.057230706 	-0.027022252 	1.0401332
0.0028341709 	0.057230706 	-0.027022252 	1.0401332
0.0028542714 	0.059346783 	-0.033248268 	1.034075
0.0028743719 	0.062369773 	-0.038283702 	1.0259798
0.0028944724 	0.062369773 	-0.038283702 	1.0259798
0.0029145729 	0.065941103 	-0.0417916 	1.0165725
0.0029346734 	0.065941103 	-0.0417916 	1.0165725
0.0029547739 	0.069579026 	-0.043639429 	1.0066808
0.0029748744 	0.069579026 	-0.043639429 	1.0066808
0.0029949749 	0.072827051 	-0.043935486 	0.99703057
0.0030150754 	0.07535782 	-0.042926477 	0.9881481
0.0030351759 	0.07535782 	-0.042926477 	0.9881481
0.0030552764 	0.077005791 	-0.040862434 	0.98033282
0.0030753769 	0.077005791 	-0.040862434 	0.98033282
0.0030954774 	0.077755084 	-0.037915751 	0.97369493
0.0031155779 	0.077691444 	-0.034178561 	0.96820295
0.0031356784 	0.077691444 	-0.034178561 	0.96820295
0.0031557789 	0.076951607 	-0.029713915 	0.96372417
0.0031758794 	0.076951607 	-0.029713915 	0.96372417
0.0031959799 	0.07567404 	-0.024609586 	0.960049
0.0032160804 	0.073996344 	-0.019030406 	0.9569341
0.0032361809 	0.073996344 	-0.019030406 	0.9569341
0.0032562814 	0.072027198 	-0.013222192 	0.95410364
0.0032763819 	0.06982745 	-0.0074892735 	0.95127591
0.0032964824 	0.06982745 	-0.0074892735 	0.95127591
0.0033165829 	0.067402943 	-0.0021737688 	0.94823486
0.0033366834 	0.064700839 	0.0024278775 	0.944809
0.0033567839 	0.064700839 	0.0024278775 	0.944809
0.0033768844 	0.06167662 	0.0060940528 	0.94094559
0.0033969849 	0.058270011 	0.0087148038 	0.9367374
0.0034170854 	0.058270011 	0.0087148038 	0.9367374
0.0034371859 	0.054410374 	0.010311002 	0.93243921
0.0034572864 	0.050054535 	0.011030037 	0.92843158
0.0034773869 	0.045213717 	0.011146795 	0.92504368
0.0034974874 	0.045213717 	0.011146795 	0.92504368
0.0035175879 	0.039995755 	0.01107536 	0.92217091
0.0035376884 	0.034649529 	0.011409291 	0.91874525
0.0035577889 	0.02954787 	0.012906969 	0.91236919
0.0035778894 	0.02954787 	0.012906969 	0.91236919
0.0035979899 	0.025097724 	0.016309289 	0.89959181
0.0036180905 	0.02159998 	0.021969361 	0.87708948
0.003638191 	0.019124088 	0.029459762 	0.84335353
0.0036582915 	0.019124088 	0.029459762 	0.84335353
0.003678392 	0.017495554 	0.037452777 	0.79985381
0.0036984925 	0.016405468 	0.044032711 	0.75077573
0.003718593 	0.015546263 	0.047294059 	0.701431
0.0037386935 	0.01468607 	0.045940882 	0.65634629
0.003758794 	0.013682518 	0.039631852 	0.61790563
0.0037788945 	0.013682518 	0.039631852 	0.61790563
0.003798995 	0.012474102 	0.029001188 	0.58581036
0.0038190955 	0.011062175 	0.015442825 	0.55727941
0.003839196 	0.0094857955 	0.00081014449 	0.52782795
0.0038592965 	0.0078013267 	-0.012871631 	0.49241921
0.003879397 	0.0060706538 	-0.023683237 	0.44674127
0.0038994975 	0.0043675871 	-0.030086699 	0.38825392
0.003919598 	0.0027890723 	-0.031189384 	0.31669741
0.0039396985 	0.0014567786 	-0.026933496 	0.23390186
0.003959799 	0.0005024776 	-0.018128222 	0.1430833
0.0039798995 	3.9808785e-05 	-0.006333312 	0.048025751
0.004 	3.9808785e-05 	-0.006333312 	0.048025751
