0 	-0.0085471822 	0.083566709 	0.88724932
2.0100503e-05 	0.076829045 	0.013838923 	0.89138094
4.0201005e-05 	0.076829045 	0.013838923 	0.89138094
6.0301508e-05 	0.071672191 	-0.013814737 	0.89701252
8.040201e-05 	0.071672191 	-0.013814737 	0.89701252
0.00010050251 	0.071672191 	-0.013814737 	0.89701252
0.00012060302 	0.067921381 	-0.015109065 	0.90346376
0.00014070352 	0.067921381 	-0.015109065 	0.90346376
0.00016080402 	0.067921381 	-0.015109065 	0.90346376
0.00018090452 	0.066507049 	-0.013681991 	0.91006276
0.00020100503 	0.066507049 	-0.013681991 	0.91006276
0.00022110553 	0.066507049 	-0.013681991 	0.91006276
0.00024120603 	0.066046418 	-0.013591245 	0.91643848
0.00026130653 	0.066046418 	-0.013591245 	0.91643848
0.00028140704 	0.065894655 	-0.015552329 	0.92253997
0.00030150754 	0.065894655 	-0.015552329 	0.92253997
0.00032160804 	0.065894655 	-0.015552329 	0.92253997
0.00034170854 	0.065817946 	-0.019186822 	0.9284621
0.00036180905 	0.065817946 	-0.019186822 	0.9284621
0.00038190955 	0.065817946 	-0.019186822 	0.9284621
0.00040201005 	0.065796681 	-0.023818907 	0.93424374
0.00042211055 	0.065796681 	-0.023818907 	0.93424374
0.00044221106 	0.065796681 	-0.023818907 	0.93424374
0.00046231156 	0.065888731 	-0.028814483 	0.93979031
0.00048241206 	0.065888731 	-0.028814483 	0.93979031
0.00050251256 	0.066145206 	-0.033671811 	0.94494622
0.00052261307 	0.066145206 	-0.033671811 	0.94494622
0.00054271357 	0.066145206 	-0.033671811 	0.94494622
0.00056281407 	0.066579697 	-0.038013759 	0.94961372
0.00058291457 	0.066579697 	-0.038013759 	0.94961372
0.00060301508 	0.066579697 	-0.038013759 	0.94961372
0.00062311558 	0.067181709 	-0.041560175 	0.95385131
0.00064321608 	0.067181709 	-0.041560175 	0.95385131
0.00066331658 	0.067181709 	-0.041560175 	0.95385131
0.00068341709 	0.067966928 	-0.044099235 	0.95794377
0.00070351759 	0.067966928 	-0.044099235 	0.95794377
0.00072361809 	0.069035709 	-0.04549612 	0.96244068
0.00074371859 	0.069035709 	-0.04549612 	0.96244068
0.0007638191 	0.069035709 	-0.04549612 	0.96244068
0.0007839196 	0.070581444 	-0.045716961 	0.96789326
0.0008040201 	0.070581444 	-0.045716961 	0.96789326
0.0008241206 	0.070581444 	-0.045716961 	0.96789326
0.00084422111 	0.072841392 	-0.044985855 	0.97461897
0.00086432161 	0.072841392 	-0.044985855 	0.97461897
0.00088442211 	0.072841392 	-0.044985855 	0.97461897
0.00090452261 	0.075878078 	-0.043515282 	0.98222661
0.00092462312 	0.075878078 	-0.043515282 	0.98222661
0.00094472362 	0.079635058 	-0.041773346 	0.98971161
0.00096482412 	0.079635058 	-0.041773346 	0.98971161
0.00098492462 	0.079635058 	-0.041773346 	0.98971161
0.0010050251 	0.084003366 	-0.039717425 	0.99631272
0.0010251256 	0.084003366 	-0.039717425 	0.99631272
0.0010452261 	0.079231445 	-0.037137931 	0.998429
0.0010653266 	0.084198964 	-0.035062856 	1.000972
0.0010854271 	0.084198964 	-0.035062856 	1.000972
0.0011055276 	0.084198964 	-0.035062856 	1.000972
0.0011256281 	0.091289577 	-0.035955239 	0.99863471
0.0011457286 	0.091289577 	-0.035955239 	0.99863471
0.0011658291 	0.087991508 	-0.033530766 	0.99910843
0.0011859296 	0.090129907 	-0.032745772 	0.99346971
0.0012060302 	0.090129907 	-0.032745772 	0.99346971
0.0012261307 	0.0928389 	-0.034928188 	0.99375068
0.0012462312 	0.092690818 	-0.034719915 	0.98666733
0.0012663317 	0.092690818 	-0.034719915 	0.98666733
0.0012864322 	0.092690818 	-0.034719915 	0.98666733
0.0013065327 	0.090877095 	-0.03510735 	0.97961706
0.0013266332 	0.090877095 	-0.03510735 	0.97961706
0.0013467337 	0.090877095 	-0.03510735 	0.97961706
0.0013668342 	0.087647881 	-0.035360744 	0.97463861
0.0013869347 	0.087647881 	-0.035360744 	0.97463861
0.0014070352 	0.085553891 	-0.034009109 	0.97218751
0.0014271357 	0.081097766 	-0.03332245 	0.96997622
0.0014472362 	0.083433346 	-0.034242414 	0.97281819
0.0014673367 	0.083433346 	-0.034242414 	0.97281819
0.0014874372 	0.07874091 	-0.030448045 	0.97395525
0.0015075377 	0.07874091 	-0.030448045 	0.97395525
0.0015276382 	0.073970838 	-0.023503093 	0.97679391
0.0015477387 	0.073970838 	-0.023503093 	0.97679391
0.0015678392 	0.070552805 	-0.023753997 	0.9744873
0.0015879397 	0.065249522 	-0.015040754 	0.97787432
0.0016080402 	0.06926834 	-0.014336837 	0.97957292
0.0016281407 	0.06926834 	-0.014336837 	0.97957292
0.0016482412 	0.064582518 	-0.0049091 	0.98053964
0.0016683417 	0.064582518 	-0.0049091 	0.98053964
0.0016884422 	0.059842272 	0.002893376 	0.97843255
0.0017085427 	0.059842272 	0.002893376 	0.97843255
0.0017286432 	0.059842272 	0.002893376 	0.97843255
0.0017487437 	0.055057672 	0.0082798711 	0.97291005
0.0017688442 	0.055057672 	0.0082798711 	0.97291005
0.0017889447 	0.055057672 	0.0082798711 	0.97291005
0.0018090452 	0.050301109 	0.011830332 	0.96467197
0.0018291457 	0.050301109 	0.011830332 	0.96467197
0.0018492462 	0.045649985 	0.014922151 	0.95511447
0.0018693467 	0.045649985 	0.014922151 	0.95511447
0.0018894472 	0.045649985 	0.014922151 	0.95511447
0.0019095477 	0.041154288 	0.018791405 	0.94576659
0.0019296482 	0.041154288 	0.018791405 	0.94576659
0.0019497487 	0.036822221 	0.023864203 	0.93782242
0.0019698492 	0.036822221 	0.023864203 	0.93782242
0.0019899497 	0.032616263 	0.029653772 	0.93189794
0.0020100503 	0.032616263 	0.029653772 	0.93189794
0.0020301508 	0.032616263 	0.029653772 	0.93189794
0.0020502513 	0.028466667 	0.035128739 	0.92803282
0.0020703518 	0.028466667 	0.035128739 	0.92803282
0.0020904523 	0.024290689 	0.039246611 	0.92590532
0.0021105528 	0.024290689 	0.039246611 	0.92590532
0.0021306533 	0.024290689 	0.039246611 	0.92590532
0.0021507538 	0.020001441 	0.041357533 	0.92512243
0.0021708543 	0.020001441 	0.041357533 	0.92512243
0.0021909548 	0.015517113 	0.041343821 	0.9253673
0.0022110553 	0.015517113 	0.041343821 	0.9253673
0.0022311558 	0.010784832 	0.0395013 	0.92632821
0.0022512563 	0.010784832 	0.0395013 	0.92632821
0.0022713568 	0.0057869481 	0.036320471 	0.92755923
0.0022914573 	0.0057869481 	0.036320471 	0.92755923
0.0023115578 	0.0057869481 	0.036320471 	0.92755923
0.0023316583 	0.00057885486 	0.0322968 	0.92843759
0.0023517588 	0.00057885486 	0.0322968 	0.92843759
0.0023718593 	-0.0046980732 	0.027777099 	0.92820839
0.0023919598 	-0.0046980732 	0.027777099 	0.92820839
0.0024120603 	-0.0098979825 	0.022880995 	0.92606875
0.0024321608 	-0.0098979825 	0.022880995 	0.92606875
0.0024522613 	-0.014928101 	0.017589917 	0.92130875
0.0024723618 	-0.014928101 	0.017589917 	0.92130875
0.0024924623 	-0.019857801 	0.012067517 	0.91356701
0.0025125628 	-0.019857801 	0.012067517 	0.91356701
0.0025326633 	-0.024867447 	0.0068721747 	0.90309127
0.0025527638 	-0.024867447 	0.0068721747 	0.90309127
0.0025728643 	-0.030016441 	0.0028925083 	0.89080987
0.0025929648 	-0.030016441 	0.0028925083 	0.89080987
0.0026130653 	-0.035198087 	0.00097412254 	0.87806478
0.0026331658 	-0.035198087 	0.00097412254 	0.87806478
0.0026532663 	-0.040204742 	0.0016867336 	0.86611978
0.0026733668 	-0.040204742 	0.0016867336 	0.86611978
0.0026934673 	-0.044834271 	0.0051688595 	0.85579304
0.0027135678 	-0.044834271 	0.0051688595 	0.85579304
0.0027336683 	-0.04897711 	0.011057574 	0.84741287
0.0027537688 	-0.04897711 	0.011057574 	0.84741287
0.0027738693 	-0.052467781 	0.018480989 	0.84099556
0.0027939698 	-0.052467781 	0.018480989 	0.84099556
0.0028140704 	-0.055095494 	0.026246948 	0.83635474
0.0028341709 	-0.055095494 	0.026246948 	0.83635474
0.0028542714 	-0.056713728 	0.033156852 	0.83317894
0.0028743719 	-0.057153538 	0.038251798 	0.83117354
0.0028944724 	-0.057153538 	0.038251798 	0.83117354
0.0029145729 	-0.056216503 	0.040965497 	0.83031446
0.0029346734 	-0.056216503 	0.040965497 	0.83031446
0.0029547739 	-0.053694212 	0.041041528 	0.8308324
0.0029748744 	-0.053694212 	0.041041528 	0.8308324
0.0029949749 	-0.049444983 	0.038489266 	0.83310707
0.0030150754 	-0.043478596 	0.033551705 	0.83734677
0.0030351759 	-0.043478596 	0.033551705 	0.83734677
0.0030552764 	-0.036028505 	0.026735814 	0.84349259
0.0030753769 	-0.036028505 	0.026735814 	0.84349259
0.0030954774 	-0.027552969 	0.018812065 	0.85128615
0.0031155779 	-0.018573148 	0.010667725 	0.8603183
0.0031356784 	-0.018573148 	0.010667725 	0.8603183
0.0031557789 	-0.009653354 	0.0031191496 	0.86999682
0.0031758794 	-0.009653354 	0.0031191496 	0.86999682
0.0031959799 	-0.0013792986 	-0.0032635096 	0.87954327
0.0032160804 	0.0056803832 	-0.0082275006 	0.88811652
0.0032361809 	0.0056803832 	-0.0082275006 	0.88811652
0.0032562814 	0.011099564 	-0.011826972 	0.8950929
0.0032763819 	0.014761785 	-0.014345725 	0.90029709
0.0032964824 	0.014761785 	-0.014345725 	0.90029709
0.0033165829 	0.016856834 	-0.016171387 	0.90396727
0.0033366834 	0.017704285 	-0.017634859 	0.90665313
0.0033567839 	0.017704285 	-0.017634859 	0.90665313
0.0033768844 	0.017608038 	-0.018917552 	0.90888077
0.0033969849 	0.016833553 	-0.020043389 	0.91097863
0.0034170854 	0.016833553 	-0.020043389 	0.91097863
0.0034371859 	0.015581806 	-0.020917095 	0.91300088
0.0034572864 	0.014008205 	-0.021421143 	0.91480892
0.0034773869 	0.012246912 	-0.02147243 	0.91616195
0.0034974874 	0.012246912 	-0.02147243 	0.91616195
0.0035175879 	0.01041099 	-0.02105524 	0.91679861
0.0035376884 	0.0085949976 	-0.0202259 	0.91647124
0.0035577889 	0.0068715284 	-0.019100451 	0.91493878
0.0035778894 	0.0068715284 	-0.019100451 	0.91493878
0.0035979899 	0.0052827002 	-0.017834007 	0.91191131
0.0036180905 	0.0038473861 	-0.016594208 	0.90694535
0.003638191 	0.0025714314 	-0.015533779 	0.89930449
0.0036582915 	0.0025714314 	-0.015533779 	0.89930449
0.003678392 	0.0014542832 	-0.014760378 	0.88780633
0.0036984925 	0.00049975221 	-0.014304591 	0.87070002
0.003718593 	-0.00027161223 	-0.01408991 	0.84563669
0.0037386935 	-0.00081435809 	-0.013909596 	0.80983724
0.003758794 	-0.0010523747 	-0.013426899 	0.76062848
0.0037788945 	-0.0010523747 	-0.013426899 	0.76062848
0.003798995 	-0.00090282708 	-0.012216535 	0.69653114
0.0038190955 	-0.0003550585 	-0.0099220368 	0.6187209
0.003839196 	0.00042030089 	-0.0065444827 	0.53183924
0.0038592965 	0.0011270737 	-0.0026652114 	0.44284485
0.003879397 	0.0015167513 	0.00072369895 	0.35815469
0.0038994975 	0.0015009305 	0.0027680654 	0.28120868
0.003919598 	0.001172657 	0.0032355105 	0.21208121
0.0039396985 	0.00071246803 	0.0025536851 	0.14873464
0.003959799 	0.00029384426 	0.001445457 	0.088616442
0.0039798995 	3.6031951e-05 	0.0004434986 	0.02969963
0.004 	3.6031951e-05 	0.0004434986 	0.02969963
