0 	0.0030695144 	0.0049350751 	1.0054593
2.0100503e-05 	0.0054863907 	-0.0026760555 	1.0061813
4.0201005e-05 	0.0054863907 	-0.0026760555 	1.0061813
6.0301508e-05 	0.0042788867 	-0.0049639776 	1.0061122
8.040201e-05 	0.0042788867 	-0.0049639776 	1.0061122
0.00010050251 	0.0042788867 	-0.0049639776 	1.0061122
0.00012060302 	0.0041574093 	-0.0059956756 	1.0048444
0.00014070352 	0.0041574093 	-0.0059956756 	1.0048444
0.00016080402 	0.0041574093 	-0.0059956756 	1.0048444
0.00018090452 	0.0043259445 	-0.0072619683 	1.0022628
0.00020100503 	0.0043259445 	-0.0072619683 	1.0022628
0.00022110553 	0.0043259445 	-0.0072619683 	1.0022628
0.00024120603 	0.0045157079 	-0.0089881586 	0.99856753
0.00026130653 	0.0088460633 	-0.0093882856 	0.9944056
0.00028140704 	0.0083164467 	-0.011200486 	0.99047055
0.00030150754 	0.0083164467 	-0.011200486 	0.99047055
0.00032160804 	0.0083164467 	-0.011200486 	0.99047055
0.00034170854 	0.0072083537 	-0.013199942 	0.98606259
0.00036180905 	0.0041904259 	-0.013540819 	0.98916148
0.00038190955 	0.0041904259 	-0.013540819 	0.98916148
0.00040201005 	0.0033683406 	-0.015807909 	0.9838429
0.00042211055 	0.0033683406 	-0.015807909 	0.9838429
0.00044221106 	0.0033683406 	-0.015807909 	0.9838429
0.00046231156 	0.0019725215 	-0.017407547 	0.9781597
0.00048241206 	0.0019725215 	-0.017407547 	0.9781597
0.00050251256 	-2.683491e-05 	-0.017555519 	0.97218084
0.00052261307 	-2.683491e-05 	-0.017555519 	0.97218084
0.00054271357 	-2.683491e-05 	-0.017555519 	0.97218084
0.00056281407 	-0.0027242531 	-0.013598194 	0.96485286
0.00058291457 	-0.0027242531 	-0.013598194 	0.96485286
0.00060301508 	-0.0027242531 	-0.013598194 	0.96485286
0.00062311558 	-0.0058564632 	-0.0081401946 	0.95995045
0.00064321608 	-0.0058564632 	-0.0081401946 	0.95995045
0.00066331658 	-0.0058564632 	-0.0081401946 	0.95995045
0.00068341709 	-0.0087703254 	0.00026415187 	0.95683195
0.00070351759 	-0.0087703254 	0.00026415187 	0.95683195
0.00072361809 	-0.01141575 	0.010501426 	0.956022
0.00074371859 	-0.01141575 	0.010501426 	0.956022
0.0007638191 	-0.01141575 	0.010501426 	0.956022
0.0007839196 	-0.013787913 	0.020878856 	0.95700452
0.0008040201 	-0.015022966 	0.019392328 	0.95909048
0.0008241206 	-0.015022966 	0.019392328 	0.95909048
0.00084422111 	-0.017668015 	0.02891176 	0.9610943
0.00086432161 	-0.017668015 	0.02891176 	0.9610943
0.00088442211 	-0.017668015 	0.02891176 	0.9610943
0.00090452261 	-0.019319483 	0.036875666 	0.96294367
0.00092462312 	-0.019319483 	0.036875666 	0.96294367
0.00094472362 	-0.019689928 	0.043208055 	0.96399746
0.00096482412 	-0.019689928 	0.043208055 	0.96399746
0.00098492462 	-0.019689928 	0.043208055 	0.96399746
0.0010050251 	-0.015616821 	0.048138703 	0.9604744
0.0010251256 	-0.018833059 	0.048163571 	0.96392761
0.0010452261 	-0.018833059 	0.048163571 	0.96392761
0.0010653266 	-0.016865079 	0.051240713 	0.96260916
0.0010854271 	-0.016865079 	0.051240713 	0.96260916
0.0011055276 	-0.016865079 	0.051240713 	0.96260916
0.0011256281 	-0.014410763 	0.052335716 	0.9603241
0.0011457286 	-0.014410763 	0.052335716 	0.9603241
0.0011658291 	-0.014410763 	0.052335716 	0.9603241
0.0011859296 	-0.0086662741 	0.050503691 	0.95356709
0.0012060302 	-0.011694393 	0.051426014 	0.95733978
0.0012261307 	-0.011694393 	0.051426014 	0.95733978
0.0012462312 	-0.0088285852 	0.048689751 	0.95378488
0.0012663317 	-0.0088285852 	0.048689751 	0.95378488
0.0012864322 	-0.0088285852 	0.048689751 	0.95378488
0.0013065327 	-0.0058381771 	0.044375504 	0.94980343
0.0013266332 	-0.0058381771 	0.044375504 	0.94980343
0.0013467337 	-0.0058381771 	0.044375504 	0.94980343
0.0013668342 	-0.0027891955 	0.038870048 	0.94554719
0.0013869347 	-0.0027891955 	0.038870048 	0.94554719
0.0014070352 	-0.0027891955 	0.038870048 	0.94554719
0.0014271357 	0.00019502301 	0.032555205 	0.94107485
0.0014472362 	0.00019502301 	0.032555205 	0.94107485
0.0014673367 	0.00019502301 	0.032555205 	0.94107485
0.0014874372 	0.0030245151 	0.025785389 	0.93626451
0.0015075377 	0.0030245151 	0.025785389 	0.93626451
0.0015276382 	0.0056716385 	0.018838661 	0.93090565
0.0015477387 	0.0056716385 	0.018838661 	0.93090565
0.0015678392 	0.0056716385 	0.018838661 	0.93090565
0.0015879397 	0.0081167041 	0.011933636 	0.92490115
0.0016080402 	0.0081167041 	0.011933636 	0.92490115
0.0016281407 	0.0081167041 	0.011933636 	0.92490115
0.0016482412 	0.010304191 	0.0052831039 	0.91839744
0.0016683417 	0.010304191 	0.0052831039 	0.91839744
0.0016884422 	0.012139333 	-0.00087133204 	0.91175169
0.0017085427 	0.012139333 	-0.00087133204 	0.91175169
0.0017286432 	0.012139333 	-0.00087133204 	0.91175169
0.0017487437 	0.013503089 	-0.00626803 	0.90538011
0.0017688442 	0.013503089 	-0.00626803 	0.90538011
0.0017889447 	0.013503089 	-0.00626803 	0.90538011
0.0018090452 	0.014249294 	-0.010675823 	0.89960834
0.0018291457 	0.014249294 	-0.010675823 	0.89960834
0.0018492462 	0.014198176 	-0.013965913 	0.89461049
0.0018693467 	0.014198176 	-0.013965913 	0.89461049
0.0018894472 	0.014198176 	-0.013965913 	0.89461049
0.0019095477 	0.013155865 	-0.016113338 	0.89050393
0.0019296482 	0.013155865 	-0.016113338 	0.89050393
0.0019497487 	0.010963264 	-0.017153956 	0.88755748
0.0019698492 	0.010963264 	-0.017153956 	0.88755748
0.0019899497 	0.0075576176 	-0.0171993 	0.88631054
0.0020100503 	0.0075576176 	-0.0171993 	0.88631054
0.0020301508 	0.0075576176 	-0.0171993 	0.88631054
0.0020502513 	0.0030565785 	-0.016457456 	0.88734772
0.0020703518 	0.0030565785 	-0.016457456 	0.88734772
0.0020904523 	-0.0022009577 	-0.015162971 	0.8907844
0.0021105528 	-0.0022009577 	-0.015162971 	0.8907844
0.0021306533 	-0.0022009577 	-0.015162971 	0.8907844
0.0021507538 	-0.0076601821 	-0.013420108 	0.89597751
0.0021708543 	-0.0076601821 	-0.013420108 	0.89597751
0.0021909548 	-0.012685067 	-0.011123429 	0.90180997
0.0022110553 	-0.012685067 	-0.011123429 	0.90180997
0.0022311558 	-0.01679913 	-0.0081375783 	0.90727179
0.0022512563 	-0.01679913 	-0.0081375783 	0.90727179
0.0022713568 	-0.019776642 	-0.0045048842 	0.91174469
0.0022914573 	-0.019776642 	-0.0045048842 	0.91174469
0.0023115578 	-0.019776642 	-0.0045048842 	0.91174469
0.0023316583 	-0.021632079 	-0.00045927163 	0.91497815
0.0023517588 	-0.021632079 	-0.00045927163 	0.91497815
0.0023718593 	-0.022519533 	0.0037154521 	0.9169667
0.0023919598 	-0.022519533 	0.0037154521 	0.9169667
0.0024120603 	-0.022640944 	0.0077837404 	0.91783345
0.0024321608 	-0.022640944 	0.0077837404 	0.91783345
0.0024522613 	-0.022165616 	0.011601211 	0.91779862
0.0024723618 	-0.022165616 	0.011601211 	0.91779862
0.0024924623 	-0.021213883 	0.015108994 	0.91710861
0.0025125628 	-0.021213883 	0.015108994 	0.91710861
0.0025326633 	-0.019869725 	0.018286396 	0.91599152
0.0025527638 	-0.019869725 	0.018286396 	0.91599152
0.0025728643 	-0.01819518 	0.021138595 	0.91462326
0.0025929648 	-0.01819518 	0.021138595 	0.91462326
0.0026130653 	-0.016230781 	0.023668556 	0.91312074
0.0026331658 	-0.016230781 	0.023668556 	0.91312074
0.0026532663 	-0.014000732 	0.025880758 	0.91155126
0.0026733668 	-0.014000732 	0.025880758 	0.91155126
0.0026934673 	-0.011522783 	0.027773666 	0.90995218
0.0027135678 	-0.011522783 	0.027773666 	0.90995218
0.0027336683 	-0.0088040583 	0.029349707 	0.90834109
0.0027537688 	-0.0088040583 	0.029349707 	0.90834109
0.0027738693 	-0.0058472854 	0.0306083 	0.90673131
0.0027939698 	-0.0058472854 	0.0306083 	0.90673131
0.0028140704 	-0.0026551483 	0.031542304 	0.90512955
0.0028341709 	-0.0026551483 	0.031542304 	0.90512955
0.0028542714 	0.00077166991 	0.03213856 	0.90354803
0.0028743719 	0.0044003471 	0.032365045 	0.90201264
0.0028944724 	0.0044003471 	0.032365045 	0.90201264
0.0029145729 	0.0081708751 	0.032179115 	0.90056759
0.0029346734 	0.0081708751 	0.032179115 	0.90056759
0.0029547739 	0.012005916 	0.031534742 	0.89927883
0.0029748744 	0.012005916 	0.031534742 	0.89927883
0.0029949749 	0.015753698 	0.030392542 	0.89820371
0.0030150754 	0.019273038 	0.028739317 	0.89734978
0.0030351759 	0.019273038 	0.028739317 	0.89734978
0.0030552764 	0.022441615 	0.026598849 	0.89665017
0.0030753769 	0.022441615 	0.026598849 	0.89665017
0.0030954774 	0.025161585 	0.024049744 	0.89593277
0.0031155779 	0.027379043 	0.021248641 	0.89493855
0.0031356784 	0.027379043 	0.021248641 	0.89493855
0.0031557789 	0.029055552 	0.018431265 	0.89339739
0.0031758794 	0.029055552 	0.018431265 	0.89339739
0.0031959799 	0.0301169 	0.015908885 	0.89110003
0.0032160804 	0.030452002 	0.01402074 	0.88797416
0.0032361809 	0.030452002 	0.01402074 	0.88797416
0.0032562814 	0.02991239 	0.012941703 	0.88409961
0.0032763819 	0.028395073 	0.012505041 	0.87963632
0.0032964824 	0.028395073 	0.012505041 	0.87963632
0.0033165829 	0.025989225 	0.012068312 	0.87465512
0.0033366834 	0.023002433 	0.010607788 	0.8689989
0.0033567839 	0.023002433 	0.010607788 	0.8689989
0.0033768844 	0.019964992 	0.0070262223 	0.86218072
0.0033969849 	0.01762506 	0.00053131188 	0.85340387
0.0034170854 	0.01762506 	0.00053131188 	0.85340387
0.0034371859 	0.016652715 	-0.0090121811 	0.84179156
0.0034572864 	0.017305232 	-0.020981914 	0.82682258
0.0034773869 	0.01943839 	-0.034323394 	0.80856623
0.0034974874 	0.01943839 	-0.034323394 	0.80856623
0.0035175879 	0.022724145 	-0.04787487 	0.78758326
0.0035376884 	0.026825936 	-0.060385233 	0.76482279
0.0035577889 	0.03135758 	-0.070442415 	0.74171538
0.0035778894 	0.03135758 	-0.070442415 	0.74171538
0.0035979899 	0.035790953 	-0.076679474 	0.72012972
0.0036180905 	0.039477137 	-0.078191964 	0.70193662
0.003638191 	0.041771481 	-0.074990193 	0.68832145
0.0036582915 	0.041771481 	-0.074990193 	0.68832145
0.003678392 	0.042181116 	-0.068213851 	0.67940297
0.0036984925 	0.040434632 	-0.05972206 	0.67460281
0.003718593 	0.036580339 	-0.051253675 	0.6733168
0.0037386935 	0.031056242 	-0.043731137 	0.6748016
0.003758794 	0.024521559 	-0.036955053 	0.67688967
0.0037788945 	0.024521559 	-0.036955053 	0.67688967
0.003798995 	0.01775789 	-0.029659566 	0.6754464
0.0038190955 	0.011449906 	-0.019556992 	0.6648486
0.003839196 	0.0060617417 	-0.0042802431 	0.63869159
0.0038592965 	0.0019251401 	0.016201262 	0.59090851
0.003879397 	-0.00070790536 	0.037719004 	0.51874217
0.0038994975 	-0.0018681478 	0.053555632 	0.42650409
0.003919598 	-0.0019279139 	0.058743134 	0.32486773
0.0039396985 	-0.0013718499 	0.052436241 	0.22450346
0.003959799 	-0.00064464588 	0.036625558 	0.13069489
0.0039798995 	-9.6270479e-05 	0.013866897 	0.043075631
0.004 	-9.6270479e-05 	0.013866897 	0.043075631
