0 	-0.00084941556 	-0.022040655 	1.0468514
5.5555625e-05 	0.010347648 	-0.019004975 	1.0506962
0.00011111111 	0.013588478 	-0.016345767 	1.0536103
0.00016666667 	0.015241867 	-0.014212605 	1.0555775
0.00022222222 	0.016275791 	-0.012279013 	1.0566804
0.00027777778 	0.016928846 	-0.010519174 	1.0570508
0.00033333333 	0.017246333 	-0.0090635763 	1.0568564
0.00038888889 	0.017192507 	-0.0081159216 	1.0562851
0.00044444444 	0.016710608 	-0.0078489934 	1.0555475
0.0005 	0.015776955 	-0.0083677402 	1.0548619
0.00055555556 	0.014407751 	-0.0096287319 	1.054403
0.00061111111 	0.012657668 	-0.011433783 	1.054273
0.00066666667 	0.010635429 	-0.01343511 	1.0544295
0.00072222222 	0.0084637468 	-0.015159788 	1.0546303
0.00077777778 	0.0062252869 	-0.016051944 	1.0543615
0.00083333333 	0.0039496784 	-0.015584559 	1.0528167
0.00088888889 	0.0016260493 	-0.013382618 	1.0490498
0.00094444444 	-0.00086176334 	-0.0094182286 	1.0424284
0.001 	-0.0034939828 	-0.0039933331 	1.0326161
0.0010617451 	-0.0060500308 	0.0017350796 	1.0208063
0.0011226367 	-0.0082512843 	0.0055209732 	1.0098917
0.0011826866 	-0.010268126 	0.0057991488 	1.0016622
0.0012419064 	-0.012629211 	0.0024527582 	0.99658635
0.0013003077 	-0.015924008 	-0.0031549678 	0.99384301
0.0013579017 	-0.020502048 	-0.0090898979 	0.99200001
0.0014146996 	-0.026332218 	-0.013898623 	0.98991196
0.0014707124 	-0.033082626 	-0.017171575 	0.98696118
0.0015259509 	-0.040401694 	-0.019459401 	0.98278014
0.001580426 	-0.04814704 	-0.021474039 	0.97702236
0.001634148 	-0.056168524 	-0.022944027 	0.9691762
0.0016871274 	-0.063687033 	-0.022157594 	0.95862807
0.0017393745 	-0.069062876 	-0.016822652 	0.94546774
0.0017908994 	-0.070582113 	-0.0058870246 	0.93135732
0.0018417121 	-0.067813476 	0.009027908 	0.91908062
0.0018918224 	-0.061709122 	0.024133187 	0.91045055
0.0019412401 	-0.053627483 	0.036346588 	0.90533524
0.0019899746 	-0.044807134 	0.044794312 	0.90233307
0.0020380356 	-0.036192095 	0.049906535 	0.90002047
0.0020854322 	-0.028503898 	0.052313516 	0.89770349
0.0021321736 	-0.02218151 	0.052449012 	0.8954119
0.002178269 	-0.017410117 	0.050585585 	0.89332611
0.0022237272 	-0.014283454 	0.04686005 	0.89156445
0.002268557 	-0.012718404 	0.041235222 	0.89034162
0.0023127672 	-0.012589251 	0.033544578 	0.89013136
0.0023563662 	-0.013855459 	0.023658561 	0.89162995
0.0023993626 	-0.016474547 	0.011649148 	0.89541384
0.0024417647 	-0.020421709 	-0.0020426365 	0.9014247
0.0024835806 	-0.025554897 	-0.016587918 	0.9083479
0.0025248186 	-0.031238616 	-0.030881462 	0.91368849
0.0025654865 	-0.036552984 	-0.043706966 	0.91463465
0.0026055923 	-0.04074371 	-0.054105487 	0.90960136
0.0026451437 	-0.043371143 	-0.061567317 	0.89893997
0.0026841484 	-0.044254368 	-0.066068377 	0.88439665
0.002722614 	-0.043386049 	-0.067978975 	0.86797195
0.0027605478 	-0.040925682 	-0.067924743 	0.8511424
0.0027979573 	-0.037179031 	-0.066628518 	0.83473943
0.0028348498 	-0.032520317 	-0.064733365 	0.8191836
0.0028712322 	-0.027310967 	-0.062678856 	0.8047311
0.0029071118 	-0.021836067 	-0.060691148 	0.79157697
0.0029424953 	-0.0163003 	-0.058831848 	0.77986477
0.0029773898 	-0.010863636 	-0.057090475 	0.76969892
0.003011802 	-0.0056478818 	-0.055418359 	0.76113832
0.0030457385 	-0.00072993909 	-0.053785207 	0.75421107
0.0030792059 	0.0038273679 	-0.052178374 	0.74891463
0.0031122107 	0.0079803217 	-0.050611786 	0.74523091
0.0031447592 	0.011707956 	-0.049127501 	0.74312863
0.0031768579 	0.015000112 	-0.047788701 	0.74256088
0.0032085129 	0.017855734 	-0.046673529 	0.74344593
0.0032397303 	0.020274262 	-0.045860837 	0.74565484
0.0032705162 	0.022251515 	-0.045409309 	0.74897874
0.0033008765 	0.023774608 	-0.045331455 	0.75310132
0.0033308172 	0.024827405 	-0.045566585 	0.75758111
0.0033603441 	0.025391653 	-0.045959348 	0.76184798
0.0033894627 	0.025443621 	-0.04625408 	0.76523251
0.0034181789 	0.024952846 	-0.046104942 	0.76702208
0.0034464982 	0.023875339 	-0.045102021 	0.76655749
0.003474426 	0.022148068 	-0.042810228 	0.76336921
0.0035019678 	0.019690826 	-0.038810296 	0.75729777
0.0035291288 	0.016428002 	-0.032761721 	0.74856086
0.0035559144 	0.012343759 	-0.024483239 	0.73768345
0.0035823298 	0.0075366906 	-0.014036226 	0.72519631
0.0036083801 	0.0022962325 	-0.0017972125 	0.71121991
0.0036340702 	-0.0029099628 	0.011464572 	0.69518686
0.0036594053 	-0.0075621361 	0.024599574 	0.67572834
0.0036843901 	-0.011170426 	0.036171645 	0.65101994
0.0037090296 	-0.013390744 	0.044714463 	0.61936957
0.0037333285 	-0.014118628 	0.049146763 	0.57983914
0.0037572915 	-0.013510383 	0.049210006 	0.53267083
0.0037809233 	-0.011938274 	0.045617882 	0.47934094
0.0038042285 	-0.0098797556 	0.039791304 	0.42219149
0.0038272115 	-0.0077720793 	0.033285218 	0.36379464
0.0038498768 	-0.005898027 	0.027235412 	0.30634324
0.0038722288 	-0.0043592933 	0.022123013 	0.25130997
0.0038942718 	-0.0031271916 	0.017883022 	0.19942425
0.0039160102 	-0.0021205155 	0.014163679 	0.1508432
0.003937448 	-0.0012715717 	0.01055121 	0.10534515
0.0039585896 	-0.00057308658 	0.0066988107 	0.062402819
0.0039794389 	-8.5170892e-05 	0.0023954874 	0.021016255
0.004 	-6.4607896e-05 	0.0038496176 	0.02500223
