0 	-0.0095034244 	0.0019463382 	0.9470866
2.0100503e-05 	0.0084194292 	0.0053039253 	0.93978451
4.0201005e-05 	0.0084194292 	0.0053039253 	0.93978451
6.0301508e-05 	0.013359148 	-0.0058269096 	0.9306606
8.040201e-05 	0.013359148 	-0.0058269096 	0.9306606
0.00010050251 	0.013359148 	-0.0058269096 	0.9306606
0.00012060302 	0.014883051 	-0.015307817 	0.92087267
0.00014070352 	0.014883051 	-0.015307817 	0.92087267
0.00016080402 	0.014883051 	-0.015307817 	0.92087267
0.00018090452 	0.015892507 	-0.024922738 	0.91194961
0.00020100503 	0.015892507 	-0.024922738 	0.91194961
0.00022110553 	0.015892507 	-0.024922738 	0.91194961
0.00024120603 	0.016815295 	-0.03450062 	0.90511257
0.00026130653 	0.016815295 	-0.03450062 	0.90511257
0.00028140704 	0.017779686 	-0.042992058 	0.9008548
0.00030150754 	0.017779686 	-0.042992058 	0.9008548
0.00032160804 	0.017779686 	-0.042992058 	0.9008548
0.00034170854 	0.01880952 	-0.049259718 	0.89891101
0.00036180905 	0.01880952 	-0.049259718 	0.89891101
0.00038190955 	0.01880952 	-0.049259718 	0.89891101
0.00040201005 	0.019876154 	-0.052413728 	0.89858865
0.00042211055 	0.019876154 	-0.052413728 	0.89858865
0.00044221106 	0.019876154 	-0.052413728 	0.89858865
0.00046231156 	0.020875459 	-0.052130901 	0.89930482
0.00048241206 	0.020875459 	-0.052130901 	0.89930482
0.00050251256 	0.021515624 	-0.048855378 	0.90098292
0.00052261307 	0.021515624 	-0.048855378 	0.90098292
0.00054271357 	0.021515624 	-0.048855378 	0.90098292
0.00056281407 	0.021379789 	-0.043795677 	0.90410412
0.00058291457 	0.021379789 	-0.043795677 	0.90410412
0.00060301508 	0.021379789 	-0.043795677 	0.90410412
0.00062311558 	0.020223539 	-0.038512413 	0.90937621
0.00064321608 	0.020223539 	-0.038512413 	0.90937621
0.00066331658 	0.020223539 	-0.038512413 	0.90937621
0.00068341709 	0.018241437 	-0.034193131 	0.91723662
0.00070351759 	0.018241437 	-0.034193131 	0.91723662
0.00072361809 	0.016025947 	-0.031158788 	0.9274641
0.00074371859 	0.016025947 	-0.031158788 	0.9274641
0.0007638191 	0.016025947 	-0.031158788 	0.9274641
0.0007839196 	0.014264315 	-0.028937438 	0.93912256
0.0008040201 	0.014264315 	-0.028937438 	0.93912256
0.0008241206 	0.014264315 	-0.028937438 	0.93912256
0.00084422111 	0.013470453 	-0.026743985 	0.950934
0.00086432161 	0.013470453 	-0.026743985 	0.950934
0.00088442211 	0.013470453 	-0.026743985 	0.950934
0.00090452261 	0.013932648 	-0.023929708 	0.96184038
0.00092462312 	0.013932648 	-0.023929708 	0.96184038
0.00094472362 	0.01559038 	-0.0202375 	0.97136555
0.00096482412 	0.01559038 	-0.0202375 	0.97136555
0.00098492462 	0.01559038 	-0.0202375 	0.97136555
0.0010050251 	0.018480166 	-0.015430337 	0.98010702
0.0010251256 	0.022447332 	-0.019271996 	0.975764
0.0010452261 	0.022447332 	-0.019271996 	0.975764
0.0010653266 	0.026543536 	-0.014557197 	0.98319383
0.0010854271 	0.026543536 	-0.014557197 	0.98319383
0.0011055276 	0.026543536 	-0.014557197 	0.98319383
0.0011256281 	0.031144144 	-0.009271879 	0.98952423
0.0011457286 	0.031144144 	-0.009271879 	0.98952423
0.0011658291 	0.031144144 	-0.009271879 	0.98952423
0.0011859296 	0.035884764 	-0.0037713851 	0.99523017
0.0012060302 	0.03143746 	0.0025879494 	1.0005901
0.0012261307 	0.03143746 	0.0025879494 	1.0005901
0.0012462312 	0.035974433 	0.0085295831 	1.0061174
0.0012663317 	0.035974433 	0.0085295831 	1.0061174
0.0012864322 	0.035974433 	0.0085295831 	1.0061174
0.0013065327 	0.040370345 	0.014037378 	1.0113887
0.0013266332 	0.040370345 	0.014037378 	1.0113887
0.0013467337 	0.040370345 	0.014037378 	1.0113887
0.0013668342 	0.044671731 	0.018853407 	1.0163691
0.0013869347 	0.044671731 	0.018853407 	1.0163691
0.0014070352 	0.044671731 	0.018853407 	1.0163691
0.0014271357 	0.048986934 	0.022757025 	1.0207241
0.0014472362 	0.053105069 	0.016172347 	1.0163075
0.0014673367 	0.053105069 	0.016172347 	1.0163075
0.0014874372 	0.05715578 	0.019612763 	1.0201363
0.0015075377 	0.053426714 	0.025611693 	1.0239255
0.0015276382 	0.058044005 	0.027417518 	1.0255063
0.0015477387 	0.058044005 	0.027417518 	1.0255063
0.0015678392 	0.058044005 	0.027417518 	1.0255063
0.0015879397 	0.062805926 	0.028304068 	1.0253035
0.0016080402 	0.062805926 	0.028304068 	1.0253035
0.0016281407 	0.065708436 	0.02397231 	1.0227751
0.0016482412 	0.067575908 	0.028462617 	1.0235188
0.0016683417 	0.067575908 	0.028462617 	1.0235188
0.0016884422 	0.07212383 	0.028074837 	1.0205995
0.0017085427 	0.07212383 	0.028074837 	1.0205995
0.0017286432 	0.07212383 	0.028074837 	1.0205995
0.0017487437 	0.076196369 	0.027280856 	1.0170559
0.0017688442 	0.076196369 	0.027280856 	1.0170559
0.0017889447 	0.076196369 	0.027280856 	1.0170559
0.0018090452 	0.079602353 	0.026202809 	1.013324
0.0018291457 	0.079602353 	0.026202809 	1.013324
0.0018492462 	0.082262181 	0.024958748 	1.0097122
0.0018693467 	0.082262181 	0.024958748 	1.0097122
0.0018894472 	0.082262181 	0.024958748 	1.0097122
0.0019095477 	0.084207806 	0.023657103 	1.0064177
0.0019296482 	0.084207806 	0.023657103 	1.0064177
0.0019497487 	0.085535168 	0.022370039 	1.003577
0.0019698492 	0.085535168 	0.022370039 	1.003577
0.0019899497 	0.086363191 	0.021124845 	1.0013045
0.0020100503 	0.086363191 	0.021124845 	1.0013045
0.0020301508 	0.086363191 	0.021124845 	1.0013045
0.0020502513 	0.086812826 	0.019930783 	0.99969534
0.0020703518 	0.086812826 	0.019930783 	0.99969534
0.0020904523 	0.08699231 	0.018807804 	0.99881503
0.0021105528 	0.08699231 	0.018807804 	0.99881503
0.0021306533 	0.08699231 	0.018807804 	0.99881503
0.0021507538 	0.086990382 	0.017800029 	0.99867261
0.0021708543 	0.086990382 	0.017800029 	0.99867261
0.0021909548 	0.086870282 	0.016970069 	0.99920905
0.0022110553 	0.086870282 	0.016970069 	0.99920905
0.0022311558 	0.086653314 	0.016379426 	1.0003173
0.0022512563 	0.086653314 	0.016379426 	1.0003173
0.0022713568 	0.086300843 	0.01607393 	1.0018772
0.0022914573 	0.086300843 	0.01607393 	1.0018772
0.0023115578 	0.086300843 	0.01607393 	1.0018772
0.0023316583 	0.085711703 	0.016046259 	1.0037864
0.0023517588 	0.085711703 	0.016046259 	1.0037864
0.0023718593 	0.084739537 	0.016196195 	1.0059412
0.0023919598 	0.084739537 	0.016196195 	1.0059412
0.0024120603 	0.083255809 	0.016313297 	1.0081718
0.0024321608 	0.083255809 	0.016313297 	1.0081718
0.0024522613 	0.081226612 	0.016082444 	1.0101795
0.0024723618 	0.081226612 	0.016082444 	1.0101795
0.0024924623 	0.078743196 	0.015128313 	1.0115832
0.0025125628 	0.078743196 	0.015128313 	1.0115832
0.0025326633 	0.076058782 	0.013029312 	1.012079
0.0025527638 	0.076058782 	0.013029312 	1.012079
0.0025728643 	0.073595229 	0.0093078747 	1.0115829
0.0025929648 	0.073595229 	0.0093078747 	1.0115829
0.0026130653 	0.071827195 	0.0035042757 	1.0101994
0.0026331658 	0.071827195 	0.0035042757 	1.0101994
0.0026532663 	0.071364852 	-0.0046834767 	1.0080355
0.0026733668 	0.071364852 	-0.0046834767 	1.0080355
0.0026934673 	0.072721921 	-0.015259109 	1.0049637
0.0027135678 	0.072721921 	-0.015259109 	1.0049637
0.0027336683 	0.076079948 	-0.027786691 	1.0006612
0.0027537688 	0.076079948 	-0.027786691 	1.0006612
0.0027738693 	0.081336405 	-0.04147965 	0.99482541
0.0027939698 	0.081336405 	-0.04147965 	0.99482541
0.0028140704 	0.08802829 	-0.055241407 	0.98736223
0.0028341709 	0.08802829 	-0.055241407 	0.98736223
0.0028542714 	0.095399957 	-0.067643933 	0.97838736
0.0028743719 	0.10247853 	-0.076979203 	0.96812286
0.0028944724 	0.10247853 	-0.076979203 	0.96812286
0.0029145729 	0.10816976 	-0.081720308 	0.95688982
0.0029346734 	0.10816976 	-0.081720308 	0.95688982
0.0029547739 	0.1115074 	-0.081199675 	0.94519381
0.0029748744 	0.1115074 	-0.081199675 	0.94519381
0.0029949749 	0.11203385 	-0.075725051 	0.93368698
0.0030150754 	0.11000728 	-0.066145962 	0.92299583
0.0030351759 	0.11000728 	-0.066145962 	0.92299583
0.0030552764 	0.10619843 	-0.053355122 	0.91358135
0.0030753769 	0.10619843 	-0.053355122 	0.91358135
0.0030954774 	0.10147605 	-0.038051015 	0.90572644
0.0031155779 	0.096518946 	-0.020727664 	0.89959328
0.0031356784 	0.096518946 	-0.020727664 	0.89959328
0.0031557789 	0.09198431 	-0.0018099385 	0.89522723
0.0031758794 	0.09198431 	-0.0018099385 	0.89522723
0.0031959799 	0.088248265 	0.018192162 	0.89250608
0.0032160804 	0.085328157 	0.038480089 	0.89105568
0.0032361809 	0.085328157 	0.038480089 	0.89105568
0.0032562814 	0.083216095 	0.057867177 	0.89034067
0.0032763819 	0.081768211 	0.074861462 	0.88974731
0.0032964824 	0.081768211 	0.074861462 	0.88974731
0.0033165829 	0.08071376 	0.087921347 	0.8888299
0.0033366834 	0.079718771 	0.095777306 	0.88749804
0.0033567839 	0.079718771 	0.095777306 	0.88749804
0.0033768844 	0.078456727 	0.097720967 	0.88599387
0.0033969849 	0.076672362 	0.093749844 	0.88462687
0.0034170854 	0.076672362 	0.093749844 	0.88462687
0.0034371859 	0.074190725 	0.084543522 	0.883466
0.0034572864 	0.070896441 	0.071303699 	0.88221481
0.0034773869 	0.066724615 	0.055530896 	0.88036241
0.0034974874 	0.066724615 	0.055530896 	0.88036241
0.0035175879 	0.061655075 	0.038749428 	0.87758474
0.0035376884 	0.055728099 	0.022301326 	0.87418871
0.0035577889 	0.049038801 	0.0071467627 	0.87108254
0.0035778894 	0.049038801 	0.0071467627 	0.87108254
0.0035979899 	0.041791233 	-0.0059442942 	0.86871135
0.0036180905 	0.034434509 	-0.01595829 	0.86531371
0.003638191 	0.027645624 	-0.021476648 	0.85601849
0.0036582915 	0.027645624 	-0.021476648 	0.85601849
0.003678392 	0.022102347 	-0.021180615 	0.83434735
0.0036984925 	0.018167189 	-0.014868954 	0.79583486
0.003718593 	0.01570816 	-0.0041929903 	0.74129745
0.0037386935 	0.014176127 	0.0076442098 	0.67705213
0.003758794 	0.012938997 	0.017130768 	0.61177683
0.0037788945 	0.012938997 	0.017130768 	0.61177683
0.003798995 	0.011608884 	0.021770863 	0.55244796
0.0038190955 	0.010067198 	0.020755985 	0.50191542
0.003839196 	0.0083599743 	0.014907462 	0.45875385
0.0038592965 	0.0066059411 	0.0061600355 	0.41863374
0.003879397 	0.0049296543 	-0.0031050064 	0.3762537
0.0038994975 	0.0034249595 	-0.010676113 	0.32706732
0.003919598 	0.0021471126 	-0.014955807 	0.26838418
0.0039396985 	0.0011319813 	-0.015188123 	0.19977488
0.003959799 	0.00041619706 	-0.011476122 	0.12290275
0.0039798995 	4.0226407e-05 	-0.0045783374 	0.04115577
0.004 	4.0226407e-05 	-0.0045783374 	0.04115577
