0 	-0.015244328 	-0.051502847 	1.0453367
5.5555625e-05 	-0.03103833 	-0.040229885 	1.0534817
0.00011111111 	-0.029300062 	-0.036977475 	1.0661809
0.00016666667 	-0.024429444 	-0.035582889 	1.0813938
0.00022222222 	-0.018806661 	-0.034063164 	1.0969769
0.00027777778 	-0.013384132 	-0.031711929 	1.1110964
0.00033333333 	-0.0086876309 	-0.028376779 	1.1225084
0.00038888889 	-0.0049901775 	-0.024222514 	1.1307549
0.00044444444 	-0.0023648846 	-0.019599306 	1.1361381
0.0005 	-0.00074942247 	-0.014915825 	1.1394507
0.00055555556 	-2.4991517e-05 	-0.0105624 	1.1416185
0.00061111111 	-6.0263854e-05 	-0.0068786001 	1.1434137
0.00066666667 	-0.00073216949 	-0.0041463007 	1.1453133
0.00072222222 	-0.0019286496 	-0.0025749228 	1.1474807
0.00077777778 	-0.0035406628 	-0.002287296 	1.1498136
0.00083333333 	-0.0054135579 	-0.0033330067 	1.1520148
0.00088888889 	-0.0073477988 	-0.005726971 	1.1536953
0.00094444444 	-0.0090769777 	-0.0094613496 	1.1545019
0.001 	-0.010353835 	-0.014909137 	1.1541741
0.0010617199 	-0.010990101 	-0.022095821 	1.1524595
0.0011225874 	-0.011354413 	-0.029625085 	1.1494744
0.0011826143 	-0.012337132 	-0.036234832 	1.1450858
0.0012418122 	-0.014683163 	-0.040472109 	1.1385856
0.0013001926 	-0.018468796 	-0.041724748 	1.1286053
0.0013577668 	-0.022778069 	-0.04065865 	1.1137421
0.0014145458 	-0.026175671 	-0.038900556 	1.0937091
0.0014705407 	-0.027494894 	-0.03815836 	1.0700165
0.0015257623 	-0.02630459 	-0.039438261 	1.0454481
0.0015802213 	-0.022869916 	-0.042795084 	1.0226682
0.0016339282 	-0.017841963 	-0.047533026 	1.0032649
0.0016868934 	-0.011988744 	-0.052610512 	0.98761211
0.0017391271 	-0.0060544432 	-0.057049457 	0.97536101
0.0017906395 	-0.00066361999 	-0.060220942 	0.96589306
0.0018414404 	0.0037060551 	-0.061872608 	0.95871716
0.0018915398 	0.006835369 	-0.062103294 	0.95350466
0.0019409473 	0.0086979225 	-0.061184374 	0.95005293
0.0019896725 	0.0092790301 	-0.05942006 	0.948171
0.0020377248 	0.0086856042 	-0.057076537 	0.94757454
0.0020851134 	0.007103591 	-0.054353976 	0.94787542
0.0021318476 	0.0048078109 	-0.051331379 	0.94857599
0.0021779364 	0.0021536837 	-0.048029156 	0.94916186
0.0022233887 	-0.00046163376 	-0.044504229 	0.94921225
0.0022682133 	-0.0026631264 	-0.040876837 	0.9484629
0.0023124189 	-0.0041925959 	-0.037346289 	0.94686224
0.0023560139 	-0.0048885278 	-0.03412404 	0.94454112
0.0023990069 	-0.0047062753 	-0.031372946 	0.94176185
0.0024414062 	-0.0036920277 	-0.029166797 	0.93883114
0.0024832199 	-0.0019437561 	-0.027493033 	0.93603386
0.0025244562 	0.00038368508 	-0.026287764 	0.93359039
0.002565123 	0.0031263535 	-0.025470931 	0.931657
0.0026052281 	0.0060673921 	-0.024947447 	0.93037978
0.0026447794 	0.0089767073 	-0.024668446 	0.92987173
0.0026837845 	0.011719673 	-0.02458426 	0.93021112
0.0027222509 	0.014241895 	-0.024633952 	0.93138194
0.0027601861 	0.016576778 	-0.024729784 	0.93322504
0.0027975974 	0.018849144 	-0.02473932 	0.93541871
0.002834492 	0.021232275 	-0.024494876 	0.93750687
0.0028708772 	0.023891111 	-0.023824339 	0.93899273
0.0029067598 	0.026908633 	-0.022613816 	0.93949944
0.0029421469 	0.030187556 	-0.020858515 	0.93895393
0.0029770452 	0.033413278 	-0.018644493 	0.93767869
0.0030114616 	0.036110646 	-0.016047764 	0.93626501
0.0030454028 	0.037778996 	-0.012978756 	0.93521886
0.0030788752 	0.038063099 	-0.0090456441 	0.93450342
0.0031118853 	0.036873789 	-0.0035263994 	0.93317852
0.0031444395 	0.034464055 	0.0044710771 	0.92935181
0.0031765442 	0.031326853 	0.015494345 	0.92079772
0.0032082055 	0.02795652 	0.02900045 	0.90621754
0.0032394295 	0.024703687 	0.042966871 	0.88647536
0.0032702223 	0.021769677 	0.054525303 	0.86452231
0.0033005899 	0.019337855 	0.061391569 	0.84377179
0.0033305381 	0.017651606 	0.062915364 	0.82632918
0.0033600727 	0.016938522 	0.06000375 	0.81249252
0.0033891994 	0.01730008 	0.054303611 	0.80142784
0.0034179239 	0.018674846 	0.047416565 	0.79207425
0.0034462517 	0.020872492 	0.040511489 	0.78366357
0.0034741882 	0.023630866 	0.034260609 	0.77582141
0.003501739 	0.026667447 	0.028933131 	0.76845775
0.0035289093 	0.029711154 	0.02451866 	0.76162026
0.0035557043 	0.032517277 	0.020838888 	0.75538576
0.0035821293 	0.03487394 	0.017640574 	0.74979989
0.0036081894 	0.036602749 	0.014669887 	0.74485246
0.0036338895 	0.037566888 	0.011723889 	0.74047611
0.0036592348 	0.03767966 	0.0086905205 	0.73654247
0.00368423 	0.036905972 	0.005574262 	0.73283158
0.00370888 	0.035260935 	0.0025204042 	0.72891285
0.0037331896 	0.032800407 	-0.00016147522 	0.72388841
0.0037571635 	0.029599237 	-0.0019743032 	0.7160181
0.0037808063 	0.025722298 	-0.0022342139 	0.70233694
0.0038041226 	0.021301319 	-0.00019918913 	0.67844495
0.0038271169 	0.01665054 	0.0045145784 	0.6389471
0.0038497936 	0.012227753 	0.011276275 	0.57921962
0.0038721572 	0.0084875795 	0.018162395 	0.49853023
0.0038942119 	0.0056379343 	0.022728944 	0.40235165
0.003915962 	0.0035445047 	0.023369084 	0.30080711
0.0039374118 	0.0019579465 	0.019968526 	0.2036531
0.0039585653 	0.00077875522 	0.013434293 	0.11599747
0.0039794267 	9.0499174e-05 	0.0048738046 	0.0373976
0.004 	9.0499174e-05 	0.0048738046 	0.0373976
