0 	0.0032204917 	0.023945335 	1.0628277
5.5555556e-05 	-0.02064463 	-0.007593577 	1.0568145
0.00011111111 	-0.017819152 	-0.011807188 	1.0507775
0.00016666667 	-0.014990483 	-0.015801938 	1.0427623
0.00022222222 	-0.012146506 	-0.019889303 	1.0334075
0.00027777778 	-0.0095131532 	-0.023410212 	1.0233074
0.00033333333 	-0.007363763 	-0.025758116 	1.0127123
0.00038888889 	-0.0059828026 	-0.02669857 	1.0015141
0.00044444444 	-0.0056989744 	-0.02638202 	0.98942851
0.0005 	-0.006870004 	-0.025247038 	0.97629181
0.00055555556 	-0.0098326587 	-0.023915632 	0.96246405
0.00061111111 	-0.014720052 	-0.023055412 	0.94913236
0.00066666667 	-0.021251438 	-0.02310909 	0.93810971
0.00072222222 	-0.028684515 	-0.024029556 	0.93084279
0.00077777778 	-0.035999915 	-0.025231319 	0.92738595
0.00083333333 	-0.04238071 	-0.025968982 	0.92646778
0.00088888889 	-0.047485172 	-0.02592036 	0.92657318
0.00094444444 	-0.051298936 	-0.02528705 	0.92676854
0.001 	-0.054265547 	-0.024283674 	0.92686598
0.0010617224 	-0.056155887 	-0.022985636 	0.92714505
0.0011225923 	-0.056753423 	-0.021096588 	0.92777307
0.0011826215 	-0.056286114 	-0.018622741 	0.92906267
0.0012418217 	-0.054905288 	-0.01575795 	0.93078695
0.0013002041 	-0.052937711 	-0.012889129 	0.93253649
0.0013577803 	-0.050489048 	-0.010233121 	0.93386806
0.0014145612 	-0.047575687 	-0.0078099069 	0.93450159
0.0014705579 	-0.044080821 	-0.0054104941 	0.93433037
0.0015257812 	-0.039957094 	-0.002878019 	0.93338339
0.0015802418 	-0.035254848 	-0.00022338405 	0.9317732
0.0016339502 	-0.030083227 	0.0024193963 	0.92970614
0.0016869168 	-0.024701909 	0.0048250095 	0.92740762
0.0017391518 	-0.01941702 	0.0068583973 	0.92504061
0.0017906654 	-0.014399476 	0.0084049352 	0.92267537
0.0018414676 	-0.0097948259 	0.0094450783 	0.92027953
0.0018915681 	-0.0057044459 	0.0099726482 	0.91784792
0.0019409766 	-0.0021513379 	0.010031694 	0.91535902
0.0019897027 	0.00090778774 	0.0097321452 	0.91280421
0.0020377558 	0.0035615975 	0.0091957132 	0.91021016
0.0020851453 	0.0058584946 	0.0085615839 	0.90764207
0.0021318802 	0.0078560906 	0.0079415726 	0.90518067
0.0021779697 	0.0095866802 	0.0073973624 	0.90291331
0.0022234225 	0.011100343 	0.0069287889 	0.9009203
0.0022682477 	0.012457703 	0.0064958549 	0.89925243
0.0023124537 	0.013736121 	0.0060143462 	0.89792826
0.0023560491 	0.015021619 	0.005359499 	0.89689398
0.0023990425 	0.016415761 	0.0044105668 	0.8960029
0.002441442 	0.018099706 	0.0030787241 	0.89504332
0.002483256 	0.020279595 	0.0013429082 	0.89376624
0.0025244924 	0.023061556 	-0.00071366824 	0.89195602
0.0025651593 	0.026469211 	-0.0029034611 	0.88951693
0.0026052645 	0.030461179 	-0.0049912507 	0.88649329
0.0026448158 	0.034908526 	-0.0067640689 	0.883028
0.0026838209 	0.039631406 	-0.0080826631 	0.87930323
0.0027222872 	0.044461635 	-0.0088900928 	0.87549601
0.0027602223 	0.049236885 	-0.0091958961 	0.87176609
0.0027976334 	0.053766055 	-0.0090577395 	0.868243
0.0028345278 	0.05783638 	-0.0085621875 	0.86501033
0.0028709126 	0.061242538 	-0.0077999903 	0.86211367
0.002906795 	0.06379437 	-0.0068240897 	0.85958604
0.0029421817 	0.065339761 	-0.0056502693 	0.85745056
0.0029770797 	0.065778603 	-0.0042446807 	0.85572166
0.0030114957 	0.065065683 	-0.0025453804 	0.85442048
0.0030454363 	0.063221326 	-0.00049361561 	0.85356175
0.0030789082 	0.060311313 	0.0019208533 	0.85313592
0.0031119178 	0.056455792 	0.0045998096 	0.85308949
0.0031444715 	0.051813482 	0.0073362352 	0.85344118
0.0031765755 	0.04653085 	0.0098657154 	0.85432838
0.0032082362 	0.040765578 	0.011944602 	0.85593346
0.0032394596 	0.034686087 	0.013474713 	0.85839271
0.0032702517 	0.028470681 	0.014607431 	0.8616957
0.0033006186 	0.02229439 	0.015695047 	0.86559801
0.003330566 	0.01630342 	0.017148848 	0.8696142
0.0033600998 	0.010605146 	0.019207295 	0.87307843
0.0033892257 	0.0052990011 	0.021760913 	0.87530011
0.0034179494 	0.0005021306 	0.024376686 	0.87575002
0.0034462763 	-0.0036874979 	0.02651454 	0.87419673
0.003474212 	-0.0071599078 	0.027795406 	0.87072458
0.0035017619 	-0.0097866262 	0.0281583 	0.86562457
0.0035289312 	-0.011572211 	0.027813972 	0.85921573
0.0035557253 	-0.012642942 	0.027030166 	0.85166883
0.0035821494 	-0.013183551 	0.025884423 	0.84293787
0.0036082084 	-0.013395597 	0.024162502 	0.83280422
0.0036339076 	-0.013409364 	0.021457085 	0.82098256
0.0036592518 	-0.013300289 	0.01743166 	0.80714399
0.003684246 	-0.013080958 	0.011999793 	0.79088356
0.003708895 	-0.012760091 	0.0053515096 	0.77159252
0.0037332035 	-0.012329994 	-0.0021386167 	0.7483841
0.0037571763 	-0.011768414 	-0.010024823 	0.72013791
0.003780818 	-0.011080714 	-0.01770391 	0.68548197
0.0038041332 	-0.01018055 	-0.024286592 	0.64279286
0.0038271264 	-0.0088705995 	-0.028641169 	0.59045859
0.0038498019 	-0.0070373159 	-0.029811015 	0.52768751
0.0038721643 	-0.0049161564 	-0.027678092 	0.45564305
0.0038942179 	-0.0030251186 	-0.023221702 	0.37729992
0.0039159668 	-0.0017286066 	-0.01793932 	0.29558008
0.0039374154 	-0.00097563574 	-0.012926237 	0.21208118
0.0039585677 	-0.00049633098 	-0.0082742199 	0.1275569
0.0039794279 	-9.9879475e-05 	-0.0031070158 	0.042655157
0.004 	-5.3197678e-05 	0.0016874349 	0.044189664
