0 	0.039035292 	-0.037395342 	1.1360226
2.0100503e-05 	0.041769628 	0.038930549 	1.1299153
4.0201005e-05 	0.041769628 	0.038930549 	1.1299153
6.0301508e-05 	0.02350996 	0.054237926 	1.1213594
8.040201e-05 	0.02350996 	0.054237926 	1.1213594
0.00010050251 	0.02350996 	0.054237926 	1.1213594
0.00012060302 	0.019681822 	0.056570261 	1.1112279
0.00014070352 	0.019681822 	0.056570261 	1.1112279
0.00016080402 	0.019681822 	0.056570261 	1.1112279
0.00018090452 	0.019060133 	0.055987488 	1.1006245
0.00020100503 	0.019060133 	0.055987488 	1.1006245
0.00022110553 	0.019060133 	0.055987488 	1.1006245
0.00024120603 	0.019135568 	0.053374676 	1.0907327
0.00026130653 	0.019135568 	0.053374676 	1.0907327
0.00028140704 	0.019033264 	0.049202923 	1.0828228
0.00030150754 	0.019033264 	0.049202923 	1.0828228
0.00032160804 	0.019033264 	0.049202923 	1.0828228
0.00034170854 	0.018305788 	0.044098057 	1.0781521
0.00036180905 	0.018305788 	0.044098057 	1.0781521
0.00038190955 	0.018305788 	0.044098057 	1.0781521
0.00040201005 	0.016630245 	0.03860979 	1.0776034
0.00042211055 	0.016630245 	0.03860979 	1.0776034
0.00044221106 	0.016630245 	0.03860979 	1.0776034
0.00046231156 	0.013715334 	0.032931005 	1.0812939
0.00048241206 	0.013715334 	0.032931005 	1.0812939
0.00050251256 	0.0093287743 	0.026835188 	1.0885527
0.00052261307 	0.0093287743 	0.026835188 	1.0885527
0.00054271357 	0.0093287743 	0.026835188 	1.0885527
0.00056281407 	0.0033556297 	0.020073528 	1.0981581
0.00058291457 	0.0033556297 	0.020073528 	1.0981581
0.00060301508 	0.0033556297 	0.020073528 	1.0981581
0.00062311558 	-0.0041478063 	0.012841959 	1.1084219
0.00064321608 	-0.0041478063 	0.012841959 	1.1084219
0.00066331658 	-0.0041478063 	0.012841959 	1.1084219
0.00068341709 	-0.0128882 	0.005951508 	1.1170479
0.00070351759 	-0.0128882 	0.005951508 	1.1170479
0.00072361809 	-0.022318576 	0.00030789603 	1.1212447
0.00074371859 	-0.022318576 	0.00030789603 	1.1212447
0.0007638191 	-0.022318576 	0.00030789603 	1.1212447
0.0007839196 	-0.031621853 	-0.0038592918 	1.118584
0.0008040201 	-0.031621853 	-0.0038592918 	1.118584
0.0008241206 	-0.031621853 	-0.0038592918 	1.118584
0.00084422111 	-0.039926046 	-0.0072065721 	1.1085552
0.00086432161 	-0.039926046 	-0.0072065721 	1.1085552
0.00088442211 	-0.039926046 	-0.0072065721 	1.1085552
0.00090452261 	-0.046727487 	-0.010690605 	1.0935358
0.00092462312 	-0.046727487 	-0.010690605 	1.0935358
0.00094472362 	-0.051889008 	-0.014916396 	1.0774985
0.00096482412 	-0.051889008 	-0.014916396 	1.0774985
0.00098492462 	-0.051889008 	-0.014916396 	1.0774985
0.0010050251 	-0.056360024 	-0.026271018 	1.0668856
0.0010251256 	-0.056360024 	-0.026271018 	1.0668856
0.0010452261 	-0.056360024 	-0.026271018 	1.0668856
0.0010653266 	-0.058653352 	-0.030687209 	1.055912
0.0010854271 	-0.058653352 	-0.030687209 	1.055912
0.0011055276 	-0.058653352 	-0.030687209 	1.055912
0.0011256281 	-0.059696856 	-0.0343611 	1.0476081
0.0011457286 	-0.059696856 	-0.0343611 	1.0476081
0.0011658291 	-0.059696856 	-0.0343611 	1.0476081
0.0011859296 	-0.059935061 	-0.036666691 	1.0413312
0.0012060302 	-0.059935061 	-0.036666691 	1.0413312
0.0012261307 	-0.059935061 	-0.036666691 	1.0413312
0.0012462312 	-0.059843038 	-0.037508399 	1.0368277
0.0012663317 	-0.059843038 	-0.037508399 	1.0368277
0.0012864322 	-0.059843038 	-0.037508399 	1.0368277
0.0013065327 	-0.059470663 	-0.037314747 	1.033754
0.0013266332 	-0.059470663 	-0.037314747 	1.033754
0.0013467337 	-0.059470663 	-0.037314747 	1.033754
0.0013668342 	-0.058678386 	-0.036716683 	1.0315622
0.0013869347 	-0.058678386 	-0.036716683 	1.0315622
0.0014070352 	-0.058678386 	-0.036716683 	1.0315622
0.0014271357 	-0.057202999 	-0.036311744 	1.029661
0.0014472362 	-0.057202999 	-0.036311744 	1.029661
0.0014673367 	-0.057202999 	-0.036311744 	1.029661
0.0014874372 	-0.054802731 	-0.036496226 	1.0275587
0.0015075377 	-0.054802731 	-0.036496226 	1.0275587
0.0015276382 	-0.051344942 	-0.037421456 	1.0249487
0.0015477387 	-0.051344942 	-0.037421456 	1.0249487
0.0015678392 	-0.051344942 	-0.037421456 	1.0249487
0.0015879397 	-0.046871044 	-0.039023248 	1.0217524
0.0016080402 	-0.046871044 	-0.039023248 	1.0217524
0.0016281407 	-0.046871044 	-0.039023248 	1.0217524
0.0016482412 	-0.041605221 	-0.04108838 	1.0181045
0.0016683417 	-0.041605221 	-0.04108838 	1.0181045
0.0016884422 	-0.035909712 	-0.043354559 	1.0142773
0.0017085427 	-0.035909712 	-0.043354559 	1.0142773
0.0017286432 	-0.035909712 	-0.043354559 	1.0142773
0.0017487437 	-0.030188298 	-0.045586149 	1.0105823
0.0017688442 	-0.030188298 	-0.045586149 	1.0105823
0.0017889447 	-0.030188298 	-0.045586149 	1.0105823
0.0018090452 	-0.024809257 	-0.047626686 	1.0072871
0.0018291457 	-0.024809257 	-0.047626686 	1.0072871
0.0018492462 	-0.020044174 	-0.049397507 	1.0045536
0.0018693467 	-0.020044174 	-0.049397507 	1.0045536
0.0018894472 	-0.020044174 	-0.049397507 	1.0045536
0.0019095477 	-0.016046745 	-0.050908257 	1.0023997
0.0019296482 	-0.016046745 	-0.050908257 	1.0023997
0.0019497487 	-0.012840351 	-0.052237748 	1.000686
0.0019698492 	-0.012840351 	-0.052237748 	1.000686
0.0019899497 	-0.012840351 	-0.052237748 	1.000686
0.0020100503 	-0.010337726 	-0.053512499 	0.99914438
0.0020301508 	-0.010337726 	-0.053512499 	0.99914438
0.0020502513 	-0.0083674738 	-0.054890159 	0.99743572
0.0020703518 	-0.0083674738 	-0.054890159 	0.99743572
0.0020904523 	-0.0066989228 	-0.056557084 	0.99522088
0.0021105528 	-0.0066989228 	-0.056557084 	0.99522088
0.0021306533 	-0.0066989228 	-0.056557084 	0.99522088
0.0021507538 	-0.0051063151 	-0.058676947 	0.99220642
0.0021708543 	-0.0051063151 	-0.058676947 	0.99220642
0.0021909548 	-0.0034290253 	-0.06136391 	0.98821842
0.0022110553 	-0.0034290253 	-0.06136391 	0.98821842
0.0022311558 	-0.0015879769 	-0.064642275 	0.98324626
0.0022512563 	-0.0015879769 	-0.064642275 	0.98324626
0.0022713568 	0.00035947393 	-0.068426371 	0.97746601
0.0022914573 	0.00035947393 	-0.068426371 	0.97746601
0.0023115578 	0.00035947393 	-0.068426371 	0.97746601
0.0023316583 	0.0022306396 	-0.072530319 	0.97123499
0.0023517588 	0.0022306396 	-0.072530319 	0.97123499
0.0023718593 	0.0037729083 	-0.07671934 	0.96502886
0.0023919598 	0.0037729083 	-0.07671934 	0.96502886
0.0024120603 	0.0047206418 	-0.080733231 	0.95937581
0.0024321608 	0.0047206418 	-0.080733231 	0.95937581
0.0024522613 	0.0048879099 	-0.084314795 	0.95478452
0.0024723618 	0.0048879099 	-0.084314795 	0.95478452
0.0024924623 	0.0042442615 	-0.087190054 	0.95165184
0.0025125628 	0.0042442615 	-0.087190054 	0.95165184
0.0025326633 	0.002942804 	-0.089015036 	0.95013126
0.0025527638 	0.002942804 	-0.089015036 	0.95013126
0.0025728643 	0.0012833792 	-0.089372535 	0.95000143
0.0025929648 	0.0012833792 	-0.089372535 	0.95000143
0.0026130653 	-0.00035081342 	-0.087871037 	0.95061407
0.0026331658 	-0.00035081342 	-0.087871037 	0.95061407
0.0026532663 	-0.0016035853 	-0.084321477 	0.95103063
0.0026733668 	-0.0016035853 	-0.084321477 	0.95103063
0.0026934673 	-0.0022402509 	-0.078873926 	0.95035341
0.0027135678 	-0.0022402509 	-0.078873926 	0.95035341
0.0027336683 	-0.0021641566 	-0.071963787 	0.94810541
0.0027537688 	-0.0021641566 	-0.071963787 	0.94810541
0.0027738693 	-0.0014112824 	-0.064100772 	0.94444436
0.0027939698 	-0.0014112824 	-0.064100772 	0.94444436
0.0028140704 	-7.1094484e-05 	-0.055670144 	0.94005809
0.0028341709 	-7.1094484e-05 	-0.055670144 	0.94005809
0.0028542714 	0.0017878845 	-0.046894652 	0.93571955
0.0028743719 	0.0041350705 	-0.037950355 	0.93184656
0.0028944724 	0.0041350705 	-0.037950355 	0.93184656
0.0029145729 	0.007003934 	-0.029052035 	0.92839599
0.0029346734 	0.007003934 	-0.029052035 	0.92839599
0.0029547739 	0.010379877 	-0.020456187 	0.92509252
0.0029748744 	0.010379877 	-0.020456187 	0.92509252
0.0029949749 	0.014198981 	-0.012440113 	0.92168758
0.0030150754 	0.018354619 	-0.0052462967 	0.91812816
0.0030351759 	0.018354619 	-0.0052462967 	0.91812816
0.0030552764 	0.022668036 	0.00096663418 	0.91447396
0.0030753769 	0.022668036 	0.00096663418 	0.91447396
0.0030954774 	0.026990999 	0.0061944756 	0.91078841
0.0031155779 	0.031237862 	0.010605235 	0.90707828
0.0031356784 	0.031237862 	0.010605235 	0.90707828
0.0031557789 	0.03536187 	0.014496696 	0.90330269
0.0031758794 	0.03536187 	0.014496696 	0.90330269
0.0031959799 	0.039323461 	0.018211304 	0.89941349
0.0032160804 	0.043066053 	0.022058669 	0.89537742
0.0032361809 	0.043066053 	0.022058669 	0.89537742
0.0032562814 	0.046507245 	0.026251146 	0.89119289
0.0032763819 	0.049539963 	0.030881432 	0.88685495
0.0032964824 	0.049539963 	0.030881432 	0.88685495
0.0033165829 	0.05203392 	0.035933402 	0.88234145
0.0033366834 	0.05384926 	0.041302685 	0.87762883
0.0033567839 	0.05384926 	0.041302685 	0.87762883
0.0033768844 	0.054863318 	0.046816846 	0.87272694
0.0033969849 	0.055013629 	0.052206637 	0.86772993
0.0034170854 	0.055013629 	0.052206637 	0.86772993
0.0034371859 	0.054316183 	0.057022842 	0.86284646
0.0034572864 	0.052845768 	0.060572691 	0.85831431
0.0034773869 	0.050696363 	0.062041113 	0.85411551
0.0034974874 	0.050696363 	0.062041113 	0.85411551
0.0035175879 	0.047928626 	0.06087293 	0.84960057
0.0035376884 	0.044540274 	0.057143596 	0.84354643
0.0035577889 	0.040418059 	0.051363337 	0.83513218
0.0035778894 	0.040418059 	0.051363337 	0.83513218
0.0035979899 	0.035349664 	0.043749554 	0.82525654
0.0036180905 	0.029149414 	0.033765118 	0.81619712
0.003638191 	0.022035708 	0.020895367 	0.80878869
0.0036582915 	0.022035708 	0.020895367 	0.80878869
0.003678392 	0.014885461 	0.0060027998 	0.79919941
0.0036984925 	0.0089750168 	-0.0083457559 	0.77902657
0.003718593 	0.005380725 	-0.019157924 	0.73990089
0.0037386935 	0.0043256418 	-0.024761545 	0.67939394
0.003758794 	0.0050369769 	-0.025459034 	0.60318054
0.0037788945 	0.0050369769 	-0.025459034 	0.60318054
0.003798995 	0.0063202733 	-0.022859443 	0.52150576
0.0038190955 	0.0072222999 	-0.018792502 	0.44339893
0.003839196 	0.0073544742 	-0.014624447 	0.37340521
0.0038592965 	0.0067839339 	-0.011104039 	0.31190714
0.003879397 	0.0057441761 	-0.0084696869 	0.2571126
0.0038994975 	0.0044641998 	-0.0066416045 	0.20678566
0.003919598 	0.0031165312 	-0.0053751169 	0.15909427
0.0039396985 	0.0018368804 	-0.0043426693 	0.11280805
0.003959799 	0.00077440643 	-0.0031610096 	0.067235539
0.0039798995 	0.00010189853 	-0.0013995405 	0.022181868
0.004 	0.00010189853 	-0.0013995405 	0.022181868
