0 	0.034047724 	0.00064101705 	1.1109721
2.0100503e-05 	0.034047724 	0.00064101705 	1.1109721
4.0201005e-05 	0.034047724 	0.00064101705 	1.1109721
6.0301508e-05 	0.026723475 	0.010733712 	1.132397
8.040201e-05 	0.026723475 	0.010733712 	1.132397
0.00010050251 	0.026723475 	0.010733712 	1.132397
0.00012060302 	0.022814753 	0.0079697163 	1.150224
0.00014070352 	0.022814753 	0.0079697163 	1.150224
0.00016080402 	0.022814753 	0.0079697163 	1.150224
0.00018090452 	0.020754277 	0.0040741533 	1.1611159
0.00020100503 	0.020754277 	0.0040741533 	1.1611159
0.00022110553 	0.020754277 	0.0040741533 	1.1611159
0.00024120603 	0.019483906 	0.0012800202 	1.1648696
0.00026130653 	0.019483906 	0.0012800202 	1.1648696
0.00028140704 	0.018642489 	-0.0001304758 	1.1635222
0.00030150754 	0.018642489 	-0.0001304758 	1.1635222
0.00032160804 	0.018642489 	-0.0001304758 	1.1635222
0.00034170854 	0.018202437 	-0.00056392948 	1.1593274
0.00036180905 	0.018202437 	-0.00056392948 	1.1593274
0.00038190955 	0.018202437 	-0.00056392948 	1.1593274
0.00040201005 	0.018212138 	-0.00049527382 	1.1536813
0.00042211055 	0.018212138 	-0.00049527382 	1.1536813
0.00044221106 	0.018212138 	-0.00049527382 	1.1536813
0.00046231156 	0.018651508 	-0.00027865152 	1.1471154
0.00048241206 	0.018651508 	-0.00027865152 	1.1471154
0.00050251256 	0.019391142 	-0.00013549868 	1.13968
0.00052261307 	0.019391142 	-0.00013549868 	1.13968
0.00054271357 	0.019391142 	-0.00013549868 	1.13968
0.00056281407 	0.020232722 	-0.0002069187 	1.1313035
0.00058291457 	0.020232722 	-0.0002069187 	1.1313035
0.00060301508 	0.020232722 	-0.0002069187 	1.1313035
0.00062311558 	0.02095529 	-0.00060502561 	1.1220433
0.00064321608 	0.02095529 	-0.00060502561 	1.1220433
0.00066331658 	0.02095529 	-0.00060502561 	1.1220433
0.00068341709 	0.021336621 	-0.0014179322 	1.1122094
0.00070351759 	0.021336621 	-0.0014179322 	1.1122094
0.00072361809 	0.021244889 	-0.002694199 	1.1023381
0.00074371859 	0.021244889 	-0.002694199 	1.1023381
0.0007638191 	0.021244889 	-0.002694199 	1.1023381
0.0007839196 	0.02063815 	-0.0045041378 	1.0930706
0.0008040201 	0.02063815 	-0.0045041378 	1.0930706
0.0008241206 	0.02063815 	-0.0045041378 	1.0930706
0.00084422111 	0.019620255 	-0.0069764605 	1.08491
0.00086432161 	0.019620255 	-0.0069764605 	1.08491
0.00088442211 	0.019620255 	-0.0069764605 	1.08491
0.00090452261 	0.018513014 	-0.010510522 	1.0779063
0.00092462312 	0.018513014 	-0.010510522 	1.0779063
0.00094472362 	0.017860548 	-0.015732689 	1.0713601
0.00096482412 	0.017860548 	-0.015732689 	1.0713601
0.00098492462 	0.017860548 	-0.015732689 	1.0713601
0.0010050251 	0.021482043 	-0.020919461 	1.0629463
0.0010251256 	0.021482043 	-0.020919461 	1.0629463
0.0010452261 	0.021482043 	-0.020919461 	1.0629463
0.0010653266 	0.023551265 	-0.030086321 	1.0535451
0.0010854271 	0.023551265 	-0.030086321 	1.0535451
0.0011055276 	0.023551265 	-0.030086321 	1.0535451
0.0011256281 	0.026980599 	-0.040268432 	1.0415634
0.0011457286 	0.026980599 	-0.040268432 	1.0415634
0.0011658291 	0.026980599 	-0.040268432 	1.0415634
0.0011859296 	0.030356262 	-0.04911556 	1.028169
0.0012060302 	0.030356262 	-0.04911556 	1.028169
0.0012261307 	0.030356262 	-0.04911556 	1.028169
0.0012462312 	0.032243141 	-0.054587512 	1.0163922
0.0012663317 	0.032243141 	-0.054587512 	1.0163922
0.0012864322 	0.032243141 	-0.054587512 	1.0163922
0.0013065327 	0.031816394 	-0.055953714 	1.0091801
0.0013266332 	0.031816394 	-0.055953714 	1.0091801
0.0013467337 	0.031816394 	-0.055953714 	1.0091801
0.0013668342 	0.028796755 	-0.053684509 	1.0076056
0.0013869347 	0.028796755 	-0.053684509 	1.0076056
0.0014070352 	0.028796755 	-0.053684509 	1.0076056
0.0014271357 	0.023036028 	-0.04880607 	1.010161
0.0014472362 	0.023036028 	-0.04880607 	1.010161
0.0014673367 	0.023036028 	-0.04880607 	1.010161
0.0014874372 	0.014330916 	-0.042552614 	1.0134334
0.0015075377 	0.014330916 	-0.042552614 	1.0134334
0.0015276382 	0.0028056047 	-0.036536413 	1.0136671
0.0015477387 	0.0028056047 	-0.036536413 	1.0136671
0.0015678392 	0.0028056047 	-0.036536413 	1.0136671
0.0015879397 	-0.010010513 	-0.03328402 	1.0082732
0.0016080402 	-0.010010513 	-0.03328402 	1.0082732
0.0016281407 	-0.010010513 	-0.03328402 	1.0082732
0.0016482412 	-0.021193199 	-0.035861241 	0.99682229
0.0016683417 	-0.021193199 	-0.035861241 	0.99682229
0.0016884422 	-0.028356854 	-0.045461718 	0.98182776
0.0017085427 	-0.028356854 	-0.045461718 	0.98182776
0.0017286432 	-0.028356854 	-0.045461718 	0.98182776
0.0017487437 	-0.031826627 	-0.05931577 	0.96793043
0.0017688442 	-0.031826627 	-0.05931577 	0.96793043
0.0017889447 	-0.031826627 	-0.05931577 	0.96793043
0.0018090452 	-0.034021782 	-0.072410278 	0.95896182
0.0018291457 	-0.034021782 	-0.072410278 	0.95896182
0.0018492462 	-0.036974796 	-0.08107511 	0.95596874
0.0018693467 	-0.036974796 	-0.08107511 	0.95596874
0.0018894472 	-0.036974796 	-0.08107511 	0.95596874
0.0019095477 	-0.041334578 	-0.084245409 	0.95792996
0.0019296482 	-0.041334578 	-0.084245409 	0.95792996
0.0019497487 	-0.046607659 	-0.082700797 	0.96305495
0.0019698492 	-0.046607659 	-0.082700797 	0.96305495
0.0019899497 	-0.051857881 	-0.078096017 	0.96939189
0.0020100503 	-0.051857881 	-0.078096017 	0.96939189
0.0020301508 	-0.051857881 	-0.078096017 	0.96939189
0.0020502513 	-0.056162479 	-0.07222483 	0.97526168
0.0020703518 	-0.056162479 	-0.07222483 	0.97526168
0.0020904523 	-0.058861867 	-0.066482466 	0.97951166
0.0021105528 	-0.058861867 	-0.066482466 	0.97951166
0.0021306533 	-0.058861867 	-0.066482466 	0.97951166
0.0021507538 	-0.059764837 	-0.061557012 	0.98183447
0.0021708543 	-0.059764837 	-0.061557012 	0.98183447
0.0021909548 	-0.059025058 	-0.057543519 	0.9826385
0.0022110553 	-0.059025058 	-0.057543519 	0.9826385
0.0022311558 	-0.057002101 	-0.054243203 	0.9824791
0.0022512563 	-0.057002101 	-0.054243203 	0.9824791
0.0022713568 	-0.054168861 	-0.051435327 	0.98171885
0.0022914573 	-0.054168861 	-0.051435327 	0.98171885
0.0023115578 	-0.054168861 	-0.051435327 	0.98171885
0.0023316583 	-0.05093635 	-0.049017832 	0.98028057
0.0023517588 	-0.05093635 	-0.049017832 	0.98028057
0.0023718593 	-0.047627002 	-0.0469892 	0.97770229
0.0023919598 	-0.047627002 	-0.0469892 	0.97770229
0.0024120603 	-0.044529626 	-0.045277494 	0.97352729
0.0024321608 	-0.044529626 	-0.045277494 	0.97352729
0.0024522613 	-0.041919159 	-0.043575014 	0.96762492
0.0024723618 	-0.041919159 	-0.043575014 	0.96762492
0.0024924623 	-0.040028475 	-0.041274518 	0.9603966
0.0025125628 	-0.040028475 	-0.041274518 	0.9603966
0.0025326633 	-0.039004583 	-0.037580439 	0.95265972
0.0025527638 	-0.039004583 	-0.037580439 	0.95265972
0.0025728643 	-0.038896386 	-0.031823726 	0.94527175
0.0025929648 	-0.038896386 	-0.031823726 	0.94527175
0.0026130653 	-0.039621567 	-0.023729676 	0.93884654
0.0026331658 	-0.039621567 	-0.023729676 	0.93884654
0.0026532663 	-0.040969118 	-0.013518407 	0.93356963
0.0026733668 	-0.040969118 	-0.013518407 	0.93356963
0.0026934673 	-0.042641978 	-0.0019118212 	0.92942051
0.0027135678 	-0.042641978 	-0.0019118212 	0.92942051
0.0027336683 	-0.044344983 	0.010102345 	0.92625512
0.0027537688 	-0.044344983 	0.010102345 	0.92625512
0.0027738693 	-0.045628403 	0.021726539 	0.92371064
0.0027939698 	-0.045628403 	0.021726539 	0.92371064
0.0028140704 	-0.046023561 	0.032581309 	0.92098228
0.0028341709 	-0.046023561 	0.032581309 	0.92098228
0.0028542714 	-0.045150459 	0.042629264 	0.91702193
0.0028743719 	-0.042864051 	0.052011824 	0.91089359
0.0028944724 	-0.042864051 	0.052011824 	0.91089359
0.0029145729 	-0.039468851 	0.060975231 	0.90237386
0.0029346734 	-0.039468851 	0.060975231 	0.90237386
0.0029547739 	-0.035632712 	0.0698874 	0.89226066
0.0029748744 	-0.035632712 	0.0698874 	0.89226066
0.0029949749 	-0.032140611 	0.079201749 	0.88198042
0.0030150754 	-0.029654532 	0.089295635 	0.8727161
0.0030351759 	-0.029654532 	0.089295635 	0.8727161
0.0030552764 	-0.028588638 	0.1002945 	0.86477492
0.0030753769 	-0.028588638 	0.1002945 	0.86477492
0.0030954774 	-0.02904857 	0.11198738 	0.85747243
0.0031155779 	-0.030798205 	0.12384897 	0.84908399
0.0031356784 	-0.030798205 	0.12384897 	0.84908399
0.0031557789 	-0.033272939 	0.13526737 	0.83678177
0.0031758794 	-0.033272939 	0.13526737 	0.83678177
0.0031959799 	-0.035709249 	0.14574881 	0.8172678
0.0032160804 	-0.0374379 	0.15466626 	0.7888777
0.0032361809 	-0.0374379 	0.15466626 	0.7888777
0.0032562814 	-0.038090805 	0.16048771 	0.75397743
0.0032763819 	-0.037589222 	0.16042516 	0.71890902
0.0032964824 	-0.037589222 	0.16042516 	0.71890902
0.0033165829 	-0.035959686 	0.15152009 	0.69077628
0.0033366834 	-0.033205463 	0.13247851 	0.67372138
0.0033567839 	-0.033205463 	0.13247851 	0.67372138
0.0033768844 	-0.029323151 	0.10454371 	0.66718474
0.0033969849 	-0.024412504 	0.070879191 	0.66648051
0.0034170854 	-0.024412504 	0.070879191 	0.66648051
0.0034371859 	-0.018752321 	0.03529425 	0.66481095
0.0034572864 	-0.012824132 	0.0014405722 	0.65568212
0.0034773869 	-0.0073181815 	-0.027217919 	0.6350732
0.0034974874 	-0.0073181815 	-0.027217919 	0.6350732
0.0035175879 	-0.0025166847 	-0.047714031 	0.60269953
0.0035376884 	0.0012845733 	-0.058304708 	0.56178
0.0035577889 	0.0036405343 	-0.059244514 	0.51764595
0.0035778894 	0.0036405343 	-0.059244514 	0.51764595
0.0035979899 	0.0046221125 	-0.053091462 	0.47584248
0.0036180905 	0.0043729735 	-0.043500006 	0.44034689
0.003638191 	0.0031614569 	-0.033464737 	0.41264827
0.0036582915 	0.0031614569 	-0.033464737 	0.41264827
0.003678392 	0.0013609692 	-0.024401968 	0.39196958
0.0036984925 	-0.0006356217 	-0.016462238 	0.37620994
0.003718593 	-0.0025235399 	-0.0092971091 	0.36295038
0.0037386935 	-0.0040821693 	-0.0026186127 	0.35006422
0.003758794 	-0.0051560627 	0.0036196509 	0.33593114
0.0037788945 	-0.0051560627 	0.0036196509 	0.33593114
0.003798995 	-0.0057184084 	0.0092811893 	0.31927934
0.0038190955 	-0.0058340674 	0.01412992 	0.29916262
0.003839196 	-0.0055743049 	0.017896646 	0.27495137
0.0038592965 	-0.0050198293 	0.020323229 	0.24636003
0.003879397 	-0.0042586472 	0.021191345 	0.21349431
0.0038994975 	-0.0033754927 	0.020344845 	0.17689113
0.003919598 	-0.002442801 	0.017722943 	0.13753206
0.0039396985 	-0.0015244121 	0.013435085 	0.09681119
0.003959799 	-0.00070745761 	0.00791339 	0.056408692
0.0039798995 	-0.0001132058 	0.0021457825 	0.017952133
0.004 	-0.0001132058 	0.0021457825 	0.017952133
