0 	-0.028368754 	0.005806157 	1.0752723
5.5555625e-05 	-0.022688088 	0.0093018805 	1.0679044
0.00011111111 	-0.021715074 	0.0029163743 	1.0586135
0.00016666667 	-0.021825912 	-0.0050277499 	1.0475346
0.00022222222 	-0.022057872 	-0.012866558 	1.0355025
0.00027777778 	-0.022070331 	-0.019723128 	1.0237515
0.00033333333 	-0.02171723 	-0.025013479 	1.0133969
0.00038888889 	-0.021001151 	-0.02832357 	1.0050851
0.00044444444 	-0.020027585 	-0.029434298 	0.99894403
0.0005 	-0.018911252 	-0.02845412 	0.99475107
0.00055555556 	-0.01769382 	-0.025873674 	0.99216263
0.00061111111 	-0.016339258 	-0.022451527 	0.99086823
0.00066666667 	-0.014790341 	-0.018981344 	0.99061752
0.00072222222 	-0.013030805 	-0.016051448 	0.9911765
0.00077777778 	-0.011103147 	-0.013908753 	0.99231173
0.00083333333 	-0.0090914828 	-0.012472297 	0.99383539
0.00088888889 	-0.0071241809 	-0.011485766 	0.99566615
0.00094444444 	-0.0053730407 	-0.010645244 	0.99780686
0.001 	-0.0039163146 	-0.0097554273 	1.0003554
0.0010617199 	-0.0030646938 	-0.0087845364 	1.0031389
0.0011225874 	-0.0029868587 	-0.0079721486 	1.0056155
0.0011826143 	-0.0034491718 	-0.0074631988 	1.0074496
0.0012418122 	-0.0040427418 	-0.007378658 	1.008536
0.0013001926 	-0.0043479534 	-0.0077171441 	1.0089571
0.0013577668 	-0.0040805681 	-0.0085526229 	1.0087725
0.0014145458 	-0.003144311 	-0.0099490854 	1.007874
0.0014705407 	-0.0016263424 	-0.011955283 	1.0059642
0.0015257623 	0.00025534977 	-0.014515472 	1.002647
0.0015802213 	0.0022039096 	-0.017519572 	0.99751591
0.0016339282 	0.0038636165 	-0.020819527 	0.99019519
0.0016868934 	0.0048296572 	-0.024366794 	0.98039496
0.0017391271 	0.0046984597 	-0.028216234 	0.96801352
0.0017906395 	0.0031427001 	-0.032567625 	0.95327195
0.0018414404 	4.2641022e-05 	-0.03761914 	0.93679353
0.0018915398 	-0.0043861279 	-0.043345754 	0.91948582
0.0019409473 	-0.0095689818 	-0.049234791 	0.90233506
0.0019896725 	-0.014679954 	-0.05416155 	0.88631522
0.0020377248 	-0.018849673 	-0.056520023 	0.87251657
0.0020851134 	-0.021386813 	-0.054617131 	0.86214706
0.0021318476 	-0.021950706 	-0.047374072 	0.85604164
0.0021779364 	-0.020584806 	-0.034968061 	0.85386085
0.0022233887 	-0.017688033 	-0.018969405 	0.85383342
0.0022682133 	-0.013822916 	-0.0019058571 	0.85364421
0.0023124189 	-0.0094811145 	0.013972159 	0.85186918
0.0023560139 	-0.0048609158 	0.027685346 	0.84867392
0.0023990069 	0.00018884843 	0.039764608 	0.84504605
0.0024414062 	0.0057278096 	0.051394853 	0.84142803
0.0024832199 	0.011452519 	0.063434318 	0.83695914
0.0025244562 	0.016868698 	0.07602561 	0.82988022
0.002565123 	0.021328159 	0.088581065 	0.81890001
0.0026052281 	0.023962773 	0.099839072 	0.80462067
0.0026447794 	0.023692775 	0.10801799 	0.78974171
0.0026837845 	0.019390398 	0.11147406 	0.77777286
0.0027222509 	0.010475162 	0.10931579 	0.77124288
0.0027601861 	-0.0023597397 	0.10112543 	0.77096163
0.0027975974 	-0.017298616 	0.086516191 	0.77587503
0.002834492 	-0.032259637 	0.065809462 	0.78296346
0.0028708772 	-0.045712637 	0.041486318 	0.78797689
0.0029067598 	-0.057012095 	0.018202124 	0.78759631
0.0029421469 	-0.066053591 	0.00012425134 	0.78166715
0.0029770452 	-0.072828882 	-0.011933336 	0.77279006
0.0030114616 	-0.077015298 	-0.019855121 	0.76350509
0.0030454028 	-0.078639516 	-0.025391629 	0.7547214
0.0030788752 	-0.078452695 	-0.029003977 	0.74621542
0.0031118853 	-0.07722369 	-0.030399896 	0.7378147
0.0031444395 	-0.075613858 	-0.029478949 	0.72949577
0.0031765442 	-0.073932971 	-0.026540287 	0.72076706
0.0032082055 	-0.072101492 	-0.022203307 	0.71048452
0.0032394295 	-0.069809498 	-0.017224485 	0.6971103
0.0032702223 	-0.066743522 	-0.012278923 	0.67936154
0.0033005899 	-0.06278314 	-0.007767184 	0.65676764
0.0033305381 	-0.058066715 	-0.0037501065 	0.62983585
0.0033600727 	-0.052930135 	-1.3895018e-05 	0.59986144
0.0033891994 	-0.047800113 	0.0037718053 	0.56860025
0.0034179239 	-0.043071532 	0.007897543 	0.53786695
0.0034462517 	-0.038990245 	0.012486015 	0.50908895
0.0034741882 	-0.035715983 	0.017420704 	0.48313354
0.003501739 	-0.033274257 	0.022372484 	0.460294
0.0035289093 	-0.031523686 	0.026906747 	0.44028397
0.0035557043 	-0.030284062 	0.030547448 	0.42250471
0.0035821293 	-0.029389014 	0.032885013 	0.40624354
0.0036081894 	-0.028725329 	0.03365836 	0.39083785
0.0036338895 	-0.028224947 	0.032798834 	0.37574941
0.0036592348 	-0.027841579 	0.030426646 	0.36056793
0.00368423 	-0.027517485 	0.026816676 	0.34497309
0.00370888 	-0.027158535 	0.022332417 	0.32868132
0.0037331896 	-0.02662629 	0.017376637 	0.31141364
0.0037571635 	-0.02575467 	0.012366661 	0.29286879
0.0037808063 	-0.024381432 	0.0077296906 	0.27273529
0.0038041226 	-0.022416726 	0.0038894883 	0.25076386
0.0038271169 	-0.019850298 	0.0012215228 	0.22685949
0.0038497936 	-0.016747196 	-2.1651352e-05 	0.20109388
0.0038721572 	-0.013272858 	0.00020337693 	0.17371487
0.0038942119 	-0.0096727135 	0.0016618056 	0.14503986
0.003915962 	-0.0062431707 	0.0037735618 	0.11529613
0.0039374118 	-0.0033038102 	0.0055863286 	0.084479017
0.0039585653 	-0.0011619471 	0.0058290898 	0.052304605
0.0039794267 	-9.9447607e-05 	0.0031744699 	0.018293613
0.004 	-9.9447607e-05 	0.0031744699 	0.018293613
