0 	0.018732152 	0.035718968 	1.0781061
5.5555625e-05 	0.029604681 	0.020117217 	1.082372
0.00011111111 	0.028905179 	0.013465986 	1.0860367
0.00016666667 	0.027247639 	0.0096953623 	1.089548
0.00022222222 	0.025909633 	0.0074560372 	1.0932328
0.00027777778 	0.025081864 	0.0063297992 	1.0972145
0.00033333333 	0.024639084 	0.0061263342 	1.1013996
0.00038888889 	0.024355231 	0.0067542347 	1.1055173
0.00044444444 	0.024020791 	0.0081603362 	1.1091915
0.0005 	0.023503258 	0.010255296 	1.1120361
0.00055555556 	0.022754675 	0.012858617 	1.1137699
0.00061111111 	0.021757487 	0.015702381 	1.1143478
0.00066666667 	0.020455359 	0.018497361 	1.1140411
0.00072222222 	0.018702038 	0.021032859 	1.1134191
0.00077777778 	0.016333042 	0.023253949 	1.1131049
0.00083333333 	0.013268141 	0.025290412 	1.113343
0.00088888889 	0.0096591003 	0.027418206 	1.1134872
0.00094444444 	0.0060911337 	0.029795015 	1.1117774
0.001 	0.0032372021 	0.032082257 	1.1054959
0.0010617199 	0.0027896693 	0.032161658 	1.090558
0.0011225874 	0.0055232153 	0.026958758 	1.065888
0.0011826143 	0.010708232 	0.014777123 	1.0328852
0.0012418122 	0.016479513 	-0.001687455 	0.99434189
0.0013001926 	0.02016811 	-0.016599279 	0.95343008
0.0013577668 	0.019581434 	-0.025620783 	0.91542494
0.0014145458 	0.014399792 	-0.02858824 	0.88665939
0.0014705407 	0.005654412 	-0.027872411 	0.87035365
0.0015257623 	-0.0051144174 	-0.025938866 	0.86420437
0.0015802213 	-0.016554143 	-0.02429466 	0.86257912
0.0016339282 	-0.027695622 	-0.022780967 	0.86143787
0.0016868934 	-0.037707718 	-0.020322768 	0.86076355
0.0017391271 	-0.04618328 	-0.016192372 	0.86175869
0.0017906395 	-0.052966033 	-0.01054982 	0.86362366
0.0018414404 	-0.058152408 	-0.0043115843 	0.86400141
0.0018915398 	-0.06220285 	0.0014099744 	0.86097559
0.0019409473 	-0.065665261 	0.0058269856 	0.85393675
0.0019896725 	-0.068910131 	0.0086355174 	0.84360128
0.0020377248 	-0.072022026 	0.0098458011 	0.83165974
0.0020851134 	-0.074703152 	0.0095168478 	0.82007401
0.0021318476 	-0.076405345 	0.0077160099 	0.81025029
0.0021779364 	-0.076720145 	0.0044962353 	0.80268824
0.0022233887 	-0.075626168 	-9.0564132e-05 	0.79722859
0.0022682133 	-0.073542945 	-0.0060069646 	0.7935444
0.0023124189 	-0.071129632 	-0.013251361 	0.79146457
0.0023560139 	-0.069055158 	-0.021821279 	0.79099531
0.0023990069 	-0.067823612 	-0.031669108 	0.79220707
0.0024414062 	-0.067614733 	-0.042596639 	0.79502978
0.0024832199 	-0.068222438 	-0.054139601 	0.79904449
0.0025244562 	-0.069107685 	-0.065509737 	0.80333271
0.002565123 	-0.069529952 	-0.075660951 	0.80644619
0.0026052281 	-0.068715759 	-0.08349077 	0.80664958
0.0026447794 	-0.066049358 	-0.088021869 	0.80233129
0.0026837845 	-0.061293724 	-0.088610232 	0.79247346
0.0027222509 	-0.054757958 	-0.085111466 	0.77703649
0.0027601861 	-0.047286786 	-0.077939949 	0.75699366
0.0027975974 	-0.03998646 	-0.067914788 	0.73416084
0.002834492 	-0.033894078 	-0.055976171 	0.71039119
0.0028708772 	-0.029736619 	-0.042968888 	0.68741729
0.0029067598 	-0.027888252 	-0.029434158 	0.66607966
0.0029421469 	-0.028466564 	-0.015746301 	0.6468245
0.0029770452 	-0.031239356 	-0.0020252712 	0.6297909
0.0030114616 	-0.035694513 	0.011613912 	0.61507174
0.0030454028 	-0.041441912 	0.025178778 	0.60259305
0.0030788752 	-0.047997252 	0.038736429 	0.5917349
0.0031118853 	-0.054630928 	0.052227098 	0.58111499
0.0031444395 	-0.060591851 	0.065095285 	0.56924616
0.0031765442 	-0.065298865 	0.076130895 	0.55552266
0.0032082055 	-0.06852613 	0.083987322 	0.54061178
0.0032394295 	-0.070373999 	0.087863437 	0.52586909
0.0032702223 	-0.071122131 	0.087845134 	0.51238775
0.0033005899 	-0.071099229 	0.084620788 	0.50057373
0.0033305381 	-0.070591806 	0.079045744 	0.49031908
0.0033600727 	-0.069780766 	0.071880647 	0.48131308
0.0033891994 	-0.068733244 	0.063716607 	0.47319083
0.0034179239 	-0.067429114 	0.054995252 	0.46556643
0.0034462517 	-0.065794977 	0.046051161 	0.45803382
0.0034741882 	-0.063718313 	0.037155018 	0.45018517
0.003501739 	-0.061042142 	0.028547484 	0.44159108
0.0035289093 	-0.057822157 	0.020438239 	0.43191955
0.0035557043 	-0.054175836 	0.01307936 	0.42092371
0.0035821293 	-0.050064516 	0.0067436277 	0.40833698
0.0036081894 	-0.045509938 	0.0016630861 	0.39400667
0.0036338895 	-0.040604035 	-0.0020102024 	0.37790843
0.0036592348 	-0.035511682 	-0.004254691 	0.36020548
0.00368423 	-0.03044114 	-0.0052004624 	0.34122613
0.00370888 	-0.02559291 	-0.0051013124 	0.32134758
0.0037331896 	-0.021116483 	-0.0042686291 	0.30083467
0.0037571635 	-0.017090557 	-0.0030050097 	0.27976188
0.0037808063 	-0.01353904 	-0.0015697231 	0.25803352
0.0038041226 	-0.010460735 	-0.00016326428 	0.23546505
0.0038271169 	-0.0078441644 	0.0010789749 	0.2118556
0.0038497936 	-0.0056704601 	0.0020919017 	0.18703745
0.0038721572 	-0.0039120408 	0.0028744352 	0.16090269
0.0038942119 	-0.0025325642 	0.0034645785 	0.1334261
0.003915962 	-0.0014889618 	0.0038875114 	0.10469967
0.0039374118 	-0.00073661919 	0.0040694416 	0.074985333
0.0039585653 	-0.00024646227 	0.0037085915 	0.044765637
0.0039794267 	-1.9375202e-05 	0.0020920628 	0.01471518
0.004 	-1.9375202e-05 	0.0020920628 	0.01471518
