0 	0.027153279 	-0.032606425 	1.0784314
5.5555556e-05 	0.034476503 	-0.020718124 	1.0857874
0.00011111111 	0.032196767 	-0.022084119 	1.0931832
0.00016666667 	0.029073174 	-0.026599684 	1.1000409
0.00022222222 	0.026417549 	-0.031335271 	1.1068849
0.00027777778 	0.024376165 	-0.035130761 	1.114393
0.00033333333 	0.022527671 	-0.037740597 	1.1225896
0.00038888889 	0.020413319 	-0.03945348 	1.1307427
0.00044444444 	0.017783182 	-0.040718328 	1.1376726
0.0005 	0.014657528 	-0.041903668 	1.1420711
0.00055555556 	0.01126335 	-0.043179084 	1.1427331
0.00061111111 	0.0079419361 	-0.044520431 	1.1388469
0.00066666667 	0.0050376181 	-0.045747266 	1.1303086
0.00072222222 	0.0027615762 	-0.046526702 	1.1179393
0.00077777778 	0.0011368504 	-0.046436085 	1.1033286
0.00083333333 	5.7064047e-05 	-0.045108928 	1.0883119
0.00088888889 	-0.0005896769 	-0.042451958 	1.0743981
0.00094444444 	-0.00088886417 	-0.038757066 	1.0625147
0.001 	-0.00066384799 	-0.034496859 	1.0523564
0.0010617199 	0.00047577425 	-0.031134282 	1.0446484
0.0011225874 	0.0029038034 	-0.030224143 	1.039257
0.0011826143 	0.006698308 	-0.032352096 	1.0349116
0.0012418122 	0.011408733 	-0.036941784 	1.0303682
0.0013001926 	0.016254434 	-0.042548594 	1.0248112
0.0013577668 	0.020377488 	-0.047531277 	1.0182022
0.0014145458 	0.023200772 	-0.050595126 	1.0112216
0.0014705407 	0.024669744 	-0.050960616 	1.0046245
0.0015257623 	0.025155659 	-0.048456941 	0.99861551
0.0015802213 	0.024965619 	-0.043667895 	0.99304616
0.0016339282 	0.024080239 	-0.038379069 	0.98765059
0.0016868934 	0.022383229 	-0.034896988 	0.98174927
0.0017391271 	0.019726377 	-0.035270654 	0.97436837
0.0017906395 	0.015986735 	-0.04030751 	0.96479723
0.0018414404 	0.011175553 	-0.049296101 	0.95279278
0.0018915398 	0.0053685348 	-0.060358497 	0.9383284
0.0019409473 	-0.0013666262 	-0.071054405 	0.92159106
0.0019896725 	-0.0090393965 	-0.079183755 	0.9033486
0.0020377248 	-0.017718449 	-0.083593768 	0.88502367
0.0020851134 	-0.027290649 	-0.084455783 	0.86821679
0.0021318476 	-0.037139279 	-0.082798703 	0.85411129
0.0021779364 	-0.046224184 	-0.079771284 	0.84323652
0.0022233887 	-0.053496231 	-0.076225161 	0.83564958
0.0022682133 	-0.058308311 	-0.072548857 	0.8311528
0.0023124189 	-0.060559403 	-0.068736347 	0.82942519
0.0023560139 	-0.060518237 	-0.064582793 	0.8300559
0.0023990069 	-0.058624863 	-0.059882512 	0.83254854
0.0024414062 	-0.055366213 	-0.054537386 	0.83636244
0.0024832199 	-0.05124185 	-0.048582598 	0.84095301
0.0025244562 	-0.046746669 	-0.042132911 	0.84581648
0.002565123 	-0.042331299 	-0.035331504 	0.85050638
0.0026052281 	-0.038388925 	-0.02832402 	0.85473748
0.0026447794 	-0.035256254 	-0.021281977 	0.85837201
0.0026837845 	-0.033147043 	-0.014464806 	0.86130625
0.0027222509 	-0.032157864 	-0.0081688639 	0.86348166
0.0027601861 	-0.032357005 	-0.0025615813 	0.86495411
0.0027975974 	-0.033638944 	0.0024543483 	0.86596364
0.002834492 	-0.035743452 	0.0073043067 	0.86683046
0.0028708772 	-0.038352198 	0.012552005 	0.86759277
0.0029067598 	-0.041051756 	0.018659045 	0.86774097
0.0029421469 	-0.043351161 	0.025858335 	0.86632995
0.0029770452 	-0.044768586 	0.034169811 	0.86244046
0.0030114616 	-0.04494191 	0.043482777 	0.85558027
0.0030454028 	-0.043669481 	0.053615933 	0.84574556
0.0030788752 	-0.040910473 	0.064335043 	0.83324749
0.0031118853 	-0.036774269 	0.07530491 	0.81854466
0.0031444395 	-0.031520961 	0.085968364 	0.80223088
0.0031765442 	-0.025565004 	0.095431929 	0.78512126
0.0032082055 	-0.019433221 	0.10251218 	0.76822065
0.0032394295 	-0.013645361 	0.10607347 	0.75238611
0.0032702223 	-0.0085653631 	0.10556564 	0.73779554
0.0033005899 	-0.0042975868 	0.10135523 	0.72373931
0.0033305381 	-0.00078736177 	0.09446031 	0.70921442
0.0033600727 	0.0018189031 	0.085783797 	0.69417604
0.0033891994 	0.0032552863 	0.075414266 	0.6803455
0.0034179239 	0.0031472768 	0.062550323 	0.67064706
0.0034462517 	0.0012070482 	0.046213735 	0.66680881
0.0034741882 	-0.0020898458 	0.026446741 	0.66646735
0.003501739 	-0.0055694919 	0.0051666684 	0.66250736
0.0035289093 	-0.0079527139 	-0.014162275 	0.64600724
0.0035557043 	-0.0084188799 	-0.028135865 	0.61130665
0.0035821293 	-0.0069012573 	-0.035190627 	0.55983099
0.0036081894 	-0.0042332837 	-0.036199658 	0.49934963
0.0036338895 	-0.0014983139 	-0.033478128 	0.43952112
0.0036592348 	0.00055351267 	-0.029252986 	0.38727865
0.00368423 	0.001698097 	-0.024841817 	0.34505258
0.00370888 	0.0020806313 	-0.020713385 	0.31180324
0.0037331896 	0.0019763447 	-0.016897759 	0.28498491
0.0037571635 	0.0016349155 	-0.013317727 	0.26199197
0.0037808063 	0.0012261362 	-0.0099453652 	0.24075847
0.0038041226 	0.00084481851 	-0.00684006 	0.2198194
0.0038271169 	0.00053494403 	-0.0041320764 	0.19818731
0.0038497936 	0.00030086273 	-0.0019913082 	0.1752358
0.0038721572 	0.00011091715 	-0.00058410567 	0.150672
0.0038942119 	-4.1877501e-05 	-1.508149e-05 	0.12454829
0.003915962 	-0.00013918065 	-0.00023495628 	0.097231185
0.0039374118 	-0.00016397477 	-0.00093890518 	0.069318189
0.0039585653 	-0.00010101549 	-0.0015041345 	0.041429805
0.0039794267 	-1.3963164e-05 	-0.0010730825 	0.013871776
0.004 	-0.00010967194 	0.00064686527 	0.018453878
