0 	0.018732152 	0.035718968 	1.0781061
5.5555556e-05 	0.0010406139 	0.040192609 	1.0792644
0.00011111111 	-0.0035307341 	0.039199673 	1.0804056
0.00016666667 	-0.0050149833 	0.037407199 	1.0811895
0.00022222222 	-0.0052158433 	0.034934725 	1.0811965
0.00027777778 	-0.0047000375 	0.031738806 	1.0800459
0.00033333333 	-0.0037308308 	0.027824375 	1.0775622
0.00038888889 	-0.002455494 	0.023340863 	1.0738648
0.00044444444 	-0.00097385201 	0.018724897 	1.069288
0.0005 	0.00056442212 	0.014770726 	1.0641869
0.00055555556 	0.0018700759 	0.012507468 	1.0588037
0.00061111111 	0.0024662347 	0.012776546 	1.0533431
0.00066666667 	0.0018694524 	0.015784553 	1.0480895
0.00072222222 	-0.00023790682 	0.020863041 	1.0432722
0.00077777778 	-0.0039777784 	0.026728448 	1.0387728
0.00083333333 	-0.009229173 	0.031894227 	1.0341217
0.00088888889 	-0.015633467 	0.035165807 	1.0289307
0.00094444444 	-0.022750806 	0.036123261 	1.023643
0.001 	-0.030529175 	0.035272911 	1.0195659
0.0010617199 	-0.038092931 	0.033435313 	1.019137
0.0011225874 	-0.043808743 	0.031811579 	1.0225635
0.0011826143 	-0.047025027 	0.030173652 	1.0272539
0.0012418122 	-0.047591167 	0.027819824 	1.0308467
0.0013001926 	-0.045853995 	0.024351257 	1.0326536
0.0013577668 	-0.042470976 	0.01980763 	1.0332949
0.0014145458 	-0.03814 	0.014367452 	1.0338296
0.0014705407 	-0.033435632 	0.0082950981 	1.0350561
0.0015257623 	-0.028701994 	0.0020389646 	1.0371145
0.0015802213 	-0.024023557 	-0.0037679442 	1.0394564
0.0016339282 	-0.019333189 	-0.0084730449 	1.0411537
0.0016868934 	-0.014589024 	-0.011672149 	1.0413743
0.0017391271 	-0.0098460191 	-0.013393539 	1.0397302
0.0017906395 	-0.0052908478 	-0.014131467 	1.0364164
0.0018414404 	-0.0011966597 	-0.014748656 	1.0321959
0.0018915398 	0.0022214637 	-0.016321228 	1.0280213
0.0019409473 	0.0049339493 	-0.020146495 	1.0245147
0.0019896725 	0.0074332641 	-0.02781803 	1.0210946
0.0020377248 	0.010879147 	-0.041256574 	1.0150536
0.0020851134 	0.016499926 	-0.061379871 	1.0009036
0.0021318476 	0.024053358 	-0.084771699 	0.97130159
0.0021779364 	0.029629931 	-0.10135333 	0.92276783
0.0022233887 	0.02624938 	-0.10084838 	0.86045265
0.0022682133 	0.011961901 	-0.080016197 	0.78955154
0.0023124189 	-0.0051090217 	-0.049679774 	0.71973484
0.0023560139 	-0.018376804 	-0.034299006 	0.66756105
0.0023990069 	-0.026342579 	-0.042110889 	0.63781646
0.0024414062 	-0.029153348 	-0.060743212 	0.62293738
0.0024832199 	-0.028846306 	-0.078279765 	0.61525339
0.0025244562 	-0.027617805 	-0.090794306 	0.61162892
0.002565123 	-0.026842693 	-0.098805646 	0.61184451
0.0026052281 	-0.027070915 	-0.10410902 	0.61663311
0.0026447794 	-0.028354668 	-0.10868586 	0.62665103
0.0026837845 	-0.030518317 	-0.11407308 	0.64191789
0.0027222509 	-0.033296122 	-0.12079528 	0.6615097
0.0027601861 	-0.036351875 	-0.12817609 	0.68359991
0.0027975974 	-0.039235041 	-0.13455444 	0.70598273
0.002834492 	-0.04144514 	-0.13802594 	0.72673334
0.0028708772 	-0.04263298 	-0.13706593 	0.74456761
0.0029067598 	-0.042748081 	-0.13080715 	0.75884004
0.0029421469 	-0.041985563 	-0.11907976 	0.7694361
0.0029770452 	-0.040622547 	-0.10234996 	0.77672868
0.0030114616 	-0.03889022 	-0.081558613 	0.78151471
0.0030454028 	-0.036921029 	-0.057902716 	0.78485324
0.0030788752 	-0.034813475 	-0.032639002 	0.7878558
0.0031118853 	-0.032772648 	-0.0069734313 	0.79151357
0.0031444395 	-0.031059376 	0.01801639 	0.79651013
0.0031765442 	-0.029572734 	0.041390644 	0.80307354
0.0032082055 	-0.028222939 	0.062467345 	0.81101678
0.0032394295 	-0.027111696 	0.080806365 	0.81994289
0.0032702223 	-0.026294424 	0.096143946 	0.82926229
0.0033005899 	-0.025803898 	0.10836082 	0.83831923
0.0033305381 	-0.025659877 	0.11745745 	0.84653376
0.0033600727 	-0.02587516 	0.12355494 	0.85351377
0.0033891994 	-0.02645973 	0.12690648 	0.85908614
0.0034179239 	-0.02742165 	0.12791655 	0.86318276
0.0034462517 	-0.028719924 	0.127119 	0.86554459
0.0034741882 	-0.030168698 	0.12504732 	0.86530906
0.003501739 	-0.03137436 	0.12202886 	0.86080505
0.0035289093 	-0.031812675 	0.11806743 	0.84994039
0.0035557043 	-0.031058952 	0.11294698 	0.83109856
0.0035821293 	-0.029025707 	0.10648835 	0.80393903
0.0036081894 	-0.026017719 	0.098788813 	0.76955071
0.0036338895 	-0.022566434 	0.090275401 	0.72986363
0.0036592348 	-0.019170684 	0.081592394 	0.68671281
0.00368423 	-0.01612255 	0.073386994 	0.6411893
0.00370888 	-0.013495487 	0.066121482 	0.59362565
0.0037331896 	-0.011232307 	0.05998778 	0.5440227
0.0037571635 	-0.0092435645 	0.054886075 	0.49250772
0.0037808063 	-0.0074651569 	0.050512443 	0.43958094
0.0038041226 	-0.005871547 	0.046474611 	0.3861237
0.0038271169 	-0.0044649685 	0.042408874 	0.3332318
0.0038497936 	-0.0032566913 	0.038056007 	0.28195451
0.0038721572 	-0.0022527771 	0.033289232 	0.23303676
0.0038942119 	-0.0014490621 	0.028097733 	0.18675965
0.003915962 	-0.00083405164 	0.022540926 	0.14292666
0.0039374118 	-0.00039496558 	0.016681894 	0.10097808
0.0039585653 	-0.00012139853 	0.010504908 	0.060191174
0.0039794267 	-7.1283889e-06 	0.0038209738 	0.019965806
0.004 	6.2863067e-05 	0.0030340701 	0.024204676
