0 	0.018080663 	-0.041592819 	1.0244887
2.0100503e-05 	-0.041928515 	-0.022293639 	1.0277486
4.0201005e-05 	-0.041928515 	-0.022293639 	1.0277486
6.0301508e-05 	-0.049262132 	-0.0047174226 	1.0312495
8.040201e-05 	-0.049262132 	-0.0047174226 	1.0312495
0.00010050251 	-0.049262132 	-0.0047174226 	1.0312495
0.00012060302 	-0.051181623 	-0.0017749488 	1.035075
0.00014070352 	-0.051181623 	-0.0017749488 	1.035075
0.00016080402 	-0.051181623 	-0.0017749488 	1.035075
0.00018090452 	-0.052498843 	-0.0021062829 	1.0391188
0.00020100503 	-0.052498843 	-0.0021062829 	1.0391188
0.00022110553 	-0.052498843 	-0.0021062829 	1.0391188
0.00024120603 	-0.053291766 	-0.0037068427 	1.0431519
0.00026130653 	-0.053291766 	-0.0037068427 	1.0431519
0.00028140704 	-0.053428728 	-0.0058952432 	1.0468721
0.00030150754 	-0.053428728 	-0.0058952432 	1.0468721
0.00032160804 	-0.053428728 	-0.0058952432 	1.0468721
0.00034170854 	-0.052757952 	-0.0082696102 	1.0500615
0.00036180905 	-0.052757952 	-0.0082696102 	1.0500615
0.00038190955 	-0.052757952 	-0.0082696102 	1.0500615
0.00040201005 	-0.051182017 	-0.010626863 	1.0526607
0.00042211055 	-0.051182017 	-0.010626863 	1.0526607
0.00044221106 	-0.051182017 	-0.010626863 	1.0526607
0.00046231156 	-0.048664699 	-0.012991111 	1.054853
0.00048241206 	-0.048664699 	-0.012991111 	1.054853
0.00050251256 	-0.045299982 	-0.0068954785 	1.061118
0.00052261307 	-0.045299982 	-0.0068954785 	1.061118
0.00054271357 	-0.045299982 	-0.0068954785 	1.061118
0.00056281407 	-0.042911695 	-0.010632354 	1.0640441
0.00058291457 	-0.042911695 	-0.010632354 	1.0640441
0.00060301508 	-0.042911695 	-0.010632354 	1.0640441
0.00062311558 	-0.039941475 	-0.014592571 	1.0670079
0.00064321608 	-0.039941475 	-0.014592571 	1.0670079
0.00066331658 	-0.039941475 	-0.014592571 	1.0670079
0.00068341709 	-0.03245347 	-0.024252118 	1.064626
0.00070351759 	-0.03245347 	-0.024252118 	1.064626
0.00072361809 	-0.027785535 	-0.027673355 	1.067766
0.00074371859 	-0.027785535 	-0.027673355 	1.067766
0.0007638191 	-0.027785535 	-0.027673355 	1.067766
0.0007839196 	-0.02296993 	-0.031213669 	1.0709325
0.0008040201 	-0.02296993 	-0.031213669 	1.0709325
0.0008241206 	-0.02296993 	-0.031213669 	1.0709325
0.00084422111 	-0.017914413 	-0.03480086 	1.0738197
0.00086432161 	-0.017914413 	-0.03480086 	1.0738197
0.00088442211 	-0.017914413 	-0.03480086 	1.0738197
0.00090452261 	-0.012475062 	-0.038272984 	1.0760582
0.00092462312 	-0.012475062 	-0.038272984 	1.0760582
0.00094472362 	-0.0066136595 	-0.041549601 	1.0773007
0.00096482412 	-0.0066136595 	-0.041549601 	1.0773007
0.00098492462 	-0.0066136595 	-0.041549601 	1.0773007
0.0010050251 	0.00020606937 	-0.044482294 	1.0772869
0.0010251256 	0.00020606937 	-0.044482294 	1.0772869
0.0010452261 	0.00020606937 	-0.044482294 	1.0772869
0.0010653266 	0.0079454566 	-0.046864082 	1.0758783
0.0010854271 	0.0079454566 	-0.046864082 	1.0758783
0.0011055276 	0.0079454566 	-0.046864082 	1.0758783
0.0011256281 	0.015707179 	-0.048369832 	1.073599
0.0011457286 	0.015707179 	-0.048369832 	1.073599
0.0011658291 	0.007528612 	-0.050309767 	1.0776339
0.0011859296 	0.015054192 	-0.051273467 	1.074756
0.0012060302 	0.023149502 	-0.048991371 	1.0710126
0.0012261307 	0.023149502 	-0.048991371 	1.0710126
0.0012462312 	0.03002268 	-0.048787393 	1.0685336
0.0012663317 	0.03002268 	-0.048787393 	1.0685336
0.0012864322 	0.03002268 	-0.048787393 	1.0685336
0.0013065327 	0.036145116 	-0.047821827 	1.0663693
0.0013266332 	0.036145116 	-0.047821827 	1.0663693
0.0013467337 	0.036145116 	-0.047821827 	1.0663693
0.0013668342 	0.041445449 	-0.046175776 	1.0645668
0.0013869347 	0.041445449 	-0.046175776 	1.0645668
0.0014070352 	0.041445449 	-0.046175776 	1.0645668
0.0014271357 	0.045915759 	-0.043968888 	1.0630723
0.0014472362 	0.045915759 	-0.043968888 	1.0630723
0.0014673367 	0.045915759 	-0.043968888 	1.0630723
0.0014874372 	0.04958194 	-0.041350751 	1.061788
0.0015075377 	0.04958194 	-0.041350751 	1.061788
0.0015276382 	0.052484625 	-0.038517149 	1.0605761
0.0015477387 	0.052484625 	-0.038517149 	1.0605761
0.0015678392 	0.046957796 	-0.041531957 	1.0630913
0.0015879397 	0.049764514 	-0.038897558 	1.0615172
0.0016080402 	0.049764514 	-0.038897558 	1.0615172
0.0016281407 	0.049764514 	-0.038897558 	1.0615172
0.0016482412 	0.056066588 	-0.033048628 	1.057767
0.0016683417 	0.056066588 	-0.033048628 	1.057767
0.0016884422 	0.056754636 	-0.03074745 	1.0559535
0.0017085427 	0.056754636 	-0.03074745 	1.0559535
0.0017286432 	0.056754636 	-0.03074745 	1.0559535
0.0017487437 	0.056739914 	-0.028833804 	1.0538284
0.0017688442 	0.056739914 	-0.028833804 	1.0538284
0.0017889447 	0.056739914 	-0.028833804 	1.0538284
0.0018090452 	0.056093127 	-0.027274901 	1.0514323
0.0018291457 	0.056093127 	-0.027274901 	1.0514323
0.0018492462 	0.054922093 	-0.025963087 	1.0488526
0.0018693467 	0.054922093 	-0.025963087 	1.0488526
0.0018894472 	0.054922093 	-0.025963087 	1.0488526
0.0019095477 	0.053364628 	-0.024719155 	1.0462302
0.0019296482 	0.053364628 	-0.024719155 	1.0462302
0.0019497487 	0.051567527 	-0.023282879 	1.0437607
0.0019698492 	0.051567527 	-0.023282879 	1.0437607
0.0019899497 	0.049760211 	-0.021282986 	1.0416299
0.0020100503 	0.049760211 	-0.021282986 	1.0416299
0.0020301508 	0.049760211 	-0.021282986 	1.0416299
0.0020502513 	0.048307241 	-0.018260468 	1.0399176
0.0020703518 	0.048307241 	-0.018260468 	1.0399176
0.0020904523 	0.047690125 	-0.013673783 	1.0384561
0.0021105528 	0.047690125 	-0.013673783 	1.0384561
0.0021306533 	0.047690125 	-0.013673783 	1.0384561
0.0021507538 	0.048466794 	-0.0070375203 	1.0367316
0.0021708543 	0.048466794 	-0.0070375203 	1.0367316
0.0021909548 	0.051074105 	0.0018716812 	1.0339709
0.0022110553 	0.051074105 	0.0018716812 	1.0339709
0.0022311558 	0.05561391 	0.012768764 	1.0294688
0.0022512563 	0.05561391 	0.012768764 	1.0294688
0.0022713568 	0.061680369 	0.024733067 	1.0230358
0.0022914573 	0.061680369 	0.024733067 	1.0230358
0.0023115578 	0.061680369 	0.024733067 	1.0230358
0.0023316583 	0.068360686 	0.036320306 	1.0152154
0.0023517588 	0.068360686 	0.036320306 	1.0152154
0.0023718593 	0.074484509 	0.045898291 	1.0071177
0.0023919598 	0.074484509 	0.045898291 	1.0071177
0.0024120603 	0.078965796 	0.051974767 	1.0000444
0.0024321608 	0.078965796 	0.051974767 	1.0000444
0.0024522613 	0.081139408 	0.05350141 	0.99497781
0.0024723618 	0.081139408 	0.05350141 	0.99497781
0.0024924623 	0.081042836 	0.050239106 	0.99208319
0.0025125628 	0.081042836 	0.050239106 	0.99208319
0.0025326633 	0.079343137 	0.042951074 	0.99054392
0.0025527638 	0.079343137 	0.042951074 	0.99054392
0.0025728643 	0.077051616 	0.033167986 	0.98916044
0.0025929648 	0.077051616 	0.033167986 	0.98916044
0.0026130653 	0.075030181 	0.022589545 	0.98720649
0.0026331658 	0.075030181 	0.022589545 	0.98720649
0.0026532663 	0.073632318 	0.012524955 	0.98469212
0.0026733668 	0.073632318 	0.012524955 	0.98469212
0.0026934673 	0.072828978 	0.0036824004 	0.98207748
0.0027135678 	0.072828978 	0.0036824004 	0.98207748
0.0027336683 	0.072442153 	-0.0037683981 	0.979856
0.0027537688 	0.072442153 	-0.0037683981 	0.979856
0.0027738693 	0.072192297 	-0.010027796 	0.97835241
0.0027939698 	0.072192297 	-0.010027796 	0.97835241
0.0028140704 	0.071747446 	-0.01544206 	0.97767107
0.0028341709 	0.071747446 	-0.01544206 	0.97767107
0.0028542714 	0.070926862 	-0.020359852 	0.97773264
0.0028743719 	0.069703991 	-0.025026357 	0.97831234
0.0028944724 	0.069703991 	-0.025026357 	0.97831234
0.0029145729 	0.068124693 	-0.029510307 	0.97908987
0.0029346734 	0.068124693 	-0.029510307 	0.97908987
0.0029547739 	0.066278867 	-0.033678054 	0.97969298
0.0029748744 	0.066278867 	-0.033678054 	0.97969298
0.0029949749 	0.064254891 	-0.037249486 	0.9797566
0.0030150754 	0.062125032 	-0.039897981 	0.97898563
0.0030351759 	0.062125032 	-0.039897981 	0.97898563
0.0030552764 	0.059929638 	-0.041394886 	0.97723593
0.0030753769 	0.059929638 	-0.041394886 	0.97723593
0.0030954774 	0.057641071 	-0.041694443 	0.9745534
0.0031155779 	0.055178815 	-0.040969115 	0.97115727
0.0031356784 	0.055178815 	-0.040969115 	0.97115727
0.0031557789 	0.052476623 	-0.039564368 	0.96738633
0.0031758794 	0.052476623 	-0.039564368 	0.96738633
0.0031959799 	0.049504171 	-0.037888155 	0.96360945
0.0032160804 	0.046252895 	-0.036309366 	0.96016564
0.0032361809 	0.046252895 	-0.036309366 	0.96016564
0.0032562814 	0.042711396 	-0.035059625 	0.95729949
0.0032763819 	0.038887188 	-0.034195491 	0.95510239
0.0032964824 	0.038887188 	-0.034195491 	0.95510239
0.0033165829 	0.034829062 	-0.033600983 	0.95345011
0.0033366834 	0.030628387 	-0.033043982 	0.95193873
0.0033567839 	0.030628387 	-0.033043982 	0.95193873
0.0033768844 	0.026437503 	-0.032267309 	0.94984904
0.0033969849 	0.022477983 	-0.031094989 	0.94615125
0.0034170854 	0.022477983 	-0.031094989 	0.94615125
0.0034371859 	0.019021332 	-0.029533197 	0.93957506
0.0034572864 	0.016340983 	-0.027824633 	0.92875416
0.0034773869 	0.014647227 	-0.026423312 	0.91245212
0.0034974874 	0.014647227 	-0.026423312 	0.91245212
0.0035175879 	0.014032465 	-0.025873322 	0.8898521
0.0035376884 	0.014422873 	-0.026591586 	0.86083683
0.0035577889 	0.015553717 	-0.028612951 	0.82616885
0.0035778894 	0.015553717 	-0.028612951 	0.82616885
0.0035979899 	0.016989233 	-0.031407948 	0.78746081
0.0036180905 	0.018197579 	-0.033885141 	0.74692477
0.003638191 	0.018662451 	-0.034628769 	0.70696069
0.0036582915 	0.018662451 	-0.034628769 	0.70696069
0.003678392 	0.017994807 	-0.032297145 	0.66966434
0.0036984925 	0.016018926 	-0.02604305 	0.63635406
0.003718593 	0.012825101 	-0.01581219 	0.60721797
0.0037386935 	0.0088182075 	-0.0024362087 	0.5812101
0.003758794 	0.0045655736 	0.012509462 	0.55620719
0.0037788945 	0.0045655736 	0.012509462 	0.55620719
0.003798995 	0.00066542973 	0.027012328 	0.529455
0.0038190955 	-0.0023421681 	0.03902529 	0.49813225
0.003839196 	-0.0041410229 	0.046901584 	0.45995301
0.0038592965 	-0.0047099437 	0.049802904 	0.41369645
0.003879397 	-0.0043123771 	0.047946879 	0.35953141
0.0038994975 	-0.0033707521 	0.042440198 	0.2989036
0.003919598 	-0.0022835652 	0.034659415 	0.23395689
0.0039396985 	-0.0013038493 	0.025590669 	0.16683146
0.003959799 	-0.00054811031 	0.015639733 	0.099256175
0.0039798995 	-7.2708118e-05 	0.0050670751 	0.032545426
0.004 	-7.2708118e-05 	0.0050670751 	0.032545426
