0 	0.045766671 	0.02820014 	1.0904937
2.0100503e-05 	0.045766671 	0.02820014 	1.0904937
4.0201005e-05 	0.045766671 	0.02820014 	1.0904937
6.0301508e-05 	0.030357545 	0.040049206 	1.0886737
8.040201e-05 	0.030357545 	0.040049206 	1.0886737
0.00010050251 	0.030357545 	0.040049206 	1.0886737
0.00012060302 	0.027765072 	0.038700416 	1.0860468
0.00014070352 	0.027765072 	0.038700416 	1.0860468
0.00016080402 	0.027765072 	0.038700416 	1.0860468
0.00018090452 	0.028195463 	0.036364998 	1.0828435
0.00020100503 	0.028195463 	0.036364998 	1.0828435
0.00022110553 	0.028195463 	0.036364998 	1.0828435
0.00024120603 	0.029420206 	0.034576062 	1.0793094
0.00026130653 	0.029420206 	0.034576062 	1.0793094
0.00028140704 	0.030759471 	0.033745396 	1.0756426
0.00030150754 	0.030759471 	0.033745396 	1.0756426
0.00032160804 	0.030759471 	0.033745396 	1.0756426
0.00034170854 	0.03201824 	0.033907834 	1.0719523
0.00036180905 	0.03201824 	0.033907834 	1.0719523
0.00038190955 	0.03201824 	0.033907834 	1.0719523
0.00040201005 	0.03319167 	0.034836028 	1.0682511
0.00042211055 	0.03319167 	0.034836028 	1.0682511
0.00044221106 	0.03319167 	0.034836028 	1.0682511
0.00046231156 	0.034299543 	0.036117254 	1.0644855
0.00048241206 	0.034299543 	0.036117254 	1.0644855
0.00050251256 	0.035263846 	0.037201859 	1.060603
0.00052261307 	0.035263846 	0.037201859 	1.060603
0.00054271357 	0.035263846 	0.037201859 	1.060603
0.00056281407 	0.035875246 	0.037471335 	1.0566525
0.00058291457 	0.035875246 	0.037471335 	1.0566525
0.00060301508 	0.035875246 	0.037471335 	1.0566525
0.00062311558 	0.020813421 	0.041422721 	1.0584188
0.00064321608 	0.020813421 	0.041422721 	1.0584188
0.00066331658 	0.020813421 	0.041422721 	1.0584188
0.00068341709 	0.021338861 	0.038119071 	1.0537789
0.00070351759 	0.034670885 	0.033436328 	1.0496702
0.00072361809 	0.032127811 	0.028768528 	1.047594
0.00074371859 	0.032127811 	0.028768528 	1.047594
0.0007638191 	0.032127811 	0.028768528 	1.047594
0.0007839196 	0.028062471 	0.022745205 	1.0470191
0.0008040201 	0.028062471 	0.022745205 	1.0470191
0.0008241206 	0.028062471 	0.022745205 	1.0470191
0.00084422111 	0.022799256 	0.015921822 	1.0479067
0.00086432161 	0.022799256 	0.015921822 	1.0479067
0.00088442211 	0.01625763 	0.018180573 	1.0475503
0.00090452261 	0.012701854 	0.010432759 	1.0486111
0.00092462312 	0.012701854 	0.010432759 	1.0486111
0.00094472362 	0.0092027039 	0.0030796328 	1.0504206
0.00096482412 	0.0092027039 	0.0030796328 	1.0504206
0.00098492462 	0.0092027039 	0.0030796328 	1.0504206
0.0010050251 	0.0062868573 	-0.003920151 	1.0523598
0.0010251256 	0.0062868573 	-0.003920151 	1.0523598
0.0010452261 	0.0062868573 	-0.003920151 	1.0523598
0.0010653266 	0.0046728881 	-0.0097976155 	1.0538821
0.0010854271 	0.0046728881 	-0.0097976155 	1.0538821
0.0011055276 	0.0046728881 	-0.0097976155 	1.0538821
0.0011256281 	0.0042655317 	-0.013502383 	1.0547511
0.0011457286 	0.0042655317 	-0.013502383 	1.0547511
0.0011658291 	0.0042655317 	-0.013502383 	1.0547511
0.0011859296 	0.0044873294 	-0.014487167 	1.0550788
0.0012060302 	0.0044873294 	-0.014487167 	1.0550788
0.0012261307 	0.0044873294 	-0.014487167 	1.0550788
0.0012462312 	0.0048276169 	-0.012405613 	1.0550334
0.0012663317 	0.0048276169 	-0.012405613 	1.0550334
0.0012864322 	0.0048276169 	-0.012405613 	1.0550334
0.0013065327 	0.0049611971 	-0.0072960811 	1.0547785
0.0013266332 	0.0049611971 	-0.0072960811 	1.0547785
0.0013467337 	0.0049611971 	-0.0072960811 	1.0547785
0.0013668342 	0.0048127203 	0.00027897368 	1.054489
0.0013869347 	0.0048127203 	0.00027897368 	1.054489
0.0014070352 	0.0048127203 	0.00027897368 	1.054489
0.0014271357 	0.0044032152 	0.0091637371 	1.054235
0.0014472362 	0.0017363984 	0.0044185349 	1.0559737
0.0014673367 	0.0017363984 	0.0044185349 	1.0559737
0.0014874372 	0.0039411973 	0.01777059 	1.0537549
0.0015075377 	0.0039411973 	0.01777059 	1.0537549
0.0015276382 	0.0037535077 	0.024455687 	1.052365
0.0015477387 	0.0037535077 	0.024455687 	1.052365
0.0015678392 	0.0037535077 	0.024455687 	1.052365
0.0015879397 	0.0041158147 	0.027847986 	1.0492344
0.0016080402 	0.0041158147 	0.027847986 	1.0492344
0.0016281407 	0.0041158147 	0.027847986 	1.0492344
0.0016482412 	0.0052893925 	0.027180113 	1.0440659
0.0016683417 	0.0052893925 	0.027180113 	1.0440659
0.0016884422 	0.0074837986 	0.022415354 	1.0374294
0.0017085427 	0.0074837986 	0.022415354 	1.0374294
0.0017286432 	0.0074837986 	0.022415354 	1.0374294
0.0017487437 	0.010944494 	0.014015126 	1.0302116
0.0017688442 	0.010944494 	0.014015126 	1.0302116
0.0017889447 	0.010944494 	0.014015126 	1.0302116
0.0018090452 	0.015836561 	0.0026034642 	1.0228768
0.0018291457 	0.015836561 	0.0026034642 	1.0228768
0.0018492462 	0.021970072 	-0.011040072 	1.0151952
0.0018693467 	0.021970072 	-0.011040072 	1.0151952
0.0018894472 	0.021970072 	-0.011040072 	1.0151952
0.0019095477 	0.028797186 	-0.025887345 	1.0065191
0.0019296482 	0.028797186 	-0.025887345 	1.0065191
0.0019497487 	0.035420172 	-0.040557143 	0.99629103
0.0019698492 	0.035420172 	-0.040557143 	0.99629103
0.0019899497 	0.040652076 	-0.053228737 	0.98467432
0.0020100503 	0.040652076 	-0.053228737 	0.98467432
0.0020301508 	0.040652076 	-0.053228737 	0.98467432
0.0020502513 	0.043175503 	-0.061748239 	0.97290488
0.0020703518 	0.043175503 	-0.061748239 	0.97290488
0.0020904523 	0.042026241 	-0.06428676 	0.96267949
0.0021105528 	0.042026241 	-0.06428676 	0.96267949
0.0021306533 	0.042026241 	-0.06428676 	0.96267949
0.0021507538 	0.036964701 	-0.060103577 	0.95516442
0.0021708543 	0.036964701 	-0.060103577 	0.95516442
0.0021909548 	0.028633896 	-0.049938845 	0.95064998
0.0022110553 	0.028633896 	-0.049938845 	0.95064998
0.0022311558 	0.018403335 	-0.035773134 	0.94876531
0.0022512563 	0.018403335 	-0.035773134 	0.94876531
0.0022713568 	0.0078652357 	-0.020015829 	0.9488536
0.0022914573 	0.0078652357 	-0.020015829 	0.9488536
0.0023115578 	0.0078652357 	-0.020015829 	0.9488536
0.0023316583 	-0.0017092981 	-0.0045848249 	0.94996112
0.0023517588 	-0.0017092981 	-0.0045848249 	0.94996112
0.0023718593 	-0.0096628021 	0.0092559928 	0.95106872
0.0023919598 	-0.0096628021 	0.0092559928 	0.95106872
0.0024120603 	-0.015579468 	0.020954366 	0.9518071
0.0024321608 	-0.015579468 	0.020954366 	0.9518071
0.0024522613 	-0.019575892 	0.030633738 	0.95266572
0.0024723618 	-0.019575892 	0.030633738 	0.95266572
0.0024924623 	-0.022212187 	0.038700337 	0.95441365
0.0025125628 	-0.022212187 	0.038700337 	0.95441365
0.0025326633 	-0.023896108 	0.045694491 	0.95730069
0.0025527638 	-0.023896108 	0.045694491 	0.95730069
0.0025728643 	-0.02499446 	0.05211909 	0.96066446
0.0025929648 	-0.02499446 	0.05211909 	0.96066446
0.0026130653 	-0.025759138 	0.058407565 	0.96330647
0.0026331658 	-0.025759138 	0.058407565 	0.96330647
0.0026532663 	-0.026260729 	0.064831525 	0.9642094
0.0026733668 	-0.026260729 	0.064831525 	0.9642094
0.0026934673 	-0.026433503 	0.071420126 	0.96300074
0.0027135678 	-0.026433503 	0.071420126 	0.96300074
0.0027336683 	-0.026196888 	0.077947657 	0.95999443
0.0027537688 	-0.026196888 	0.077947657 	0.95999443
0.0027738693 	-0.025582707 	0.084096021 	0.95588335
0.0027939698 	-0.025582707 	0.084096021 	0.95588335
0.0028140704 	-0.024802917 	0.089635844 	0.95143787
0.0028341709 	-0.024802917 	0.089635844 	0.95143787
0.0028542714 	-0.024176373 	0.094485953 	0.94730932
0.0028743719 	-0.024022317 	0.098697821 	0.943996
0.0028944724 	-0.024022317 	0.098697821 	0.943996
0.0029145729 	-0.02457838 	0.1024644 	0.94179765
0.0029346734 	-0.02457838 	0.1024644 	0.94179765
0.0029547739 	-0.0259835 	0.10607645 	0.94067398
0.0029748744 	-0.0259835 	0.10607645 	0.94067398
0.0029949749 	-0.028211257 	0.1098446 	0.94009767
0.0030150754 	-0.030987134 	0.11409554 	0.93912356
0.0030351759 	-0.030987134 	0.11409554 	0.93912356
0.0030552764 	-0.033833413 	0.11924441 	0.93658709
0.0030753769 	-0.033833413 	0.11924441 	0.93658709
0.0030954774 	-0.036236532 	0.12574524 	0.9314853
0.0031155779 	-0.037804288 	0.13381075 	0.92323728
0.0031356784 	-0.037804288 	0.13381075 	0.92323728
0.0031557789 	-0.038360028 	0.14312667 	0.91154092
0.0031758794 	-0.038360028 	0.14312667 	0.91154092
0.0031959799 	-0.037935474 	0.152919 	0.89601537
0.0032160804 	-0.036701422 	0.16225386 	0.87613994
0.0032361809 	-0.036701422 	0.16225386 	0.87613994
0.0032562814 	-0.034924859 	0.17027389 	0.8517867
0.0032763819 	-0.032862154 	0.17612539 	0.82391172
0.0032964824 	-0.032862154 	0.17612539 	0.82391172
0.0033165829 	-0.030674343 	0.17891458 	0.79464037
0.0033366834 	-0.028434884 	0.17783157 	0.76662886
0.0033567839 	-0.028434884 	0.17783157 	0.76662886
0.0033768844 	-0.026081972 	0.17230689 	0.74219568
0.0033969849 	-0.023355461 	0.1620752 	0.72279757
0.0034170854 	-0.023355461 	0.1620752 	0.72279757
0.0034371859 	-0.020012906 	0.14717949 	0.70892795
0.0034572864 	-0.015852994 	0.12798232 	0.7002787
0.0034773869 	-0.010709237 	0.10516123 	0.69602888
0.0034974874 	-0.010709237 	0.10516123 	0.69602888
0.0035175879 	-0.0045924239 	0.079680146 	0.69505117
0.0035376884 	0.0023606577 	0.052700317 	0.69598809
0.0035577889 	0.0099064395 	0.025481247 	0.69719096
0.0035778894 	0.0099064395 	0.025481247 	0.69719096
0.0035979899 	0.017722018 	-0.00077199009 	0.69674378
0.0036180905 	0.025420184 	-0.025007158 	0.69277932
0.003638191 	0.032547742 	-0.046666445 	0.68413145
0.0036582915 	0.032547742 	-0.046666445 	0.68413145
0.003678392 	0.038528451 	-0.065997483 	0.67086213
0.0036984925 	0.043013177 	-0.083444639 	0.65457591
0.003718593 	0.046196407 	-0.097872662 	0.63811521
0.0037386935 	0.048538505 	-0.10563327 	0.62422104
0.003758794 	0.05020131 	-0.10287659 	0.61370489
0.0037788945 	0.05020131 	-0.10287659 	0.61370489
0.003798995 	0.050746767 	-0.089075487 	0.6048092
0.0038190955 	0.049357192 	-0.06692781 	0.59468343
0.003839196 	0.045090998 	-0.040030417 	0.58119927
0.0038592965 	0.037404985 	-0.012662181 	0.56036498
0.003879397 	0.027227692 	0.0096090863 	0.51976407
0.0038994975 	0.017340014 	0.021850531 	0.44492062
0.003919598 	0.0099492883 	0.02400905 	0.33857021
0.0039396985 	0.005007263 	0.020576278 	0.2233235
0.003959799 	0.001768543 	0.015356177 	0.12078545
0.0039798995 	0.00014768868 	0.0077695259 	0.036976149
0.004 	0.00014768868 	0.0077695259 	0.036976149
