0 	-0.014293602 	0.032128661 	1.1071462
5.5555556e-05 	0.0049566356 	0.039652775 	1.1036005
0.00011111111 	0.014178403 	0.042061655 	1.0990716
0.00016666667 	0.021178787 	0.043272309 	1.0938059
0.00022222222 	0.027024549 	0.043245358 	1.0881461
0.00027777778 	0.031615074 	0.041876435 	1.0824612
0.00033333333 	0.03454669 	0.039266722 	1.0770299
0.00038888889 	0.035426852 	0.035787517 	1.0719715
0.00044444444 	0.034098463 	0.031959083 	1.0673137
0.0005 	0.030788406 	0.028209646 	1.0631693
0.00055555556 	0.026076776 	0.024676756 	1.0598478
0.00061111111 	0.02066749 	0.021269967 	1.0577533
0.00066666667 	0.015122045 	0.017871672 	1.0570982
0.00072222222 	0.0097402266 	0.014446124 	1.0576446
0.00077777778 	0.0046086906 	0.010930231 	1.0587153
0.00083333333 	-0.00027679958 	0.0071986265 	1.0595131
0.00088888889 	-0.0049111075 	0.0032838724 	1.0595571
0.00094444444 	-0.0091447172 	-0.00048145875 	1.0589294
0.001 	-0.012999815 	-0.0040079127 	1.058055
0.0010617199 	-0.015940009 	-0.0069774031 	1.0576196
0.0011225874 	-0.017705492 	-0.0094181808 	1.0581183
0.0011826143 	-0.018634601 	-0.011710677 	1.0592317
0.0012418122 	-0.01925353 	-0.014192191 	1.0601627
0.0013001926 	-0.020116287 	-0.016983022 	1.0599672
0.0013577668 	-0.021616291 	-0.019925786 	1.0577152
0.0014145458 	-0.023930832 	-0.022481135 	1.0524694
0.0014705407 	-0.026988097 	-0.023808373 	1.0433124
0.0015257623 	-0.030475053 	-0.023134847 	1.0298298
0.0015802213 	-0.033893552 	-0.020248479 	1.0131936
0.0016339282 	-0.036727863 	-0.015751244 	0.99682106
0.0016868934 	-0.038614448 	-0.010836635 	0.98502408
0.0017391271 	-0.039445315 	-0.0067188467 	0.98022757
0.0017906395 	-0.039416818 	-0.0041870179 	0.98138123
0.0018414404 	-0.039017802 	-0.0034477865 	0.98456681
0.0018915398 	-0.038879756 	-0.0040514021 	0.98453816
0.0019409473 	-0.039474106 	-0.0045470584 	0.97612095
0.0019896725 	-0.040876168 	-0.0024075943 	0.95594654
0.0020377248 	-0.04268112 	0.0047544988 	0.92525878
0.0020851134 	-0.044190118 	0.017014143 	0.89101784
0.0021318476 	-0.044587149 	0.031245411 	0.86165474
0.0021779364 	-0.043083528 	0.043181407 	0.84137109
0.0022233887 	-0.039487514 	0.050053947 	0.82938866
0.0022682133 	-0.03441792 	0.051106275 	0.82293606
0.0023124189 	-0.028733308 	0.046628858 	0.81942141
0.0023560139 	-0.023166691 	0.037142943 	0.81708003
0.0023990069 	-0.018273685 	0.023122975 	0.81528379
0.0024414062 	-0.014288989 	0.0052351837 	0.81466445
0.0024832199 	-0.011297451 	-0.015292859 	0.81713496
0.0025244562 	-0.0094442794 	-0.036565449 	0.82513741
0.002565123 	-0.0084381937 	-0.05624387 	0.83961326
0.0026052281 	-0.0075888116 	-0.072353403 	0.85805489
0.0026447794 	-0.006117654 	-0.083995665 	0.87549214
0.0026837845 	-0.0034226025 	-0.091372467 	0.88770068
0.0027222509 	0.00051332268 	-0.095161583 	0.8930649
0.0027601861 	0.0052990996 	-0.096054744 	0.89206416
0.0027975974 	0.010352765 	-0.094560255 	0.88591147
0.002834492 	0.01513737 	-0.091001982 	0.87569313
0.0028708772 	0.019271293 	-0.085601197 	0.86211202
0.0029067598 	0.022556198 	-0.078453471 	0.84559641
0.0029421469 	0.024993769 	-0.069514458 	0.8265429
0.0029770452 	0.026710832 	-0.058727365 	0.80569996
0.0030114616 	0.027840164 	-0.046315258 	0.78469076
0.0030454028 	0.0284082 	-0.033063447 	0.76636644
0.0030788752 	0.028298265 	-0.0202827 	0.75431764
0.0031118853 	0.027394059 	-0.0092387737 	0.75128548
0.0031444395 	0.026029582 	-0.00039918652 	0.75747676
0.0031765442 	0.024710656 	0.006828514 	0.77029508
0.0032082055 	0.023721972 	0.013585682 	0.78591525
0.0032394295 	0.023180955 	0.020853319 	0.80126269
0.0032702223 	0.022919515 	0.029045286 	0.81497523
0.0033005899 	0.02267212 	0.038001896 	0.82726241
0.0033305381 	0.022251653 	0.047250674 	0.83911077
0.0033600727 	0.021592821 	0.056274376 	0.85140571
0.0033891994 	0.020710896 	0.064658296 	0.86439728
0.0034179239 	0.019656435 	0.072156018 	0.87761119
0.0034462517 	0.01849982 	0.078720868 	0.8900648
0.0034741882 	0.017329542 	0.084508993 	0.90058587
0.003501739 	0.016237844 	0.089833793 	0.90811014
0.0035289093 	0.015289977 	0.095064209 	0.91191141
0.0035557043 	0.014489372 	0.10047954 	0.91174638
0.0035821293 	0.013757791 	0.106118 	0.90787978
0.0036081894 	0.012943457 	0.11166364 	0.90095677
0.0036338895 	0.01186925 	0.11640906 	0.89174057
0.0036592348 	0.010402497 	0.11931654 	0.88080835
0.00368423 	0.0085013901 	0.11919345 	0.86833387
0.00370888 	0.006208527 	0.11497661 	0.85389837
0.0037331896 	0.0036487176 	0.10607711 	0.83599937
0.0037571635 	0.0010860936 	0.092656218 	0.81094147
0.0037808063 	-0.00098832991 	0.075689858 	0.7719918
0.0038041226 	-0.0019182738 	0.056852593 	0.71118165
0.0038271169 	-0.00129781 	0.038318506 	0.62508504
0.0038497936 	0.00044944068 	0.022327387 	0.52025419
0.0038721572 	0.0022423152 	0.010374656 	0.41104058
0.0038942119 	0.0031950559 	0.0027481063 	0.31068071
0.003915962 	0.0030806643 	-0.0012359092 	0.22482411
0.0039374118 	0.0021986531 	-0.0025807384 	0.15217144
0.0039585653 	0.0010638727 	-0.0021396235 	0.088394397
0.0039794267 	0.00016500617 	-0.00064208189 	0.029117335
0.004 	0.00016500617 	-0.00064208189 	0.029117335
