0 	-0.031198288 	0.053525882 	1.0430783
2.0100503e-05 	-0.052494569 	-0.030257404 	1.0475102
4.0201005e-05 	-0.052494569 	-0.030257404 	1.0475102
6.0301508e-05 	-0.032905739 	-0.04840109 	1.0510563
8.040201e-05 	-0.032905739 	-0.04840109 	1.0510563
0.00010050251 	-0.032905739 	-0.04840109 	1.0510563
0.00012060302 	-0.0061490981 	-0.052379914 	1.0548586
0.00014070352 	-0.0061490981 	-0.052379914 	1.0548586
0.00016080402 	-0.0061490981 	-0.052379914 	1.0548586
0.00018090452 	-0.009009875 	-0.047855847 	1.0576422
0.00020100503 	-0.009009875 	-0.047855847 	1.0576422
0.00022110553 	-0.009009875 	-0.047855847 	1.0576422
0.00024120603 	-0.0099072128 	-0.042944035 	1.0602161
0.00026130653 	-0.020767497 	-0.043840091 	1.05873
0.00028140704 	-0.018413428 	-0.040267131 	1.0609642
0.00030150754 	-0.018413428 	-0.040267131 	1.0609642
0.00032160804 	-0.018413428 	-0.040267131 	1.0609642
0.00034170854 	-0.007831083 	-0.033057749 	1.0649689
0.00036180905 	-0.007831083 	-0.033057749 	1.0649689
0.00038190955 	-0.007831083 	-0.033057749 	1.0649689
0.00040201005 	-0.0051993318 	-0.028480968 	1.0670413
0.00042211055 	-0.0051993318 	-0.028480968 	1.0670413
0.00044221106 	-0.0051993318 	-0.028480968 	1.0670413
0.00046231156 	-0.0017029224 	-0.024239968 	1.0687505
0.00048241206 	-0.0017029224 	-0.024239968 	1.0687505
0.00050251256 	0.0024650462 	-0.020231359 	1.0700243
0.00052261307 	0.0024650462 	-0.020231359 	1.0700243
0.00054271357 	0.0024650462 	-0.020231359 	1.0700243
0.00056281407 	0.0070903503 	-0.01622208 	1.0708971
0.00058291457 	0.0070903503 	-0.01622208 	1.0708971
0.00060301508 	0.0070903503 	-0.01622208 	1.0708971
0.00062311558 	0.011985459 	-0.011947572 	1.0714806
0.00064321608 	0.011985459 	-0.011947572 	1.0714806
0.00066331658 	0.011985459 	-0.011947572 	1.0714806
0.00068341709 	0.017030403 	-0.0072191905 	1.0718726
0.00070351759 	0.017030403 	-0.0072191905 	1.0718726
0.00072361809 	0.022176165 	-0.0020626108 	1.0720652
0.00074371859 	0.022176165 	-0.0020626108 	1.0720652
0.0007638191 	0.015227629 	-0.0097357803 	1.0718589
0.0007839196 	0.02037776 	-0.0046243293 	1.0721898
0.0008040201 	0.02037776 	-0.0046243293 	1.0721898
0.0008241206 	0.02037776 	-0.0046243293 	1.0721898
0.00084422111 	0.025699004 	0.0004630398 	1.0720268
0.00086432161 	0.025699004 	0.0004630398 	1.0720268
0.00088442211 	0.025699004 	0.0004630398 	1.0720268
0.00090452261 	0.03833833 	0.013397112 	1.0696338
0.00092462312 	0.03833833 	0.013397112 	1.0696338
0.00094472362 	0.043839438 	0.01743694 	1.0673582
0.00096482412 	0.043839438 	0.01743694 	1.0673582
0.00098492462 	0.043839438 	0.01743694 	1.0673582
0.0010050251 	0.049929839 	0.021014198 	1.0639621
0.0010251256 	0.049929839 	0.021014198 	1.0639621
0.0010452261 	0.049929839 	0.021014198 	1.0639621
0.0010653266 	0.055969596 	0.023211937 	1.060061
0.0010854271 	0.055969596 	0.023211937 	1.060061
0.0011055276 	0.055969596 	0.023211937 	1.060061
0.0011256281 	0.061273209 	0.023370824 	1.0567886
0.0011457286 	0.061273209 	0.023370824 	1.0567886
0.0011658291 	0.061273209 	0.023370824 	1.0567886
0.0011859296 	0.065389984 	0.02125608 	1.0550279
0.0012060302 	0.065389984 	0.02125608 	1.0550279
0.0012261307 	0.065389984 	0.02125608 	1.0550279
0.0012462312 	0.067945012 	0.016940942 	1.0553693
0.0012663317 	0.067945012 	0.016940942 	1.0553693
0.0012864322 	0.067945012 	0.016940942 	1.0553693
0.0013065327 	0.068844191 	0.010826526 	1.0579096
0.0013266332 	0.068844191 	0.010826526 	1.0579096
0.0013467337 	0.068844191 	0.010826526 	1.0579096
0.0013668342 	0.068268384 	0.00357791 	1.0621168
0.0013869347 	0.068268384 	0.00357791 	1.0621168
0.0014070352 	0.068268384 	0.00357791 	1.0621168
0.0014271357 	0.066578192 	-0.0039934615 	1.0669672
0.0014472362 	0.066578192 	-0.0039934615 	1.0669672
0.0014673367 	0.066578192 	-0.0039934615 	1.0669672
0.0014874372 	0.064204699 	-0.011190139 	1.0712861
0.0015075377 	0.064204699 	-0.011190139 	1.0712861
0.0015276382 	0.061521629 	-0.017444634 	1.0740471
0.0015477387 	0.061521629 	-0.017444634 	1.0740471
0.0015678392 	0.061521629 	-0.017444634 	1.0740471
0.0015879397 	0.05867437 	-0.022369974 	1.0744716
0.0016080402 	0.05867437 	-0.022369974 	1.0744716
0.0016281407 	0.05867437 	-0.022369974 	1.0744716
0.0016482412 	0.055516529 	-0.025541113 	1.0718662
0.0016683417 	0.055516529 	-0.025541113 	1.0718662
0.0016884422 	0.051673147 	-0.026337876 	1.0654549
0.0017085427 	0.051673147 	-0.026337876 	1.0654549
0.0017286432 	0.051673147 	-0.026337876 	1.0654549
0.0017487437 	0.046749381 	-0.024039379 	1.0544785
0.0017688442 	0.046749381 	-0.024039379 	1.0544785
0.0017889447 	0.046749381 	-0.024039379 	1.0544785
0.0018090452 	0.040573213 	-0.018182233 	1.0386949
0.0018291457 	0.040573213 	-0.018182233 	1.0386949
0.0018492462 	0.033243833 	-0.0088537492 	1.0190862
0.0018693467 	0.033243833 	-0.0088537492 	1.0190862
0.0018894472 	0.033243833 	-0.0088537492 	1.0190862
0.0019095477 	0.024953378 	0.0032285731 	0.99829373
0.0019296482 	0.024953378 	0.0032285731 	0.99829373
0.0019497487 	0.015965814 	0.016608066 	0.98006711
0.0019698492 	0.015965814 	0.016608066 	0.98006711
0.0019899497 	0.0067492916 	0.029230562 	0.96758148
0.0020100503 	0.0067492916 	0.029230562 	0.96758148
0.0020301508 	0.0067492916 	0.029230562 	0.96758148
0.0020502513 	-0.0022217895 	0.039065266 	0.96173745
0.0020703518 	-0.0022217895 	0.039065266 	0.96173745
0.0020904523 	-0.010710353 	0.045598797 	0.96090558
0.0021105528 	-0.010710353 	0.045598797 	0.96090558
0.0021306533 	-0.010710353 	0.045598797 	0.96090558
0.0021507538 	-0.018550459 	0.04980087 	0.96220091
0.0021708543 	-0.018550459 	0.04980087 	0.96220091
0.0021909548 	-0.025136235 	0.052567333 	0.96319072
0.0022110553 	-0.025136235 	0.052567333 	0.96319072
0.0022311558 	-0.029460385 	0.05379994 	0.96273246
0.0022512563 	-0.029460385 	0.05379994 	0.96273246
0.0022713568 	-0.030816115 	0.05319684 	0.96071597
0.0022914573 	-0.030816115 	0.05319684 	0.96071597
0.0023115578 	-0.030816115 	0.05319684 	0.96071597
0.0023316583 	-0.029214042 	0.050903174 	0.95746024
0.0023517588 	-0.029214042 	0.050903174 	0.95746024
0.0023718593 	-0.025192701 	0.047483736 	0.95334919
0.0023919598 	-0.025192701 	0.047483736 	0.95334919
0.0024120603 	-0.01947454 	0.043483687 	0.9485961
0.0024321608 	-0.01947454 	0.043483687 	0.9485961
0.0024522613 	-0.01274671 	0.039207077 	0.94315752
0.0024723618 	-0.01274671 	0.039207077 	0.94315752
0.0024924623 	-0.0056930538 	0.034731728 	0.93680608
0.0025125628 	-0.0056930538 	0.034731728 	0.93680608
0.0025326633 	0.0010047998 	0.030066548 	0.92934289
0.0025527638 	0.0010047998 	0.030066548 	0.92934289
0.0025728643 	0.006709067 	0.025417894 	0.92114688
0.0025929648 	0.006709067 	0.025417894 	0.92114688
0.0026130653 	0.010859712 	0.021114651 	0.91328353
0.0026331658 	0.010859712 	0.021114651 	0.91328353
0.0026532663 	0.013065894 	0.01738349 	0.90685571
0.0026733668 	0.013065894 	0.01738349 	0.90685571
0.0026934673 	0.013214654 	0.014305018 	0.90240263
0.0027135678 	0.013214654 	0.014305018 	0.90240263
0.0027336683 	0.011524598 	0.011900391 	0.89980511
0.0027537688 	0.011524598 	0.011900391 	0.89980511
0.0027738693 	0.0084670314 	0.010085531 	0.89849894
0.0027939698 	0.0084670314 	0.010085531 	0.89849894
0.0028140704 	0.0046409264 	0.0087186875 	0.89773423
0.0028341709 	0.0046409264 	0.0087186875 	0.89773423
0.0028542714 	0.00067437057 	0.0076529711 	0.89675798
0.0028743719 	-0.0028319009 	0.0067331542 	0.89490371
0.0028944724 	-0.0028319009 	0.0067331542 	0.89490371
0.0029145729 	-0.0053548682 	0.0057879933 	0.89161008
0.0029346734 	-0.0053548682 	0.0057879933 	0.89161008
0.0029547739 	-0.0064869007 	0.0046416956 	0.88642052
0.0029748744 	-0.0064869007 	0.0046416956 	0.88642052
0.0029949749 	-0.0059739163 	0.0031219095 	0.87898144
0.0030150754 	-0.0037384322 	0.0010650654 	0.86903648
0.0030351759 	-0.0037384322 	0.0010650654 	0.86903648
0.0030552764 	0.00010293192 	-0.0016561286 	0.85640769
0.0030753769 	0.00010293192 	-0.0016561286 	0.85640769
0.0030954774 	0.0052599985 	-0.0050931065 	0.84096825
0.0031155779 	0.011298698 	-0.0091567222 	0.82261892
0.0031356784 	0.011298698 	-0.0091567222 	0.82261892
0.0031557789 	0.017728171 	-0.013589269 	0.80138427
0.0031758794 	0.017728171 	-0.013589269 	0.80138427
0.0031959799 	0.024020063 	-0.018011114 	0.7775014
0.0032160804 	0.02959525 	-0.021974214 	0.75142641
0.0032361809 	0.02959525 	-0.021974214 	0.75142641
0.0032562814 	0.033937181 	-0.025070988 	0.72398041
0.0032763819 	0.036642092 	-0.027023227 	0.69641364
0.0032964824 	0.036642092 	-0.027023227 	0.69641364
0.0033165829 	0.037440048 	-0.027737757 	0.67032003
0.0033366834 	0.036238463 	-0.027267344 	0.64736694
0.0033567839 	0.036238463 	-0.027267344 	0.64736694
0.0033768844 	0.033158544 	-0.0257165 	0.62886264
0.0033969849 	0.028516604 	-0.023116995 	0.61535353
0.0034170854 	0.028516604 	-0.023116995 	0.61535353
0.0034371859 	0.022753822 	-0.019401186 	0.60647345
0.0034572864 	0.016338594 	-0.014467563 	0.6010985
0.0034773869 	0.0096839241 	-0.008303985 	0.59770743
0.0034974874 	0.0096839241 	-0.008303985 	0.59770743
0.0035175879 	0.0031841474 	-0.0010709652 	0.59475444
0.0035376884 	-0.0028176227 	0.0069102506 	0.59085773
0.0035577889 	-0.0080343254 	0.015216215 	0.58485033
0.0035778894 	-0.0080343254 	0.015216215 	0.58485033
0.0035979899 	-0.012209752 	0.023367421 	0.57573576
0.0036180905 	-0.01516919 	0.030850122 	0.56270646
0.003638191 	-0.016844156 	0.037152791 	0.54521748
0.0036582915 	-0.016844156 	0.037152791 	0.54521748
0.003678392 	-0.017284009 	0.041832305 	0.52307605
0.0036984925 	-0.016643893 	0.044592527 	0.49648705
0.003718593 	-0.015159955 	0.04534291 	0.46603893
0.0037386935 	-0.013119171 	0.044218658 	0.43263224
0.003758794 	-0.010822989 	0.04155064 	0.39734513
0.0037788945 	-0.010822989 	0.04155064 	0.39734513
0.003798995 	-0.0085453197 	0.037786152 	0.3612382
0.0038190955 	-0.0064930463 	0.033384661 	0.32513521
0.003839196 	-0.0047815491 	0.028728738 	0.28944852
0.0038592965 	-0.0034353247 	0.024082975 	0.25411804
0.003879397 	-0.0024118003 	0.019598879 	0.21869179
0.0038994975 	-0.0016366161 	0.015344965 	0.18251574
0.003919598 	-0.0010369933 	0.011339944 	0.14496124
0.0039396985 	-0.00056651698 	0.0075863098 	0.10562003
0.003959799 	-0.00021880225 	0.0041191069 	0.064432018
0.0039798995 	-2.2969406e-05 	0.001091819 	0.021762507
0.004 	-2.2969406e-05 	0.001091819 	0.021762507
