0 	-0.020825717 	-0.03903972 	1.1022976
5.5555556e-05 	0.030990165 	-0.0018965748 	1.1039054
0.00011111111 	0.024865223 	0.0016523479 	1.1007711
0.00016666667 	0.019671174 	0.00041893991 	1.0963453
0.00022222222 	0.016466251 	-0.0059615335 	1.0915046
0.00027777778 	0.015669782 	-0.017856301 	1.0860805
0.00033333333 	0.016421576 	-0.032853579 	1.0793306
0.00038888889 	0.016919786 	-0.046062833 	1.0708395
0.00044444444 	0.015847316 	-0.053168278 	1.0609512
0.0005 	0.013026578 	-0.05275469 	1.050733
0.00055555556 	0.0090706979 	-0.046198045 	1.0414826
0.00061111111 	0.0048853499 	-0.036271687 	1.0340668
0.00066666667 	0.001308971 	-0.025746086 	1.0286402
0.00072222222 	-0.0010793674 	-0.016528629 	1.0248688
0.00077777778 	-0.0020070365 	-0.0094468398 	1.0222922
0.00083333333 	-0.0014908819 	-0.0045048928 	1.0205355
0.00088888889 	0.000290827 	-0.0012323114 	1.0193694
0.00094444444 	0.0030714319 	0.00097659717 	1.018701
0.001 	0.0067069542 	0.0025763183 	1.018408
0.0010617199 	0.010993216 	0.003365581 	1.0185736
0.0011225874 	0.015688053 	0.0039306464 	1.0192101
0.0011826143 	0.02020526 	0.004324301 	1.020363
0.0012418122 	0.024129985 	0.0047020956 	1.0222332
0.0013001926 	0.027072951 	0.0052790121 	1.0250145
0.0013577668 	0.028633524 	0.0062004503 	1.0286128
0.0014145458 	0.028503122 	0.0080594277 	1.0323199
0.0014705407 	0.026732182 	0.011859062 	1.0346372
0.0015257623 	0.023939571 	0.01838142 	1.0334645
0.0015802213 	0.021270286 	0.027458486 	1.0266077
0.0016339282 	0.019829846 	0.038480572 	1.0130055
0.0016868934 	0.020037271 	0.05069634 	0.99399446
0.0017391271 	0.021449822 	0.063077536 	0.97308851
0.0017906395 	0.023079601 	0.074125033 	0.9541086
0.0018414404 	0.023865954 	0.081606136 	0.93930623
0.0018915398 	0.022958383 	0.083241967 	0.92865364
0.0019409473 	0.020081442 	0.078371509 	0.92068378
0.0019896725 	0.015701906 	0.068768569 	0.91350367
0.0020377248 	0.010748503 	0.057585987 	0.90479691
0.0020851134 	0.0060200496 	0.04760919 	0.89178606
0.0021318476 	0.0016589348 	0.040186846 	0.87265851
0.0021779364 	-0.002943381 	0.035044566 	0.8487603
0.0022233887 	-0.0084157237 	0.030993473 	0.82488973
0.0022682133 	-0.014406578 	0.027119606 	0.80606012
0.0023124189 	-0.019561337 	0.023278678 	0.79413698
0.0023560139 	-0.022521051 	0.019594755 	0.78777075
0.0023990069 	-0.022736695 	0.016026453 	0.78470059
0.0024414062 	-0.020486222 	0.012478874 	0.78336475
0.0024832199 	-0.016534833 	0.0090129527 	0.78298546
0.0025244562 	-0.011735304 	0.0057444684 	0.78323183
0.002565123 	-0.006697328 	0.0027425095 	0.78396433
0.0026052281 	-0.0018178494 	-2.9625462e-05 	0.78512528
0.0026447794 	0.0026562661 	-0.0026722159 	0.78673984
0.0026837845 	0.0065878673 	-0.0053090394 	0.78886898
0.0027222509 	0.0099805278 	-0.0080621064 	0.79157421
0.0027601861 	0.012951818 	-0.011041213 	0.7948513
0.0027975974 	0.015599989 	-0.014343174 	0.79854532
0.002834492 	0.018038647 	-0.01810109 	0.80230579
0.0028708772 	0.020384816 	-0.022471298 	0.80562903
0.0029067598 	0.02262856 	-0.027694059 	0.80800546
0.0029421469 	0.024577921 	-0.034154385 	0.80919654
0.0029770452 	0.025817604 	-0.042369959 	0.80955711
0.0030114616 	0.025743545 	-0.052831907 	0.81026082
0.0030454028 	0.023752418 	-0.065742385 	0.8131253
0.0030788752 	0.019521215 	-0.080680048 	0.81981793
0.0031118853 	0.013311022 	-0.096557408 	0.83068312
0.0031444395 	0.0061552402 	-0.1118094 	0.84383271
0.0031765442 	-0.00051824399 	-0.12471513 	0.85528645
0.0032082055 	-0.0053376197 	-0.13371162 	0.86014652
0.0032394295 	-0.0073508201 	-0.13766079 	0.85436715
0.0032702223 	-0.0064183618 	-0.13607923 	0.83633871
0.0033005899 	-0.0032431764 	-0.12923482 	0.80762939
0.0033305381 	0.00093784399 	-0.11804461 	0.77256925
0.0033600727 	0.0048164429 	-0.10380272 	0.73679422
0.0033891994 	0.0074376586 	-0.087882069 	0.70540561
0.0034179239 	0.0084006281 	-0.071512026 	0.68163157
0.0034462517 	0.0077914812 	-0.055667483 	0.66646311
0.0034741882 	0.0060090728 	-0.041038832 	0.65905976
0.003501739 	0.0035675877 	-0.028035642 	0.65745672
0.0035289093 	0.00097875513 	-0.016821603 	0.65921206
0.0035557043 	-0.0013397861 	-0.0073790157 	0.66186959
0.0035821293 	-0.00311027 	0.00040584912 	0.66325974
0.0036081894 	-0.0041301274 	0.0066553122 	0.66169375
0.0036338895 	-0.0043381738 	0.011462797 	0.65600137
0.0036592348 	-0.0038410205 	0.014890745 	0.64546594
0.00368423 	-0.0028000517 	0.017005397 	0.62976985
0.00370888 	-0.0014279339 	0.017930742 	0.60890304
0.0037331896 	3.8721381e-05 	0.017895839 	0.5830762
0.0037571635 	0.0013565073 	0.017250084 	0.55263539
0.0037808063 	0.0023111594 	0.016425064 	0.51796378
0.0038041226 	0.0027695387 	0.015834003 	0.47935953
0.0038271169 	0.0027077702 	0.015730538 	0.43691576
0.0038497936 	0.0022265453 	0.016086156 	0.39048465
0.0038721572 	0.0015255693 	0.016557997 	0.33980166
0.0038942119 	0.00083302071 	0.016580419 	0.28474916
0.003915962 	0.00032018987 	0.015547241 	0.22561103
0.0039374118 	4.7424582e-05 	0.013013345 	0.16315075
0.0039585653 	-2.9363969e-05 	0.0088423883 	0.098480214
0.0039794267 	-1.3557483e-05 	0.0032544205 	0.032857197
0.004 	4.2003658e-05 	0.0028565593 	0.043797654
