0 	-0.018639005 	-0.04123492 	1.0353571
5.5555556e-05 	-0.019345784 	0.030236589 	1.0454619
0.00011111111 	-0.011210172 	0.029760821 	1.051085
0.00016666667 	-0.0055604954 	0.027750873 	1.0564767
0.00022222222 	-0.00097634107 	0.025522276 	1.0611784
0.00027777778 	0.0028843782 	0.023450918 	1.0647445
0.00033333333 	0.0060480014 	0.021752363 	1.066757
0.00038888889 	0.0084686474 	0.020584367 	1.0669121
0.00044444444 	0.010137437 	0.019998019 	1.0651326
0.0005 	0.011086802 	0.019908837 	1.0616038
0.00055555556 	0.01135891 	0.020170356 	1.0566907
0.00061111111 	0.011002374 	0.020788996 	1.0507663
0.00066666667 	0.010108382 	0.022093624 	1.0439793
0.00072222222 	0.0088179164 	0.02461658 	1.0361677
0.00077777778 	0.0072427307 	0.028513641 	1.027272
0.00083333333 	0.0053592331 	0.032925648 	1.0181527
0.00088888889 	0.0030700438 	0.036090909 	1.0107902
0.00094444444 	0.00038581299 	0.036354286 	1.0068514
0.001 	-0.0023104322 	0.03319431 	1.0054573
0.0010617224 	-0.0040367519 	0.027203964 	1.0027597
0.0011225923 	-0.0043176891 	0.021202894 	0.99496759
0.0011826215 	-0.0038965564 	0.01743186 	0.98328143
0.0012418217 	-0.0037482921 	0.017053218 	0.9719221
0.0013002041 	-0.0042075022 	0.019953317 	0.9638643
0.0013577803 	-0.0050726501 	0.025298563 	0.95969868
0.0014145612 	-0.0059788856 	0.032301766 	0.958602
0.0014705579 	-0.0066467754 	0.04045743 	0.95915798
0.0015257812 	-0.0070255569 	0.04915691 	0.95984916
0.0015802418 	-0.0074288415 	0.05726366 	0.95968447
0.0016339502 	-0.008524285 	0.06328881 	0.9588082
0.0016869168 	-0.010946608 	0.066159775 	0.95836999
0.0017391518 	-0.014812175 	0.065882891 	0.95950654
0.0017906654 	-0.019650747 	0.063390001 	0.96241867
0.0018414676 	-0.024723247 	0.059821487 	0.96625554
0.0018915681 	-0.029434792 	0.055905849 	0.96966334
0.0019409766 	-0.033528374 	0.051795368 	0.9715221
0.0019897027 	-0.03698184 	0.047326587 	0.97138546
0.0020377558 	-0.039827749 	0.042342746 	0.96944821
0.0020851453 	-0.04208034 	0.036821965 	0.96626442
0.0021318802 	-0.043714864 	0.030841985 	0.96246812
0.0021779697 	-0.044695905 	0.024463875 	0.95859042
0.0022234225 	-0.04504707 	0.017702544 	0.95498775
0.0022682477 	-0.044845989 	0.01052465 	0.95183584
0.0023124537 	-0.044210356 	0.0028989507 	0.94915839
0.0023560491 	-0.043257254 	-0.0051984887 	0.94688155
0.0023990425 	-0.042087174 	-0.013717747 	0.94487083
0.002441442 	-0.040802555 	-0.022551111 	0.9429483
0.002483256 	-0.039477397 	-0.031521146 	0.94091018
0.0025244924 	-0.03816107 	-0.040369285 	0.93852331
0.0025651593 	-0.036891371 	-0.048765991 	0.9355152
0.0026052645 	-0.035674232 	-0.056335596 	0.93160919
0.0026448158 	-0.034481918 	-0.062666573 	0.92654436
0.0026838209 	-0.033275745 	-0.067318472 	0.92014262
0.0027222872 	-0.031995162 	-0.069846095 	0.91239073
0.0027602223 	-0.030583423 	-0.069823573 	0.90349381
0.0027976334 	-0.028989 	-0.066902415 	0.89393206
0.0028345278 	-0.027182708 	-0.060958308 	0.88442141
0.0028709126 	-0.025196638 	-0.052258075 	0.87574239
0.002906795 	-0.023125136 	-0.041570507 	0.86847981
0.0029421817 	-0.021103668 	-0.030083336 	0.86272695
0.0029770797 	-0.019229175 	-0.019123673 	0.85798809
0.0030114957 	-0.01751446 	-0.0098403874 	0.85339208
0.0030454363 	-0.015874817 	-0.0029610678 	0.84813887
0.0030789082 	-0.014213073 	0.001222528 	0.84182758
0.0031119178 	-0.012383494 	0.0027689773 	0.83451951
0.0031444715 	-0.01028098 	0.0019626613 	0.82647699
0.0031765755 	-0.0078233178 	-0.00084063727 	0.81787464
0.0032082362 	-0.0049281477 	-0.0053284145 	0.80852724
0.0032394596 	-0.0016117877 	-0.01125731 	0.7978749
0.0032702517 	0.0019949998 	-0.018325718 	0.78521454
0.0033006186 	0.0055468555 	-0.025999336 	0.77006779
0.003330566 	0.0085400331 	-0.033471215 	0.75246324
0.0033600998 	0.010380726 	-0.039862348 	0.73290682
0.0033892257 	0.010525908 	-0.044471087 	0.71218002
0.0034179494 	0.0086154602 	-0.046728337 	0.69103648
0.0034462763 	0.0044352249 	-0.045643274 	0.66985931
0.003474212 	-0.0020667805 	-0.039628836 	0.64831072
0.0035017619 	-0.010493267 	-0.028395187 	0.6253653
0.0035289312 	-0.020017624 	-0.015961497 	0.60068866
0.0035557253 	-0.029463364 	-0.0097877525 	0.57677855
0.0035821494 	-0.037395158 	-0.0148206 	0.55863774
0.0036082084 	-0.042843078 	-0.029640719 	0.54952016
0.0036339076 	-0.045614062 	-0.049244315 	0.54787951
0.0036592518 	-0.046053717 	-0.06944781 	0.5495166
0.003684246 	-0.044645687 	-0.088128131 	0.55099339
0.003708895 	-0.041947312 	-0.10425372 	0.55031452
0.0037332035 	-0.038441857 	-0.11707284 	0.54625761
0.0037571763 	-0.034453276 	-0.12590582 	0.53783736
0.003780818 	-0.030092744 	-0.13010532 	0.524097
0.0038041332 	-0.025333069 	-0.12903144 	0.50411309
0.0038271264 	-0.020190475 	-0.12217027 	0.4771147
0.0038498019 	-0.014896932 	-0.10956615 	0.44255395
0.0038721643 	-0.0099220473 	-0.092309953 	0.39990515
0.0038942179 	-0.0058076863 	-0.072606177 	0.348226
0.0039159668 	-0.0028995865 	-0.053028023 	0.28611787
0.0039374154 	-0.0011713101 	-0.035233875 	0.21285152
0.0039585677 	-0.00031937929 	-0.019452253 	0.13014142
0.0039794279 	-7.2989392e-06 	-0.0055449271 	0.042820275
0.004 	-7.2989392e-06 	-0.0055449271 	0.042820275
