0 	-0.079951652 	0.018747713 	0.92258199
5.5555625e-05 	-0.078276541 	-0.023052756 	0.91998658
0.00011111111 	-0.072014721 	-0.035361209 	0.91691291
0.00016666667 	-0.066495573 	-0.040761837 	0.91348408
0.00022222222 	-0.061504666 	-0.043057006 	0.90979093
0.00027777778 	-0.057127107 	-0.043571791 	0.90590197
0.00033333333 	-0.053558809 	-0.043159711 	0.90190736
0.00038888889 	-0.050939196 	-0.042495068 	0.8979256
0.00044444444 	-0.049298535 	-0.042035212 	0.89407184
0.0005 	-0.048582509 	-0.042007735 	0.89043977
0.00055555556 	-0.048694391 	-0.042471573 	0.88710412
0.00061111111 	-0.049514439 	-0.043412193 	0.88412957
0.00066666667 	-0.050891056 	-0.044794797 	0.88156851
0.00072222222 	-0.052627403 	-0.046554795 	0.87944915
0.00077777778 	-0.054468833 	-0.048526304 	0.8777722
0.00083333333 	-0.056092169 	-0.05036295 	0.876531
0.00088888889 	-0.057164301 	-0.05150138 	0.87576936
0.00094444444 	-0.057419501 	-0.051308163 	0.87565039
0.001 	-0.056737645 	-0.049294377 	0.87652415
0.0010617224 	-0.055180615 	-0.045612001 	0.87893867
0.0011225923 	-0.053284618 	-0.041754125 	0.88307736
0.0011826215 	-0.05146167 	-0.039586282 	0.88847426
0.0012418217 	-0.04991401 	-0.039942287 	0.89423949
0.0013002041 	-0.048546636 	-0.042307079 	0.89958876
0.0013577803 	-0.047194469 	-0.045519156 	0.9042059
0.0014145612 	-0.0456811 	-0.048421902 	0.90809522
0.0014705579 	-0.043843512 	-0.050192978 	0.91133387
0.0015257812 	-0.041586588 	-0.05041544 	0.91400618
0.0015802418 	-0.038906799 	-0.049075884 	0.91619095
0.0016339502 	-0.035840888 	-0.046372028 	0.91794181
0.0016869168 	-0.032434613 	-0.042472154 	0.9192691
0.0017391518 	-0.028765964 	-0.037432095 	0.92020488
0.0017906654 	-0.024979624 	-0.031219861 	0.92082589
0.0018414676 	-0.021271729 	-0.023771593 	0.92124299
0.0018915681 	-0.017838591 	-0.015084739 	0.9216032
0.0019409766 	-0.014904177 	-0.0052360204 	0.92210709
0.0019897027 	-0.012632093 	0.0055329156 	0.92306417
0.0020377558 	-0.011018278 	0.016894938 	0.92476615
0.0020851453 	-0.010177897 	0.028458433 	0.92751829
0.0021318802 	-0.010101958 	0.039718824 	0.93134662
0.0021779697 	-0.010717877 	0.050032628 	0.93575586
0.0022234225 	-0.011832407 	0.058634416 	0.93964529
0.0022682477 	-0.013156837 	0.064765965 	0.94152764
0.0023124537 	-0.014364733 	0.067966087 	0.94014353
0.0023560491 	-0.015126663 	0.068280459 	0.93511373
0.0023990425 	-0.015197257 	0.066159664 	0.92720375
0.002441442 	-0.014505249 	0.062151281 	0.91801116
0.002483256 	-0.013117706 	0.056693108 	0.90928126
0.0025244924 	-0.011200704 	0.050105285 	0.90231749
0.0025651593 	-0.0089625716 	0.042648319 	0.89773426
0.0026052645 	-0.0065816028 	0.034559023 	0.89545203
0.0026448158 	-0.0041845277 	0.026062434 	0.89486709
0.0026838209 	-0.0018290721 	0.017452545 	0.89513376
0.0027222872 	0.00051662226 	0.009169416 	0.89548729
0.0027602223 	0.0029177001 	0.0017065253 	0.89548565
0.0027976334 	0.0054504937 	-0.0045119347 	0.89496776
0.0028345278 	0.0082814933 	-0.0092555764 	0.89399574
0.0028709126 	0.011604274 	-0.012521083 	0.89269939
0.002906795 	0.015520165 	-0.014444857 	0.89119494
0.0029421817 	0.020071453 	-0.015209642 	0.88955357
0.0029770797 	0.025159343 	-0.014966839 	0.88780377
0.0030114957 	0.030540467 	-0.013790304 	0.8859447
0.0030454363 	0.035897561 	-0.011703156 	0.88396152
0.0030789082 	0.040804591 	-0.0087480112 	0.88176268
0.0031119178 	0.044884367 	-0.0050375642 	0.87926314
0.0031444715 	0.047830185 	-0.00082716694 	0.87636816
0.0031765755 	0.049532154 	0.003508517 	0.8730334
0.0032082362 	0.050043802 	0.0074989943 	0.86928541
0.0032394596 	0.049448044 	0.010649354 	0.86520964
0.0032702517 	0.047808734 	0.012525679 	0.86088281
0.0033006186 	0.045360692 	0.01281811 	0.85636164
0.003330566 	0.042424878 	0.011369086 	0.85163419
0.0033600998 	0.039205204 	0.0081680035 	0.84661446
0.0033892257 	0.035925939 	0.0033448885 	0.84116823
0.0034179494 	0.03273538 	-0.0028701838 	0.83512955
0.0034462763 	0.029714637 	-0.010192587 	0.82833321
0.003474212 	0.026952712 	-0.018300522 	0.82064161
0.0035017619 	0.024493967 	-0.026889944 	0.81195876
0.0035289312 	0.022344324 	-0.035696492 	0.80223523
0.0035557253 	0.020453929 	-0.044492229 	0.79149413
0.0035821494 	0.018755631 	-0.053061516 	0.77983515
0.0036082084 	0.017192537 	-0.061145659 	0.76739025
0.0036339076 	0.015753278 	-0.068352045 	0.75422384
0.0036592518 	0.014465396 	-0.074060112 	0.7402052
0.003684246 	0.013376163 	-0.077378042 	0.72494035
0.003708895 	0.012507712 	-0.077232446 	0.70782556
0.0037332035 	0.011801429 	-0.072633898 	0.6882332
0.0037571763 	0.011095298 	-0.063059474 	0.66563984
0.003780818 	0.010172577 	-0.048776655 	0.63941063
0.0038041332 	0.0088832905 	-0.030942138 	0.6081863
0.0038271264 	0.0072657173 	-0.011468693 	0.56947898
0.0038498019 	0.0055449183 	0.0071983152 	0.52039888
0.0038721643 	0.0039757034 	0.022316748 	0.45943359
0.0038942179 	0.0026858603 	0.031347485 	0.38765215
0.0039159668 	0.0016678608 	0.032895009 	0.30789473
0.0039374154 	0.00088074855 	0.027530466 	0.22288839
0.0039585677 	0.00031912787 	0.017573782 	0.13444432
0.0039794279 	2.8633958e-05 	0.0058156609 	0.044372709
0.004 	3.3182479e-05 	0.0058591277 	0.040149143
