0 	0.020822957 	0.0042837066 	0.97543123
5.5555556e-05 	0.020176823 	0.0070697011 	0.97841172
0.00011111111 	0.023377377 	0.0035870908 	0.98245449
0.00016666667 	0.027627948 	-0.0011141526 	0.98740099
0.00022222222 	0.032039491 	-0.0063918161 	0.99293775
0.00027777778 	0.036132758 	-0.012004955 	0.99860983
0.00033333333 	0.039530886 	-0.017782708 	1.0039107
0.00038888889 	0.041933165 	-0.023452125 	1.0084216
0.00044444444 	0.043164427 	-0.028638254 	1.0119127
0.0005 	0.043202239 	-0.032917046 	1.0143461
0.00055555556 	0.042182301 	-0.035915305 	1.0157478
0.00061111111 	0.040375171 	-0.037469471 	1.0160964
0.00066666667 	0.038069492 	-0.037732823 	1.0153759
0.00072222222 	0.035415805 	-0.037143884 	1.0137909
0.00077777778 	0.03236538 	-0.03619972 	1.01186
0.00083333333 	0.028822239 	-0.035178177 	1.0101255
0.00088888889 	0.024906575 	-0.034144626 	1.0086655
0.00094444444 	0.021148204 	-0.033062869 	1.006903
0.001 	0.017700799 	-0.031594696 	1.0039673
0.0010617199 	0.015201448 	-0.029353701 	0.9992177
0.0011225874 	0.013704022 	-0.026019128 	0.99361971
0.0011826143 	0.012657734 	-0.021513328 	0.98847548
0.0012418122 	0.011671171 	-0.016409244 	0.98474254
0.0013001926 	0.010608408 	-0.011565825 	0.98259417
0.0013577668 	0.009481224 	-0.0077615632 	0.98156737
0.0014145458 	0.0084553509 	-0.0054364883 	0.98084713
0.0014705407 	0.0079384561 	-0.0047906839 	0.97947006
0.0015257623 	0.0082299352 	-0.0057513652 	0.9765798
0.0015802213 	0.0093508493 	-0.0081125889 	0.97179823
0.0016339282 	0.011087435 	-0.011537567 	0.96552366
0.0016868934 	0.0130053 	-0.015603079 	0.95853842
0.0017391271 	0.014817766 	-0.019854896 	0.95142592
0.0017906395 	0.016465133 	-0.023860988 	0.94440725
0.0018414404 	0.017972289 	-0.027302107 	0.93754981
0.0018915398 	0.019375998 	-0.029911185 	0.93087017
0.0019409473 	0.020665502 	-0.03148664 	0.92436056
0.0019896725 	0.021827928 	-0.031925439 	0.9179963
0.0020377248 	0.022892723 	-0.031225793 	0.91176351
0.0020851134 	0.023839519 	-0.029474947 	0.90571945
0.0021318476 	0.024643697 	-0.026817289 	0.89994813
0.0021779364 	0.025284662 	-0.023440926 	0.89455473
0.0022233887 	0.02576667 	-0.019509705 	0.88962626
0.0022682133 	0.026087607 	-0.015193768 	0.88521355
0.0023124189 	0.026274448 	-0.010633649 	0.88130788
0.0023560139 	0.026404896 	-0.00596159 	0.87787578
0.0023990069 	0.026494013 	-0.0012877725 	0.87483964
0.0024414062 	0.026606101 	0.0033010397 	0.87210383
0.0024832199 	0.026805819 	0.0077184382 	0.8695551
0.0025244562 	0.027129518 	0.011890993 	0.86708883
0.002565123 	0.027608837 	0.015759387 	0.86461321
0.0026052281 	0.028256814 	0.019268922 	0.86204561
0.0026447794 	0.029065788 	0.02238739 	0.859324
0.0026837845 	0.030022244 	0.025105386 	0.85641446
0.0027222509 	0.031114702 	0.027428358 	0.85330903
0.0027601861 	0.032304532 	0.029371805 	0.85002456
0.0027975974 	0.033546608 	0.030956742 	0.84660287
0.002834492 	0.034784448 	0.032188059 	0.84311764
0.0028708772 	0.035960644 	0.033061696 	0.83967089
0.0029067598 	0.037007093 	0.033559335 	0.83638084
0.0029421469 	0.037842359 	0.033660705 	0.83336255
0.0029770452 	0.03837942 	0.033341863 	0.83069163
0.0030114616 	0.038511757 	0.032566091 	0.82836392
0.0030454028 	0.038113989 	0.031256953 	0.82626123
0.0030788752 	0.037045303 	0.029283391 	0.82418519
0.0031118853 	0.035177898 	0.026485678 	0.8219449
0.0031444395 	0.032416132 	0.022733325 	0.81942425
0.0031765442 	0.028865748 	0.018083347 	0.81662083
0.0032082055 	0.024862015 	0.012815248 	0.81358581
0.0032394295 	0.020644215 	0.0072456007 	0.81031432
0.0032702223 	0.016487427 	0.001664598 	0.80674094
0.0033005899 	0.012706407 	-0.0037108335 	0.80289422
0.0033305381 	0.0094290178 	-0.0086916444 	0.79903185
0.0033600727 	0.0066387777 	-0.013115459 	0.79561679
0.0033891994 	0.0042301436 	-0.016931624 	0.79311723
0.0034179239 	0.0020785356 	-0.020195463 	0.79189013
0.0034462517 	7.5022145e-05 	-0.023066976 	0.7920936
0.0034741882 	-0.0018386387 	-0.025747092 	0.79369605
0.003501739 	-0.0036671817 	-0.028450563 	0.79648935
0.0035289093 	-0.0053666065 	-0.031352444 	0.8001364
0.0035557043 	-0.0068715257 	-0.034568628 	0.80417063
0.0035821293 	-0.0081049274 	-0.038109409 	0.80800847
0.0036081894 	-0.0089947631 	-0.041856006 	0.81096247
0.0036338895 	-0.0094619843 	-0.045592694 	0.81226413
0.0036592348 	-0.0094209723 	-0.049021711 	0.81109213
0.00368423 	-0.0088605097 	-0.051791887 	0.80660648
0.00370888 	-0.0077417443 	-0.053519948 	0.79797651
0.0037331896 	-0.0060323177 	-0.053842038 	0.7844669
0.0037571635 	-0.0038137596 	-0.052504041 	0.76552858
0.0037808063 	-0.0012052148 	-0.049503485 	0.74091263
0.0038041226 	0.0016251687 	-0.045265777 	0.71065521
0.0038271169 	0.004362308 	-0.040721583 	0.67460046
0.0038497936 	0.0064730533 	-0.036742345 	0.63131511
0.0038721572 	0.0073647014 	-0.032935859 	0.57679252
0.0038942119 	0.006718677 	-0.027583932 	0.50494958
0.003915962 	0.0048323393 	-0.019883272 	0.41149913
0.0039374118 	0.0025286644 	-0.011803772 	0.29896471
0.0039585653 	0.00068087557 	-0.006282537 	0.17713801
0.0039794267 	-4.7810953e-05 	-0.0033757917 	0.057129823
0.004 	-0.00034205116 	-0.0075974735 	0.049843492
