0 	-0.013048882 	0.0045350467 	1.0033153
5.5555556e-05 	-0.017604757 	-0.00029711458 	0.99694938
0.00011111111 	-0.020368554 	-0.0019287579 	0.99218909
0.00016666667 	-0.02158959 	-0.0028828329 	0.98974528
0.00022222222 	-0.021015812 	-0.003421679 	0.99002142
0.00027777778 	-0.018694775 	-0.0035626893 	0.993086
0.00033333333 	-0.014950441 	-0.0033909932 	0.99872936
0.00038888889 	-0.010302957 	-0.0031164128 	1.0065592
0.00044444444 	-0.0053473653 	-0.0030427167 	1.0160866
0.0005 	-0.00064674778 	-0.0034903506 	1.0267625
0.00055555556 	0.0033672059 	-0.0046867654 	1.0379545
0.00061111111 	0.00642911 	-0.0066697691 	1.0488669
0.00066666667 	0.0084154183 	-0.0092428508 	1.0584607
0.00072222222 	0.0092976353 	-0.011983841 	1.0655187
0.00077777778 	0.0090916626 	-0.014342294 	1.0689493
0.00083333333 	0.0078591449 	-0.015791554 	1.0682207
0.00088888889 	0.0057497 	-0.016011881 	1.0636071
0.00094444444 	0.0029886834 	-0.015047464 	1.0560932
0.001 	-0.00034674044 	-0.013174202 	1.046495
0.0010617199 	-0.0039544264 	-0.011072244 	1.0365438
0.0011225874 	-0.0072941236 	-0.009592461 	1.0283712
0.0011826143 	-0.010104424 	-0.0091606911 	1.022655
0.0012418122 	-0.012208022 	-0.0099319718 	1.0191612
0.0013001926 	-0.013480127 	-0.011874675 	1.016947
0.0013577668 	-0.013872955 	-0.014880774 	1.0147203
0.0014145458 	-0.013378254 	-0.018788473 	1.0112268
0.0014705407 	-0.012016753 	-0.023329495 	1.0055672
0.0015257623 	-0.0098859542 	-0.028066443 	0.99742747
0.0015802213 	-0.0071939191 	-0.032387632 	0.98728442
0.0016339282 	-0.0042849901 	-0.035635718 	0.97649904
0.0016868934 	-0.001464192 	-0.037389604 	0.96688521
0.0017391271 	0.0012228572 	-0.037901131 	0.95952056
0.0017906395 	0.0039174046 	-0.038161191 	0.95387539
0.0018414404 	0.0066443544 	-0.039425443 	0.94856242
0.0018915398 	0.0090805463 	-0.042315112 	0.94280337
0.0019409473 	0.010815791 	-0.046518417 	0.93676644
0.0019896725 	0.011684379 	-0.051214748 	0.93095812
0.0020377248 	0.011820925 	-0.055604001 	0.92581227
0.0020851134 	0.011500965 	-0.059144401 	0.92169392
0.0021318476 	0.010921301 	-0.061561971 	0.91890652
0.0021779364 	0.010076984 	-0.062848137 	0.91758946
0.0022233887 	0.0087407252 	-0.063243712 	0.91766149
0.0022682133 	0.0065976956 	-0.063150893 	0.91885734
0.0023124189 	0.0034635989 	-0.062936973 	0.92077712
0.0023560139 	-0.00059400238 	-0.062685905 	0.92278738
0.0023990069 	-0.0052475249 	-0.062243113 	0.92366972
0.0024414062 	-0.0099196046 	-0.061784178 	0.92125194
0.0024832199 	-0.013937314 	-0.062211382 	0.91303856
0.0025244562 	-0.017061654 	-0.064352655 	0.8985728
0.002565123 	-0.019651824 	-0.067335421 	0.88159084
0.0026052281 	-0.022163586 	-0.068251623 	0.86867599
0.0026447794 	-0.024737345 	-0.063981762 	0.86512436
0.0026837845 	-0.027211288 	-0.053485103 	0.87170566
0.0027222509 	-0.029264329 	-0.038490083 	0.88433658
0.0027601861 	-0.030452828 	-0.022337339 	0.89600307
0.0027975974 	-0.030295875 	-0.0081644202 	0.8996778
0.002834492 	-0.028547862 	0.0023535475 	0.89112603
0.0028708772 	-0.025488806 	0.0090928855 	0.87036653
0.0029067598 	-0.02188915 	0.012856266 	0.84119987
0.0029421469 	-0.01867213 	0.014643163 	0.80925078
0.0029770452 	-0.016593458 	0.015175924 	0.77963437
0.0030114616 	-0.015947771 	0.014811164 	0.75544364
0.0030454028 	-0.016510225 	0.013650698 	0.73748309
0.0030788752 	-0.017781819 	0.011732752 	0.72491042
0.0031118853 	-0.019214513 	0.009182183 	0.71608197
0.0031444395 	-0.020339991 	0.0062762896 	0.70916942
0.0031765442 	-0.020822957 	0.0034584868 	0.70244308
0.0032082055 	-0.020464746 	0.001274068 	0.69439386
0.0032394295 	-0.019192563 	0.00024400759 	0.68386369
0.0032702223 	-0.017045863 	0.00072206716 	0.67021519
0.0033005899 	-0.0141614 	0.0027800083 	0.65344389
0.0033305381 	-0.01076219 	0.0061685473 	0.63414518
0.0033600727 	-0.0071302046 	0.010374261 	0.61333069
0.0033891994 	-0.0035668445 	0.014753012 	0.5921779
0.0034179239 	-0.00034735331 	0.018677106 	0.57179529
0.0034462517 	0.0023246406 	0.021646624 	0.55305646
0.0034741882 	0.004338358 	0.023344657 	0.53652101
0.003501739 	0.0056720189 	0.023641387 	0.5224243
0.0035289093 	0.0063762725 	0.022565641 	0.51070268
0.0035557043 	0.0065545775 	0.020265656 	0.50102107
0.0035821293 	0.0063431559 	0.016973978 	0.49280057
0.0036081894 	0.0058905447 	0.012981783 	0.48526531
0.0036338895 	0.0053342625 	0.0086183082 	0.47752364
0.0036592348 	0.0047810425 	0.0042280408 	0.46867059
0.00368423 	0.0042936146 	0.0001397277 	0.45787896
0.00370888 	0.0038954311 	-0.0033688847 	0.44444543
0.0037331896 	0.0035732037 	-0.0061084801 	0.42779412
0.0037571635 	0.0032865153 	-0.0079994006 	0.40747496
0.0037808063 	0.0029933051 	-0.0090723428 	0.38316031
0.0038041226 	0.0026637053 	-0.0094468472 	0.35467491
0.0038271169 	0.0022856707 	-0.0092922173 	0.32204644
0.0038497936 	0.0018649353 	-0.0087804221 	0.28554865
0.0038721572 	0.0014215386 	-0.0080472815 	0.24570428
0.0038942119 	0.00098516949 	-0.0071718813 	0.20323205
0.003915962 	0.0005909181 	-0.0061719528 	0.15895014
0.0039374118 	0.00027543278 	-0.0050008476 	0.11366788
0.0039585653 	7.0134303e-05 	-0.0035283819 	0.06808737
0.0039794267 	-4.3893726e-06 	-0.0015004588 	0.022695075
0.004 	-1.187928e-05 	-0.001912656 	0.020548851
