0 	0.083668363 	0.036945981 	1.0263866
5.5555556e-05 	-0.0018283888 	-0.086091618 	1.0197091
0.00011111111 	-0.0092229321 	-0.081592919 	1.0181924
0.00016666667 	-0.0088760989 	-0.077680293 	1.0183996
0.00022222222 	-0.0053032714 	-0.074742803 	1.0198785
0.00027777778 	-0.00040014411 	-0.072460036 	1.0216702
0.00033333333 	0.0047185561 	-0.070292625 	1.0228297
0.00038888889 	0.009504365 	-0.06785065 	1.0228986
0.00044444444 	0.013895892 	-0.065066437 	1.0220341
0.0005 	0.018115675 	-0.06210071 	1.0207937
0.00055555556 	0.022447709 	-0.059103131 	1.0197916
0.00061111111 	0.027043831 	-0.056086153 	1.0194126
0.00066666667 	0.031824787 	-0.052955591 	1.0196732
0.00072222222 	0.036524681 	-0.049616204 	1.0202233
0.00077777778 	0.040799271 	-0.04605218 	1.0205182
0.00083333333 	0.044330807 	-0.042327526 	1.0200704
0.00088888889 	0.046933238 	-0.038582094 	1.0186181
0.00094444444 	0.048585339 	-0.034911415 	1.0162465
0.001 	0.049446674 	-0.031201559 	1.0129234
0.0010617224 	0.049579977 	-0.027635586 	1.0088075
0.0011225923 	0.049320228 	-0.024453159 	1.0044723
0.0011826215 	0.048952607 	-0.021611944 	1.0002713
0.0012418217 	0.048693212 	-0.019069184 	0.99650955
0.0013002041 	0.048695531 	-0.016832341 	0.99343277
0.0013577803 	0.049043062 	-0.014986128 	0.99119674
0.0014145612 	0.049778616 	-0.013670455 	0.98984307
0.0014705579 	0.05090236 	-0.01305577 	0.98929438
0.0015257812 	0.052392584 	-0.013297434 	0.98941962
0.0015802418 	0.054201908 	-0.014525334 	0.99009806
0.0016339502 	0.056209946 	-0.016836623 	0.99126485
0.0016869168 	0.058204137 	-0.020271722 	0.9928961
0.0017391518 	0.059891646 	-0.024776142 	0.99496673
0.0017906654 	0.060930498 	-0.030192356 	0.99740188
0.0018414676 	0.061003527 	-0.03619719 	1.0000296
0.0018915681 	0.059897455 	-0.042402629 	1.0025695
0.0019409766 	0.05752716 	-0.048414289 	1.0046375
0.0019897027 	0.053952413 	-0.053893886 	1.0057684
0.0020377558 	0.049401821 	-0.058585748 	1.0054588
0.0020851453 	0.044260574 	-0.062310207 	1.0033196
0.0021318802 	0.039032345 	-0.06494868 	0.99943091
0.0021779697 	0.034219354 	-0.066420046 	0.99456087
0.0022234225 	0.030180731 	-0.066646064 	0.98985226
0.0022682477 	0.026914927 	-0.065778061 	0.98570841
0.0023124537 	0.023850041 	-0.064779759 	0.98076522
0.0023560491 	0.01995169 	-0.065849615 	0.9728068
0.0023990425 	0.014290851 	-0.071468441 	0.96169885
0.002441442 	0.0066701574 	-0.082257945 	0.95050803
0.002483256 	-0.0023440715 	-0.095904037 	0.94273367
0.0025244924 	-0.011753008 	-0.10875927 	0.93937621
0.0025651593 	-0.0205377 	-0.11859857 	0.93891283
0.0026052645 	-0.027786109 	-0.12557504 	0.93898738
0.0026448158 	-0.032834021 	-0.13075188 	0.93778947
0.0026838209 	-0.035503521 	-0.13461159 	0.93454251
0.0027222872 	-0.035961998 	-0.13692304 	0.92939356
0.0027602223 	-0.034577682 	-0.13728238 	0.92305272
0.0027976334 	-0.031818963 	-0.13545186 	0.91637168
0.0028345278 	-0.028122229 	-0.13140252 	0.91007235
0.0028709126 	-0.023838419 	-0.12524748 	0.90462816
0.002906795 	-0.019249309 	-0.11715775 	0.90027915
0.0029421817 	-0.01458374 	-0.10736496 	0.89708598
0.0029770797 	-0.010038634 	-0.096161496 	0.89496808
0.0030114957 	-0.0057902274 	-0.083918766 	0.89375178
0.0030454363 	-0.0019638327 	-0.071024209 	0.89316497
0.0030789082 	0.0013693989 	-0.05784563 	0.89287618
0.0031119178 	0.0041703575 	-0.04464561 	0.89254106
0.0031444715 	0.0064426997 	-0.031572031 	0.89186477
0.0031765755 	0.0081237334 	-0.01866736 	0.89063829
0.0032082362 	0.0093919019 	-0.0059470882 	0.88883727
0.0032394596 	0.01025592 	0.0066754895 	0.88653436
0.0032702517 	0.010540328 	0.019370605 	0.88393311
0.0033006186 	0.01021293 	0.032325167 	0.88122085
0.003330566 	0.0092443843 	0.045722131 	0.87836724
0.0033600998 	0.007691092 	0.059659161 	0.87500261
0.0033892257 	0.0057152778 	0.074046414 	0.8704832
0.0034179494 	0.0035735834 	0.088510582 	0.86415471
0.0034462763 	0.0015824608 	0.10235032 	0.85568676
0.003474212 	3.6698625e-05 	0.11456735 	0.84524796
0.0035017619 	-0.00081470777 	0.12398828 	0.8334235
0.0035289312 	-0.00074977108 	0.12945189 	0.82089112
0.0035557253 	0.00026129697 	0.13001231 	0.80811835
0.0035821494 	0.0020977611 	0.12510599 	0.79520276
0.0036082084 	0.0045997126 	0.11466161 	0.7818887
0.0036339076 	0.0075024692 	0.099154989 	0.76767755
0.0036592518 	0.010476639 	0.079624028 	0.751937
0.003684246 	0.013170938 	0.057654775 	0.73386415
0.003708895 	0.015243659 	0.035326686 	0.71230955
0.0037332035 	0.016408397 	0.015035402 	0.68553509
0.0037571763 	0.016489428 	-0.00087025111 	0.65113169
0.003780818 	0.015507708 	-0.010645245 	0.60639555
0.0038041332 	0.013709731 	-0.013721202 	0.54937619
0.0038271264 	0.011479712 	-0.011037936 	0.48041451
0.0038498019 	0.0091829003 	-0.0048524471 	0.40310174
0.0038721643 	0.0070333989 	0.0020186467 	0.32344485
0.0038942179 	0.0050898794 	0.0071938063 	0.24746416
0.0039159668 	0.0033503129 	0.0093831221 	0.17902155
0.0039374154 	0.0018471409 	0.0084676819 	0.11918129
0.0039585677 	0.00069176063 	0.0052424866 	0.067004547
0.0039794279 	6.0722055e-05 	0.001227433 	0.020879826
0.004 	6.0722055e-05 	0.001227433 	0.020879826
