0 	-0.079951652 	0.018747713 	0.92258199
2.0100503e-05 	-0.022559297 	-0.076893313 	0.91844347
4.0201005e-05 	-0.022559297 	-0.076893313 	0.91844347
6.0301508e-05 	0.0094260904 	-0.077385999 	0.91538925
8.040201e-05 	0.0094260904 	-0.077385999 	0.91538925
0.00010050251 	0.0094260904 	-0.077385999 	0.91538925
0.00012060302 	0.014236998 	-0.07477048 	0.91369723
0.00014070352 	0.014236998 	-0.07477048 	0.91369723
0.00016080402 	0.014236998 	-0.07477048 	0.91369723
0.00018090452 	0.014158795 	-0.073312522 	0.91373505
0.00020100503 	0.014158795 	-0.073312522 	0.91373505
0.00022110553 	0.032848535 	-0.06865751 	0.91784301
0.00024120603 	0.013067531 	-0.072103855 	0.91596565
0.00026130653 	0.013067531 	-0.072103855 	0.91596565
0.00028140704 	0.012181311 	-0.070385575 	0.9208076
0.00030150754 	0.023606543 	-0.068778345 	0.9247767
0.00032160804 	0.023606543 	-0.068778345 	0.9247767
0.00034170854 	0.021144311 	-0.066647466 	0.9319887
0.00036180905 	0.021144311 	-0.066647466 	0.9319887
0.00038190955 	0.021144311 	-0.066647466 	0.9319887
0.00040201005 	0.012636163 	-0.063459013 	0.93889431
0.00042211055 	0.012636163 	-0.063459013 	0.93889431
0.00044221106 	0.012636163 	-0.063459013 	0.93889431
0.00046231156 	0.014103138 	-0.057922467 	0.95170823
0.00048241206 	0.014103138 	-0.057922467 	0.95170823
0.00050251256 	0.016239775 	-0.051230144 	0.96636145
0.00052261307 	0.016239775 	-0.051230144 	0.96636145
0.00054271357 	0.016239775 	-0.051230144 	0.96636145
0.00056281407 	0.018877062 	-0.043809523 	0.98221356
0.00058291457 	0.018877062 	-0.043809523 	0.98221356
0.00060301508 	0.018877062 	-0.043809523 	0.98221356
0.00062311558 	0.024463457 	-0.036946909 	0.99833056
0.00064321608 	0.024463457 	-0.036946909 	0.99833056
0.00066331658 	0.024463457 	-0.036946909 	0.99833056
0.00068341709 	0.027128612 	-0.029797032 	1.0141641
0.00070351759 	0.027128612 	-0.029797032 	1.0141641
0.00072361809 	0.030152893 	-0.023421029 	1.0294684
0.00074371859 	0.028507567 	-0.022511567 	1.0306834
0.0007638191 	0.028507567 	-0.022511567 	1.0306834
0.0007839196 	0.032056121 	-0.017407755 	1.0451359
0.0008040201 	0.032056121 	-0.017407755 	1.0451359
0.0008241206 	0.032056121 	-0.017407755 	1.0451359
0.00084422111 	0.03571556 	-0.01387795 	1.0577579
0.00086432161 	0.03571556 	-0.01387795 	1.0577579
0.00088442211 	0.03571556 	-0.01387795 	1.0577579
0.00090452261 	0.039415837 	-0.012040269 	1.0680449
0.00092462312 	0.039415837 	-0.012040269 	1.0680449
0.00094472362 	0.043138184 	-0.011857576 	1.075585
0.00096482412 	0.043138184 	-0.011857576 	1.075585
0.00098492462 	0.043138184 	-0.011857576 	1.075585
0.0010050251 	0.046911652 	-0.01326046 	1.0804576
0.0010251256 	0.047786786 	-0.01353204 	1.078199
0.0010452261 	0.047786786 	-0.01353204 	1.078199
0.0010653266 	0.051334103 	-0.016577686 	1.0791719
0.0010854271 	0.051334103 	-0.016577686 	1.0791719
0.0011055276 	0.051334103 	-0.016577686 	1.0791719
0.0011256281 	0.054462859 	-0.020844502 	1.0764766
0.0011457286 	0.054462859 	-0.020844502 	1.0764766
0.0011658291 	0.054462859 	-0.020844502 	1.0764766
0.0011859296 	0.057123647 	-0.025684077 	1.0708214
0.0012060302 	0.057123647 	-0.025684077 	1.0708214
0.0012261307 	0.057123647 	-0.025684077 	1.0708214
0.0012462312 	0.059200143 	-0.030274291 	1.0635185
0.0012663317 	0.059200143 	-0.030274291 	1.0635185
0.0012864322 	0.059200143 	-0.030274291 	1.0635185
0.0013065327 	0.060443913 	-0.033801121 	1.0563114
0.0013266332 	0.060443913 	-0.033801121 	1.0563114
0.0013467337 	0.060443913 	-0.033801121 	1.0563114
0.0013668342 	0.060597218 	-0.035737978 	1.0507436
0.0013869347 	0.060597218 	-0.035737978 	1.0507436
0.0014070352 	0.060597218 	-0.035737978 	1.0507436
0.0014271357 	0.059575904 	-0.036029737 	1.047506
0.0014472362 	0.059575904 	-0.036029737 	1.047506
0.0014673367 	0.059575904 	-0.036029737 	1.047506
0.0014874372 	0.057488332 	-0.035025023 	1.046256
0.0015075377 	0.057488332 	-0.035025023 	1.046256
0.0015276382 	0.054491168 	-0.033272475 	1.0459425
0.0015477387 	0.054491168 	-0.033272475 	1.0459425
0.0015678392 	0.054491168 	-0.033272475 	1.0459425
0.0015879397 	0.050619294 	-0.031336276 	1.0452454
0.0016080402 	0.050619294 	-0.031336276 	1.0452454
0.0016281407 	0.050619294 	-0.031336276 	1.0452454
0.0016482412 	0.045677744 	-0.029672704 	1.0428384
0.0016683417 	0.045677744 	-0.029672704 	1.0428384
0.0016884422 	0.039266629 	-0.028544586 	1.0375786
0.0017085427 	0.039266629 	-0.028544586 	1.0375786
0.0017286432 	0.039266629 	-0.028544586 	1.0375786
0.0017487437 	0.03099437 	-0.028058989 	1.0285814
0.0017688442 	0.03099437 	-0.028058989 	1.0285814
0.0017889447 	0.03099437 	-0.028058989 	1.0285814
0.0018090452 	0.020879438 	-0.028516672 	1.0150848
0.0018291457 	0.020879438 	-0.028516672 	1.0150848
0.0018492462 	0.0098282277 	-0.030950596 	0.99685126
0.0018693467 	0.0098282277 	-0.030950596 	0.99685126
0.0018894472 	0.0098282277 	-0.030950596 	0.99685126
0.0019095477 	-0.00041259959 	-0.036774355 	0.97538682
0.0019296482 	-0.00041259959 	-0.036774355 	0.97538682
0.0019497487 	-0.008259336 	-0.045825728 	0.95394125
0.0019698492 	-0.008259336 	-0.045825728 	0.95394125
0.0019899497 	-0.013371067 	-0.055002471 	0.93550535
0.0020100503 	-0.013371067 	-0.055002471 	0.93550535
0.0020301508 	-0.013371067 	-0.055002471 	0.93550535
0.0020502513 	-0.016670568 	-0.059813221 	0.92150182
0.0020703518 	-0.016670568 	-0.059813221 	0.92150182
0.0020904523 	-0.019664551 	-0.057649961 	0.91267588
0.0021105528 	-0.019664551 	-0.057649961 	0.91267588
0.0021306533 	-0.019664551 	-0.057649961 	0.91267588
0.0021507538 	-0.02370993 	-0.048657348 	0.91037845
0.0021708543 	-0.02370993 	-0.048657348 	0.91037845
0.0021909548 	-0.029464451 	-0.033247867 	0.91579621
0.0022110553 	-0.029464451 	-0.033247867 	0.91579621
0.0022311558 	-0.036808032 	-0.011457722 	0.92757691
0.0022512563 	-0.036808032 	-0.011457722 	0.92757691
0.0022713568 	-0.045281834 	0.013669984 	0.94125012
0.0022914573 	-0.045281834 	0.013669984 	0.94125012
0.0023115578 	-0.045281834 	0.013669984 	0.94125012
0.0023316583 	-0.054385549 	0.035661189 	0.95135705
0.0023517588 	-0.054385549 	0.035661189 	0.95135705
0.0023718593 	-0.062628985 	0.048513375 	0.95373885
0.0023919598 	-0.062628985 	0.048513375 	0.95373885
0.0024120603 	-0.06818789 	0.049207903 	0.94524547
0.0024321608 	-0.06818789 	0.049207903 	0.94524547
0.0024522613 	-0.070590298 	0.037367522 	0.92401296
0.0024723618 	-0.070590298 	0.037367522 	0.92401296
0.0024924623 	-0.07078354 	0.015117735 	0.89058231
0.0025125628 	-0.07078354 	0.015117735 	0.89058231
0.0025326633 	-0.070522148 	-0.012405528 	0.84835219
0.0025527638 	-0.070522148 	-0.012405528 	0.84835219
0.0025728643 	-0.071662354 	-0.038186633 	0.80201092
0.0025929648 	-0.071662354 	-0.038186633 	0.80201092
0.0026130653 	-0.07540328 	-0.057060972 	0.75449047
0.0026331658 	-0.07540328 	-0.057060972 	0.75449047
0.0026532663 	-0.081688641 	-0.067944685 	0.70760423
0.0026733668 	-0.081688641 	-0.067944685 	0.70760423
0.0026934673 	-0.089373054 	-0.072231162 	0.66443531
0.0027135678 	-0.089373054 	-0.072231162 	0.66443531
0.0027336683 	-0.096943273 	-0.071186126 	0.62872845
0.0027537688 	-0.096943273 	-0.071186126 	0.62872845
0.0027738693 	-0.10337218 	-0.064809054 	0.60274138
0.0027939698 	-0.10337218 	-0.064809054 	0.60274138
0.0028140704 	-0.1083541 	-0.052934827 	0.58633809
0.0028341709 	-0.1083541 	-0.052934827 	0.58633809
0.0028542714 	-0.11206196 	-0.036663641 	0.57765548
0.0028743719 	-0.1149077 	-0.018672702 	0.57365086
0.0028944724 	-0.1149077 	-0.018672702 	0.57365086
0.0029145729 	-0.11730014 	-0.0021831234 	0.57035417
0.0029346734 	-0.11730014 	-0.0021831234 	0.57035417
0.0029547739 	-0.119 	0.010916832 	0.56513995
0.0029748744 	-0.119 	0.010916832 	0.56513995
0.0029949749 	-0.11917374 	0.021013949 	0.55864586
0.0030150754 	-0.11752137 	0.029240344 	0.55275953
0.0030351759 	-0.11752137 	0.029240344 	0.55275953
0.0030552764 	-0.11439782 	0.035908162 	0.54812639
0.0030753769 	-0.11439782 	0.035908162 	0.54812639
0.0030954774 	-0.11026298 	0.04093545 	0.54451827
0.0031155779 	-0.1053293 	0.044561027 	0.54164149
0.0031356784 	-0.1053293 	0.044561027 	0.54164149
0.0031557789 	-0.099616856 	0.047051909 	0.53915395
0.0031758794 	-0.099616856 	0.047051909 	0.53915395
0.0031959799 	-0.093225631 	0.048423422 	0.53674498
0.0032160804 	-0.086332174 	0.048637441 	0.53430457
0.0032361809 	-0.086332174 	0.048637441 	0.53430457
0.0032562814 	-0.079117191 	0.047792085 	0.53184993
0.0032763819 	-0.071722989 	0.046069786 	0.52943008
0.0032964824 	-0.071722989 	0.046069786 	0.52943008
0.0033165829 	-0.064268992 	0.043637373 	0.52709954
0.0033366834 	-0.056871341 	0.040621753 	0.52491323
0.0033567839 	-0.056871341 	0.040621753 	0.52491323
0.0033768844 	-0.049645017 	0.037131824 	0.5229137
0.0033969849 	-0.04269832 	0.033269144 	0.52110559
0.0034170854 	-0.04269832 	0.033269144 	0.52110559
0.0034371859 	-0.036132306 	0.029126737 	0.51943001
0.0034572864 	-0.030040297 	0.024791105 	0.51774586
0.0034773869 	-0.024501428 	0.02034382 	0.51581909
0.0034974874 	-0.024501428 	0.02034382 	0.51581909
0.0035175879 	-0.019574171 	0.015865921 	0.51332228
0.0035376884 	-0.01529232 	0.01144546 	0.50984265
0.0035577889 	-0.011662124 	0.0071778031 	0.50490376
0.0035778894 	-0.011662124 	0.0071778031 	0.50490376
0.0035979899 	-0.0086646198 	0.0031809954 	0.49800514
0.0036180905 	-0.0062573917 	-0.00040922357 	0.48868116
0.003638191 	-0.0043630469 	-0.0034430126 	0.47656964
0.0036582915 	-0.0043630469 	-0.0034430126 	0.47656964
0.003678392 	-0.0028980377 	-0.0057749561 	0.46146147
0.0036984925 	-0.001797381 	-0.0072864034 	0.44332594
0.003718593 	-0.0010067019 	-0.0079143737 	0.42229703
0.0037386935 	-0.00048277184 	-0.0076791036 	0.39860382
0.003758794 	-0.00017423128 	-0.0066985451 	0.37249639
0.0037788945 	-0.00017423128 	-0.0066985451 	0.37249639
0.003798995 	-3.2169974e-05 	-0.0051785634 	0.34417723
0.0038190955 	-1.560923e-05 	-0.0033892409 	0.31378056
0.003839196 	-6.6869672e-05 	-0.0016199815 	0.28139885
0.0038592965 	-0.00013616749 	-0.00013134783 	0.24714558
0.003879397 	-0.00018344918 	0.00088206283 	0.21121251
0.0038994975 	-0.00018360474 	0.0013179469 	0.17390299
0.003919598 	-0.00014297376 	0.0011890738 	0.13562701
0.0039396985 	-8.1276491e-05 	0.00064172037 	0.096849938
0.003959799 	-2.8232003e-05 	-2.5328798e-05 	0.057998659
0.0039798995 	-2.877486e-06 	-0.00034438133 	0.019345081
0.004 	-2.877486e-06 	-0.00034438133 	0.019345081
