0 	-0.0092994004 	0.014926678 	1.0400099
5.5555556e-05 	0.020235737 	0.01161593 	1.0375474
0.00011111111 	0.022871595 	0.012737141 	1.0363584
0.00016666667 	0.024854026 	0.014010819 	1.0354807
0.00022222222 	0.026546187 	0.014528 	1.0351023
0.00027777778 	0.028085806 	0.014012669 	1.0353643
0.00033333333 	0.02954507 	0.012405009 	1.0363209
0.00038888889 	0.030952152 	0.0097565702 	1.0378795
0.00044444444 	0.032310182 	0.0061884317 	1.0397598
0.0005 	0.033603871 	0.0018697812 	1.0415124
0.00055555556 	0.03479762 	-0.0030025432 	1.0426146
0.00061111111 	0.035826848 	-0.0081984821 	1.0426178
0.00066666667 	0.036595388 	-0.013467743 	1.0412852
0.00072222222 	0.036987205 	-0.018543507 	1.0386562
0.00077777778 	0.036887114 	-0.023162976 	1.0350181
0.00083333333 	0.036257528 	-0.027113227 	1.0307974
0.00088888889 	0.035104105 	-0.030231511 	1.0264517
0.00094444444 	0.03354219 	-0.03255965 	1.0223689
0.001 	0.031827458 	-0.03402451 	1.0187545
0.0010617224 	0.030092932 	-0.034622329 	1.0159178
0.0011225923 	0.028565081 	-0.034325277 	1.0140548
0.0011826215 	0.027429645 	-0.033228268 	1.0131376
0.0012418217 	0.026816674 	-0.031420035 	1.0131249
0.0013002041 	0.026787353 	-0.029006102 	1.0139628
0.0013577803 	0.02734657 	-0.026139676 	1.0155854
0.0014145612 	0.028449509 	-0.02297662 	1.0178967
0.0014705579 	0.030013143 	-0.019686507 	1.020764
0.0015257812 	0.031933108 	-0.016433135 	1.0240256
0.0015802418 	0.034094272 	-0.013366197 	1.0275034
0.0016339502 	0.036379288 	-0.010617382 	1.0310228
0.0016869168 	0.038680183 	-0.0082943293 	1.0344324
0.0017391518 	0.040899376 	-0.0064775994 	1.0376181
0.0017906654 	0.042951065 	-0.0052185626 	1.0405046
0.0018414676 	0.044771541 	-0.0045340841 	1.0430498
0.0018915681 	0.046314696 	-0.0044005774 	1.0452373
0.0019409766 	0.047557849 	-0.0047588356 	1.0470653
0.0019897027 	0.048513127 	-0.0055269227 	1.0485281
0.0020377558 	0.049222331 	-0.0066120563 	1.0495923
0.0020851453 	0.049759477 	-0.0079431225 	1.0501348
0.0021318802 	0.050227125 	-0.0094665379 	1.0498692
0.0021779697 	0.050756802 	-0.011123611 	1.048336
0.0022234225 	0.051465337 	-0.012787406 	1.0450365
0.0022682477 	0.052353793 	-0.014268367 	1.0397513
0.0023124537 	0.053225802 	-0.015403908 	1.0328429
0.0023560491 	0.053700531 	-0.016171006 	1.0252825
0.0023990425 	0.05340671 	-0.016726404 	1.0182533
0.002441442 	0.052148984 	-0.017318318 	1.012657
0.002483256 	0.05000691 	-0.018186929 	1.0088309
0.0025244924 	0.047298931 	-0.019471961 	1.0065787
0.0025651593 	0.044469615 	-0.021186015 	1.0054088
0.0026052645 	0.041926879 	-0.023252806 	1.0047966
0.0026448158 	0.039950055 	-0.025529355 	1.0043114
0.0026838209 	0.038703201 	-0.027881656 	1.0036662
0.0027222872 	0.038221045 	-0.030167642 	1.0026594
0.0027602223 	0.03848315 	-0.032270252 	1.0011378
0.0027976334 	0.039455782 	-0.034082702 	0.99898652
0.0028345278 	0.041069588 	-0.035463343 	0.99616366
0.0028709126 	0.043179105 	-0.036216085 	0.99279713
0.002906795 	0.045545685 	-0.036094831 	0.98920813
0.0029421817 	0.047884827 	-0.034877436 	0.98584132
0.0029770797 	0.049957011 	-0.032462072 	0.98309145
0.0030114957 	0.05164559 	-0.02889428 	0.98112466
0.0030454363 	0.052902181 	-0.024309697 	0.97987417
0.0030789082 	0.053670085 	-0.018846876 	0.97914683
0.0031119178 	0.053921224 	-0.01257841 	0.97884926
0.0031444715 	0.053656087 	-0.0055031475 	0.97901452
0.0031765755 	0.053210572 	0.0023786135 	0.9796856
0.0032082362 	0.053064444 	0.011005067 	0.98063594
0.0032394596 	0.053556365 	0.020104942 	0.98126041
0.0032702517 	0.055047316 	0.02927479 	0.98070414
0.0033006186 	0.057568474 	0.03810476 	0.97821478
0.003330566 	0.06069748 	0.046202715 	0.9736065
0.0033600998 	0.063714486 	0.053265998 	0.96766386
0.0033892257 	0.065675975 	0.059111287 	0.96198316
0.0034179494 	0.065756971 	0.063709109 	0.95830005
0.0034462763 	0.063549267 	0.067246521 	0.95741841
0.003474212 	0.059295003 	0.070217571 	0.95846805
0.0035017619 	0.053826776 	0.073317203 	0.95871322
0.0035289312 	0.048190914 	0.0770656 	0.95407431
0.0035557253 	0.043253231 	0.08131235 	0.94041064
0.0035821494 	0.039366481 	0.084915163 	0.9150514
0.0036082084 	0.036247106 	0.085931715 	0.87839084
0.0036339076 	0.033168049 	0.082270181 	0.83445147
0.0036592518 	0.029401802 	0.072481766 	0.78932849
0.003684246 	0.0247267 	0.056402882 	0.74774471
0.003708895 	0.019604726 	0.035457493 	0.71005408
0.0037332035 	0.014930798 	0.012492051 	0.67226867
0.0037571763 	0.011487865 	-0.0089164802 	0.62909953
0.003780818 	0.0095068049 	-0.025573306 	0.57734677
0.0038041332 	0.0087338432 	-0.03561334 	0.51741691
0.0038271264 	0.0085937401 	-0.039032855 	0.45253312
0.0038498019 	0.0084431719 	-0.037350283 	0.38654133
0.0038721643 	0.0078790625 	-0.032724018 	0.32209597
0.0038942179 	0.0067581616 	-0.027087678 	0.26004452
0.0039159668 	0.005135338 	-0.021648624 	0.19985838
0.0039374154 	0.0032103735 	-0.016717077 	0.1405564
0.0039585677 	0.0013593804 	-0.011656827 	0.081814514
0.0039794279 	0.00013256123 	-0.0049721933 	0.025222981
0.004 	0.00013256123 	-0.0049721933 	0.025222981
