0 	-0.045962057 	-0.0069097753 	1.0454092
2.0100503e-05 	-0.045962057 	-0.0069097753 	1.0454092
4.0201005e-05 	-0.045962057 	-0.0069097753 	1.0454092
6.0301508e-05 	-0.043571701 	0.01415486 	1.0441867
8.040201e-05 	-0.043571701 	0.01415486 	1.0441867
0.00010050251 	-0.043571701 	0.01415486 	1.0441867
0.00012060302 	-0.029658717 	0.030738092 	1.037435
0.00014070352 	-0.029658717 	0.030738092 	1.037435
0.00016080402 	-0.029658717 	0.030738092 	1.037435
0.00018090452 	-0.03048324 	0.028639801 	1.0363424
0.00020100503 	-0.03048324 	0.028639801 	1.0363424
0.00022110553 	-0.03048324 	0.028639801 	1.0363424
0.00024120603 	-0.030380379 	0.027279122 	1.0351116
0.00026130653 	-0.03700888 	0.022507523 	1.0398083
0.00028140704 	-0.035546038 	0.022961598 	1.0374871
0.00030150754 	-0.035546038 	0.022961598 	1.0374871
0.00032160804 	-0.035546038 	0.022961598 	1.0374871
0.00034170854 	-0.034213491 	0.023190824 	1.0344135
0.00036180905 	-0.029073367 	0.025541203 	1.0313897
0.00038190955 	-0.029073367 	0.025541203 	1.0313897
0.00040201005 	-0.028150993 	0.025155879 	1.0286314
0.00042211055 	-0.028150993 	0.025155879 	1.0286314
0.00044221106 	-0.028150993 	0.025155879 	1.0286314
0.00046231156 	-0.027137122 	0.025211575 	1.0252673
0.00048241206 	-0.027137122 	0.025211575 	1.0252673
0.00050251256 	-0.026072166 	0.025780305 	1.0213606
0.00052261307 	-0.026072166 	0.025780305 	1.0213606
0.00054271357 	-0.026072166 	0.025780305 	1.0213606
0.00056281407 	-0.024947353 	0.026878388 	1.0169621
0.00058291457 	-0.024947353 	0.026878388 	1.0169621
0.00060301508 	-0.029755512 	0.026774797 	1.0143709
0.00062311558 	-0.028599585 	0.029064307 	1.0079487
0.00064321608 	-0.028599585 	0.029064307 	1.0079487
0.00066331658 	-0.028599585 	0.029064307 	1.0079487
0.00068341709 	-0.027135687 	0.031836249 	1.0014299
0.00070351759 	-0.027135687 	0.031836249 	1.0014299
0.00072361809 	-0.025234349 	0.034670414 	0.99526599
0.00074371859 	-0.025234349 	0.034670414 	0.99526599
0.0007638191 	-0.025234349 	0.034670414 	0.99526599
0.0007839196 	-0.022923747 	0.03686511 	0.98996583
0.0008040201 	-0.017831903 	0.033377113 	0.99739207
0.0008241206 	-0.017831903 	0.033377113 	0.99739207
0.00084422111 	-0.015291107 	0.033464462 	0.99367074
0.00086432161 	-0.015291107 	0.033464462 	0.99367074
0.00088442211 	-0.015291107 	0.033464462 	0.99367074
0.00090452261 	-0.012912312 	0.031917761 	0.991086
0.00092462312 	-0.012912312 	0.031917761 	0.991086
0.00094472362 	-0.011160629 	0.028587207 	0.98971413
0.00096482412 	-0.011160629 	0.028587207 	0.98971413
0.00098492462 	-0.011160629 	0.028587207 	0.98971413
0.0010050251 	-0.015074787 	0.026469521 	0.9829206
0.0010251256 	-0.015074787 	0.026469521 	0.9829206
0.0010452261 	-0.015074787 	0.026469521 	0.9829206
0.0010653266 	-0.015657733 	0.018895902 	0.98427753
0.0010854271 	-0.015657733 	0.018895902 	0.98427753
0.0011055276 	-0.015657733 	0.018895902 	0.98427753
0.0011256281 	-0.017721503 	0.011445664 	0.98619956
0.0011457286 	-0.017721503 	0.011445664 	0.98619956
0.0011658291 	-0.017721503 	0.011445664 	0.98619956
0.0011859296 	-0.02089659 	0.005396443 	0.98810811
0.0012060302 	-0.02089659 	0.005396443 	0.98810811
0.0012261307 	-0.02089659 	0.005396443 	0.98810811
0.0012462312 	-0.024496754 	0.0013819889 	0.98949211
0.0012663317 	-0.024496754 	0.0013819889 	0.98949211
0.0012864322 	-0.024496754 	0.0013819889 	0.98949211
0.0013065327 	-0.027880703 	-0.00065333226 	0.98995795
0.0013266332 	-0.027880703 	-0.00065333226 	0.98995795
0.0013467337 	-0.027880703 	-0.00065333226 	0.98995795
0.0013668342 	-0.030557669 	-0.0011848178 	0.98913568
0.0013869347 	-0.030557669 	-0.0011848178 	0.98913568
0.0014070352 	-0.030557669 	-0.0011848178 	0.98913568
0.0014271357 	-0.032252544 	-0.00077219445 	0.9866437
0.0014472362 	-0.032252544 	-0.00077219445 	0.9866437
0.0014673367 	-0.032252544 	-0.00077219445 	0.9866437
0.0014874372 	-0.032890602 	7.4165583e-05 	0.98224195
0.0015075377 	-0.032890602 	7.4165583e-05 	0.98224195
0.0015276382 	-0.032581001 	0.00088141921 	0.97601553
0.0015477387 	-0.032581001 	0.00088141921 	0.97601553
0.0015678392 	-0.032581001 	0.00088141921 	0.97601553
0.0015879397 	-0.031560358 	0.001220294 	0.9683869
0.0016080402 	-0.031560358 	0.001220294 	0.9683869
0.0016281407 	-0.031560358 	0.001220294 	0.9683869
0.0016482412 	-0.030105823 	0.00077258744 	0.95995482
0.0016683417 	-0.030105823 	0.00077258744 	0.95995482
0.0016884422 	-0.028438501 	-0.00057525096 	0.9512992
0.0017085427 	-0.028438501 	-0.00057525096 	0.9512992
0.0017286432 	-0.028438501 	-0.00057525096 	0.9512992
0.0017487437 	-0.026673419 	-0.0026741132 	0.94285916
0.0017688442 	-0.026673419 	-0.0026741132 	0.94285916
0.0017889447 	-0.026673419 	-0.0026741132 	0.94285916
0.0018090452 	-0.024845308 	-0.0051445398 	0.93488663
0.0018291457 	-0.024845308 	-0.0051445398 	0.93488663
0.0018492462 	-0.022947469 	-0.0074496005 	0.92744761
0.0018693467 	-0.022947469 	-0.0074496005 	0.92744761
0.0018894472 	-0.022947469 	-0.0074496005 	0.92744761
0.0019095477 	-0.020948885 	-0.0090213424 	0.92041733
0.0019296482 	-0.020948885 	-0.0090213424 	0.92041733
0.0019497487 	-0.018813981 	-0.0093361008 	0.9134862
0.0019698492 	-0.018813981 	-0.0093361008 	0.9134862
0.0019899497 	-0.016483361 	-0.0080245985 	0.90623005
0.0020100503 	-0.016483361 	-0.0080245985 	0.90623005
0.0020301508 	-0.016483361 	-0.0080245985 	0.90623005
0.0020502513 	-0.013841722 	-0.0049992016 	0.89831413
0.0020703518 	-0.013841722 	-0.0049992016 	0.89831413
0.0020904523 	-0.016198354 	0.0004422309 	0.88183634
0.0021105528 	-0.010811893 	-0.00062537841 	0.88979156
0.0021306533 	-0.010811893 	-0.00062537841 	0.88979156
0.0021507538 	-0.0074674153 	0.004386203 	0.88130761
0.0021708543 	-0.0074674153 	0.004386203 	0.88130761
0.0021909548 	-0.0040438324 	0.0092688138 	0.8738788
0.0022110553 	-0.0040438324 	0.0092688138 	0.8738788
0.0022311558 	-0.00083757103 	0.013519351 	0.86838518
0.0022512563 	-0.00083757103 	0.013519351 	0.86838518
0.0022713568 	0.0019336314 	0.017005322 	0.86517214
0.0022914573 	0.0019336314 	0.017005322 	0.86517214
0.0023115578 	0.0019336314 	0.017005322 	0.86517214
0.0023316583 	0.004171478 	0.019864386 	0.86403565
0.0023517588 	0.004171478 	0.019864386 	0.86403565
0.0023718593 	0.0059114667 	0.022355093 	0.86441
0.0023919598 	0.0059114667 	0.022355093 	0.86441
0.0024120603 	0.007287219 	0.024713185 	0.86559808
0.0024321608 	0.007287219 	0.024713185 	0.86559808
0.0024522613 	0.0084368137 	0.027111838 	0.8669271
0.0024723618 	0.0084368137 	0.027111838 	0.8669271
0.0024924623 	0.0095256348 	0.029621027 	0.86781981
0.0025125628 	0.0095256348 	0.029621027 	0.86781981
0.0025326633 	0.010722697 	0.032200802 	0.86782712
0.0025527638 	0.010722697 	0.032200802 	0.86782712
0.0025728643 	0.01212761 	0.034688992 	0.86663054
0.0025929648 	0.01212761 	0.034688992 	0.86663054
0.0026130653 	0.013798712 	0.036838855 	0.86405717
0.0026331658 	0.013798712 	0.036838855 	0.86405717
0.0026532663 	0.015730427 	0.038339027 	0.86009566
0.0026733668 	0.015730427 	0.038339027 	0.86009566
0.0026934673 	0.017869879 	0.038874804 	0.85487953
0.0027135678 	0.017869879 	0.038874804 	0.85487953
0.0027336683 	0.020124325 	0.03819363 	0.84866613
0.0027537688 	0.020124325 	0.03819363 	0.84866613
0.0027738693 	0.022375968 	0.03616736 	0.84179968
0.0027939698 	0.022375968 	0.03616736 	0.84179968
0.0028140704 	0.024487876 	0.032836305 	0.83463492
0.0028341709 	0.024487876 	0.032836305 	0.83463492
0.0028542714 	0.026318663 	0.028388585 	0.82749413
0.0028743719 	0.027714776 	0.023104546 	0.8206435
0.0028944724 	0.027714776 	0.023104546 	0.8206435
0.0029145729 	0.028532659 	0.017305331 	0.81431225
0.0029346734 	0.028532659 	0.017305331 	0.81431225
0.0029547739 	0.028637865 	0.01131184 	0.80873049
0.0029748744 	0.028637865 	0.01131184 	0.80873049
0.0029949749 	0.027910795 	0.0054261323 	0.8041424
0.0030150754 	0.026188779 	-7.5272705e-05 	0.80076683
0.0030351759 	0.026188779 	-7.5272705e-05 	0.80076683
0.0030552764 	0.023380557 	-0.0050149464 	0.79862818
0.0030753769 	0.023380557 	-0.0050149464 	0.79862818
0.0030954774 	0.019599026 	-0.0093804358 	0.79734152
0.0031155779 	0.015034565 	-0.013297901 	0.79610418
0.0031356784 	0.015034565 	-0.013297901 	0.79610418
0.0031557789 	0.0098644591 	-0.01681409 	0.7940074
0.0031758794 	0.0098644591 	-0.01681409 	0.7940074
0.0031959799 	0.0042306497 	-0.019584554 	0.79014738
0.0032160804 	-0.0016012682 	-0.020938411 	0.78270113
0.0032361809 	-0.0016012682 	-0.020938411 	0.78270113
0.0032562814 	-0.0069708469 	-0.020611586 	0.76753507
0.0032763819 	-0.01094028 	-0.019562726 	0.73900871
0.0032964824 	-0.01094028 	-0.019562726 	0.73900871
0.0033165829 	-0.013067668 	-0.019672039 	0.69430028
0.0033366834 	-0.0139851 	-0.02213727 	0.63773352
0.0033567839 	-0.0139851 	-0.02213727 	0.63773352
0.0033768844 	-0.01515562 	-0.026203279 	0.57956715
0.0033969849 	-0.017805269 	-0.029928952 	0.5295184
0.0034170854 	-0.017805269 	-0.029928952 	0.5295184
0.0034371859 	-0.02210138 	-0.032040306 	0.49147942
0.0034572864 	-0.027438859 	-0.032622215 	0.463868
0.0034773869 	-0.033087673 	-0.032498679 	0.44299114
0.0034974874 	-0.033087673 	-0.032498679 	0.44299114
0.0035175879 	-0.038553517 	-0.032427993 	0.42561279
0.0035376884 	-0.043554769 	-0.032726117 	0.40972057
0.0035577889 	-0.047839481 	-0.033211982 	0.39436497
0.0035778894 	-0.047839481 	-0.033211982 	0.39436497
0.0035979899 	-0.051075524 	-0.033320044 	0.3793356
0.0036180905 	-0.052915821 	-0.032436177 	0.36474392
0.003638191 	-0.053147559 	-0.03037061 	0.35049235
0.0036582915 	-0.053147559 	-0.03037061 	0.35049235
0.003678392 	-0.051772077 	-0.027524652 	0.33606647
0.0036984925 	-0.049003209 	-0.024596789 	0.32084463
0.003718593 	-0.045169157 	-0.022160854 	0.30447656
0.0037386935 	-0.040694419 	-0.020430733 	0.28702421
0.003758794 	-0.035944073 	-0.019366079 	0.2686612
0.0037788945 	-0.035944073 	-0.019366079 	0.2686612
0.003798995 	-0.031085037 	-0.018843173 	0.24944541
0.0038190955 	-0.026218275 	-0.018737633 	0.22929953
0.003839196 	-0.021415023 	-0.018954505 	0.20804404
0.0038592965 	-0.016756118 	-0.019405748 	0.18545731
0.003879397 	-0.012362057 	-0.019930518 	0.16132654
0.0038994975 	-0.0083963686 	-0.020211909 	0.13547581
0.003919598 	-0.0050365945 	-0.019718157 	0.10779717
0.0039396985 	-0.0024377598 	-0.017707794 	0.078337494
0.003959799 	-0.00072293523 	-0.013312659 	0.047434688
0.0039798995 	-1.4168782e-05 	-0.0057076147 	0.015801205
0.004 	-1.4168782e-05 	-0.0057076147 	0.015801205
