0 	0.0086746282 	0.018040764 	0.97703766
2.0100503e-05 	0.011463976 	0.00068582216 	0.97051104
4.0201005e-05 	0.011463976 	0.00068582216 	0.97051104
6.0301508e-05 	0.0075450389 	0.0072940815 	0.96315673
8.040201e-05 	0.0075450389 	0.0072940815 	0.96315673
0.00010050251 	0.0075450389 	0.0072940815 	0.96315673
0.00012060302 	0.0058513182 	0.018725309 	0.95517848
0.00014070352 	0.008910081 	0.014472812 	0.95536237
0.00016080402 	0.008910081 	0.014472812 	0.95536237
0.00018090452 	0.0088404092 	0.028434545 	0.94675666
0.00020100503 	0.0088404092 	0.028434545 	0.94675666
0.00022110553 	0.0088404092 	0.028434545 	0.94675666
0.00024120603 	0.0082490596 	0.043478063 	0.93883443
0.00026130653 	0.0082490596 	0.043478063 	0.93883443
0.00028140704 	-0.00011251186 	0.061850672 	0.93237695
0.00030150754 	-0.00011251186 	0.061850672 	0.93237695
0.00032160804 	-0.00011251186 	0.061850672 	0.93237695
0.00034170854 	-0.0045060731 	0.080614267 	0.92659783
0.00036180905 	-0.0045060731 	0.080614267 	0.92659783
0.00038190955 	-0.0045060731 	0.080614267 	0.92659783
0.00040201005 	-0.00046810768 	0.10108186 	0.92312538
0.00042211055 	-0.00046810768 	0.10108186 	0.92312538
0.00044221106 	-0.00046810768 	0.10108186 	0.92312538
0.00046231156 	-0.0086749961 	0.11060598 	0.9209668
0.00048241206 	-0.0086749961 	0.11060598 	0.9209668
0.00050251256 	-0.019042959 	0.10478481 	0.92074874
0.00052261307 	-0.019042959 	0.10478481 	0.92074874
0.00054271357 	-0.019042959 	0.10478481 	0.92074874
0.00056281407 	-0.02929969 	0.09063684 	0.920134
0.00058291457 	-0.02929969 	0.09063684 	0.920134
0.00060301508 	-0.02929969 	0.09063684 	0.920134
0.00062311558 	-0.047973696 	0.070692333 	0.91601776
0.00064321608 	-0.047973696 	0.070692333 	0.91601776
0.00066331658 	-0.047973696 	0.070692333 	0.91601776
0.00068341709 	-0.053760499 	0.06532914 	0.91963207
0.00070351759 	-0.053760499 	0.06532914 	0.91963207
0.00072361809 	-0.057765489 	0.063149014 	0.9317345
0.00074371859 	-0.057765489 	0.063149014 	0.9317345
0.0007638191 	-0.043903616 	0.071669005 	0.93251736
0.0007839196 	-0.045856108 	0.069450313 	0.94650942
0.0008040201 	-0.045856108 	0.069450313 	0.94650942
0.0008241206 	-0.045856108 	0.069450313 	0.94650942
0.00084422111 	-0.048934518 	0.065518164 	0.95569176
0.00086432161 	-0.066171042 	0.057197157 	0.95485704
0.00088442211 	-0.066171042 	0.057197157 	0.95485704
0.00090452261 	-0.071155305 	0.052204517 	0.9556582
0.00092462312 	-0.071155305 	0.052204517 	0.9556582
0.00094472362 	-0.073566967 	0.046829262 	0.95654456
0.00096482412 	-0.073566967 	0.046829262 	0.95654456
0.00098492462 	-0.073566967 	0.046829262 	0.95654456
0.0010050251 	-0.071310907 	0.040712068 	0.96256668
0.0010251256 	-0.071310907 	0.040712068 	0.96256668
0.0010452261 	-0.071310907 	0.040712068 	0.96256668
0.0010653266 	-0.063773351 	0.033125966 	0.97309845
0.0010854271 	-0.063773351 	0.033125966 	0.97309845
0.0011055276 	-0.063773351 	0.033125966 	0.97309845
0.0011256281 	-0.052176346 	0.024422477 	0.98560764
0.0011457286 	-0.052176346 	0.024422477 	0.98560764
0.0011658291 	-0.052176346 	0.024422477 	0.98560764
0.0011859296 	-0.039887431 	0.016227518 	0.99764688
0.0012060302 	-0.039887431 	0.016227518 	0.99764688
0.0012261307 	-0.039887431 	0.016227518 	0.99764688
0.0012462312 	-0.028406659 	0.010895481 	1.0056923
0.0012663317 	-0.028406659 	0.010895481 	1.0056923
0.0012864322 	-0.028406659 	0.010895481 	1.0056923
0.0013065327 	-0.018374916 	0.0083096684 	1.0064305
0.0013266332 	-0.018374916 	0.0083096684 	1.0064305
0.0013467337 	-0.018374916 	0.0083096684 	1.0064305
0.0013668342 	-0.0096476689 	0.0068869302 	1.0007545
0.0013869347 	-0.0096476689 	0.0068869302 	1.0007545
0.0014070352 	-0.0096476689 	0.0068869302 	1.0007545
0.0014271357 	-0.0027223367 	0.0049524036 	0.99374628
0.0014472362 	-0.0027223367 	0.0049524036 	0.99374628
0.0014673367 	-0.0027223367 	0.0049524036 	0.99374628
0.0014874372 	0.0020587424 	0.0016285037 	0.98962116
0.0015075377 	0.0020587424 	0.0016285037 	0.98962116
0.0015276382 	0.0049767515 	-0.0032859651 	0.98919227
0.0015477387 	0.0049767515 	-0.0032859651 	0.98919227
0.0015678392 	0.0049767515 	-0.0032859651 	0.98919227
0.0015879397 	0.0067928453 	-0.0094075287 	0.99143729
0.0016080402 	0.0067928453 	-0.0094075287 	0.99143729
0.0016281407 	0.0067928453 	-0.0094075287 	0.99143729
0.0016482412 	0.0082527191 	-0.015792323 	0.9953924
0.0016683417 	0.0082527191 	-0.015792323 	0.9953924
0.0016884422 	0.009756365 	-0.021248749 	1.0005889
0.0017085427 	0.009756365 	-0.021248749 	1.0005889
0.0017286432 	0.009756365 	-0.021248749 	1.0005889
0.0017487437 	0.01149185 	-0.024916148 	1.0065219
0.0017688442 	0.01149185 	-0.024916148 	1.0065219
0.0017889447 	0.01149185 	-0.024916148 	1.0065219
0.0018090452 	0.01331549 	-0.026657841 	1.0123345
0.0018291457 	0.01331549 	-0.026657841 	1.0123345
0.0018492462 	0.014918645 	-0.027116805 	1.016913
0.0018693467 	0.014918645 	-0.027116805 	1.016913
0.0018894472 	0.014918645 	-0.027116805 	1.016913
0.0019095477 	0.016034549 	-0.027361592 	1.0194048
0.0019296482 	0.016034549 	-0.027361592 	1.0194048
0.0019497487 	0.016409775 	-0.028408754 	1.0196358
0.0019698492 	0.016409775 	-0.028408754 	1.0196358
0.0019899497 	0.015971128 	-0.030813412 	1.0180508
0.0020100503 	0.015971128 	-0.030813412 	1.0180508
0.0020301508 	0.015971128 	-0.030813412 	1.0180508
0.0020502513 	0.01498152 	-0.034554309 	1.01526
0.0020703518 	0.01498152 	-0.034554309 	1.01526
0.0020904523 	0.013956102 	-0.039048542 	1.011796
0.0021105528 	0.013956102 	-0.039048542 	1.011796
0.0021306533 	0.013956102 	-0.039048542 	1.011796
0.0021507538 	0.013420215 	-0.043301092 	1.0082674
0.0021708543 	0.013420215 	-0.043301092 	1.0082674
0.0021909548 	0.013613936 	-0.046196431 	1.0054999
0.0022110553 	0.013613936 	-0.046196431 	1.0054999
0.0022311558 	0.014430753 	-0.046920334 	1.004406
0.0022512563 	0.014430753 	-0.046920334 	1.004406
0.0022713568 	0.015569958 	-0.045257112 	1.0054504
0.0022914573 	0.015569958 	-0.045257112 	1.0054504
0.0023115578 	0.015569958 	-0.045257112 	1.0054504
0.0023316583 	0.016814593 	-0.041555104 	1.0082685
0.0023517588 	0.016814593 	-0.041555104 	1.0082685
0.0023718593 	0.018152078 	-0.036443612 	1.0117689
0.0023919598 	0.018152078 	-0.036443612 	1.0117689
0.0024120603 	0.019766978 	-0.030580586 	1.0146451
0.0024321608 	0.019766978 	-0.030580586 	1.0146451
0.0024522613 	0.021881966 	-0.024637365 	1.0158447
0.0024723618 	0.021881966 	-0.024637365 	1.0158447
0.0024924623 	0.024678073 	-0.019284369 	1.0146842
0.0025125628 	0.024678073 	-0.019284369 	1.0146842
0.0025326633 	0.028246655 	-0.01506827 	1.0108452
0.0025527638 	0.028246655 	-0.01506827 	1.0108452
0.0025728643 	0.03254921 	-0.012257196 	1.0045796
0.0025929648 	0.03254921 	-0.012257196 	1.0045796
0.0026130653 	0.037355769 	-0.010658785 	0.99691662
0.0026331658 	0.037355769 	-0.010658785 	0.99691662
0.0026532663 	0.042168126 	-0.0097775203 	0.98949381
0.0026733668 	0.042168126 	-0.0097775203 	0.98949381
0.0026934673 	0.046470166 	-0.0090406197 	0.98401421
0.0027135678 	0.046470166 	-0.0090406197 	0.98401421
0.0027336683 	0.049787055 	-0.0080306811 	0.9817218
0.0027537688 	0.049787055 	-0.0080306811 	0.9817218
0.0027738693 	0.051739328 	-0.0064972544 	0.98319572
0.0027939698 	0.051739328 	-0.0064972544 	0.98319572
0.0028140704 	0.052149365 	-0.0043843596 	0.98838729
0.0028341709 	0.052149365 	-0.0043843596 	0.98838729
0.0028542714 	0.050974413 	-0.0017728508 	0.99674771
0.0028743719 	0.048326298 	0.0011301303 	1.0073558
0.0028944724 	0.048326298 	0.0011301303 	1.0073558
0.0029145729 	0.044449339 	0.0040106883 	1.0190616
0.0029346734 	0.044449339 	0.0040106883 	1.0190616
0.0029547739 	0.039647009 	0.0064873339 	1.0306596
0.0029748744 	0.039647009 	0.0064873339 	1.0306596
0.0029949749 	0.034252294 	0.0081614268 	1.0410379
0.0030150754 	0.028597479 	0.008682747 	1.0493031
0.0030351759 	0.028597479 	0.008682747 	1.0493031
0.0030552764 	0.023028072 	0.0078401215 	1.0548046
0.0030753769 	0.023028072 	0.0078401215 	1.0548046
0.0030954774 	0.017809254 	0.005585547 	1.0570597
0.0031155779 	0.013121677 	0.0021085853 	1.0557129
0.0031356784 	0.013121677 	0.0021085853 	1.0557129
0.0031557789 	0.0090996852 	-0.0023034855 	1.050495
0.0031758794 	0.0090996852 	-0.0023034855 	1.050495
0.0031959799 	0.0058201142 	-0.0073691583 	1.0412686
0.0032160804 	0.0033029234 	-0.01286838 	1.0281122
0.0032361809 	0.0033029234 	-0.01286838 	1.0281122
0.0032562814 	0.0015094918 	-0.018594659 	1.0114319
0.0032763819 	0.00044147687 	-0.024246464 	0.99200999
0.0032964824 	0.00044147687 	-0.024246464 	0.99200999
0.0033165829 	-2.7267519e-05 	-0.029383273 	0.97093246
0.0033366834 	-0.00014290689 	-0.033430831 	0.94938202
0.0033567839 	-0.00014290689 	-0.033430831 	0.94938202
0.0033768844 	-0.00010193747 	-0.035823784 	0.9283311
0.0033969849 	-8.2508664e-05 	-0.036117062 	0.90826947
0.0034170854 	-8.2508664e-05 	-0.036117062 	0.90826947
0.0034371859 	-0.00021449451 	-0.034098327 	0.8890731
0.0034572864 	-0.00058201995 	-0.029793309 	0.87006713
0.0034773869 	-0.0012237739 	-0.023429957 	0.85022137
0.0034974874 	-0.0012237739 	-0.023429957 	0.85022137
0.0035175879 	-0.0021355892 	-0.015383232 	0.82838178
0.0035376884 	-0.0032689176 	-0.0062092404 	0.80348877
0.0035577889 	-0.0044592334 	0.0032411252 	0.77471214
0.0035778894 	-0.0044592334 	0.0032411252 	0.77471214
0.0035979899 	-0.0054706189 	0.011733359 	0.74147405
0.0036180905 	-0.0061035111 	0.017846458 	0.70350858
0.003638191 	-0.0062421309 	0.020511027 	0.66105322
0.0036582915 	-0.0062421309 	0.020511027 	0.66105322
0.003678392 	-0.0059165252 	0.019594253 	0.61487374
0.0036984925 	-0.0052733998 	0.016022542 	0.56602892
0.003718593 	-0.004478594 	0.011291247 	0.51558516
0.0037386935 	-0.003652994 	0.0067543062 	0.46453601
0.003758794 	-0.0028679946 	0.0031903059 	0.41386357
0.0037788945 	-0.0028679946 	0.0031903059 	0.41386357
0.003798995 	-0.0021630213 	0.00079858511 	0.36452257
0.0038190955 	-0.0015610886 	-0.00055796609 	0.31730377
0.003839196 	-0.0010715427 	-0.0011108679 	0.2726987
0.0038592965 	-0.00068934642 	-0.0010638797 	0.23085372
0.003879397 	-0.00040196165 	-0.00058291034 	0.19160864
0.0038994975 	-0.00019553894 	0.00016399365 	0.15457259
0.003919598 	-6.0240091e-05 	0.00096206014 	0.1192039
0.0039396985 	1.3596889e-05 	0.0015310332 	0.084895708
0.003959799 	3.7722267e-05 	0.0015563511 	0.05106485
0.0039798995 	1.5215112e-05 	0.00079145081 	0.017213831
0.004 	1.5215112e-05 	0.00079145081 	0.017213831
