0 	0.007570421 	-0.040723988 	1.0480104
2.0100503e-05 	0.007570421 	-0.040723988 	1.0480104
4.0201005e-05 	0.007570421 	-0.040723988 	1.0480104
6.0301508e-05 	-0.011035724 	-0.042498798 	1.0497425
8.040201e-05 	-0.011035724 	-0.042498798 	1.0497425
0.00010050251 	-0.011035724 	-0.042498798 	1.0497425
0.00012060302 	-0.016712416 	-0.043629984 	1.0521776
0.00014070352 	-0.016712416 	-0.043629984 	1.0521776
0.00016080402 	-0.016712416 	-0.043629984 	1.0521776
0.00018090452 	-0.020161392 	-0.045495162 	1.0552418
0.00020100503 	-0.020161392 	-0.045495162 	1.0552418
0.00022110553 	-0.020161392 	-0.045495162 	1.0552418
0.00024120603 	-0.022811187 	-0.048096675 	1.0584038
0.00026130653 	-0.03278107 	-0.041826803 	1.0570063
0.00028140704 	-0.033275675 	-0.047151347 	1.0583292
0.00030150754 	-0.033275675 	-0.047151347 	1.0583292
0.00032160804 	-0.033275675 	-0.047151347 	1.0583292
0.00034170854 	-0.033652205 	-0.054420622 	1.0580003
0.00036180905 	-0.026077543 	-0.058213138 	1.0616258
0.00038190955 	-0.026077543 	-0.058213138 	1.0616258
0.00040201005 	-0.026749692 	-0.067002892 	1.0603907
0.00042211055 	-0.026749692 	-0.067002892 	1.0603907
0.00044221106 	-0.026749692 	-0.067002892 	1.0603907
0.00046231156 	-0.02711489 	-0.078160413 	1.0571905
0.00048241206 	-0.02711489 	-0.078160413 	1.0571905
0.00050251256 	-0.027553791 	-0.09062995 	1.0527694
0.00052261307 	-0.027553791 	-0.09062995 	1.0527694
0.00054271357 	-0.027553791 	-0.09062995 	1.0527694
0.00056281407 	-0.028357326 	-0.10280027 	1.0483896
0.00058291457 	-0.028357326 	-0.10280027 	1.0483896
0.00060301508 	-0.028357326 	-0.10280027 	1.0483896
0.00062311558 	-0.029605581 	-0.11287494 	1.0453225
0.00064321608 	-0.037527835 	-0.1091065 	1.0404863
0.00066331658 	-0.037527835 	-0.1091065 	1.0404863
0.00068341709 	-0.039186075 	-0.11517082 	1.0397638
0.00070351759 	-0.039186075 	-0.11517082 	1.0397638
0.00072361809 	-0.040603385 	-0.11724502 	1.0404881
0.00074371859 	-0.032527449 	-0.12172704 	1.0448107
0.0007638191 	-0.032527449 	-0.12172704 	1.0448107
0.0007839196 	-0.033486911 	-0.12064457 	1.0463324
0.0008040201 	-0.033486911 	-0.12064457 	1.0463324
0.0008241206 	-0.033486911 	-0.12064457 	1.0463324
0.00084422111 	-0.033766402 	-0.11790797 	1.0477452
0.00086432161 	-0.033766402 	-0.11790797 	1.0477452
0.00088442211 	-0.033766402 	-0.11790797 	1.0477452
0.00090452261 	-0.041503512 	-0.10978267 	1.0410233
0.00092462312 	-0.041503512 	-0.10978267 	1.0410233
0.00094472362 	-0.041540604 	-0.10757584 	1.0365951
0.00096482412 	-0.041540604 	-0.10757584 	1.0365951
0.00098492462 	-0.041540604 	-0.10757584 	1.0365951
0.0010050251 	-0.042272424 	-0.10642592 	1.0264563
0.0010251256 	-0.033475597 	-0.11436638 	1.0341922
0.0010452261 	-0.033475597 	-0.11436638 	1.0341922
0.0010653266 	-0.035715601 	-0.11587168 	1.0158692
0.0010854271 	-0.035715601 	-0.11587168 	1.0158692
0.0011055276 	-0.035715601 	-0.11587168 	1.0158692
0.0011256281 	-0.040741294 	-0.11744888 	0.99028783
0.0011457286 	-0.040741294 	-0.11744888 	0.99028783
0.0011658291 	-0.040741294 	-0.11744888 	0.99028783
0.0011859296 	-0.048603081 	-0.1177832 	0.95961398
0.0012060302 	-0.048603081 	-0.1177832 	0.95961398
0.0012261307 	-0.048603081 	-0.1177832 	0.95961398
0.0012462312 	-0.058457801 	-0.11608057 	0.92708352
0.0012663317 	-0.058457801 	-0.11608057 	0.92708352
0.0012864322 	-0.058457801 	-0.11608057 	0.92708352
0.0013065327 	-0.069046889 	-0.11206476 	0.89522711
0.0013266332 	-0.069046889 	-0.11206476 	0.89522711
0.0013467337 	-0.069046889 	-0.11206476 	0.89522711
0.0013668342 	-0.079335692 	-0.10549295 	0.8652436
0.0013869347 	-0.079335692 	-0.10549295 	0.8652436
0.0014070352 	-0.079335692 	-0.10549295 	0.8652436
0.0014271357 	-0.088618756 	-0.095921204 	0.83785186
0.0014472362 	-0.088618756 	-0.095921204 	0.83785186
0.0014673367 	-0.088618756 	-0.095921204 	0.83785186
0.0014874372 	-0.095689879 	-0.084423755 	0.81484412
0.0015075377 	-0.095689879 	-0.084423755 	0.81484412
0.0015276382 	-0.098176937 	-0.07512704 	0.79898592
0.0015477387 	-0.098176937 	-0.07512704 	0.79898592
0.0015678392 	-0.098176937 	-0.07512704 	0.79898592
0.0015879397 	-0.093968322 	-0.072763669 	0.79257505
0.0016080402 	-0.093968322 	-0.072763669 	0.79257505
0.0016281407 	-0.093968322 	-0.072763669 	0.79257505
0.0016482412 	-0.084074789 	-0.077425568 	0.79487945
0.0016683417 	-0.084074789 	-0.077425568 	0.79487945
0.0016884422 	-0.073001575 	-0.083346009 	0.79959663
0.0017085427 	-0.073001575 	-0.083346009 	0.79959663
0.0017286432 	-0.073001575 	-0.083346009 	0.79959663
0.0017487437 	-0.065223529 	-0.085344498 	0.80074293
0.0017688442 	-0.065223529 	-0.085344498 	0.80074293
0.0017889447 	-0.065223529 	-0.085344498 	0.80074293
0.0018090452 	-0.061548809 	-0.083893773 	0.79905973
0.0018291457 	-0.061548809 	-0.083893773 	0.79905973
0.0018492462 	-0.060779408 	-0.081278485 	0.79698868
0.0018693467 	-0.060779408 	-0.081278485 	0.79698868
0.0018894472 	-0.060779408 	-0.081278485 	0.79698868
0.0019095477 	-0.06164178 	-0.078639789 	0.79550791
0.0019296482 	-0.06164178 	-0.078639789 	0.79550791
0.0019497487 	-0.062878046 	-0.076491901 	0.79498458
0.0019698492 	-0.062878046 	-0.076491901 	0.79498458
0.0019899497 	-0.063481666 	-0.074964114 	0.79530267
0.0020100503 	-0.063481666 	-0.074964114 	0.79530267
0.0020301508 	-0.063481666 	-0.074964114 	0.79530267
0.0020502513 	-0.062870157 	-0.073712028 	0.79586608
0.0020703518 	-0.062870157 	-0.073712028 	0.79586608
0.0020904523 	-0.060836807 	-0.072168184 	0.79599679
0.0021105528 	-0.060836807 	-0.072168184 	0.79599679
0.0021306533 	-0.060836807 	-0.072168184 	0.79599679
0.0021507538 	-0.057411717 	-0.069714002 	0.79530955
0.0021708543 	-0.057411717 	-0.069714002 	0.79530955
0.0021909548 	-0.052744426 	-0.065887239 	0.79380799
0.0022110553 	-0.052744426 	-0.065887239 	0.79380799
0.0022311558 	-0.047054246 	-0.060455518 	0.79176597
0.0022512563 	-0.047054246 	-0.060455518 	0.79176597
0.0022713568 	-0.040582164 	-0.053407071 	0.78956583
0.0022914573 	-0.040582164 	-0.053407071 	0.78956583
0.0023115578 	-0.040582164 	-0.053407071 	0.78956583
0.0023316583 	-0.033601657 	-0.044945824 	0.78760373
0.0023517588 	-0.033601657 	-0.044945824 	0.78760373
0.0023718593 	-0.026427988 	-0.035410773 	0.78618488
0.0023919598 	-0.026427988 	-0.035410773 	0.78618488
0.0024120603 	-0.019298106 	-0.025254436 	0.78545949
0.0024321608 	-0.019298106 	-0.025254436 	0.78545949
0.0024522613 	-0.012359179 	-0.014896667 	0.78541139
0.0024723618 	-0.012359179 	-0.014896667 	0.78541139
0.0024924623 	-0.0057709922 	-0.0047303071 	0.78582417
0.0025125628 	-0.0057709922 	-0.0047303071 	0.78582417
0.0025326633 	0.00046239645 	0.0048731667 	0.78637732
0.0025527638 	0.00046239645 	0.0048731667 	0.78637732
0.0025728643 	0.006515638 	0.013564494 	0.78671085
0.0025929648 	0.006515638 	0.013564494 	0.78671085
0.0026130653 	0.012404348 	0.020911736 	0.78648713
0.0026331658 	0.012404348 	0.020911736 	0.78648713
0.0026532663 	0.018227661 	0.026461714 	0.78567346
0.0026733668 	0.018227661 	0.026461714 	0.78567346
0.0026934673 	0.02403787 	0.029739574 	0.78462114
0.0027135678 	0.02403787 	0.029739574 	0.78462114
0.0027336683 	0.029680714 	0.030422556 	0.78397788
0.0027537688 	0.029680714 	0.030422556 	0.78397788
0.0027738693 	0.034905638 	0.028561976 	0.78437702
0.0027939698 	0.034905638 	0.028561976 	0.78437702
0.0028140704 	0.039441128 	0.024652737 	0.78611857
0.0028341709 	0.039441128 	0.024652737 	0.78611857
0.0028542714 	0.043104373 	0.019513383 	0.78904341
0.0028743719 	0.045890788 	0.014052532 	0.79259428
0.0028944724 	0.045890788 	0.014052532 	0.79259428
0.0029145729 	0.047943908 	0.0090195241 	0.7960344
0.0029346734 	0.047943908 	0.0090195241 	0.7960344
0.0029547739 	0.049487557 	0.0048832476 	0.79866066
0.0029748744 	0.049487557 	0.0048832476 	0.79866066
0.0029949749 	0.050744902 	0.0018339261 	0.79995612
0.0030150754 	0.051891866 	-0.00016300154 	0.79966861
0.0030351759 	0.051891866 	-0.00016300154 	0.79966861
0.0030552764 	0.053023585 	-0.001293861 	0.7978234
0.0030753769 	0.053023585 	-0.001293861 	0.7978234
0.0030954774 	0.054169089 	-0.0018226047 	0.79466742
0.0031155779 	0.055314966 	-0.0020360525 	0.79062684
0.0031356784 	0.055314966 	-0.0020360525 	0.79062684
0.0031557789 	0.056399545 	-0.0021939866 	0.78620739
0.0031758794 	0.056399545 	-0.0021939866 	0.78620739
0.0031959799 	0.057330202 	-0.0024952469 	0.78189742
0.0032160804 	0.058003969 	-0.0030559243 	0.77809581
0.0032361809 	0.058003969 	-0.0030559243 	0.77809581
0.0032562814 	0.058344231 	-0.0039078624 	0.77506245
0.0032763819 	0.058306225 	-0.005028145 	0.77289487
0.0032964824 	0.058306225 	-0.005028145 	0.77289487
0.0033165829 	0.057892192 	-0.0063830698 	0.77151624
0.0033366834 	0.057207268 	-0.0079262284 	0.77070849
0.0033567839 	0.057207268 	-0.0079262284 	0.77070849
0.0033768844 	0.05642998 	-0.0095573499 	0.77013789
0.0033969849 	0.055735973 	-0.011094392 	0.76938372
0.0034170854 	0.055735973 	-0.011094392 	0.76938372
0.0034371859 	0.055239013 	-0.01230638 	0.76796764
0.0034572864 	0.054966042 	-0.012985334 	0.76539743
0.0034773869 	0.054868401 	-0.012983079 	0.76128865
0.0034974874 	0.054868401 	-0.012983079 	0.76128865
0.0035175879 	0.054843831 	-0.012184069 	0.75558541
0.0035376884 	0.054761607 	-0.010459884 	0.74875579
0.0035577889 	0.054496018 	-0.0077063091 	0.74166866
0.0035778894 	0.054496018 	-0.0077063091 	0.74166866
0.0035979899 	0.053985879 	-0.0039968854 	0.73516297
0.0036180905 	0.053222993 	0.00030321676 	0.72957214
0.003638191 	0.052084744 	0.0046706242 	0.72470749
0.0036582915 	0.052084744 	0.0046706242 	0.72470749
0.003678392 	0.050243796 	0.0086539831 	0.72021812
0.0036984925 	0.047258987 	0.011729332 	0.7155817
0.003718593 	0.042819915 	0.012902978 	0.70953785
0.0037386935 	0.036974103 	0.011133482 	0.69967583
0.003758794 	0.030212037 	0.0071804877 	0.68245411
0.0037788945 	0.030212037 	0.0071804877 	0.68245411
0.003798995 	0.023393666 	0.0047101159 	0.65322876
0.0038190955 	0.017491728 	0.008177556 	0.60746173
0.003839196 	0.013099774 	0.018744071 	0.5439258
0.0038592965 	0.010107072 	0.032776141 	0.46709483
0.003879397 	0.0079120946 	0.044578171 	0.38504637
0.0038994975 	0.0059578129 	0.050097693 	0.30474562
0.003919598 	0.0040407934 	0.048268556 	0.22932496
0.0039396985 	0.0022587888 	0.040060499 	0.15883702
0.003959799 	0.00085545948 	0.026966485 	0.092427819
0.0039798995 	8.5546723e-05 	0.010078262 	0.029718196
0.004 	8.5546723e-05 	0.010078262 	0.029718196
