0 	0.044017117 	0.027091966 	1.0743679
2.0100503e-05 	0.027647551 	-0.046677246 	1.0750956
4.0201005e-05 	0.027647551 	-0.046677246 	1.0750956
6.0301508e-05 	0.0017868655 	-0.05609185 	1.0744514
8.040201e-05 	0.0017868655 	-0.05609185 	1.0744514
0.00010050251 	0.0017868655 	-0.05609185 	1.0744514
0.00012060302 	-0.0087831147 	-0.056897131 	1.0726783
0.00014070352 	-0.0087831147 	-0.056897131 	1.0726783
0.00016080402 	-0.0087831147 	-0.056897131 	1.0726783
0.00018090452 	-0.016554936 	-0.056683889 	1.0704058
0.00020100503 	-0.016554936 	-0.056683889 	1.0704058
0.00022110553 	-0.016554936 	-0.056683889 	1.0704058
0.00024120603 	-0.023389627 	-0.056301168 	1.0685327
0.00026130653 	-0.023389627 	-0.056301168 	1.0685327
0.00028140704 	-0.029394482 	-0.056252645 	1.0678983
0.00030150754 	-0.029394482 	-0.056252645 	1.0678983
0.00032160804 	-0.029394482 	-0.056252645 	1.0678983
0.00034170854 	-0.034346621 	-0.056883749 	1.0687901
0.00036180905 	-0.034346621 	-0.056883749 	1.0687901
0.00038190955 	-0.034346621 	-0.056883749 	1.0687901
0.00040201005 	-0.038088632 	-0.058360495 	1.0705387
0.00042211055 	-0.038088632 	-0.058360495 	1.0705387
0.00044221106 	-0.038088632 	-0.058360495 	1.0705387
0.00046231156 	-0.040563213 	-0.060762531 	1.0715154
0.00048241206 	-0.040563213 	-0.060762531 	1.0715154
0.00050251256 	-0.041718062 	-0.064221486 	1.0697363
0.00052261307 	-0.041718062 	-0.064221486 	1.0697363
0.00054271357 	-0.041718062 	-0.064221486 	1.0697363
0.00056281407 	-0.041491017 	-0.068775899 	1.0638706
0.00058291457 	-0.041491017 	-0.068775899 	1.0638706
0.00060301508 	-0.041491017 	-0.068775899 	1.0638706
0.00062311558 	-0.039958565 	-0.074066018 	1.0539434
0.00064321608 	-0.039958565 	-0.074066018 	1.0539434
0.00066331658 	-0.039958565 	-0.074066018 	1.0539434
0.00068341709 	-0.037487685 	-0.079202102 	1.0412656
0.00070351759 	-0.037487685 	-0.079202102 	1.0412656
0.00072361809 	-0.034646035 	-0.083021526 	1.0277953
0.00074371859 	-0.034646035 	-0.083021526 	1.0277953
0.0007638191 	-0.034646035 	-0.083021526 	1.0277953
0.0007839196 	-0.031920647 	-0.084615972 	1.0154143
0.0008040201 	-0.031920647 	-0.084615972 	1.0154143
0.0008241206 	-0.031920647 	-0.084615972 	1.0154143
0.00084422111 	-0.029600561 	-0.083617245 	1.0055839
0.00086432161 	-0.029600561 	-0.083617245 	1.0055839
0.00088442211 	-0.029600561 	-0.083617245 	1.0055839
0.00090452261 	-0.027658531 	-0.080239384 	0.99927169
0.00092462312 	-0.027658531 	-0.080239384 	0.99927169
0.00094472362 	-0.027340603 	-0.071949058 	0.98096909
0.00096482412 	-0.027340603 	-0.071949058 	0.98096909
0.00098492462 	-0.027340603 	-0.071949058 	0.98096909
0.0010050251 	-0.024534806 	-0.068504817 	0.99848941
0.0010251256 	-0.024534806 	-0.068504817 	0.99848941
0.0010452261 	-0.024534806 	-0.068504817 	0.99848941
0.0010653266 	-0.022929834 	-0.061547315 	1.0042337
0.0010854271 	-0.022929834 	-0.061547315 	1.0042337
0.0011055276 	-0.022929834 	-0.061547315 	1.0042337
0.0011256281 	-0.021260371 	-0.055578437 	1.0123927
0.0011457286 	-0.021260371 	-0.055578437 	1.0123927
0.0011658291 	-0.022399721 	-0.049159836 	1.0002985
0.0011859296 	-0.021059045 	-0.044716447 	1.0100659
0.0012060302 	-0.021059045 	-0.044716447 	1.0100659
0.0012261307 	-0.019471934 	-0.051188309 	1.0210917
0.0012462312 	-0.017611643 	-0.048287524 	1.0285901
0.0012663317 	-0.017611643 	-0.048287524 	1.0285901
0.0012864322 	-0.017611643 	-0.048287524 	1.0285901
0.0013065327 	-0.01588315 	-0.046252721 	1.0334886
0.0013266332 	-0.01588315 	-0.046252721 	1.0334886
0.0013467337 	-0.01588315 	-0.046252721 	1.0334886
0.0013668342 	-0.014580188 	-0.044116517 	1.0350039
0.0013869347 	-0.014580188 	-0.044116517 	1.0350039
0.0014070352 	-0.014580188 	-0.044116517 	1.0350039
0.0014271357 	-0.013989968 	-0.04096586 	1.0330535
0.0014472362 	-0.013989968 	-0.04096586 	1.0330535
0.0014673367 	-0.013989968 	-0.04096586 	1.0330535
0.0014874372 	-0.021686908 	-0.029268241 	1.0166085
0.0015075377 	-0.014273007 	-0.036336041 	1.0281714
0.0015276382 	-0.015363606 	-0.030412959 	1.0212949
0.0015477387 	-0.015363606 	-0.030412959 	1.0212949
0.0015678392 	-0.015363606 	-0.030412959 	1.0212949
0.0015879397 	-0.016962765 	-0.023882426 	1.0135112
0.0016080402 	-0.016962765 	-0.023882426 	1.0135112
0.0016281407 	-0.016962765 	-0.023882426 	1.0135112
0.0016482412 	-0.018634874 	-0.017528493 	1.005872
0.0016683417 	-0.018634874 	-0.017528493 	1.005872
0.0016884422 	-0.019958527 	-0.011861331 	0.99925508
0.0017085427 	-0.019958527 	-0.011861331 	0.99925508
0.0017286432 	-0.019958527 	-0.011861331 	0.99925508
0.0017487437 	-0.020658653 	-0.0070167433 	0.99415989
0.0017688442 	-0.020658653 	-0.0070167433 	0.99415989
0.0017889447 	-0.020658653 	-0.0070167433 	0.99415989
0.0018090452 	-0.020687967 	-0.0028685235 	0.99044447
0.0018291457 	-0.020687967 	-0.0028685235 	0.99044447
0.0018492462 	-0.020170774 	0.00077095207 	0.98717208
0.0018693467 	-0.020170774 	0.00077095207 	0.98717208
0.0018894472 	-0.020170774 	0.00077095207 	0.98717208
0.0019095477 	-0.019295502 	0.0038888115 	0.98274848
0.0019296482 	-0.019295502 	0.0038888115 	0.98274848
0.0019497487 	-0.018221343 	0.0060806202 	0.97547108
0.0019698492 	-0.018221343 	0.0060806202 	0.97547108
0.0019899497 	-0.016983771 	0.0066220194 	0.96430796
0.0020100503 	-0.016983771 	0.0066220194 	0.96430796
0.0020301508 	-0.016983771 	0.0066220194 	0.96430796
0.0020502513 	-0.015506009 	0.0049605576 	0.94925192
0.0020703518 	-0.015506009 	0.0049605576 	0.94925192
0.0020904523 	-0.013699279 	0.0012919749 	0.93099789
0.0021105528 	-0.013699279 	0.0012919749 	0.93099789
0.0021306533 	-0.013699279 	0.0012919749 	0.93099789
0.0021507538 	-0.011563933 	-0.0034292384 	0.91044155
0.0021708543 	-0.011563933 	-0.0034292384 	0.91044155
0.0021909548 	-0.0092711611 	-0.0081182897 	0.88861933
0.0022110553 	-0.0092711611 	-0.0081182897 	0.88861933
0.0022311558 	-0.0070855713 	-0.012126263 	0.86698348
0.0022512563 	-0.0070855713 	-0.012126263 	0.86698348
0.0022713568 	-0.0052790825 	-0.015311789 	0.84726433
0.0022914573 	-0.0052790825 	-0.015311789 	0.84726433
0.0023115578 	-0.0052790825 	-0.015311789 	0.84726433
0.0023316583 	-0.0040643308 	-0.017738682 	0.83092278
0.0023517588 	-0.0040643308 	-0.017738682 	0.83092278
0.0023718593 	-0.0035043437 	-0.019496071 	0.81869517
0.0023919598 	-0.0035043437 	-0.019496071 	0.81869517
0.0024120603 	-0.0035156373 	-0.020654122 	0.81054602
0.0024321608 	-0.0035156373 	-0.020654122 	0.81054602
0.0024522613 	-0.0039419842 	-0.021310973 	0.80595858
0.0024723618 	-0.0039419842 	-0.021310973 	0.80595858
0.0024924623 	-0.0046532918 	-0.021600795 	0.80430898
0.0025125628 	-0.0046532918 	-0.021600795 	0.80430898
0.0025326633 	-0.0056123588 	-0.021673863 	0.80511825
0.0025527638 	-0.0056123588 	-0.021673863 	0.80511825
0.0025728643 	-0.0068684667 	-0.02165931 	0.80809812
0.0025929648 	-0.0068684667 	-0.02165931 	0.80809812
0.0026130653 	-0.0084816001 	-0.021632523 	0.81298158
0.0026331658 	-0.0084816001 	-0.021632523 	0.81298158
0.0026532663 	-0.010451712 	-0.021578103 	0.81927023
0.0026733668 	-0.010451712 	-0.021578103 	0.81927023
0.0026934673 	-0.012628213 	-0.021368289 	0.82603841
0.0027135678 	-0.012628213 	-0.021368289 	0.82603841
0.0027336683 	-0.014695689 	-0.020783752 	0.8319365
0.0027537688 	-0.014695689 	-0.020783752 	0.8319365
0.0027738693 	-0.0163109 	-0.019588809 	0.83561387
0.0027939698 	-0.0163109 	-0.019588809 	0.83561387
0.0028140704 	-0.017192106 	-0.017599922 	0.83625749
0.0028341709 	-0.017192106 	-0.017599922 	0.83625749
0.0028542714 	-0.017281608 	-0.014756252 	0.83403863
0.0028743719 	-0.016772592 	-0.011132545 	0.82999679
0.0028944724 	-0.016772592 	-0.011132545 	0.82999679
0.0029145729 	-0.015893872 	-0.0069452837 	0.8253065
0.0029346734 	-0.015893872 	-0.0069452837 	0.8253065
0.0029547739 	-0.014789575 	-0.0025597875 	0.82030153
0.0029748744 	-0.014789575 	-0.0025597875 	0.82030153
0.0029949749 	-0.013485886 	0.001528859 	0.81398394
0.0030150754 	-0.011919233 	0.0046561029 	0.80464705
0.0030351759 	-0.011919233 	0.0046561029 	0.80464705
0.0030552764 	-0.010173942 	0.0059636323 	0.79116205
0.0030753769 	-0.010173942 	0.0059636323 	0.79116205
0.0030954774 	-0.008665712 	0.0045460372 	0.77360458
0.0031155779 	-0.0079856925 	-0.00012533789 	0.75272998
0.0031356784 	-0.0079856925 	-0.00012533789 	0.75272998
0.0031557789 	-0.008670351 	-0.0075466838 	0.72922654
0.0031758794 	-0.008670351 	-0.0075466838 	0.72922654
0.0031959799 	-0.011023905 	-0.01571323 	0.70381928
0.0032160804 	-0.014999037 	-0.021529501 	0.67792831
0.0032361809 	-0.014999037 	-0.021529501 	0.67792831
0.0032562814 	-0.020088607 	-0.022419502 	0.65383897
0.0032763819 	-0.025376059 	-0.017945946 	0.63372481
0.0032964824 	-0.025376059 	-0.017945946 	0.63372481
0.0033165829 	-0.029784834 	-0.0097048731 	0.61837909
0.0033366834 	-0.032530401 	0.0002141455 	0.60697954
0.0033567839 	-0.032530401 	0.0002141455 	0.60697954
0.0033768844 	-0.033356769 	0.010461613 	0.59807882
0.0033969849 	-0.032481694 	0.020540191 	0.59059395
0.0034170854 	-0.032481694 	0.020540191 	0.59059395
0.0034371859 	-0.030362865 	0.030309416 	0.58414058
0.0034572864 	-0.0274538 	0.039571095 	0.57868091
0.0034773869 	-0.02401211 	0.048056799 	0.57403945
0.0034974874 	-0.02401211 	0.048056799 	0.57403945
0.0035175879 	-0.020085204 	0.055567811 	0.56974297
0.0035376884 	-0.015618615 	0.0620381 	0.56515002
0.0035577889 	-0.010575689 	0.06751167 	0.55963266
0.0035778894 	-0.010575689 	0.06751167 	0.55963266
0.0035979899 	-0.0050054914 	0.072066885 	0.55269312
0.0036180905 	0.00092780834 	0.075704098 	0.54403068
0.003638191 	0.0069277148 	0.078228758 	0.53359034
0.0036582915 	0.0069277148 	0.078228758 	0.53359034
0.003678392 	0.012569767 	0.079231167 	0.52161552
0.0036984925 	0.017336609 	0.078229217 	0.50862871
0.003718593 	0.02069309 	0.074920585 	0.4952575
0.0037386935 	0.022211349 	0.069398455 	0.48186992
0.003758794 	0.021720192 	0.062159962 	0.46807505
0.0037788945 	0.021720192 	0.062159962 	0.46807505
0.003798995 	0.019409928 	0.053817348 	0.4522668
0.0038190955 	0.015842654 	0.044775748 	0.43156649
0.003839196 	0.011800024 	0.035146169 	0.40262862
0.0038592965 	0.0080169648 	0.025045484 	0.36325596
0.003879397 	0.0049651928 	0.015068063 	0.31380046
0.0038994975 	0.0027908534 	0.0063720976 	0.25718722
0.003919598 	0.0013949365 	0.0001706621 	0.19750326
0.0039396985 	0.00058694026 	-0.0029308559 	0.13832924
0.003959799 	0.00017839456 	-0.0032080981 	0.081566111
0.0039798995 	1.5841902e-05 	-0.0015063175 	0.027122052
0.004 	1.5841902e-05 	-0.0015063175 	0.027122052
