0 	-0.0035693427 	0.0060884047 	1.0869765
2.0100503e-05 	-0.0035693427 	0.0060884047 	1.0869765
4.0201005e-05 	-0.0035693427 	0.0060884047 	1.0869765
6.0301508e-05 	-0.010908355 	0.0026465935 	1.0843705
8.040201e-05 	-0.010908355 	0.0026465935 	1.0843705
0.00010050251 	-0.010908355 	0.0026465935 	1.0843705
0.00012060302 	-0.017429358 	-0.0013565825 	1.0805763
0.00014070352 	-0.017429358 	-0.0013565825 	1.0805763
0.00016080402 	-0.017429358 	-0.0013565825 	1.0805763
0.00018090452 	-0.02487745 	-0.0049732771 	1.0748163
0.00020100503 	-0.02487745 	-0.0049732771 	1.0748163
0.00022110553 	-0.02487745 	-0.0049732771 	1.0748163
0.00024120603 	-0.033507514 	-0.0070724703 	1.0659936
0.00026130653 	-0.033507514 	-0.0070724703 	1.0659936
0.00028140704 	-0.043123972 	-0.0075503267 	1.0531561
0.00030150754 	-0.043123972 	-0.0075503267 	1.0531561
0.00032160804 	-0.043123972 	-0.0075503267 	1.0531561
0.00034170854 	-0.053131486 	-0.0074296382 	1.0362931
0.00036180905 	-0.053131486 	-0.0074296382 	1.0362931
0.00038190955 	-0.053131486 	-0.0074296382 	1.0362931
0.00040201005 	-0.062709438 	-0.0080186894 	1.0169404
0.00042211055 	-0.062709438 	-0.0080186894 	1.0169404
0.00044221106 	-0.062709438 	-0.0080186894 	1.0169404
0.00046231156 	-0.071057677 	-0.010104521 	0.99784675
0.00048241206 	-0.071057677 	-0.010104521 	0.99784675
0.00050251256 	-0.077704673 	-0.013635939 	0.98172896
0.00052261307 	-0.077704673 	-0.013635939 	0.98172896
0.00054271357 	-0.077704673 	-0.013635939 	0.98172896
0.00056281407 	-0.082553856 	-0.01796627 	0.97006578
0.00058291457 	-0.082553856 	-0.01796627 	0.97006578
0.00060301508 	-0.082553856 	-0.01796627 	0.97006578
0.00062311558 	-0.085655817 	-0.022465133 	0.96279994
0.00064321608 	-0.085655817 	-0.022465133 	0.96279994
0.00066331658 	-0.085655817 	-0.022465133 	0.96279994
0.00068341709 	-0.087008779 	-0.026905826 	0.95894805
0.00070351759 	-0.087008779 	-0.026905826 	0.95894805
0.00072361809 	-0.086552606 	-0.031380908 	0.9574701
0.00074371859 	-0.086552606 	-0.031380908 	0.9574701
0.0007638191 	-0.086552606 	-0.031380908 	0.9574701
0.0007839196 	-0.084301451 	-0.035977042 	0.95770665
0.0008040201 	-0.084301451 	-0.035977042 	0.95770665
0.0008241206 	-0.084301451 	-0.035977042 	0.95770665
0.00084422111 	-0.080437793 	-0.040496757 	0.95926298
0.00086432161 	-0.080437793 	-0.040496757 	0.95926298
0.00088442211 	-0.080437793 	-0.040496757 	0.95926298
0.00090452261 	-0.075341418 	-0.044377794 	0.96174091
0.00092462312 	-0.075341418 	-0.044377794 	0.96174091
0.00094472362 	-0.069571621 	-0.046995454 	0.96466549
0.00096482412 	-0.069571621 	-0.046995454 	0.96466549
0.00098492462 	-0.069571621 	-0.046995454 	0.96466549
0.0010050251 	-0.05637162 	-0.052994518 	0.96250277
0.0010251256 	-0.06333228 	-0.048110259 	0.96777716
0.0010452261 	-0.06333228 	-0.048110259 	0.96777716
0.0010653266 	-0.056956417 	-0.04748137 	0.97073756
0.0010854271 	-0.056956417 	-0.04748137 	0.97073756
0.0011055276 	-0.049522363 	-0.051558021 	0.96603595
0.0011256281 	-0.042999803 	-0.048501238 	0.96903971
0.0011457286 	-0.042999803 	-0.048501238 	0.96903971
0.0011658291 	-0.050745391 	-0.045396311 	0.97297894
0.0011859296 	-0.044836099 	-0.042320736 	0.97501125
0.0012060302 	-0.044836099 	-0.042320736 	0.97501125
0.0012261307 	-0.044836099 	-0.042320736 	0.97501125
0.0012462312 	-0.039196543 	-0.038408 	0.97703744
0.0012663317 	-0.039196543 	-0.038408 	0.97703744
0.0012864322 	-0.031009882 	-0.039507047 	0.97361082
0.0013065327 	-0.025671342 	-0.034096017 	0.97521356
0.0013266332 	-0.025671342 	-0.034096017 	0.97521356
0.0013467337 	-0.025671342 	-0.034096017 	0.97521356
0.0013668342 	-0.020907075 	-0.028347303 	0.9763183
0.0013869347 	-0.020907075 	-0.028347303 	0.9763183
0.0014070352 	-0.020907075 	-0.028347303 	0.9763183
0.0014271357 	-0.016783061 	-0.022514866 	0.97688664
0.0014472362 	-0.016783061 	-0.022514866 	0.97688664
0.0014673367 	-0.016783061 	-0.022514866 	0.97688664
0.0014874372 	-0.01332703 	-0.016884122 	0.97689279
0.0015075377 	-0.01332703 	-0.016884122 	0.97689279
0.0015276382 	-0.010562837 	-0.011776261 	0.9763513
0.0015477387 	-0.010562837 	-0.011776261 	0.9763513
0.0015678392 	-0.010562837 	-0.011776261 	0.9763513
0.0015879397 	-0.0084863062 	-0.0074856783 	0.97528454
0.0016080402 	-0.0084863062 	-0.0074856783 	0.97528454
0.0016281407 	-0.0084863062 	-0.0074856783 	0.97528454
0.0016482412 	-0.0070510787 	-0.0042113881 	0.97369767
0.0016683417 	-0.0070510787 	-0.0042113881 	0.97369767
0.0016884422 	-0.0061745904 	-0.0020227089 	0.97163171
0.0017085427 	-0.0061745904 	-0.0020227089 	0.97163171
0.0017286432 	-0.0061745904 	-0.0020227089 	0.97163171
0.0017487437 	-0.005711028 	-0.0008934676 	0.96918535
0.0017688442 	-0.005711028 	-0.0008934676 	0.96918535
0.0017889447 	-0.005711028 	-0.0008934676 	0.96918535
0.0018090452 	-0.0054826558 	-0.0006968394 	0.96651274
0.0018291457 	-0.0054826558 	-0.0006968394 	0.96651274
0.0018492462 	-0.0053270079 	-0.0012864737 	0.96378253
0.0018693467 	-0.0053270079 	-0.0012864737 	0.96378253
0.0018894472 	-0.0053270079 	-0.0012864737 	0.96378253
0.0019095477 	-0.0050981735 	-0.0025283272 	0.96116841
0.0019296482 	-0.0050981735 	-0.0025283272 	0.96116841
0.0019497487 	-0.0046632373 	-0.004305008 	0.95881196
0.0019698492 	-0.0046632373 	-0.004305008 	0.95881196
0.0019899497 	-0.0039203678 	-0.0065432123 	0.95680534
0.0020100503 	-0.0039203678 	-0.0065432123 	0.95680534
0.0020301508 	-0.0039203678 	-0.0065432123 	0.95680534
0.0020502513 	-0.0027964936 	-0.0091878565 	0.95516086
0.0020703518 	-0.0027964936 	-0.0091878565 	0.95516086
0.0020904523 	-0.0011957545 	-0.012201867 	0.95376401
0.0021105528 	-0.0011957545 	-0.012201867 	0.95376401
0.0021306533 	-0.0011957545 	-0.012201867 	0.95376401
0.0021507538 	0.00093578671 	-0.015487653 	0.95238182
0.0021708543 	0.00093578671 	-0.015487653 	0.95238182
0.0021909548 	0.0036189911 	-0.018873296 	0.95066471
0.0022110553 	0.0036189911 	-0.018873296 	0.95066471
0.0022311558 	0.0068251149 	-0.022092796 	0.94834236
0.0022512563 	0.0068251149 	-0.022092796 	0.94834236
0.0022713568 	0.010399244 	-0.024834249 	0.94540371
0.0022914573 	0.010399244 	-0.024834249 	0.94540371
0.0023115578 	0.010399244 	-0.024834249 	0.94540371
0.0023316583 	0.014083536 	-0.026792878 	0.94212772
0.0023517588 	0.014083536 	-0.026792878 	0.94212772
0.0023718593 	0.017561799 	-0.027752036 	0.93893137
0.0023919598 	0.017561799 	-0.027752036 	0.93893137
0.0024120603 	0.020598366 	-0.027640001 	0.93612421
0.0024321608 	0.020598366 	-0.027640001 	0.93612421
0.0024522613 	0.023124979 	-0.026515351 	0.93374097
0.0024723618 	0.023124979 	-0.026515351 	0.93374097
0.0024924623 	0.025206166 	-0.024564278 	0.93150593
0.0025125628 	0.025206166 	-0.024564278 	0.93150593
0.0025326633 	0.027025748 	-0.022010915 	0.92889624
0.0025527638 	0.027025748 	-0.022010915 	0.92889624
0.0025728643 	0.02882723 	-0.019017806 	0.92533725
0.0025929648 	0.02882723 	-0.019017806 	0.92533725
0.0026130653 	0.03085736 	-0.015607729 	0.92035625
0.0026331658 	0.03085736 	-0.015607729 	0.92035625
0.0026532663 	0.033302646 	-0.011601589 	0.91369275
0.0026733668 	0.033302646 	-0.011601589 	0.91369275
0.0026934673 	0.036249546 	-0.0066436272 	0.90533103
0.0027135678 	0.036249546 	-0.0066436272 	0.90533103
0.0027336683 	0.03964896 	-0.00033967236 	0.89547792
0.0027537688 	0.03964896 	-0.00033967236 	0.89547792
0.0027738693 	0.043281424 	0.0075730845 	0.88451162
0.0027939698 	0.043281424 	0.0075730845 	0.88451162
0.0028140704 	0.046797095 	0.017068206 	0.87292538
0.0028341709 	0.046797095 	0.017068206 	0.87292538
0.0028542714 	0.049807798 	0.027724298 	0.86128629
0.0028743719 	0.05195503 	0.038750999 	0.85016428
0.0028944724 	0.05195503 	0.038750999 	0.85016428
0.0029145729 	0.053014424 	0.049067788 	0.84013276
0.0029346734 	0.053014424 	0.049067788 	0.84013276
0.0029547739 	0.052967271 	0.057460102 	0.83171843
0.0029748744 	0.052967271 	0.057460102 	0.83171843
0.0029949749 	0.052007061 	0.062887378 	0.82524077
0.0030150754 	0.050484918 	0.064863967 	0.82072179
0.0030351759 	0.050484918 	0.064863967 	0.82072179
0.0030552764 	0.048814801 	0.063630356 	0.81803439
0.0030753769 	0.048814801 	0.063630356 	0.81803439
0.0030954774 	0.047371644 	0.059967196 	0.81701834
0.0031155779 	0.046417813 	0.05481587 	0.81724682
0.0031356784 	0.046417813 	0.05481587 	0.81724682
0.0031557789 	0.046052805 	0.048943307 	0.81773836
0.0031758794 	0.046052805 	0.048943307 	0.81773836
0.0031959799 	0.046150247 	0.042755425 	0.81723274
0.0032160804 	0.046302552 	0.03633183 	0.81500525
0.0032361809 	0.046302552 	0.03633183 	0.81500525
0.0032562814 	0.045872379 	0.02964755 	0.81143272
0.0032763819 	0.044251076 	0.02281116 	0.80753736
0.0032964824 	0.044251076 	0.02281116 	0.80753736
0.0033165829 	0.04123986 	0.016075211 	0.8037065
0.0033366834 	0.037223007 	0.0095782516 	0.79876481
0.0033567839 	0.037223007 	0.0095782516 	0.79876481
0.0033768844 	0.032973634 	0.0031379982 	0.79050754
0.0033969849 	0.029226534 	-0.0035329869 	0.77738809
0.0034170854 	0.029226534 	-0.0035329869 	0.77738809
0.0034371859 	0.026271695 	-0.01030061 	0.75988875
0.0034572864 	0.023962633 	-0.016236674 	0.74014804
0.0034773869 	0.022087252 	-0.019823037 	0.72008264
0.0034974874 	0.022087252 	-0.019823037 	0.72008264
0.0035175879 	0.020660331 	-0.0197012 	0.69945992
0.0035376884 	0.019934002 	-0.015490952 	0.67551625
0.0035577889 	0.020117234 	-0.0081200134 	0.64459968
0.0035778894 	0.020117234 	-0.0081200134 	0.64459968
0.0035979899 	0.021092845 	0.00053686998 	0.60489693
0.0036180905 	0.022304763 	0.0083944164 	0.55818987
0.003638191 	0.022941144 	0.0138332 	0.50935912
0.0036582915 	0.022941144 	0.0138332 	0.50935912
0.003678392 	0.02234993 	0.016065415 	0.46376815
0.0036984925 	0.020377537 	0.015215872 	0.42460297
0.003718593 	0.017327383 	0.012114379 	0.39204179
0.0037386935 	0.013736113 	0.0078893619 	0.36420981
0.003758794 	0.010147423 	0.0035484915 	0.33861703
0.0037788945 	0.010147423 	0.0035484915 	0.33861703
0.003798995 	0.0069749472 	-0.0002432595 	0.31312017
0.0038190955 	0.0044509964 	-0.0031517331 	0.28627724
0.003839196 	0.0026300611 	-0.0050589242 	0.25735023
0.0038592965 	0.0014505138 	-0.0059702173 	0.22616263
0.003879397 	0.00077203629 	-0.0059702654 	0.19292464
0.0038994975 	0.00041556238 	-0.0051996888 	0.15808293
0.003919598 	0.00023170576 	-0.0038511836 	0.12221097
0.0039396985 	0.00012318152 	-0.0021857956 	0.085988194
0.003959799 	4.8271629e-05 	-0.0005872393 	0.050241696
0.0039798995 	3.2388963e-06 	0.00033863256 	0.015970525
0.004 	3.2388963e-06 	0.00033863256 	0.015970525
