0 	0.01301543 	-0.028040433 	1.0450452
2.0100503e-05 	0.01301543 	-0.028040433 	1.0450452
4.0201005e-05 	0.01301543 	-0.028040433 	1.0450452
6.0301508e-05 	0.030122617 	-0.0097263049 	1.0459826
8.040201e-05 	0.030122617 	-0.0097263049 	1.0459826
0.00010050251 	0.030122617 	-0.0097263049 	1.0459826
0.00012060302 	0.035242303 	0.0035896319 	1.0471105
0.00014070352 	0.035242303 	0.0035896319 	1.0471105
0.00016080402 	0.035242303 	0.0035896319 	1.0471105
0.00018090452 	0.037942342 	0.014107327 	1.0488916
0.00020100503 	0.037942342 	0.014107327 	1.0488916
0.00022110553 	0.037942342 	0.014107327 	1.0488916
0.00024120603 	0.039498188 	0.022439878 	1.0517167
0.00026130653 	0.039498188 	0.022439878 	1.0517167
0.00028140704 	0.040310526 	0.028730915 	1.0557951
0.00030150754 	0.040310526 	0.028730915 	1.0557951
0.00032160804 	0.040310526 	0.028730915 	1.0557951
0.00034170854 	0.040609422 	0.033088647 	1.0609874
0.00036180905 	0.040609422 	0.033088647 	1.0609874
0.00038190955 	0.040609422 	0.033088647 	1.0609874
0.00040201005 	0.040548821 	0.035632363 	1.0666678
0.00042211055 	0.040548821 	0.035632363 	1.0666678
0.00044221106 	0.040548821 	0.035632363 	1.0666678
0.00046231156 	0.040196208 	0.036451114 	1.0716973
0.00048241206 	0.040196208 	0.036451114 	1.0716973
0.00050251256 	0.039518965 	0.035594416 	1.0745428
0.00052261307 	0.039518965 	0.035594416 	1.0745428
0.00054271357 	0.039518965 	0.035594416 	1.0745428
0.00056281407 	0.038366342 	0.033131524 	1.0735735
0.00058291457 	0.038366342 	0.033131524 	1.0735735
0.00060301508 	0.038366342 	0.033131524 	1.0735735
0.00062311558 	0.036492679 	0.029198797 	1.0675704
0.00064321608 	0.036492679 	0.029198797 	1.0675704
0.00066331658 	0.036492679 	0.029198797 	1.0675704
0.00068341709 	0.033660188 	0.02400189 	1.0563071
0.00070351759 	0.033660188 	0.02400189 	1.0563071
0.00072361809 	0.02981807 	0.017807385 	1.0408028
0.00074371859 	0.02981807 	0.017807385 	1.0408028
0.0007638191 	0.02981807 	0.017807385 	1.0408028
0.0007839196 	0.02523501 	0.010939035 	1.0229591
0.0008040201 	0.02523501 	0.010939035 	1.0229591
0.0008241206 	0.02523501 	0.010939035 	1.0229591
0.00084422111 	0.020436553 	0.0036390009 	1.0048274
0.00086432161 	0.020436553 	0.0036390009 	1.0048274
0.00088442211 	0.020436553 	0.0036390009 	1.0048274
0.00090452261 	0.015958809 	-0.0041193562 	0.98793462
0.00092462312 	0.015958809 	-0.0041193562 	0.98793462
0.00094472362 	0.011908326 	-0.012504014 	0.97299584
0.00096482412 	0.011908326 	-0.012504014 	0.97299584
0.00098492462 	0.011908326 	-0.012504014 	0.97299584
0.0010050251 	0.0080536845 	-0.022252962 	0.95935415
0.0010251256 	0.0023045302 	-0.02479815 	0.95212399
0.0010452261 	0.0023045302 	-0.02479815 	0.95212399
0.0010653266 	-0.0016287016 	-0.035024183 	0.93990694
0.0010854271 	-0.0016287016 	-0.035024183 	0.93990694
0.0011055276 	-0.0016287016 	-0.035024183 	0.93990694
0.0011256281 	-0.0057986105 	-0.044927768 	0.92960761
0.0011457286 	-0.0057986105 	-0.044927768 	0.92960761
0.0011658291 	-0.00035037392 	-0.043388552 	0.93640936
0.0011859296 	-0.0047912981 	-0.052108878 	0.92737708
0.0012060302 	-0.0047912981 	-0.052108878 	0.92737708
0.0012261307 	-0.010149893 	-0.052884507 	0.92124915
0.0012462312 	-0.014134462 	-0.057278676 	0.91497228
0.0012663317 	-0.014134462 	-0.057278676 	0.91497228
0.0012864322 	-0.014134462 	-0.057278676 	0.91497228
0.0013065327 	-0.017092101 	-0.057034236 	0.91069227
0.0013266332 	-0.017092101 	-0.057034236 	0.91069227
0.0013467337 	-0.017092101 	-0.057034236 	0.91069227
0.0013668342 	-0.018800742 	-0.052396882 	0.90776423
0.0013869347 	-0.018800742 	-0.052396882 	0.90776423
0.0014070352 	-0.018800742 	-0.052396882 	0.90776423
0.0014271357 	-0.019864459 	-0.045319942 	0.9050393
0.0014472362 	-0.019864459 	-0.045319942 	0.9050393
0.0014673367 	-0.019864459 	-0.045319942 	0.9050393
0.0014874372 	-0.021455751 	-0.038669829 	0.90167657
0.0015075377 	-0.021455751 	-0.038669829 	0.90167657
0.0015276382 	-0.024382169 	-0.034494709 	0.89800739
0.0015477387 	-0.024382169 	-0.034494709 	0.89800739
0.0015678392 	-0.024382169 	-0.034494709 	0.89800739
0.0015879397 	-0.028516751 	-0.033082296 	0.8951334
0.0016080402 	-0.028516751 	-0.033082296 	0.8951334
0.0016281407 	-0.028516751 	-0.033082296 	0.8951334
0.0016482412 	-0.033097372 	-0.033621383 	0.89376049
0.0016683417 	-0.033097372 	-0.033621383 	0.89376049
0.0016884422 	-0.037313602 	-0.035254349 	0.89384281
0.0017085427 	-0.037313602 	-0.035254349 	0.89384281
0.0017286432 	-0.037313602 	-0.035254349 	0.89384281
0.0017487437 	-0.040647114 	-0.037488755 	0.89504907
0.0017688442 	-0.040647114 	-0.037488755 	0.89504907
0.0017889447 	-0.040647114 	-0.037488755 	0.89504907
0.0018090452 	-0.04288937 	-0.040088734 	0.89713472
0.0018291457 	-0.04288937 	-0.040088734 	0.89713472
0.0018492462 	-0.044030948 	-0.042897942 	0.89997047
0.0018693467 	-0.044030948 	-0.042897942 	0.89997047
0.0018894472 	-0.044030948 	-0.042897942 	0.89997047
0.0019095477 	-0.044155546 	-0.04575657 	0.90346602
0.0019296482 	-0.044155546 	-0.04575657 	0.90346602
0.0019497487 	-0.043371355 	-0.04849009 	0.9075158
0.0019698492 	-0.043371355 	-0.04849009 	0.9075158
0.0019899497 	-0.041787698 	-0.050923446 	0.91197061
0.0020100503 	-0.041787698 	-0.050923446 	0.91197061
0.0020301508 	-0.041787698 	-0.050923446 	0.91197061
0.0020502513 	-0.039514499 	-0.052899966 	0.91663745
0.0020703518 	-0.039514499 	-0.052899966 	0.91663745
0.0020904523 	-0.011837716 	-0.062166381 	0.91993708
0.0021105528 	-0.036668453 	-0.054303668 	0.92130019
0.0021306533 	-0.036668453 	-0.054303668 	0.92130019
0.0021507538 	-0.033376082 	-0.055075775 	0.925743
0.0021708543 	-0.033376082 	-0.055075775 	0.925743
0.0021909548 	-0.029764559 	-0.055222322 	0.9297641
0.0022110553 	-0.029764559 	-0.055222322 	0.9297641
0.0022311558 	-0.025942405 	-0.054790552 	0.93317015
0.0022512563 	-0.025942405 	-0.054790552 	0.93317015
0.0022713568 	-0.021979448 	-0.05382016 	0.93576675
0.0022914573 	-0.021979448 	-0.05382016 	0.93576675
0.0023115578 	-0.021979448 	-0.05382016 	0.93576675
0.0023316583 	-0.017902203 	-0.052287806 	0.93736316
0.0023517588 	-0.017902203 	-0.052287806 	0.93736316
0.0023718593 	-0.013710375 	-0.050074363 	0.93779153
0.0023919598 	-0.013710375 	-0.050074363 	0.93779153
0.0024120603 	-0.0094051668 	-0.04698304 	0.93692782
0.0024321608 	-0.0094051668 	-0.04698304 	0.93692782
0.0024522613 	-0.0050143409 	-0.042813435 	0.93470353
0.0024723618 	-0.0050143409 	-0.042813435 	0.93470353
0.0024924623 	-0.00061167576 	-0.037474709 	0.93111134
0.0025125628 	-0.00061167576 	-0.037474709 	0.93111134
0.0025326633 	0.003663169 	-0.031096079 	0.92622077
0.0025527638 	0.003663169 	-0.031096079 	0.92622077
0.0025728643 	0.0075977869 	-0.024078258 	0.92020096
0.0025929648 	0.0075977869 	-0.024078258 	0.92020096
0.0026130653 	0.010907444 	-0.01708756 	0.91330772
0.0026331658 	0.010907444 	-0.01708756 	0.91330772
0.0026532663 	0.013265479 	-0.010938467 	0.90580511
0.0026733668 	0.013265479 	-0.010938467 	0.90580511
0.0026934673 	0.014374934 	-0.0064578561 	0.89783443
0.0027135678 	0.014374934 	-0.0064578561 	0.89783443
0.0027336683 	0.014047063 	-0.0043277769 	0.88929701
0.0027537688 	0.014047063 	-0.0043277769 	0.88929701
0.0027738693 	0.012330666 	-0.0050076181 	0.87977308
0.0027939698 	0.012330666 	-0.0050076181 	0.87977308
0.0028140704 	0.0095362336 	-0.0086882055 	0.86845667
0.0028341709 	0.0095362336 	-0.0086882055 	0.86845667
0.0028542714 	0.0061445767 	-0.015323674 	0.85429742
0.0028743719 	0.0026356075 	-0.024572541 	0.83639544
0.0028944724 	0.0026356075 	-0.024572541 	0.83639544
0.0029145729 	-0.00072550733 	-0.035680534 	0.81477284
0.0029346734 	-0.00072550733 	-0.035680534 	0.81477284
0.0029547739 	-0.0039552842 	-0.047481542 	0.79101566
0.0029748744 	-0.0039552842 	-0.047481542 	0.79101566
0.0029949749 	-0.0071617625 	-0.058649698 	0.76780441
0.0030150754 	-0.010281742 	-0.068066436 	0.74723886
0.0030351759 	-0.010281742 	-0.068066436 	0.74723886
0.0030552764 	-0.013047804 	-0.075063279 	0.72956782
0.0030753769 	-0.013047804 	-0.075063279 	0.72956782
0.0030954774 	-0.01515982 	-0.079435127 	0.71353756
0.0031155779 	-0.016467156 	-0.081309533 	0.69769861
0.0031356784 	-0.016467156 	-0.081309533 	0.69769861
0.0031557789 	-0.017014654 	-0.080981364 	0.68134952
0.0031758794 	-0.017014654 	-0.080981364 	0.68134952
0.0031959799 	-0.016988359 	-0.078788814 	0.66464901
0.0032160804 	-0.016643549 	-0.075028151 	0.64828123
0.0032361809 	-0.016643549 	-0.075028151 	0.64828123
0.0032562814 	-0.016249463 	-0.06990228 	0.63310992
0.0032763819 	-0.016044617 	-0.063515885 	0.61994444
0.0032964824 	-0.016044617 	-0.063515885 	0.61994444
0.0033165829 	-0.01619627 	-0.055929248 	0.60935672
0.0033366834 	-0.016772503 	-0.047254495 	0.60151451
0.0033567839 	-0.016772503 	-0.047254495 	0.60151451
0.0033768844 	-0.017737441 	-0.037746539 	0.59607462
0.0033969849 	-0.018972137 	-0.027839762 	0.59219227
0.0034170854 	-0.018972137 	-0.027839762 	0.59219227
0.0034371859 	-0.020302984 	-0.018113456 	0.58866562
0.0034572864 	-0.021523241 	-0.0092076624 	0.58414223
0.0034773869 	-0.022409893 	-0.001722526 	0.57733745
0.0034974874 	-0.022409893 	-0.001722526 	0.57733745
0.0035175879 	-0.022748629 	0.0038579151 	0.56718903
0.0035376884 	-0.022382934 	0.0072506201 	0.55299965
0.0035577889 	-0.021256119 	0.0084088399 	0.53451543
0.0035778894 	-0.021256119 	0.0084088399 	0.53451543
0.0035979899 	-0.019464747 	0.0075637698 	0.51196517
0.0036180905 	-0.017243949 	0.0052367443 	0.48603094
0.003638191 	-0.014861596 	0.0021530541 	0.45771291
0.0036582915 	-0.014861596 	0.0021530541 	0.45771291
0.003678392 	-0.012583633 	-0.00092034555 	0.42811612
0.0036984925 	-0.010610447 	-0.0033683631 	0.39820439
0.003718593 	-0.0090182709 	-0.0048646025 	0.368638
0.0037386935 	-0.0077751044 	-0.0053883877 	0.33973417
0.003758794 	-0.0067839961 	-0.0051427592 	0.31152471
0.0037788945 	-0.0067839961 	-0.0051427592 	0.31152471
0.003798995 	-0.0059298777 	-0.0044313555 	0.28384403
0.0038190955 	-0.0051204816 	-0.0035515645 	0.25641743
0.003839196 	-0.0043058152 	-0.0027289664 	0.22892841
0.0038592965 	-0.003477889 	-0.0020919817 	0.20106164
0.003879397 	-0.0026582439 	-0.0016768482 	0.17253072
0.0038994975 	-0.0018845256 	-0.0014518345 	0.14310538
0.003919598 	-0.0011984966 	-0.0013476461 	0.11264991
0.0039396985 	-0.00063807081 	-0.001275237 	0.081177909
0.003959799 	-0.00023686714 	-0.0011110261 	0.048909101
0.0039798995 	-2.5281783e-05 	-0.0006285459 	0.016289209
0.004 	-2.5281783e-05 	-0.0006285459 	0.016289209
