
# Results from simulation on mesh M2
# Fluctuations of vorticity
#    y       <w'_x^2>    <w'_y^2>     <w'_z^2>
0.00242185   0.140114  0.00131046     0.92241
0.00738558  0.0772766   0.0115307    0.740686
 0.0125953  0.0433142   0.0283894    0.448146
 0.0180634   0.028813    0.044409    0.228122
 0.0238024  0.0247882   0.0558574    0.140941
 0.0298259  0.0268755   0.0651518    0.122597
  0.036148   0.031791   0.0737179     0.12608
 0.0427834  0.0366785   0.0806561    0.132674
 0.0497477   0.040537   0.0855011    0.135599
 0.0570573  0.0433121   0.0881215    0.134672
 0.0647291  0.0451184   0.0886526     0.13039
 0.0727812  0.0461212   0.0874106     0.12362
 0.0812325  0.0464786   0.0847882    0.115306
 0.0901026   0.046322   0.0811739    0.106265
 0.0994124  0.0457564   0.0769065    0.097099
  0.109184  0.0448632   0.0722595   0.0882034
  0.119439  0.0437065   0.0674441   0.0798236
  0.130203  0.0423382   0.0626161   0.0720917
  0.141501  0.0407934   0.0578856   0.0650513
  0.153358  0.0390925   0.0533274   0.0586868
  0.165803  0.0372645   0.0489911    0.052955
  0.178865  0.0353523   0.0449077   0.0478037
  0.192575  0.0333907   0.0410948     0.04318
  0.206964  0.0314069   0.0375616   0.0390352
  0.222066  0.0294241   0.0343065   0.0353274
  0.237917  0.0274533   0.0313206   0.0319935
  0.254553  0.0255083    0.028587   0.0289932
  0.272015  0.0236141   0.0260806    0.026293
  0.290341  0.0217917   0.0237856   0.0238434
  0.309576  0.0200549   0.0216846   0.0216147
  0.329765  0.0184044   0.0197625    0.019586
  0.350954  0.0168436   0.0180042   0.0177273
  0.373193  0.0153839   0.0163909   0.0160309
  0.396535  0.0140233   0.0149056   0.0144831
  0.421034  0.0127497   0.0135375   0.0130777
  0.446747  0.0115523    0.012275   0.0118064
  0.473734  0.0104345    0.011109   0.0106439
   0.50206 0.00939738   0.0100303  0.00956627
  0.531789 0.00843826  0.00903179    0.008575
  0.562992  0.0075511  0.00810416  0.00768107
  0.595741 0.00672378  0.00724295  0.00686287
  0.630114 0.00595758  0.00644783  0.00612894
   0.66619 0.00524809  0.00571392  0.00547802
  0.704055 0.00459424  0.00503731  0.00489051
  0.743797 0.00399666  0.00442156  0.00436883
  0.785508 0.00346825  0.00387356  0.00391312
  0.829287 0.00301629  0.00340001  0.00353148
  0.875236 0.00264796  0.00301266  0.00321968
  0.923463  0.0023758   0.0027301  0.00297889
  0.974079 0.00222167  0.00257327  0.00283495
   1.02592 0.00221955  0.00256814  0.00282801
   1.07655 0.00236476  0.00271743  0.00296015
   1.12478 0.00262649  0.00299621  0.00319246
   1.17073 0.00298469  0.00338169  0.00350415
   1.21451 0.00343121  0.00385599  0.00389628
   1.25623 0.00395702  0.00440383  0.00435674
   1.29597 0.00455397  0.00501705  0.00488308
   1.33384  0.0052212  0.00569507  0.00547827
   1.36992 0.00594778  0.00643509   0.0061415
   1.40429 0.00673451  0.00723475  0.00688529
   1.43704 0.00757855  0.00809796  0.00770001
   1.46825  0.0084746  0.00902717  0.00858562
   1.49798 0.00943141   0.0100265  0.00956115
    1.5263  0.0104602   0.0111045   0.0106506
   1.55329  0.0115662   0.0122698    0.011836
     1.579   0.012762   0.0135328   0.0131145
    1.6035  0.0140498   0.0149029   0.0145224
   1.62684  0.0154211   0.0163892   0.0160559
   1.64908  0.0168862   0.0180013   0.0177303
   1.67027  0.0184552   0.0197549   0.0195736
   1.69046  0.0201152   0.0216697   0.0215903
   1.70969  0.0218509   0.0237627   0.0237947
   1.72802  0.0236495   0.0260501   0.0262191
   1.74548  0.0255022   0.0285502   0.0288947
   1.76212  0.0274045   0.0312769   0.0318529
   1.77797  0.0293391   0.0342509    0.035142
   1.79307  0.0312868   0.0374871   0.0388153
   1.80745  0.0332272   0.0409953    0.042924
   1.82116   0.035139   0.0447813   0.0475163
   1.83422  0.0369966   0.0488385   0.0526614
   1.84667  0.0387732   0.0531522   0.0584326
   1.85852  0.0404425   0.0576955   0.0648838
   1.86982  0.0419774   0.0624216   0.0720245
   1.88058  0.0433475   0.0672544    0.079825
   1.89084  0.0445046   0.0720801   0.0882205
   1.90061  0.0453889   0.0767394   0.0970781
   1.90992  0.0459393   0.0810186    0.106154
   1.91878  0.0460825   0.0846398    0.115065
   1.92723   0.045718   0.0872607    0.123246
   1.93528  0.0447177    0.088492     0.12992
   1.94295  0.0429313   0.0879424    0.134168
   1.95026  0.0401983   0.0852995    0.135127
   1.95723  0.0363956   0.0804342    0.132276
   1.96386  0.0315628   0.0734859    0.125743
   1.97018  0.0266915   0.0649248    0.122282
    1.9762  0.0246204   0.0556451    0.140569
   1.98194  0.0286081   0.0442199    0.227322
   1.98741  0.0429883   0.0282494    0.445857
   1.99262  0.0766455   0.0114671    0.735706
   1.99758   0.138836  0.00130291    0.915388
