0 	-0.049881875 	0.01887945 	1.0688249
5.5555556e-05 	0.0012046836 	-0.056178902 	1.0698073
0.00011111111 	0.0064947551 	-0.056033552 	1.0690554
0.00016666667 	0.0082935986 	-0.054942114 	1.0675066
0.00022222222 	0.0092176845 	-0.052055256 	1.0645437
0.00027777778 	0.0099075325 	-0.046330791 	1.0593722
0.00033333333 	0.010160171 	-0.037645574 	1.0516392
0.00038888889 	0.0094592221 	-0.02728935 	1.041767
0.00044444444 	0.0075838183 	-0.017118722 	1.0305393
0.0005 	0.0047992436 	-0.0083872575 	1.0185006
0.00055555556 	0.0016393024 	-0.0012877105 	1.0060496
0.00061111111 	-0.0013324828 	0.0049079626 	0.99411666
0.00066666667 	-0.0036425031 	0.01122056 	0.98424014
0.00072222222 	-0.0048410516 	0.01820757 	0.97760753
0.00077777778 	-0.0045429792 	0.025657558 	0.97426241
0.00083333333 	-0.002612022 	0.032952673 	0.97336128
0.00088888889 	0.00065406013 	0.039526112 	0.9740303
0.00094444444 	0.0043509598 	0.0450972 	0.97586223
0.001 	0.0077190432 	0.049949472 	0.97887659
0.0010617451 	0.0098954391 	0.053780193 	0.98228281
0.0011226367 	0.011052587 	0.056355415 	0.98430696
0.0011826866 	0.012147934 	0.05749732 	0.98425692
0.0012419064 	0.013620869 	0.057096083 	0.98286091
0.0013003077 	0.015508979 	0.055430292 	0.98099597
0.0013579017 	0.017786967 	0.05297062 	0.97901911
0.0014146996 	0.020384497 	0.050194459 	0.97690956
0.0014707124 	0.023153551 	0.047494648 	0.97449126
0.0015259509 	0.025913828 	0.045103349 	0.97157174
0.001580426 	0.028458377 	0.043086006 	0.96802143
0.001634148 	0.030556132 	0.041370458 	0.96382821
0.0016871274 	0.031938612 	0.039818169 	0.959129
0.0017393745 	0.032293187 	0.038211786 	0.95417141
0.0017908994 	0.031340989 	0.036260093 	0.94920766
0.0018417121 	0.028954028 	0.033530247 	0.94431735
0.0018918224 	0.025203271 	0.029425637 	0.93925349
0.0019412401 	0.020325847 	0.023345213 	0.93356533
0.0019899746 	0.014645609 	0.015025538 	0.92696147
0.0020380356 	0.0084424156 	0.0049065077 	0.91975535
0.0020854322 	0.0019037527 	-0.0058343552 	0.91292203
0.0021321736 	-0.0047948748 	-0.015679344 	0.90767732
0.002178269 	-0.011425205 	-0.023305811 	0.90494971
0.0022237272 	-0.017748452 	-0.027983282 	0.90495577
0.002268557 	-0.023531182 	-0.029659917 	0.90701978
0.0023127672 	-0.028549498 	-0.028848112 	0.90959232
0.0023563662 	-0.032650585 	-0.026425777 	0.9105928
0.0023993626 	-0.035766347 	-0.023301061 	0.90799836
0.0024417647 	-0.037855208 	-0.020004572 	0.90038025
0.0024835806 	-0.038821485 	-0.016445609 	0.88716259
0.0025248186 	-0.038477297 	-0.011991483 	0.86860466
0.0025654865 	-0.036646412 	-0.0059563335 	0.84565792
0.0026055923 	-0.033326737 	0.0018518144 	0.8197764
0.0026451437 	-0.028772767 	0.010831013 	0.79272669
0.0026841484 	-0.023481119 	0.0198622 	0.76632015
0.002722614 	-0.018016192 	0.027736468 	0.74207794
0.0027605478 	-0.012826127 	0.033599501 	0.72101677
0.0027979573 	-0.0081976998 	0.037104907 	0.70364127
0.0028348498 	-0.0042691286 	0.038355547 	0.69005145
0.0028712322 	-0.0010627755 	0.037779388 	0.68002749
0.0029071118 	0.0014761455 	0.036025386 	0.67311623
0.0029424953 	0.0034810931 	0.033850485 	0.66876432
0.0029773898 	0.0050944659 	0.031956749 	0.66657863
0.003011802 	0.0063904528 	0.03077332 	0.66657651
0.0030457385 	0.0073321162 	0.030257145 	0.66915916
0.0030792059 	0.0077489589 	0.029814766 	0.6747048
0.0031122107 	0.00746948 	0.028442958 	0.68305309
0.0031447592 	0.0064287986 	0.025111175 	0.69336647
0.0031768579 	0.0046502249 	0.019211872 	0.70452586
0.0032085129 	0.0021620833 	0.010802904 	0.71563995
0.0032397303 	-0.0010877465 	0.00058094435 	0.72624909
0.0032705162 	-0.0051371663 	-0.010320404 	0.73624449
0.0033008765 	-0.009869377 	-0.020475836 	0.74584276
0.0033308172 	-0.015097852 	-0.028305552 	0.75513984
0.0033603441 	-0.020550345 	-0.032398477 	0.76344259
0.0033894627 	-0.025629086 	-0.031806183 	0.76868576
0.0034181789 	-0.029541012 	-0.026503697 	0.76729548
0.0034464982 	-0.031576361 	-0.017762696 	0.75523097
0.003474426 	-0.031485039 	-0.0081368668 	0.72998
0.0035019678 	-0.029698875 	-0.00083554646 	0.69233212
0.0035291288 	-0.027215342 	0.0015024613 	0.64658602
0.0035559144 	-0.025140979 	-0.0020487327 	0.59872325
0.0035823298 	-0.024170948 	-0.010404484 	0.55368074
0.0036083801 	-0.024321244 	-0.021206099 	0.51358219
0.0036340702 	-0.025045725 	-0.031978178 	0.47783138
0.0036594053 	-0.025602246 	-0.040919133 	0.44447197
0.0036843901 	-0.025400685 	-0.047088522 	0.41162625
0.0037090296 	-0.024171692 	-0.050246984 	0.37827163
0.0037333285 	-0.021960063 	-0.050633978 	0.34431001
0.0037572915 	-0.019024386 	-0.048782289 	0.31023662
0.0037809233 	-0.01572177 	-0.045368701 	0.2767301
0.0038042285 	-0.012411219 	-0.041090993 	0.24434083
0.0038272115 	-0.0093804703 	-0.036558619 	0.21332288
0.0038498768 	-0.0068025964 	-0.032196434 	0.18360875
0.0038722288 	-0.0047317519 	-0.028181986 	0.15490059
0.0038942718 	-0.003133914 	-0.024434394 	0.12681237
0.0039160102 	-0.001930957 	-0.020646126 	0.09898898
0.003937448 	-0.0010426435 	-0.016342662 	0.071163148
0.0039585896 	-0.00042033799 	-0.010981157 	0.043144407
0.0039794389 	-5.7664336e-05 	-0.0041407737 	0.014726659
0.004 	3.1432602e-05 	-0.0044665217 	0.013944277
