0 	-0.018059929 	0.02657225 	1.0564333
5.5555556e-05 	0.032010104 	-0.0029628069 	1.0679078
0.00011111111 	0.031385314 	-0.010032721 	1.0700693
0.00016666667 	0.030930096 	-0.014458084 	1.0698102
0.00022222222 	0.03044943 	-0.018040801 	1.0672518
0.00027777778 	0.029216452 	-0.021855159 	1.0624241
0.00033333333 	0.026544815 	-0.026924393 	1.0552061
0.00038888889 	0.02222913 	-0.033935795 	1.0456236
0.00044444444 	0.016647048 	-0.042637789 	1.0344711
0.0005 	0.010437927 	-0.051677706 	1.0234579
0.00055555556 	0.0041629954 	-0.059334283 	1.0143419
0.00061111111 	-0.001808308 	-0.064605496 	1.0079734
0.00066666667 	-0.0072027107 	-0.067568044 	1.0041843
0.00072222222 	-0.01168509 	-0.068943148 	1.0022532
0.00077777778 	-0.014886797 	-0.069388746 	1.0013242
0.00083333333 	-0.016503573 	-0.069123234 	1.0006294
0.00088888889 	-0.016391384 	-0.067847722 	0.9996035
0.00094444444 	-0.014690486 	-0.06489376 	0.99796792
0.001 	-0.011569653 	-0.058976497 	0.99560898
0.0010617224 	-0.0079819835 	-0.048942574 	0.99280858
0.0011225923 	-0.0058785056 	-0.036207846 	0.99023039
0.0011826215 	-0.0070159864 	-0.022963414 	0.98772863
0.0012418217 	-0.011900335 	-0.010867303 	0.98351238
0.0013002041 	-0.019805568 	-4.9127803e-05 	0.9744808
0.0013577803 	-0.029297399 	0.0095058038 	0.9582177
0.0014145612 	-0.038787439 	0.016814262 	0.935407
0.0014705579 	-0.04720782 	0.01999617 	0.91024389
0.0015257812 	-0.054303121 	0.017418724 	0.88694473
0.0015802418 	-0.060269057 	0.0098789643 	0.86611475
0.0016339502 	-0.065308654 	0.00088373507 	0.84631345
0.0016869168 	-0.069422429 	-0.0059528894 	0.82683992
0.0017391518 	-0.072523031 	-0.0091381107 	0.80768131
0.0017906654 	-0.074467345 	-0.0093478422 	0.78941067
0.0018414676 	-0.075022943 	-0.0079030893 	0.77325172
0.0018915681 	-0.073884772 	-0.0057397606 	0.7606335
0.0019409766 	-0.070928702 	-0.0034196389 	0.75227245
0.0019897027 	-0.066610919 	-0.001463095 	0.74760149
0.0020377558 	-0.061901109 	0.00010792846 	0.74524305
0.0020851453 	-0.057775875 	0.0022759685 	0.74419379
0.0021318802 	-0.054677743 	0.0063496531 	0.74460076
0.0021779697 	-0.052509037 	0.012934726 	0.74758784
0.0022234225 	-0.050990511 	0.022288369 	0.75428778
0.0022682477 	-0.04987419 	0.034765182 	0.76466651
0.0023124537 	-0.049076542 	0.05012416 	0.77721123
0.0023560491 	-0.048697034 	0.066905023 	0.78929447
0.0023990425 	-0.048976649 	0.083179262 	0.79789055
0.002441442 	-0.050037769 	0.097482739 	0.80089096
0.002483256 	-0.051726317 	0.10876525 	0.79834179
0.0025244924 	-0.053723945 	0.11616532 	0.79236701
0.0025651593 	-0.055652258 	0.11932512 	0.78564113
0.0026052645 	-0.057079886 	0.11862178 	0.77983302
0.0026448158 	-0.057551585 	0.11485919 	0.7752387
0.0026838209 	-0.056723727 	0.10882955 	0.77137957
0.0027222872 	-0.05447536 	0.10115134 	0.76752777
0.0027602223 	-0.05092773 	0.092308302 	0.76299126
0.0027976334 	-0.046341185 	0.082691806 	0.75721048
0.0028345278 	-0.041082377 	0.072633347 	0.74981665
0.0028709126 	-0.035527294 	0.062420772 	0.74066547
0.002906795 	-0.030043474 	0.0523224 	0.72978673
0.0029421817 	-0.025055881 	0.042627313 	0.71735708
0.0029770797 	-0.020894628 	0.033683084 	0.7036851
0.0030114957 	-0.017817864 	0.025910465 	0.68915762
0.0030454363 	-0.016000167 	0.019769813 	0.67424918
0.0030789082 	-0.01548049 	0.01566312 	0.6594247
0.0031119178 	-0.01620032 	0.013780008 	0.64503421
0.0031444715 	-0.018021581 	0.013976101 	0.63123518
0.0031765755 	-0.020725378 	0.015765869 	0.61798968
0.0032082362 	-0.024028538 	0.018471826 	0.60514313
0.0032394596 	-0.027569805 	0.021447966 	0.59247039
0.0032702517 	-0.030971821 	0.024260156 	0.57968599
0.0033006186 	-0.033936621 	0.026667778 	0.56641709
0.003330566 	-0.036264963 	0.028595641 	0.55226206
0.0033600998 	-0.037892953 	0.029999113 	0.53693096
0.0033892257 	-0.038849155 	0.030869768 	0.5203904
0.0034179494 	-0.039197705 	0.031239668 	0.50289035
0.0034462763 	-0.039010955 	0.031178374 	0.48484551
0.003474212 	-0.038360486 	0.03076062 	0.46666517
0.0035017619 	-0.037313784 	0.030038405 	0.44865036
0.0035289312 	-0.035933569 	0.029037482 	0.43098654
0.0035557253 	-0.034278289 	0.027770305 	0.41378211
0.0035821494 	-0.03240094 	0.026249385 	0.39709805
0.0036082084 	-0.030349398 	0.024495636 	0.38095206
0.0036339076 	-0.028165969 	0.022539314 	0.36530682
0.0036592518 	-0.025885837 	0.020417948 	0.35005633
0.003684246 	-0.023536116 	0.018173633 	0.33501768
0.003708895 	-0.021133563 	0.015851504 	0.31993092
0.0037332035 	-0.018687046 	0.013499135 	0.30446506
0.0037571763 	-0.016227431 	0.011167537 	0.2882214
0.003780818 	-0.013811883 	0.0089120831 	0.27076275
0.0038041332 	-0.0114753 	0.0067773783 	0.25174217
0.0038271264 	-0.0092408081 	0.0048176136 	0.2308286
0.0038498019 	-0.0071390241 	0.0030844933 	0.20774769
0.0038721643 	-0.0052117076 	0.0016268512 	0.18229862
0.0038942179 	-0.0035092493 	0.00049422347 	0.15435827
0.0039159668 	-0.0020869254 	-0.0002597253 	0.12387832
0.0039374154 	-0.0010000538 	-0.00058725517 	0.090895783
0.0039585677 	-0.00029290612 	-0.00049423599 	0.055610192
0.0039794279 	-1.7647089e-06 	-0.0001368915 	0.018639121
0.004 	-1.7647089e-06 	-0.0001368915 	0.018639121
