0 	0.042087951 	0.033100813 	1.0434365
2.0100503e-05 	0.042087951 	0.033100813 	1.0434365
4.0201005e-05 	0.042087951 	0.033100813 	1.0434365
6.0301508e-05 	0.022945326 	0.047610381 	1.0407425
8.040201e-05 	0.022945326 	0.047610381 	1.0407425
0.00010050251 	0.022945326 	0.047610381 	1.0407425
0.00012060302 	0.017552242 	0.04941532 	1.0381273
0.00014070352 	0.017552242 	0.04941532 	1.0381273
0.00016080402 	0.017552242 	0.04941532 	1.0381273
0.00018090452 	0.015865253 	0.049735471 	1.0361179
0.00020100503 	0.015865253 	0.049735471 	1.0361179
0.00022110553 	0.015865253 	0.049735471 	1.0361179
0.00024120603 	-0.0024217051 	0.047150179 	1.0354833
0.00026130653 	-0.0024217051 	0.047150179 	1.0354833
0.00028140704 	-0.00045934798 	0.04645424 	1.0348133
0.00030150754 	-0.00045934798 	0.04645424 	1.0348133
0.00032160804 	-0.00045934798 	0.04645424 	1.0348133
0.00034170854 	0.0005018788 	0.044553283 	1.0342161
0.00036180905 	0.0005018788 	0.044553283 	1.0342161
0.00038190955 	0.0005018788 	0.044553283 	1.0342161
0.00040201005 	0.013983031 	0.043742987 	1.033592
0.00042211055 	0.013983031 	0.043742987 	1.033592
0.00044221106 	0.013983031 	0.043742987 	1.033592
0.00046231156 	0.011591629 	0.037914633 	1.0334194
0.00048241206 	0.011591629 	0.037914633 	1.0334194
0.00050251256 	0.0077317288 	0.028653962 	1.033897
0.00052261307 	0.0077317288 	0.028653962 	1.033897
0.00054271357 	0.0077317288 	0.028653962 	1.033897
0.00056281407 	-0.010553695 	0.011458637 	1.0315046
0.00058291457 	-0.010553695 	0.011458637 	1.0315046
0.00060301508 	-0.010553695 	0.011458637 	1.0315046
0.00062311558 	-0.015630614 	-0.003116182 	1.0330012
0.00064321608 	-0.0040293383 	0.0011484377 	1.0387222
0.00066331658 	-0.0040293383 	0.0011484377 	1.0387222
0.00068341709 	-0.010369798 	-0.013959229 	1.0421271
0.00070351759 	-0.010369798 	-0.013959229 	1.0421271
0.00072361809 	-0.015650929 	-0.027496231 	1.0443864
0.00074371859 	-0.015650929 	-0.027496231 	1.0443864
0.0007638191 	-0.015650929 	-0.027496231 	1.0443864
0.0007839196 	-0.019301305 	-0.038307173 	1.0442146
0.0008040201 	-0.019301305 	-0.038307173 	1.0442146
0.0008241206 	-0.019301305 	-0.038307173 	1.0442146
0.00084422111 	-0.021275023 	-0.046146079 	1.0407823
0.00086432161 	-0.021275023 	-0.046146079 	1.0407823
0.00088442211 	-0.021275023 	-0.046146079 	1.0407823
0.00090452261 	-0.021865175 	-0.051528234 	1.033835
0.00092462312 	-0.023948708 	-0.051125059 	1.0208981
0.00094472362 	-0.023742759 	-0.055236666 	1.0098689
0.00096482412 	-0.023742759 	-0.055236666 	1.0098689
0.00098492462 	-0.023742759 	-0.055236666 	1.0098689
0.0010050251 	-0.024134843 	-0.059241688 	0.99622452
0.0010251256 	-0.024134843 	-0.059241688 	0.99622452
0.0010452261 	-0.024134843 	-0.059241688 	0.99622452
0.0010653266 	-0.025812978 	-0.063174875 	0.98076661
0.0010854271 	-0.025812978 	-0.063174875 	0.98076661
0.0011055276 	-0.025812978 	-0.063174875 	0.98076661
0.0011256281 	-0.028463945 	-0.065968334 	0.96381435
0.0011457286 	-0.028463945 	-0.065968334 	0.96381435
0.0011658291 	-0.028463945 	-0.065968334 	0.96381435
0.0011859296 	-0.0312917 	-0.066297268 	0.94458864
0.0012060302 	-0.0312917 	-0.066297268 	0.94458864
0.0012261307 	-0.0312917 	-0.066297268 	0.94458864
0.0012462312 	-0.034178987 	-0.064891524 	0.92548406
0.0012663317 	-0.034178987 	-0.064891524 	0.92548406
0.0012864322 	-0.034178987 	-0.064891524 	0.92548406
0.0013065327 	-0.038465548 	-0.064977307 	0.9112466
0.0013266332 	-0.038465548 	-0.064977307 	0.9112466
0.0013467337 	-0.038465548 	-0.064977307 	0.9112466
0.0013668342 	-0.045483321 	-0.06817597 	0.90301299
0.0013869347 	-0.045483321 	-0.06817597 	0.90301299
0.0014070352 	-0.045483321 	-0.06817597 	0.90301299
0.0014271357 	-0.05498781 	-0.071884624 	0.897353
0.0014472362 	-0.05498781 	-0.071884624 	0.897353
0.0014673367 	-0.05498781 	-0.071884624 	0.897353
0.0014874372 	-0.065286419 	-0.073084205 	0.89073946
0.0015075377 	-0.065286419 	-0.073084205 	0.89073946
0.0015276382 	-0.074683982 	-0.071499916 	0.88222532
0.0015477387 	-0.074683982 	-0.071499916 	0.88222532
0.0015678392 	-0.074683982 	-0.071499916 	0.88222532
0.0015879397 	-0.082613989 	-0.06831778 	0.87282332
0.0016080402 	-0.082613989 	-0.06831778 	0.87282332
0.0016281407 	-0.082613989 	-0.06831778 	0.87282332
0.0016482412 	-0.089105489 	-0.064328892 	0.86389034
0.0016683417 	-0.089105489 	-0.064328892 	0.86389034
0.0016884422 	-0.094185888 	-0.059906635 	0.85621292
0.0017085427 	-0.094185888 	-0.059906635 	0.85621292
0.0017286432 	-0.094185888 	-0.059906635 	0.85621292
0.0017487437 	-0.097947586 	-0.055617976 	0.84996203
0.0017688442 	-0.097947586 	-0.055617976 	0.84996203
0.0017889447 	-0.097947586 	-0.055617976 	0.84996203
0.0018090452 	-0.10060143 	-0.052194768 	0.84491253
0.0018291457 	-0.10060143 	-0.052194768 	0.84491253
0.0018492462 	-0.10237858 	-0.050116485 	0.84064029
0.0018693467 	-0.10237858 	-0.050116485 	0.84064029
0.0018894472 	-0.10237858 	-0.050116485 	0.84064029
0.0019095477 	-0.10342276 	-0.049291986 	0.83673663
0.0019296482 	-0.10342276 	-0.049291986 	0.83673663
0.0019497487 	-0.10375386 	-0.049061178 	0.83306947
0.0019698492 	-0.10375386 	-0.049061178 	0.83306947
0.0019899497 	-0.10332866 	-0.048507626 	0.82995416
0.0020100503 	-0.10332866 	-0.048507626 	0.82995416
0.0020301508 	-0.10332866 	-0.048507626 	0.82995416
0.0020502513 	-0.10218248 	-0.046897414 	0.8279512
0.0020703518 	-0.10218248 	-0.046897414 	0.8279512
0.0020904523 	-0.10048676 	-0.044061856 	0.82738926
0.0021105528 	-0.10048676 	-0.044061856 	0.82738926
0.0021306533 	-0.10048676 	-0.044061856 	0.82738926
0.0021507538 	-0.098533985 	-0.040357576 	0.82797564
0.0021708543 	-0.098533985 	-0.040357576 	0.82797564
0.0021909548 	-0.09665148 	-0.036332917 	0.82893809
0.0022110553 	-0.09665148 	-0.036332917 	0.82893809
0.0022311558 	-0.095090756 	-0.032365459 	0.82952984
0.0022512563 	-0.095090756 	-0.032365459 	0.82952984
0.0022713568 	-0.093967613 	-0.02858989 	0.82938377
0.0022914573 	-0.093967613 	-0.02858989 	0.82938377
0.0023115578 	-0.093967613 	-0.02858989 	0.82938377
0.0023316583 	-0.093227623 	-0.025056059 	0.82846069
0.0023517588 	-0.093227623 	-0.025056059 	0.82846069
0.0023718593 	-0.092734781 	-0.021860074 	0.82686566
0.0023919598 	-0.092734781 	-0.021860074 	0.82686566
0.0024120603 	-0.092333461 	-0.019186656 	0.82473084
0.0024321608 	-0.092333461 	-0.019186656 	0.82473084
0.0024522613 	-0.09189743 	-0.017238581 	0.82218179
0.0024723618 	-0.09189743 	-0.017238581 	0.82218179
0.0024924623 	-0.091334087 	-0.016167422 	0.81933764
0.0025125628 	-0.091334087 	-0.016167422 	0.81933764
0.0025326633 	-0.090578182 	-0.015987405 	0.81628561
0.0025527638 	-0.090578182 	-0.015987405 	0.81628561
0.0025728643 	-0.089590039 	-0.016563227 	0.81310474
0.0025929648 	-0.089590039 	-0.016563227 	0.81310474
0.0026130653 	-0.088331278 	-0.01772038 	0.80983576
0.0026331658 	-0.088331278 	-0.01772038 	0.80983576
0.0026532663 	-0.086799625 	-0.019305197 	0.80650063
0.0026733668 	-0.086799625 	-0.019305197 	0.80650063
0.0026934673 	-0.085027277 	-0.021245949 	0.80312738
0.0027135678 	-0.085027277 	-0.021245949 	0.80312738
0.0027336683 	-0.083046324 	-0.023534225 	0.79977176
0.0027537688 	-0.083046324 	-0.023534225 	0.79977176
0.0027738693 	-0.080920159 	-0.026137087 	0.79653796
0.0027939698 	-0.080920159 	-0.026137087 	0.79653796
0.0028140704 	-0.078736794 	-0.028903367 	0.79353413
0.0028341709 	-0.078736794 	-0.028903367 	0.79353413
0.0028542714 	-0.076556995 	-0.031481512 	0.79083509
0.0028743719 	-0.074387856 	-0.033385139 	0.78835564
0.0028944724 	-0.074387856 	-0.033385139 	0.78835564
0.0029145729 	-0.072158293 	-0.034163069 	0.78579941
0.0029346734 	-0.072158293 	-0.034163069 	0.78579941
0.0029547739 	-0.069719144 	-0.033564689 	0.78288422
0.0029748744 	-0.069719144 	-0.033564689 	0.78288422
0.0029949749 	-0.066983235 	-0.03170831 	0.77942866
0.0030150754 	-0.063939395 	-0.029003412 	0.77550604
0.0030351759 	-0.063939395 	-0.029003412 	0.77550604
0.0030552764 	-0.060645286 	-0.025938445 	0.77136532
0.0030753769 	-0.060645286 	-0.025938445 	0.77136532
0.0030954774 	-0.057145584 	-0.022881319 	0.76721142
0.0031155779 	-0.053428688 	-0.019993336 	0.76304821
0.0031356784 	-0.053428688 	-0.019993336 	0.76304821
0.0031557789 	-0.04942136 	-0.017243185 	0.75870099
0.0031758794 	-0.04942136 	-0.017243185 	0.75870099
0.0031959799 	-0.045053632 	-0.014555085 	0.75384842
0.0032160804 	-0.040301247 	-0.011899411 	0.74819741
0.0032361809 	-0.040301247 	-0.011899411 	0.74819741
0.0032562814 	-0.035178132 	-0.009339051 	0.74155898
0.0032763819 	-0.029845177 	-0.0069968725 	0.73399619
0.0032964824 	-0.029845177 	-0.0069968725 	0.73399619
0.0033165829 	-0.024656238 	-0.0050034941 	0.72597773
0.0033366834 	-0.020127149 	-0.0034289807 	0.71842468
0.0033567839 	-0.020127149 	-0.0034289807 	0.71842468
0.0033768844 	-0.016816691 	-0.0022468161 	0.71240906
0.0033969849 	-0.015077285 	-0.0013666394 	0.70835031
0.0034170854 	-0.015077285 	-0.0013666394 	0.70835031
0.0034371859 	-0.014809881 	-0.00071919171 	0.70499626
0.0034572864 	-0.015327161 	-0.0003002228 	0.69901455
0.0034773869 	-0.015604312 	-0.00012592453 	0.68593461
0.0034974874 	-0.015604312 	-0.00012592453 	0.68593461
0.0035175879 	-0.014738451 	-0.00010586071 	0.66216856
0.0035376884 	-0.012337871 	4.5407849e-05 	0.62678457
0.0035577889 	-0.0086796824 	0.00071188895 	0.58195193
0.0035778894 	-0.0086796824 	0.00071188895 	0.58195193
0.0035979899 	-0.0045003496 	0.0021728142 	0.531929
0.0036180905 	-0.00063910353 	0.0043963992 	0.48135202
0.003638191 	0.0022483563 	0.0069842446 	0.43382741
0.0036582915 	0.0022483563 	0.0069842446 	0.43382741
0.003678392 	0.0038498869 	0.0093216923 	0.39136929
0.0036984925 	0.0041761401 	0.010845695 	0.35456455
0.003718593 	0.0034608912 	0.011270649 	0.32299592
0.0037386935 	0.0021048593 	0.010660124 	0.2956261
0.003758794 	0.00053540045 	0.0093355563 	0.27112607
0.0037788945 	0.00053540045 	0.0093355563 	0.27112607
0.003798995 	-0.00084627071 	0.0076970184 	0.24817436
0.0038190955 	-0.0017603384 	0.0060645191 	0.22566906
0.003839196 	-0.0021331535 	0.0046218707 	0.20282577
0.0038592965 	-0.0020415712 	0.0034548918 	0.17916704
0.003879397 	-0.0016384935 	0.0026180115 	0.15445046
0.0038994975 	-0.0010817341 	0.0021391613 	0.12859672
0.003919598 	-0.00054051359 	0.0019884488 	0.10162907
0.0039396985 	-0.00014498202 	0.0020294105 	0.073653101
0.003959799 	5.7466737e-05 	0.0019651072 	0.044814062
0.0039798995 	4.0728255e-05 	0.0012324854 	0.015237907
0.004 	4.0728255e-05 	0.0012324854 	0.015237907
