0 	0.0053039328 	-0.0094811934 	1.0106773
2.0100503e-05 	0.0053039328 	-0.0094811934 	1.0106773
4.0201005e-05 	0.0053039328 	-0.0094811934 	1.0106773
6.0301508e-05 	-0.001585452 	-0.011467615 	1.0124729
8.040201e-05 	-0.001585452 	-0.011467615 	1.0124729
0.00010050251 	-0.001585452 	-0.011467615 	1.0124729
0.00012060302 	-0.0035736839 	-0.012250645 	1.0141861
0.00014070352 	-0.0035736839 	-0.012250645 	1.0141861
0.00016080402 	-0.0035736839 	-0.012250645 	1.0141861
0.00018090452 	-0.0035848561 	-0.01364456 	1.015076
0.00020100503 	-0.0035848561 	-0.01364456 	1.015076
0.00022110553 	-0.0035848561 	-0.01364456 	1.015076
0.00024120603 	-0.0024813084 	-0.015529147 	1.014777
0.00026130653 	-0.0024813084 	-0.015529147 	1.014777
0.00028140704 	-0.0007819818 	-0.017604681 	1.0132806
0.00030150754 	-0.0007819818 	-0.017604681 	1.0132806
0.00032160804 	-0.0007819818 	-0.017604681 	1.0132806
0.00034170854 	0.0011396065 	-0.019553455 	1.010786
0.00036180905 	0.0011396065 	-0.019553455 	1.010786
0.00038190955 	0.0011396065 	-0.019553455 	1.010786
0.00040201005 	0.0030143507 	-0.021107697 	1.007612
0.00042211055 	0.0030143507 	-0.021107697 	1.007612
0.00044221106 	0.0030143507 	-0.021107697 	1.007612
0.00046231156 	0.0046672984 	-0.022029818 	1.0041973
0.00048241206 	0.0046672984 	-0.022029818 	1.0041973
0.00050251256 	0.0060234507 	-0.022042342 	1.0011291
0.00052261307 	0.0060234507 	-0.022042342 	1.0011291
0.00054271357 	0.0060234507 	-0.022042342 	1.0011291
0.00056281407 	0.0070986586 	-0.020819723 	0.99911262
0.00058291457 	0.0070986586 	-0.020819723 	0.99911262
0.00060301508 	0.0070986586 	-0.020819723 	0.99911262
0.00062311558 	0.0079558414 	-0.018077997 	0.9987904
0.00064321608 	0.0079558414 	-0.018077997 	0.9987904
0.00066331658 	0.0079558414 	-0.018077997 	0.9987904
0.00068341709 	0.0086385034 	-0.01377057 	1.0004061
0.00070351759 	0.0086385034 	-0.01377057 	1.0004061
0.00072361809 	0.0091612755 	-0.0081109273 	1.0035346
0.00074371859 	0.0091612755 	-0.0081109273 	1.0035346
0.0007638191 	0.0091612755 	-0.0081109273 	1.0035346
0.0007839196 	0.0062582346 	-0.00089838766 	1.0007618
0.0008040201 	0.0062582346 	-0.00089838766 	1.0007618
0.0008241206 	0.0062582346 	-0.00089838766 	1.0007618
0.00084422111 	0.0073806959 	0.0052000938 	1.0039163
0.00086432161 	0.0073806959 	0.0052000938 	1.0039163
0.00088442211 	0.0073806959 	0.0052000938 	1.0039163
0.00090452261 	0.008578911 	0.011229234 	1.0054893
0.00092462312 	0.008578911 	0.011229234 	1.0054893
0.00094472362 	0.010024696 	0.016934275 	1.0054591
0.00096482412 	0.010024696 	0.016934275 	1.0054591
0.00098492462 	0.010024696 	0.016934275 	1.0054591
0.0010050251 	0.012028584 	0.022430028 	1.0042511
0.0010251256 	0.012864339 	0.026726414 	1.0112846
0.0010452261 	0.012864339 	0.026726414 	1.0112846
0.0010653266 	0.015492878 	0.032561698 	1.0102513
0.0010854271 	0.015492878 	0.032561698 	1.0102513
0.0011055276 	0.015492878 	0.032561698 	1.0102513
0.0011256281 	0.018980719 	0.03698187 	1.010203
0.0011457286 	0.018980719 	0.03698187 	1.010203
0.0011658291 	0.018980719 	0.03698187 	1.010203
0.0011859296 	0.022794418 	0.040780299 	1.0120783
0.0012060302 	0.022794418 	0.040780299 	1.0120783
0.0012261307 	0.022794418 	0.040780299 	1.0120783
0.0012462312 	0.026396643 	0.044954554 	1.0160954
0.0012663317 	0.026396643 	0.044954554 	1.0160954
0.0012864322 	0.026396643 	0.044954554 	1.0160954
0.0013065327 	0.029314647 	0.050257574 	1.0216355
0.0013266332 	0.029314647 	0.050257574 	1.0216355
0.0013467337 	0.029314647 	0.050257574 	1.0216355
0.0013668342 	0.031268798 	0.056964408 	1.0276611
0.0013869347 	0.031268798 	0.056964408 	1.0276611
0.0014070352 	0.031268798 	0.056964408 	1.0276611
0.0014271357 	0.032219821 	0.064907524 	1.0331653
0.0014472362 	0.032219821 	0.064907524 	1.0331653
0.0014673367 	0.032219821 	0.064907524 	1.0331653
0.0014874372 	0.032338102 	0.073595409 	1.0373605
0.0015075377 	0.032338102 	0.073595409 	1.0373605
0.0015276382 	0.032004951 	0.082266817 	1.0397458
0.0015477387 	0.032004951 	0.082266817 	1.0397458
0.0015678392 	0.032004951 	0.082266817 	1.0397458
0.0015879397 	0.031644768 	0.090019156 	1.0401453
0.0016080402 	0.031644768 	0.090019156 	1.0401453
0.0016281407 	0.031644768 	0.090019156 	1.0401453
0.0016482412 	0.031551109 	0.095892468 	1.0387132
0.0016683417 	0.031551109 	0.095892468 	1.0387132
0.0016884422 	0.03181149 	0.099053745 	1.0358489
0.0017085427 	0.03181149 	0.099053745 	1.0358489
0.0017286432 	0.03181149 	0.099053745 	1.0358489
0.0017487437 	0.032334073 	0.099028474 	1.0321303
0.0017688442 	0.032334073 	0.099028474 	1.0321303
0.0017889447 	0.032334073 	0.099028474 	1.0321303
0.0018090452 	0.032915216 	0.095850801 	1.0282282
0.0018291457 	0.032915216 	0.095850801 	1.0282282
0.0018492462 	0.033358616 	0.090004538 	1.0247777
0.0018693467 	0.033358616 	0.090004538 	1.0247777
0.0018894472 	0.033358616 	0.090004538 	1.0247777
0.0019095477 	0.033492212 	0.082235094 	1.0222179
0.0019296482 	0.033492212 	0.082235094 	1.0222179
0.0019497487 	0.033199591 	0.073466583 	1.0207359
0.0019698492 	0.033199591 	0.073466583 	1.0207359
0.0019899497 	0.032452578 	0.06467098 	1.0202739
0.0020100503 	0.032452578 	0.06467098 	1.0202739
0.0020301508 	0.032452578 	0.06467098 	1.0202739
0.0020502513 	0.031280249 	0.056668836 	1.0205599
0.0020703518 	0.031280249 	0.056668836 	1.0205599
0.0020904523 	0.029740148 	0.049967233 	1.0211863
0.0021105528 	0.029740148 	0.049967233 	1.0211863
0.0021306533 	0.029740148 	0.049967233 	1.0211863
0.0021507538 	0.027851348 	0.044698784 	1.0216287
0.0021708543 	0.027851348 	0.044698784 	1.0216287
0.0021909548 	0.025616966 	0.04071343 	1.021343
0.0022110553 	0.025616966 	0.04071343 	1.021343
0.0022311558 	0.02304856 	0.0377161 	1.019952
0.0022512563 	0.02304856 	0.0377161 	1.019952
0.0022713568 	0.020141353 	0.035422013 	1.0174712
0.0022914573 	0.020141353 	0.035422013 	1.0174712
0.0023115578 	0.020141353 	0.035422013 	1.0174712
0.0023316583 	0.016925626 	0.033720195 	1.0144359
0.0023517588 	0.016925626 	0.033720195 	1.0144359
0.0023718593 	0.01348273 	0.032706371 	1.0116965
0.0023919598 	0.01348273 	0.032706371 	1.0116965
0.0024120603 	0.0098634692 	0.032511511 	1.0098988
0.0024321608 	0.0098634692 	0.032511511 	1.0098988
0.0024522613 	0.0062116974 	0.032988144 	1.0089684
0.0024723618 	0.0062116974 	0.032988144 	1.0089684
0.0024924623 	0.002773424 	0.033573765 	1.008021
0.0025125628 	0.002773424 	0.033573765 	1.008021
0.0025326633 	-0.00021562646 	0.033496235 	1.0058451
0.0025527638 	-0.00021562646 	0.033496235 	1.0058451
0.0025728643 	-0.0025387426 	0.03222277 	1.0015694
0.0025929648 	-0.0025387426 	0.03222277 	1.0015694
0.0026130653 	-0.0040387856 	0.029681939 	0.99500759
0.0026331658 	-0.0040387856 	0.029681939 	0.99500759
0.0026532663 	-0.0046369457 	0.026207155 	0.98648863
0.0026733668 	-0.0046369457 	0.026207155 	0.98648863
0.0026934673 	-0.0043139562 	0.022336428 	0.97651507
0.0027135678 	-0.0043139562 	0.022336428 	0.97651507
0.0027336683 	-0.0030006369 	0.018565749 	0.96550124
0.0027537688 	-0.0030006369 	0.018565749 	0.96550124
0.0027738693 	-0.00065668153 	0.015277828 	0.95372562
0.0027939698 	-0.00065668153 	0.015277828 	0.95372562
0.0028140704 	0.002773467 	0.012674808 	0.94144799
0.0028341709 	0.002773467 	0.012674808 	0.94144799
0.0028542714 	0.0072220953 	0.010841885 	0.92903509
0.0028743719 	0.012446899 	0.009793694 	0.91697415
0.0028944724 	0.012446899 	0.009793694 	0.91697415
0.0029145729 	0.018189487 	0.0094783214 	0.90586508
0.0029346734 	0.018189487 	0.0094783214 	0.90586508
0.0029547739 	0.024010169 	0.0098040091 	0.89625929
0.0029748744 	0.024010169 	0.0098040091 	0.89625929
0.0029949749 	0.029457679 	0.010675241 	0.88867395
0.0030150754 	0.034197812 	0.011962657 	0.88343222
0.0030351759 	0.034197812 	0.011962657 	0.88343222
0.0030552764 	0.037930522 	0.013547471 	0.88062479
0.0030753769 	0.037930522 	0.013547471 	0.88062479
0.0030954774 	0.040534992 	0.015297407 	0.88004974
0.0031155779 	0.042088441 	0.017025756 	0.88122135
0.0031356784 	0.042088441 	0.017025756 	0.88122135
0.0031557789 	0.042679471 	0.01850816 	0.88348362
0.0031758794 	0.042679471 	0.01850816 	0.88348362
0.0031959799 	0.042447954 	0.019546733 	0.88613098
0.0032160804 	0.041536904 	0.019982463 	0.8883737
0.0032361809 	0.041536904 	0.019982463 	0.8883737
0.0032562814 	0.040072681 	0.019700565 	0.88939979
0.0032763819 	0.03815688 	0.018539237 	0.88851075
0.0032964824 	0.03815688 	0.018539237 	0.88851075
0.0033165829 	0.035797164 	0.016289873 	0.88525848
0.0033366834 	0.032928935 	0.012701287 	0.87944018
0.0033567839 	0.032928935 	0.012701287 	0.87944018
0.0033768844 	0.029461 	0.0077151966 	0.87118612
0.0033969849 	0.025430257 	0.0018382804 	0.86081229
0.0034170854 	0.025430257 	0.0018382804 	0.86081229
0.0034371859 	0.02120925 	-0.003778967 	0.8483335
0.0034572864 	0.017567747 	-0.0079627531 	0.83292116
0.0034773869 	0.015400638 	-0.010318581 	0.81317417
0.0034974874 	0.015400638 	-0.010318581 	0.81317417
0.0035175879 	0.015076152 	-0.011360345 	0.78824532
0.0035376884 	0.016261886 	-0.012341141 	0.7570333
0.0035577889 	0.018502311 	-0.01496781 	0.71723499
0.0035778894 	0.018502311 	-0.01496781 	0.71723499
0.0035979899 	0.021485642 	-0.02041329 	0.666514
0.0036180905 	0.024597113 	-0.027355962 	0.60601005
0.003638191 	0.026634207 	-0.031117781 	0.54309435
0.0036582915 	0.026634207 	-0.031117781 	0.54309435
0.003678392 	0.026181731 	-0.026142488 	0.48838698
0.0036984925 	0.022441677 	-0.010150597 	0.44852937
0.003718593 	0.015726659 	0.014002234 	0.42190844
0.0037386935 	0.0072201513 	0.040011951 	0.4011561
0.003758794 	-0.0016703821 	0.061574998 	0.37908786
0.0037788945 	-0.0016703821 	0.061574998 	0.37908786
0.003798995 	-0.0096333593 	0.075306982 	0.35240923
0.0038190955 	-0.015556608 	0.08145026 	0.32112264
0.003839196 	-0.018632617 	0.082081498 	0.28624688
0.0038592965 	-0.018617052 	0.078993108 	0.24850256
0.003879397 	-0.016053394 	0.072886728 	0.20896688
0.0038994975 	-0.012081018 	0.064056418 	0.16933865
0.003919598 	-0.0078769754 	0.053055703 	0.13089554
0.0039396985 	-0.0042473399 	0.040501955 	0.093623384
0.003959799 	-0.001611113 	0.026521632 	0.056574184
0.0039798995 	-0.00019721865 	0.010297967 	0.018942204
0.004 	-0.00019721865 	0.010297967 	0.018942204
