0 	-0.042856319 	-0.031785651 	1.0790535
2.0100503e-05 	-0.042856319 	-0.031785651 	1.0790535
4.0201005e-05 	-0.042856319 	-0.031785651 	1.0790535
6.0301508e-05 	-0.052625219 	-0.012586202 	1.0717296
8.040201e-05 	-0.052625219 	-0.012586202 	1.0717296
0.00010050251 	-0.052625219 	-0.012586202 	1.0717296
0.00012060302 	-0.053720908 	-0.0090974714 	1.065336
0.00014070352 	-0.053720908 	-0.0090974714 	1.065336
0.00016080402 	-0.053720908 	-0.0090974714 	1.065336
0.00018090452 	-0.053643117 	-0.0088199228 	1.0593447
0.00020100503 	-0.053643117 	-0.0088199228 	1.0593447
0.00022110553 	-0.053643117 	-0.0088199228 	1.0593447
0.00024120603 	-0.052786134 	-0.0092749131 	1.0534411
0.00026130653 	-0.054273946 	0.0091154866 	1.0556404
0.00028140704 	-0.053110804 	0.0055659793 	1.049332
0.00030150754 	-0.053110804 	0.0055659793 	1.049332
0.00032160804 	-0.053110804 	0.0055659793 	1.049332
0.00034170854 	-0.050831299 	0.0032546235 	1.0431741
0.00036180905 	-0.048766276 	-0.0090038175 	1.0423618
0.00038190955 	-0.048766276 	-0.0090038175 	1.0423618
0.00040201005 	-0.045674769 	-0.0072598888 	1.0379168
0.00042211055 	-0.045674769 	-0.0072598888 	1.0379168
0.00044221106 	-0.045674769 	-0.0072598888 	1.0379168
0.00046231156 	-0.042037556 	-0.0042350129 	1.0345511
0.00048241206 	-0.042037556 	-0.0042350129 	1.0345511
0.00050251256 	-0.038126919 	-0.00027190589 	1.0321738
0.00052261307 	-0.038126919 	-0.00027190589 	1.0321738
0.00054271357 	-0.038126919 	-0.00027190589 	1.0321738
0.00056281407 	-0.034309128 	0.0040012596 	1.030391
0.00058291457 	-0.034309128 	0.0040012596 	1.030391
0.00060301508 	-0.034309128 	0.0040012596 	1.030391
0.00062311558 	-0.030951614 	0.0078883943 	1.0286435
0.00064321608 	-0.028161911 	0.011197908 	1.0217825
0.00066331658 	-0.028161911 	0.011197908 	1.0217825
0.00068341709 	-0.02391479 	0.013240044 	1.0184972
0.00070351759 	-0.02391479 	0.013240044 	1.0184972
0.00072361809 	-0.02056315 	0.014117037 	1.0147335
0.00074371859 	-0.026614774 	0.01254372 	1.0230959
0.0007638191 	-0.026614774 	0.01254372 	1.0230959
0.0007839196 	-0.025688211 	0.012903403 	1.018493
0.0008040201 	-0.025688211 	0.012903403 	1.018493
0.0008241206 	-0.025688211 	0.012903403 	1.018493
0.00084422111 	-0.02534575 	0.012262861 	1.0123368
0.00086432161 	-0.02534575 	0.012262861 	1.0123368
0.00088442211 	-0.02534575 	0.012262861 	1.0123368
0.00090452261 	-0.015825845 	0.010470801 	0.99681421
0.00092462312 	-0.015825845 	0.010470801 	0.99681421
0.00094472362 	-0.015216141 	0.0098577956 	0.98803259
0.00096482412 	-0.015216141 	0.0098577956 	0.98803259
0.00098492462 	-0.015216141 	0.0098577956 	0.98803259
0.0010050251 	-0.01418773 	0.011335378 	0.97722233
0.0010251256 	-0.023408619 	0.015046326 	0.98418645
0.0010452261 	-0.023408619 	0.015046326 	0.98418645
0.0010653266 	-0.021369529 	0.020174614 	0.96972774
0.0010854271 	-0.021369529 	0.020174614 	0.96972774
0.0011055276 	-0.021369529 	0.020174614 	0.96972774
0.0011256281 	-0.019271018 	0.025075391 	0.95158281
0.0011457286 	-0.019271018 	0.025075391 	0.95158281
0.0011658291 	-0.019271018 	0.025075391 	0.95158281
0.0011859296 	-0.018364205 	0.028795132 	0.9298514
0.0012060302 	-0.018364205 	0.028795132 	0.9298514
0.0012261307 	-0.018364205 	0.028795132 	0.9298514
0.0012462312 	-0.018529043 	0.031919772 	0.90616481
0.0012663317 	-0.018529043 	0.031919772 	0.90616481
0.0012864322 	-0.018529043 	0.031919772 	0.90616481
0.0013065327 	-0.0192228 	0.035122084 	0.88328588
0.0013266332 	-0.0192228 	0.035122084 	0.88328588
0.0013467337 	-0.0192228 	0.035122084 	0.88328588
0.0013668342 	-0.020261559 	0.037442192 	0.8639222
0.0013869347 	-0.020261559 	0.037442192 	0.8639222
0.0014070352 	-0.020261559 	0.037442192 	0.8639222
0.0014271357 	-0.022335179 	0.036641054 	0.84960644
0.0014472362 	-0.022335179 	0.036641054 	0.84960644
0.0014673367 	-0.022335179 	0.036641054 	0.84960644
0.0014874372 	-0.026385311 	0.031029044 	0.84041818
0.0015075377 	-0.026385311 	0.031029044 	0.84041818
0.0015276382 	-0.032732438 	0.020504806 	0.83564208
0.0015477387 	-0.032732438 	0.020504806 	0.83564208
0.0015678392 	-0.032732438 	0.020504806 	0.83564208
0.0015879397 	-0.040960574 	0.0066501951 	0.83440627
0.0016080402 	-0.040960574 	0.0066501951 	0.83440627
0.0016281407 	-0.040960574 	0.0066501951 	0.83440627
0.0016482412 	-0.050513072 	-0.0074964452 	0.83543311
0.0016683417 	-0.050513072 	-0.0074964452 	0.83543311
0.0016884422 	-0.060713791 	-0.01888419 	0.83646593
0.0017085427 	-0.060713791 	-0.01888419 	0.83646593
0.0017286432 	-0.060713791 	-0.01888419 	0.83646593
0.0017487437 	-0.070709699 	-0.025958583 	0.8336237
0.0017688442 	-0.070709699 	-0.025958583 	0.8336237
0.0017889447 	-0.070709699 	-0.025958583 	0.8336237
0.0018090452 	-0.079960126 	-0.029608835 	0.82256243
0.0018291457 	-0.079960126 	-0.029608835 	0.82256243
0.0018492462 	-0.088097491 	-0.032442491 	0.80165107
0.0018693467 	-0.088097491 	-0.032442491 	0.80165107
0.0018894472 	-0.088097491 	-0.032442491 	0.80165107
0.0019095477 	-0.094447754 	-0.036748251 	0.77439709
0.0019296482 	-0.094447754 	-0.036748251 	0.77439709
0.0019497487 	-0.097893407 	-0.043006394 	0.74801044
0.0019698492 	-0.097893407 	-0.043006394 	0.74801044
0.0019899497 	-0.097450722 	-0.050186461 	0.72858293
0.0020100503 	-0.097450722 	-0.050186461 	0.72858293
0.0020301508 	-0.097450722 	-0.050186461 	0.72858293
0.0020502513 	-0.092862174 	-0.057240304 	0.7182058
0.0020703518 	-0.092862174 	-0.057240304 	0.7182058
0.0020904523 	-0.08479158 	-0.064150434 	0.71633627
0.0021105528 	-0.08479158 	-0.064150434 	0.71633627
0.0021306533 	-0.08479158 	-0.064150434 	0.71633627
0.0021507538 	-0.074521947 	-0.071463854 	0.72164799
0.0021708543 	-0.074521947 	-0.071463854 	0.72164799
0.0021909548 	-0.063351181 	-0.079353658 	0.73189575
0.0022110553 	-0.063351181 	-0.079353658 	0.73189575
0.0022311558 	-0.052123943 	-0.087518477 	0.74443761
0.0022512563 	-0.052123943 	-0.087518477 	0.74443761
0.0022713568 	-0.041331705 	-0.095546649 	0.75718443
0.0022914573 	-0.041331705 	-0.095546649 	0.75718443
0.0023115578 	-0.041331705 	-0.095546649 	0.75718443
0.0023316583 	-0.031272871 	-0.10308735 	0.76865948
0.0023517588 	-0.031272871 	-0.10308735 	0.76865948
0.0023718593 	-0.022069006 	-0.10973281 	0.77803227
0.0023919598 	-0.022069006 	-0.10973281 	0.77803227
0.0024120603 	-0.013779145 	-0.11503232 	0.7850858
0.0024321608 	-0.013779145 	-0.11503232 	0.7850858
0.0024522613 	-0.0064010453 	-0.1183965 	0.79002398
0.0024723618 	-0.0064010453 	-0.1183965 	0.79002398
0.0024924623 	0.00019641648 	-0.11937441 	0.79354157
0.0025125628 	0.00019641648 	-0.11937441 	0.79354157
0.0025326633 	0.0060965867 	-0.11769282 	0.7963721
0.0025527638 	0.0060965867 	-0.11769282 	0.7963721
0.0025728643 	0.011187211 	-0.11325319 	0.79920573
0.0025929648 	0.011187211 	-0.11325319 	0.79920573
0.0026130653 	0.015226991 	-0.1061155 	0.80266352
0.0026331658 	0.015226991 	-0.1061155 	0.80266352
0.0026532663 	0.017987281 	-0.096424472 	0.80722687
0.0026733668 	0.017987281 	-0.096424472 	0.80722687
0.0026934673 	0.01912329 	-0.084400974 	0.81302449
0.0027135678 	0.01912329 	-0.084400974 	0.81302449
0.0027336683 	0.018241043 	-0.070392541 	0.81997524
0.0027537688 	0.018241043 	-0.070392541 	0.81997524
0.0027738693 	0.015613516 	-0.054871867 	0.82754885
0.0027939698 	0.015613516 	-0.054871867 	0.82754885
0.0028140704 	0.011621709 	-0.038306999 	0.83499113
0.0028341709 	0.011621709 	-0.038306999 	0.83499113
0.0028542714 	0.0070208312 	-0.021173011 	0.84118677
0.0028743719 	0.0027907293 	-0.0039083329 	0.84527566
0.0028944724 	0.0027907293 	-0.0039083329 	0.84527566
0.0029145729 	-0.0011272128 	0.012922244 	0.84682821
0.0029346734 	-0.0011272128 	0.012922244 	0.84682821
0.0029547739 	-0.004804458 	0.028447929 	0.84609273
0.0029748744 	-0.004804458 	0.028447929 	0.84609273
0.0029949749 	-0.0081817659 	0.041801482 	0.84383136
0.0030150754 	-0.011566442 	0.052252151 	0.84103236
0.0030351759 	-0.011566442 	0.052252151 	0.84103236
0.0030552764 	-0.015256633 	0.059512668 	0.83873711
0.0030753769 	-0.015256633 	0.059512668 	0.83873711
0.0030954774 	-0.019394939 	0.063836325 	0.83775599
0.0031155779 	-0.023934189 	0.0658974 	0.83847864
0.0031356784 	-0.023934189 	0.0658974 	0.83847864
0.0031557789 	-0.028575261 	0.066497814 	0.84071067
0.0031758794 	-0.028575261 	0.066497814 	0.84071067
0.0031959799 	-0.03286984 	0.066277681 	0.84373146
0.0032160804 	-0.036278719 	0.065589289 	0.84644944
0.0032361809 	-0.036278719 	0.065589289 	0.84644944
0.0032562814 	-0.038330542 	0.064549434 	0.84769974
0.0032763819 	-0.038727929 	0.063179238 	0.84654589
0.0032964824 	-0.038727929 	0.063179238 	0.84654589
0.0033165829 	-0.037384692 	0.061502183 	0.84246719
0.0033366834 	-0.034394737 	0.059561063 	0.83538039
0.0033567839 	-0.034394737 	0.059561063 	0.83538039
0.0033768844 	-0.029979888 	0.057387441 	0.82552454
0.0033969849 	-0.024457638 	0.05497663 	0.81329631
0.0034170854 	-0.024457638 	0.05497663 	0.81329631
0.0034371859 	-0.018177201 	0.052291556 	0.79910848
0.0034572864 	-0.011479199 	0.049295097 	0.78331702
0.0034773869 	-0.0047031286 	0.045996501 	0.76621954
0.0034974874 	-0.0047031286 	0.045996501 	0.76621954
0.0035175879 	0.0018388924 	0.042445352 	0.74809441
0.0035376884 	0.0078881202 	0.038781034 	0.72922702
0.0035577889 	0.013227214 	0.035186895 	0.70993671
0.0035778894 	0.013227214 	0.035186895 	0.70993671
0.0035979899 	0.017692239 	0.031862308 	0.6905578
0.0036180905 	0.02119581 	0.028992584 	0.67140485
0.003638191 	0.023716106 	0.026731059 	0.65271824
0.0036582915 	0.023716106 	0.026731059 	0.65271824
0.003678392 	0.025280425 	0.02518261 	0.63460193
0.0036984925 	0.025945251 	0.024413944 	0.6169518
0.003718593 	0.025779243 	0.024464567 	0.59936565
0.0037386935 	0.024852624 	0.025356914 	0.58102275
0.003758794 	0.023238832 	0.027057011 	0.5605652
0.0037788945 	0.023238832 	0.027057011 	0.5605652
0.003798995 	0.021027581 	0.029376741 	0.53608607
0.0038190955 	0.018340349 	0.031817396 	0.50537867
0.003839196 	0.015336142 	0.033534676 	0.46650705
0.0038592965 	0.0122037 	0.03359089 	0.41850627
0.003879397 	0.0091403604 	0.031438212 	0.3618329
0.0038994975 	0.0063261386 	0.027246753 	0.29831326
0.003919598 	0.0039041605 	0.021729153 	0.23066046
0.0039396985 	0.0019843808 	0.015627091 	0.1618131
0.003959799 	0.00066600925 	0.0093448914 	0.094349313
0.0039798995 	5.1574265e-05 	0.0030376336 	0.030155468
0.004 	5.1574265e-05 	0.0030376336 	0.030155468
