0 	-0.042856319 	-0.031785651 	1.0790535
5.5555556e-05 	-0.01642517 	-0.048919653 	1.0775974
0.00011111111 	-0.0027166235 	-0.051020974 	1.0764851
0.00016666667 	0.0068584235 	-0.051354522 	1.075967
0.00022222222 	0.014073643 	-0.051308962 	1.0763122
0.00027777778 	0.019359594 	-0.050824052 	1.0777925
0.00033333333 	0.022821477 	-0.049429004 	1.0805368
0.00038888889 	0.02452384 	-0.04663881 	1.0843362
0.00044444444 	0.024631467 	-0.042140188 	1.0885746
0.0005 	0.023485667 	-0.035866718 	1.0922375
0.00055555556 	0.021484455 	-0.028078546 	1.0939854
0.00061111111 	0.019010547 	-0.019460074 	1.0922966
0.00066666667 	0.016361598 	-0.011219975 	1.085808
0.00072222222 	0.013699785 	-0.0048805144 	1.0739516
0.00077777778 	0.011139167 	-0.0016850935 	1.0576459
0.00083333333 	0.0088110593 	-0.0019609135 	1.0394521
0.00088888889 	0.0070471822 	-0.0050444517 	1.0227454
0.00094444444 	0.0062023845 	-0.0097162492 	1.0102871
0.001 	0.0065069702 	-0.015139851 	1.0031653
0.0010617199 	0.007956268 	-0.020316869 	1.0025172
0.0011225874 	0.0096532047 	-0.024345133 	1.0068336
0.0011826143 	0.011032099 	-0.026635423 	1.0133832
0.0012418122 	0.011853462 	-0.026660355 	1.0193564
0.0013001926 	0.012472739 	-0.024193347 	1.0227719
0.0013577668 	0.013469034 	-0.019515896 	1.023083
0.0014145458 	0.015429399 	-0.013252926 	1.021036
0.0014705407 	0.018792842 	-0.006238815 	1.0180383
0.0015257623 	0.023774495 	0.00052311552 	1.01542
0.0015802213 	0.030317996 	0.0060753803 	1.013804
0.0016339282 	0.037906846 	0.0098140078 	1.0129823
0.0016868934 	0.045799317 	0.011610253 	1.012444
0.0017391271 	0.053304077 	0.011751346 	1.0119121
0.0017906395 	0.059787797 	0.010735783 	1.0114178
0.0018414404 	0.064822433 	0.008912308 	1.0109678
0.0018915398 	0.068284139 	0.0063349968 	1.0103076
0.0019409473 	0.070339574 	0.0029196548 	1.0088812
0.0019896725 	0.071302947 	-0.0012497323 	1.006051
0.0020377248 	0.071575408 	-0.0057817119 	1.0013513
0.0020851134 	0.071450639 	-0.010033405 	0.99458675
0.0021318476 	0.071040411 	-0.013338594 	0.98584804
0.0021779364 	0.070375643 	-0.015139476 	0.97538992
0.0022233887 	0.069401789 	-0.015134596 	0.96362332
0.0022682133 	0.067936607 	-0.013396671 	0.95111527
0.0023124189 	0.065708519 	-0.010352062 	0.93862813
0.0023560139 	0.062406693 	-0.0067123502 	0.92719182
0.0023990069 	0.057798958 	-0.0032750822 	0.91806847
0.0024414062 	0.051956451 	-0.00067129808 	0.91238754
0.0024832199 	0.045281712 	0.00082397757 	0.91052447
0.0025244562 	0.038398957 	0.0011409459 	0.91165982
0.002565123 	0.031848507 	0.00012142642 	0.91394815
0.0026052281 	0.025866414 	-0.002785944 	0.91525022
0.0026447794 	0.020404214 	-0.0083964229 	0.91408692
0.0026837845 	0.015091403 	-0.017335721 	0.91034524
0.0027222509 	0.0095385306 	-0.029471784 	0.90540083
0.0027601861 	0.0037953662 	-0.043485631 	0.90097519
0.0027975974 	-0.0015700204 	-0.056712733 	0.89759125
0.002834492 	-0.0056985297 	-0.066094418 	0.89376933
0.0028708772 	-0.0076749193 	-0.069204871 	0.88629685
0.0029067598 	-0.0070718302 	-0.064580741 	0.87122228
0.0029421469 	-0.0042067095 	-0.052221025 	0.84568968
0.0029770452 	-9.8230854e-05 	-0.034681777 	0.81025606
0.0030114616 	0.0040119461 	-0.017025743 	0.76888547
0.0030454028 	0.0072427334 	-0.004022574 	0.72563456
0.0030788752 	0.0093278917 	0.0030165847 	0.68253169
0.0031118853 	0.010541844 	0.0058284298 	0.64147617
0.0031444395 	0.010781864 	0.006688967 	0.60505629
0.0031765442 	0.0098022345 	0.0073148081 	0.57528133
0.0032082055 	0.0070535462 	0.008786899 	0.55331056
0.0032394295 	0.0023016676 	0.011436331 	0.53935468
0.0032702223 	-0.0038167621 	0.015080725 	0.53216235
0.0033005899 	-0.010507191 	0.019357283 	0.52923521
0.0033305381 	-0.016863954 	0.023920526 	0.52765768
0.0033600727 	-0.022194192 	0.028447942 	0.52497432
0.0033891994 	-0.026108492 	0.03259497 	0.51966112
0.0034179239 	-0.028508504 	0.036011791 	0.51111874
0.0034462517 	-0.029510156 	0.038457592 	0.49941997
0.0034741882 	-0.029337716 	0.039830113 	0.48499754
0.003501739 	-0.028248887 	0.04015537 	0.4684139
0.0035289093 	-0.026494806 	0.039553636 	0.45023605
0.0035557043 	-0.024301622 	0.038200548 	0.43097292
0.0035821293 	-0.02186117 	0.036291668 	0.4110414
0.0036081894 	-0.019326881 	0.034015625 	0.39074908
0.0036338895 	-0.016814626 	0.031535704 	0.37029014
0.0036592348 	-0.014405436 	0.028981006 	0.34975393
0.00368423 	-0.012151632 	0.026444336 	0.32914208
0.00370888 	-0.01008331 	0.023984043 	0.30839013
0.0037331896 	-0.0082151485 	0.021628044 	0.28738955
0.0037571635 	-0.0065522127 	0.019379887 	0.26600893
0.0037808063 	-0.0050937386 	0.01722398 	0.24411433
0.0038041226 	-0.0038352047 	0.015132634 	0.2215882
0.0038271169 	-0.0027693569 	0.013076384 	0.19834589
0.0038497936 	-0.0018871884 	0.011038 	0.17434705
0.0038721572 	-0.0011793016 	0.009029035 	0.14959804
0.0038942119 	-0.0006376 	0.0071024952 	0.12413943
0.003915962 	-0.00025590307 	0.0053468056 	0.098013945
0.0039374118 	-2.6514486e-05 	0.0038380097 	0.071215051
0.0039585653 	5.6036697e-05 	0.0025317182 	0.043631764
0.0039794267 	2.3137339e-05 	0.0011118659 	0.015031295
0.004 	4.9947966e-07 	0.0010266962 	0.01805687
