0 	-0.0088391296 	0.056164775 	1.1025913
2.0100503e-05 	-0.0088391296 	0.056164775 	1.1025913
4.0201005e-05 	-0.0088391296 	0.056164775 	1.1025913
6.0301508e-05 	-0.031253235 	0.046865729 	1.1063535
8.040201e-05 	-0.031253235 	0.046865729 	1.1063535
0.00010050251 	-0.031253235 	0.046865729 	1.1063535
0.00012060302 	-0.035376281 	0.042800218 	1.1086413
0.00014070352 	-0.035376281 	0.042800218 	1.1086413
0.00016080402 	-0.035376281 	0.042800218 	1.1086413
0.00018090452 	-0.036618738 	0.04035187 	1.1089961
0.00020100503 	-0.036618738 	0.04035187 	1.1089961
0.00022110553 	-0.036618738 	0.04035187 	1.1089961
0.00024120603 	-0.037262166 	0.038087033 	1.1069998
0.00026130653 	-0.037262166 	0.038087033 	1.1069998
0.00028140704 	-0.037989764 	0.035530002 	1.1024828
0.00030150754 	-0.037989764 	0.035530002 	1.1024828
0.00032160804 	-0.037989764 	0.035530002 	1.1024828
0.00034170854 	-0.039069053 	0.032562639 	1.095817
0.00036180905 	-0.039069053 	0.032562639 	1.095817
0.00038190955 	-0.039069053 	0.032562639 	1.095817
0.00040201005 	-0.040565909 	0.029264393 	1.088115
0.00042211055 	-0.040565909 	0.029264393 	1.088115
0.00044221106 	-0.040565909 	0.029264393 	1.088115
0.00046231156 	-0.042383171 	0.025798253 	1.0810902
0.00048241206 	-0.042383171 	0.025798253 	1.0810902
0.00050251256 	-0.044295466 	0.022306046 	1.0764691
0.00052261307 	-0.044295466 	0.022306046 	1.0764691
0.00054271357 	-0.044295466 	0.022306046 	1.0764691
0.00056281407 	-0.046047222 	0.018880402 	1.0751982
0.00058291457 	-0.046047222 	0.018880402 	1.0751982
0.00060301508 	-0.046047222 	0.018880402 	1.0751982
0.00062311558 	-0.047510445 	0.015641282 	1.0769508
0.00064321608 	-0.047510445 	0.015641282 	1.0769508
0.00066331658 	-0.047510445 	0.015641282 	1.0769508
0.00068341709 	-0.048765544 	0.01276565 	1.0803277
0.00070351759 	-0.048765544 	0.01276565 	1.0803277
0.00072361809 	-0.049975655 	0.010370223 	1.0836172
0.00074371859 	-0.049975655 	0.010370223 	1.0836172
0.0007638191 	-0.049975655 	0.010370223 	1.0836172
0.0007839196 	-0.051188731 	0.0084007769 	1.0855348
0.0008040201 	-0.051188731 	0.0084007769 	1.0855348
0.0008241206 	-0.051188731 	0.0084007769 	1.0855348
0.00084422111 	-0.052328524 	0.0066919546 	1.0854806
0.00086432161 	-0.052328524 	0.0066919546 	1.0854806
0.00088442211 	-0.052328524 	0.0066919546 	1.0854806
0.00090452261 	-0.053241603 	0.0051029368 	1.0833451
0.00092462312 	-0.053241603 	0.0051029368 	1.0833451
0.00094472362 	-0.053759816 	0.0036331746 	1.0792226
0.00096482412 	-0.053759816 	0.0036331746 	1.0792226
0.00098492462 	-0.053759816 	0.0036331746 	1.0792226
0.0010050251 	-0.051670548 	-0.005061282 	1.0762723
0.0010251256 	-0.053920032 	0.002279459 	1.0729508
0.0010452261 	-0.053920032 	0.002279459 	1.0729508
0.0010653266 	-0.053452898 	0.0008194299 	1.0644094
0.0010854271 	-0.053452898 	0.0008194299 	1.0644094
0.0011055276 	-0.050893621 	-0.0064106362 	1.0690087
0.0011256281 	-0.049539515 	-0.0078640695 	1.060434
0.0011457286 	-0.049539515 	-0.0078640695 	1.060434
0.0011658291 	-0.05236919 	-0.00089831887 	1.0545188
0.0011859296 	-0.050547711 	-0.0030548652 	1.0439338
0.0012060302 	-0.050547711 	-0.0030548652 	1.0439338
0.0012261307 	-0.050547711 	-0.0030548652 	1.0439338
0.0012462312 	-0.048054115 	-0.0053487336 	1.0333776
0.0012663317 	-0.048054115 	-0.0053487336 	1.0333776
0.0012864322 	-0.044706313 	-0.011902581 	1.0415576
0.0013065327 	-0.041462945 	-0.013721405 	1.0324558
0.0013266332 	-0.041462945 	-0.013721405 	1.0324558
0.0013467337 	-0.041462945 	-0.013721405 	1.0324558
0.0013668342 	-0.037990377 	-0.014560708 	1.0241283
0.0013869347 	-0.037990377 	-0.014560708 	1.0241283
0.0014070352 	-0.037990377 	-0.014560708 	1.0241283
0.0014271357 	-0.034640145 	-0.013917994 	1.0165044
0.0014472362 	-0.034640145 	-0.013917994 	1.0165044
0.0014673367 	-0.034640145 	-0.013917994 	1.0165044
0.0014874372 	-0.031805756 	-0.011602367 	1.0091006
0.0015075377 	-0.031805756 	-0.011602367 	1.0091006
0.0015276382 	-0.029842727 	-0.0077610202 	1.0012727
0.0015477387 	-0.029842727 	-0.0077610202 	1.0012727
0.0015678392 	-0.029842727 	-0.0077610202 	1.0012727
0.0015879397 	-0.028969431 	-0.0028435702 	0.99251803
0.0016080402 	-0.028969431 	-0.0028435702 	0.99251803
0.0016281407 	-0.028969431 	-0.0028435702 	0.99251803
0.0016482412 	-0.029206492 	0.0025289012 	0.98267209
0.0016683417 	-0.029206492 	0.0025289012 	0.98267209
0.0016884422 	-0.030467998 	0.0078475639 	0.97194425
0.0017085427 	-0.030467998 	0.0078475639 	0.97194425
0.0017286432 	-0.030467998 	0.0078475639 	0.97194425
0.0017487437 	-0.032751892 	0.013047918 	0.96090662
0.0017688442 	-0.032751892 	0.013047918 	0.96090662
0.0017889447 	-0.032751892 	0.013047918 	0.96090662
0.0018090452 	-0.036186033 	0.018558129 	0.95044282
0.0018291457 	-0.036186033 	0.018558129 	0.95044282
0.0018492462 	-0.040770744 	0.024883263 	0.94173573
0.0018693467 	-0.040770744 	0.024883263 	0.94173573
0.0018894472 	-0.040770744 	0.024883263 	0.94173573
0.0019095477 	-0.046036369 	0.032117469 	0.93638028
0.0019296482 	-0.046036369 	0.032117469 	0.93638028
0.0019497487 	-0.051029721 	0.039888304 	0.9362888
0.0019698492 	-0.051029721 	0.039888304 	0.9362888
0.0019899497 	-0.054664344 	0.047662145 	0.94275444
0.0020100503 	-0.054664344 	0.047662145 	0.94275444
0.0020301508 	-0.054664344 	0.047662145 	0.94275444
0.0020502513 	-0.056149208 	0.054918466 	0.95506484
0.0020703518 	-0.056149208 	0.054918466 	0.95506484
0.0020904523 	-0.055275051 	0.061174226 	0.97010083
0.0021105528 	-0.055275051 	0.061174226 	0.97010083
0.0021306533 	-0.055275051 	0.061174226 	0.97010083
0.0021507538 	-0.052516941 	0.066183008 	0.9834742
0.0021708543 	-0.052516941 	0.066183008 	0.9834742
0.0021909548 	-0.048876561 	0.070147153 	0.9912378
0.0022110553 	-0.048876561 	0.070147153 	0.9912378
0.0022311558 	-0.045335611 	0.073339488 	0.99135428
0.0022512563 	-0.045335611 	0.073339488 	0.99135428
0.0022713568 	-0.042241253 	0.075249486 	0.98442872
0.0022914573 	-0.042241253 	0.075249486 	0.98442872
0.0023115578 	-0.042241253 	0.075249486 	0.98442872
0.0023316583 	-0.039316013 	0.074590562 	0.97297386
0.0023517588 	-0.039316013 	0.074590562 	0.97297386
0.0023718593 	-0.036187712 	0.070607278 	0.9594394
0.0023919598 	-0.036187712 	0.070607278 	0.9594394
0.0024120603 	-0.032901959 	0.063955903 	0.94498756
0.0024321608 	-0.032901959 	0.063955903 	0.94498756
0.0024522613 	-0.029716811 	0.056131611 	0.93017018
0.0024723618 	-0.029716811 	0.056131611 	0.93017018
0.0024924623 	-0.026648581 	0.048422052 	0.91601023
0.0025125628 	-0.026648581 	0.048422052 	0.91601023
0.0025326633 	-0.023342966 	0.041364043 	0.90382386
0.0025527638 	-0.023342966 	0.041364043 	0.90382386
0.0025728643 	-0.018872091 	0.034595445 	0.89435568
0.0025929648 	-0.018872091 	0.034595445 	0.89435568
0.0026130653 	-0.012195312 	0.027058286 	0.88727525
0.0026331658 	-0.012195312 	0.027058286 	0.88727525
0.0026532663 	-0.0029769804 	0.017462548 	0.88151194
0.0026733668 	-0.0029769804 	0.017462548 	0.88151194
0.0026934673 	0.0083814673 	0.0048792203 	0.8757865
0.0027135678 	0.0083814673 	0.0048792203 	0.8757865
0.0027336683 	0.020615877 	-0.010397601 	0.86907704
0.0027537688 	0.020615877 	-0.010397601 	0.86907704
0.0027738693 	0.031339938 	-0.027115223 	0.86096537
0.0027939698 	0.031339938 	-0.027115223 	0.86096537
0.0028140704 	0.03726175 	-0.044528639 	0.85185596
0.0028341709 	0.03726175 	-0.044528639 	0.85185596
0.0028542714 	0.035783799 	-0.062682417 	0.84147152
0.0028743719 	0.026363219 	-0.07683295 	0.82659574
0.0028944724 	0.026363219 	-0.07683295 	0.82659574
0.0029145729 	0.011507407 	-0.076142401 	0.80498579
0.0029346734 	0.011507407 	-0.076142401 	0.80498579
0.0029547739 	-0.0048546381 	-0.055258928 	0.7829306
0.0029748744 	-0.0048546381 	-0.055258928 	0.7829306
0.0029949749 	-0.020413846 	-0.02373181 	0.77294753
0.0030150754 	-0.034176825 	0.0037279799 	0.77969563
0.0030351759 	-0.034176825 	0.0037279799 	0.77969563
0.0030552764 	-0.045093547 	0.021021446 	0.79337661
0.0030753769 	-0.045093547 	0.021021446 	0.79337661
0.0030954774 	-0.05272651 	0.031349194 	0.80065916
0.0031155779 	-0.057187109 	0.039394713 	0.7967475
0.0031356784 	-0.057187109 	0.039394713 	0.7967475
0.0031557789 	-0.058730328 	0.047075986 	0.78417771
0.0031758794 	-0.058730328 	0.047075986 	0.78417771
0.0031959799 	-0.057894085 	0.053981756 	0.76640431
0.0032160804 	-0.055505893 	0.058728758 	0.74510237
0.0032361809 	-0.055505893 	0.058728758 	0.74510237
0.0032562814 	-0.052401736 	0.059972808 	0.72084773
0.0032763819 	-0.049221721 	0.056764089 	0.69434141
0.0032964824 	-0.049221721 	0.056764089 	0.69434141
0.0033165829 	-0.046369197 	0.048791119 	0.66682156
0.0033366834 	-0.04408151 	0.036661291 	0.63986937
0.0033567839 	-0.04408151 	0.036661291 	0.63986937
0.0033768844 	-0.0424702 	0.021913665 	0.61497803
0.0033969849 	-0.041509791 	0.0066093563 	0.59316914
0.0034170854 	-0.041509791 	0.0066093563 	0.59316914
0.0034371859 	-0.040970462 	-0.0073208141 	0.57479529
0.0034572864 	-0.040179738 	-0.018589793 	0.55962294
0.0034773869 	-0.038459383 	-0.026610457 	0.54680985
0.0034974874 	-0.038459383 	-0.026610457 	0.54680985
0.0035175879 	-0.035682225 	-0.031084206 	0.53577831
0.0035376884 	-0.032097004 	-0.031884757 	0.52646693
0.0035577889 	-0.028141418 	-0.029114126 	0.51920673
0.0035778894 	-0.028141418 	-0.029114126 	0.51920673
0.0035979899 	-0.024318332 	-0.023265797 	0.51436413
0.0036180905 	-0.021080095 	-0.015133502 	0.51201013
0.003638191 	-0.018747811 	-0.0056486988 	0.51173469
0.0036582915 	-0.018747811 	-0.0056486988 	0.51173469
0.003678392 	-0.017405921 	0.0042883578 	0.512622
0.0036984925 	-0.01696337 	0.013930955 	0.51318858
0.003718593 	-0.017336329 	0.022737174 	0.51155533
0.0037386935 	-0.018240701 	0.030373069 	0.50586878
0.003758794 	-0.019315812 	0.036636687 	0.49443948
0.0037788945 	-0.019315812 	0.036636687 	0.49443948
0.003798995 	-0.020272985 	0.041339868 	0.47572639
0.0038190955 	-0.020729428 	0.044282573 	0.44859694
0.003839196 	-0.020291867 	0.045249242 	0.41253338
0.0038592965 	-0.018693824 	0.044040984 	0.36784413
0.003879397 	-0.015931411 	0.040565972 	0.31585234
0.0038994975 	-0.012313145 	0.034972686 	0.25886303
0.003919598 	-0.0083695314 	0.027737822 	0.19966374
0.0039396985 	-0.0046923353 	0.019586729 	0.14067901
0.003959799 	-0.0018235356 	0.011290324 	0.083285794
0.0039798995 	-0.00021241689 	0.0034784347 	0.027619265
0.004 	-0.00021241689 	0.0034784347 	0.027619265
