0 	0.0046383108 	0.043795086 	1.0287833
5.5555625e-05 	0.034723082 	0.042661788 	1.0210835
0.00011111111 	0.049732058 	0.040927582 	1.0147738
0.00016666667 	0.059493573 	0.038883947 	1.0104046
0.00022222222 	0.065303603 	0.036331908 	1.0075509
0.00027777778 	0.067873397 	0.033406792 	1.0055369
0.00033333333 	0.067829252 	0.029755506 	1.0041213
0.00038888889 	0.065531619 	0.024632737 	1.0034663
0.00044444444 	0.061147355 	0.017492256 	1.0037067
0.0005 	0.05489899 	0.0085151187 	1.0046427
0.00055555556 	0.047266135 	-0.0013518808 	1.0056727
0.00061111111 	0.03906967 	-0.010737008 	1.0058831
0.00066666667 	0.031310461 	-0.018240223 	1.0047432
0.00072222222 	0.024715731 	-0.022839104 	1.0031316
0.00077777778 	0.019462667 	-0.02415293 	1.0031347
0.00083333333 	0.015239693 	-0.022654661 	1.0062274
0.00088888889 	0.011593492 	-0.01959416 	1.0118795
0.00094444444 	0.0082907938 	-0.016472869 	1.0181632
0.001 	0.0048242704 	-0.014513162 	1.0236801
0.0010617199 	0.0012231473 	-0.014811171 	1.0272001
0.0011225874 	-0.002231948 	-0.017266912 	1.0284939
0.0011826143 	-0.0052781685 	-0.021228964 	1.0280599
0.0012418122 	-0.007648115 	-0.026148623 	1.0264119
0.0013001926 	-0.0092106838 	-0.031687313 	1.0239348
0.0013577668 	-0.010013189 	-0.037602663 	1.0208658
0.0014145458 	-0.010253776 	-0.043594284 	1.0174008
0.0014705407 	-0.010272094 	-0.049291589 	1.0138145
0.0015257623 	-0.010495848 	-0.054361818 	1.0103909
0.0015802213 	-0.011341758 	-0.058639949 	1.0070322
0.0016339282 	-0.012972133 	-0.062092329 	1.0027825
0.0016868934 	-0.015467868 	-0.064522634 	0.99584419
0.0017391271 	-0.019233511 	-0.065253881 	0.98449482
0.0017906395 	-0.024740323 	-0.063236232 	0.96894139
0.0018414404 	-0.032262467 	-0.057902091 	0.95254663
0.0018915398 	-0.041144284 	-0.049936401 	0.9398523
0.0019409473 	-0.050047024 	-0.041609485 	0.93223807
0.0019896725 	-0.057535345 	-0.036215036 	0.92695537
0.0020377248 	-0.061991891 	-0.036591413 	0.92011832
0.0020851134 	-0.062236434 	-0.043686479 	0.90944945
0.0021318476 	-0.057947674 	-0.056033221 	0.89517617
0.0021779364 	-0.049791193 	-0.070519889 	0.87940099
0.0022233887 	-0.039200601 	-0.083775072 	0.86467653
0.0022682133 	-0.027882501 	-0.093529729 	0.85292456
0.0023124189 	-0.017623131 	-0.099370244 	0.84541488
0.0023560139 	-0.010340401 	-0.10250484 	0.84378741
0.0023990069 	-0.0076735988 	-0.10475181 	0.85056032
0.0024414062 	-0.010513609 	-0.1075176 	0.86771184
0.0024832199 	-0.018707958 	-0.11074637 	0.89514855
0.0025244562 	-0.030739831 	-0.11211582 	0.92985355
0.002565123 	-0.043777537 	-0.10758916 	0.96573418
0.0026052281 	-0.05418743 	-0.094399965 	0.9926379
0.0026447794 	-0.058635196 	-0.073499789 	0.99814357
0.0026837845 	-0.055741488 	-0.049801008 	0.97386876
0.0027222509 	-0.047393398 	-0.0299234 	0.92408481
0.0027601861 	-0.038545516 	-0.017795154 	0.86749996
0.0027975974 	-0.034375113 	-0.012230894 	0.82724118
0.002834492 	-0.036657056 	-0.0088712689 	0.81459999
0.0028708772 	-0.042955969 	-0.0042930295 	0.82381804
0.0029067598 	-0.049504193 	0.0026651352 	0.84046268
0.0029421469 	-0.053777025 	0.01161935 	0.85317517
0.0029770452 	-0.055047565 	0.021706305 	0.85726616
0.0030114616 	-0.054003226 	0.031973243 	0.85233354
0.0030454028 	-0.051861722 	0.041513593 	0.83964362
0.0030788752 	-0.049709949 	0.049666027 	0.82083881
0.0031118853 	-0.048345435 	0.056139906 	0.79777355
0.0031444395 	-0.048152606 	0.060894355 	0.77242112
0.0031765442 	-0.049052646 	0.064042265 	0.74653784
0.0032082055 	-0.050562012 	0.065747442 	0.72144467
0.0032394295 	-0.051956966 	0.066161737 	0.69797583
0.0032702223 	-0.052547484 	0.065395414 	0.67654354
0.0033005899 	-0.05190665 	0.063537153 	0.65722174
0.0033305381 	-0.049937333 	0.060717262 	0.63984772
0.0033600727 	-0.046799469 	0.057170389 	0.62413499
0.0033891994 	-0.042780827 	0.053256854 	0.60975755
0.0034179239 	-0.038181509 	0.049354931 	0.59641228
0.0034462517 	-0.033246113 	0.04569614 	0.58387374
0.0034741882 	-0.028186522 	0.042268218 	0.57201713
0.003501739 	-0.02324372 	0.038947396 	0.56076347
0.0035289093 	-0.018688091 	0.035625669 	0.5499699
0.0035557043 	-0.014755499 	0.032263612 	0.53932977
0.0035821293 	-0.011581773 	0.028868091 	0.52835147
0.0036081894 	-0.0091810323 	0.025462966 	0.51640757
0.0036338895 	-0.0074672976 	0.022080191 	0.50283676
0.0036592348 	-0.0062968187 	0.018767991 	0.48705355
0.00368423 	-0.0055091855 	0.015598662 	0.46863197
0.00370888 	-0.0049586012 	0.012662276 	0.44734459
0.0037331896 	-0.004530633 	0.010048505 	0.42315673
0.0037571635 	-0.0041488311 	0.0078279755 	0.39618749
0.0037808063 	-0.0037697763 	0.0060430872 	0.36664949
0.0038041226 	-0.0033746827 	0.0047107773 	0.33479691
0.0038271169 	-0.0029600068 	0.0038313274 	0.30088617
0.0038497936 	-0.002527725 	0.0033960234 	0.26515734
0.0038721572 	-0.0020808348 	0.0033811764 	0.22783543
0.0038942119 	-0.0016221545 	0.0037208804 	0.18913442
0.003915962 	-0.0011584337 	0.0042512305 	0.1492508
0.0039374118 	-0.00070811837 	0.0046275791 	0.108336
0.0039585653 	-0.00031457324 	0.0042404688 	0.066401839
0.0039794267 	-4.9504933e-05 	0.0022261705 	0.023090862
0.004 	-4.9504933e-05 	0.0022261705 	0.023090862
