0 	0.085743158 	0.052620577 	1.0400449
5.5555556e-05 	0.10448494 	0.01721913 	1.0446089
0.00011111111 	0.11071156 	0.012783527 	1.0504912
0.00016666667 	0.11621368 	0.014976456 	1.057311
0.00022222222 	0.12123555 	0.01875825 	1.0646614
0.00027777778 	0.12543989 	0.02232893 	1.0722075
0.00033333333 	0.12852403 	0.02483753 	1.0796895
0.00038888889 	0.13024802 	0.025923902 	1.0868973
0.00044444444 	0.1304396 	0.025547226 	1.0936089
0.0005 	0.12914416 	0.02393021 	1.0995273
0.00055555556 	0.12667269 	0.021536961 	1.1043176
0.00061111111 	0.12347054 	0.019131251 	1.1077422
0.00066666667 	0.11983875 	0.017659168 	1.1099064
0.00072222222 	0.11567415 	0.017492218 	1.1113776
0.00077777778 	0.11085435 	0.017729791 	1.1129349
0.00083333333 	0.10571354 	0.016695845 	1.1151883
0.00088888889 	0.10080851 	0.013602634 	1.1187514
0.00094444444 	0.096569628 	0.0090484458 	1.1239083
0.001 	0.092852485 	0.0038822902 	1.130734
0.0010617199 	0.089493094 	1.8763332e-05 	1.1361647
0.0011225874 	0.085954897 	-0.0011108543 	1.1367604
0.0011826143 	0.081614377 	0.0009478358 	1.1316575
0.0012418122 	0.076051751 	0.0060483635 	1.1224029
0.0013001926 	0.068887244 	0.013877356 	1.1118375
0.0013577668 	0.059630604 	0.024285015 	1.102678
0.0014145458 	0.047731604 	0.037043472 	1.0964009
0.0014705407 	0.03305105 	0.051280715 	1.0927361
0.0015257623 	0.017057004 	0.064490053 	1.0887719
0.0015802213 	0.0034718031 	0.071200458 	1.0770027
0.0016339282 	-0.0038351187 	0.065556601 	1.0485722
0.0016868934 	-0.0054767126 	0.049659017 	1.0062553
0.0017391271 	-0.0066712189 	0.03442467 	0.96654506
0.0017906395 	-0.010581045 	0.027756173 	0.93982942
0.0018414404 	-0.017398966 	0.029751489 	0.92477379
0.0018915398 	-0.026215203 	0.036466388 	0.91609225
0.0019409473 	-0.035547175 	0.04356615 	0.90890171
0.0019896725 	-0.044320922 	0.04872571 	0.90074489
0.0020377248 	-0.052609062 	0.052044583 	0.89263496
0.0020851134 	-0.061002795 	0.054408407 	0.88697461
0.0021318476 	-0.069452094 	0.056004437 	0.88370333
0.0021779364 	-0.076926202 	0.056688129 	0.88021263
0.0022233887 	-0.082158792 	0.056392882 	0.87499459
0.0022682133 	-0.084621543 	0.054697571 	0.86896675
0.0023124189 	-0.0847183 	0.050759999 	0.86337781
0.0023560139 	-0.083228443 	0.043939958 	0.85855
0.0023990069 	-0.080859606 	0.034316556 	0.85435351
0.0024414062 	-0.078156524 	0.022838195 	0.85039822
0.0024832199 	-0.075458221 	0.011142176 	0.84580116
0.0025244562 	-0.072810517 	0.00089287971 	0.83954281
0.002565123 	-0.069977504 	-0.00679157 	0.83102257
0.0026052281 	-0.066793288 	-0.011392857 	0.81991213
0.0026447794 	-0.063008578 	-0.012848654 	0.80579175
0.0026837845 	-0.058119911 	-0.011664306 	0.78861216
0.0027222509 	-0.051961358 	-0.0091048068 	0.76970292
0.0027601861 	-0.045197819 	-0.0072982241 	0.7524338
0.0027975974 	-0.039190253 	-0.009222774 	0.74145354
0.002834492 	-0.035155949 	-0.01797638 	0.74074813
0.0028708772 	-0.033387733 	-0.035349094 	0.75092714
0.0029067598 	-0.03294304 	-0.060470024 	0.76651999
0.0029421469 	-0.031904658 	-0.089540539 	0.77560553
0.0029770452 	-0.028245856 	-0.1164067 	0.76371281
0.0030114616 	-0.020968967 	-0.1335115 	0.72131734
0.0030454028 	-0.011069279 	-0.13458888 	0.6515545
0.0030788752 	-0.0016099268 	-0.11926654 	0.57213699
0.0031118853 	0.0039638511 	-0.094681188 	0.50565554
0.0031444395 	0.0040513679 	-0.070521682 	0.4650919
0.0031765442 	-0.00079345743 	-0.052526696 	0.44936373
0.0032082055 	-0.0086600927 	-0.040840009 	0.44974181
0.0032394295 	-0.017732708 	-0.032681721 	0.4575612
0.0032702223 	-0.026975829 	-0.025336337 	0.4675173
0.0033005899 	-0.035745738 	-0.017389429 	0.47725029
0.0033305381 	-0.043710332 	-0.0085265585 	0.48595534
0.0033600727 	-0.050752423 	0.0010821987 	0.49345911
0.0033891994 	-0.056869779 	0.011148078 	0.49979669
0.0034179239 	-0.061989008 	0.021375518 	0.50492706
0.0034462517 	-0.065875171 	0.031605188 	0.50883945
0.0034741882 	-0.068325617 	0.041576686 	0.51125805
0.003501739 	-0.069443127 	0.050952554 	0.51171347
0.0035289093 	-0.06931189 	0.059382152 	0.50970883
0.0035557043 	-0.068007597 	0.066583052 	0.50483258
0.0035821293 	-0.065597049 	0.072363683 	0.49675883
0.0036081894 	-0.06213826 	0.076595829 	0.48520608
0.0036338895 	-0.057689541 	0.079195009 	0.46991317
0.0036592348 	-0.052341209 	0.08009013 	0.45067423
0.00368423 	-0.046254812 	0.079251716 	0.42742866
0.00370888 	-0.039685893 	0.076738466 	0.40037148
0.0037331896 	-0.032979408 	0.072742532 	0.37003989
0.0037571635 	-0.02652693 	0.067599021 	0.33731636
0.0037808063 	-0.020685153 	0.061727861 	0.3032895
0.0038041226 	-0.015688705 	0.055524468 	0.26899346
0.0038271169 	-0.011606391 	0.049267632 	0.23515166
0.0038497936 	-0.0083681958 	0.043098111 	0.20206687
0.0038721572 	-0.0058387146 	0.037051735 	0.1696901
0.0038942119 	-0.0038815916 	0.031098216 	0.13779033
0.003915962 	-0.0023887596 	0.025133622 	0.10613463
0.0039374118 	-0.001282691 	0.018949987 	0.074648742
0.0039585653 	-0.00051773452 	0.012198382 	0.043579327
0.0039794267 	-8.0477632e-05 	0.0044457256 	0.013692745
0.004 	-8.0477632e-05 	0.0044457256 	0.013692745
