0 	0.0021996291 	0.0089058541 	1.0626931
2.0100503e-05 	0.0021996291 	0.0089058541 	1.0626931
4.0201005e-05 	0.0021996291 	0.0089058541 	1.0626931
6.0301508e-05 	0.0092712602 	0.0078434267 	1.0602088
8.040201e-05 	0.0092712602 	0.0078434267 	1.0602088
0.00010050251 	0.0092712602 	0.0078434267 	1.0602088
0.00012060302 	0.013291524 	0.0087686924 	1.059659
0.00014070352 	0.013291524 	0.0087686924 	1.059659
0.00016080402 	0.013291524 	0.0087686924 	1.059659
0.00018090452 	0.020945979 	0.0045865601 	1.0552837
0.00020100503 	0.020945979 	0.0045865601 	1.0552837
0.00022110553 	0.020945979 	0.0045865601 	1.0552837
0.00024120603 	0.022700822 	0.010666471 	1.0594097
0.00026130653 	0.018356656 	0.01701346 	1.0649475
0.00028140704 	0.019172685 	0.02320421 	1.0692235
0.00030150754 	0.019172685 	0.02320421 	1.0692235
0.00032160804 	0.019172685 	0.02320421 	1.0692235
0.00034170854 	0.022404805 	0.024650225 	1.0683837
0.00036180905 	0.022404805 	0.024650225 	1.0683837
0.00038190955 	0.022404805 	0.024650225 	1.0683837
0.00040201005 	0.020714347 	0.030298012 	1.07043
0.00042211055 	0.020714347 	0.030298012 	1.07043
0.00044221106 	0.020714347 	0.030298012 	1.07043
0.00046231156 	0.018742194 	0.03397708 	1.0702955
0.00048241206 	0.018742194 	0.03397708 	1.0702955
0.00050251256 	0.017160141 	0.035379679 	1.0685279
0.00052261307 	0.017160141 	0.035379679 	1.0685279
0.00054271357 	0.017160141 	0.035379679 	1.0685279
0.00056281407 	0.016508706 	0.034435726 	1.065925
0.00058291457 	0.016508706 	0.034435726 	1.065925
0.00060301508 	0.016508706 	0.034435726 	1.065925
0.00062311558 	0.017094063 	0.031274059 	1.0631812
0.00064321608 	0.017094063 	0.031274059 	1.0631812
0.00066331658 	0.017094063 	0.031274059 	1.0631812
0.00068341709 	0.018921768 	0.026301893 	1.0607439
0.00070351759 	0.018921768 	0.026301893 	1.0607439
0.00072361809 	0.02168869 	0.020264936 	1.0588413
0.00074371859 	0.02168869 	0.020264936 	1.0588413
0.0007638191 	0.018438006 	0.027280108 	1.0633951
0.0007839196 	0.021826204 	0.020946373 	1.0619656
0.0008040201 	0.021826204 	0.020946373 	1.0619656
0.0008241206 	0.021826204 	0.020946373 	1.0619656
0.00084422111 	0.02539446 	0.014868207 	1.0611319
0.00086432161 	0.02539446 	0.014868207 	1.0611319
0.00088442211 	0.02539446 	0.014868207 	1.0611319
0.00090452261 	0.030886026 	0.0049608812 	1.0570372
0.00092462312 	0.030886026 	0.0049608812 	1.0570372
0.00094472362 	0.033186865 	0.0025886548 	1.0576877
0.00096482412 	0.033186865 	0.0025886548 	1.0576877
0.00098492462 	0.033186865 	0.0025886548 	1.0576877
0.0010050251 	0.035112968 	0.0013545862 	1.0587817
0.0010251256 	0.033704376 	0.003603962 	1.0612609
0.0010452261 	0.033704376 	0.003603962 	1.0612609
0.0010653266 	0.035219952 	0.0018553044 	1.061555
0.0010854271 	0.035219952 	0.0018553044 	1.061555
0.0011055276 	0.035219952 	0.0018553044 	1.061555
0.0011256281 	0.035974556 	0.00019011158 	1.0615923
0.0011457286 	0.035974556 	0.00019011158 	1.0615923
0.0011658291 	0.035974556 	0.00019011158 	1.0615923
0.0011859296 	0.037838314 	-0.0015551216 	1.062553
0.0012060302 	0.036060545 	-0.0020105953 	1.0613838
0.0012261307 	0.036060545 	-0.0020105953 	1.0613838
0.0012462312 	0.035654213 	-0.0051524857 	1.06099
0.0012663317 	0.035654213 	-0.0051524857 	1.06099
0.0012864322 	0.035654213 	-0.0051524857 	1.06099
0.0013065327 	0.034952173 	-0.0094665884 	1.060378
0.0013266332 	0.034952173 	-0.0094665884 	1.060378
0.0013467337 	0.034952173 	-0.0094665884 	1.060378
0.0013668342 	0.034056896 	-0.014966364 	1.0594274
0.0013869347 	0.034056896 	-0.014966364 	1.0594274
0.0014070352 	0.034056896 	-0.014966364 	1.0594274
0.0014271357 	0.032964913 	-0.021358752 	1.0580526
0.0014472362 	0.032964913 	-0.021358752 	1.0580526
0.0014673367 	0.032964913 	-0.021358752 	1.0580526
0.0014874372 	0.031614565 	-0.028007759 	1.0563228
0.0015075377 	0.031614565 	-0.028007759 	1.0563228
0.0015276382 	0.029944691 	-0.034038755 	1.0545196
0.0015477387 	0.029944691 	-0.034038755 	1.0545196
0.0015678392 	0.029944691 	-0.034038755 	1.0545196
0.0015879397 	0.027935201 	-0.038569393 	1.0531153
0.0016080402 	0.027935201 	-0.038569393 	1.0531153
0.0016281407 	0.027935201 	-0.038569393 	1.0531153
0.0016482412 	0.025621075 	-0.040968508 	1.0526466
0.0016683417 	0.025621075 	-0.040968508 	1.0526466
0.0016884422 	0.023089993 	-0.040971284 	1.0534398
0.0017085427 	0.023089993 	-0.040971284 	1.0534398
0.0017286432 	0.023089993 	-0.040971284 	1.0534398
0.0017487437 	0.020476088 	-0.038611347 	1.0551697
0.0017688442 	0.020476088 	-0.038611347 	1.0551697
0.0017889447 	0.020476088 	-0.038611347 	1.0551697
0.0018090452 	0.017890058 	-0.034063648 	1.0564635
0.0018291457 	0.017890058 	-0.034063648 	1.0564635
0.0018492462 	0.015378899 	-0.027472519 	1.0550705
0.0018693467 	0.015378899 	-0.027472519 	1.0550705
0.0018894472 	0.015378899 	-0.027472519 	1.0550705
0.0019095477 	0.013106212 	-0.018640879 	1.0488535
0.0019296482 	0.013106212 	-0.018640879 	1.0488535
0.0019497487 	0.011592012 	-0.0067614904 	1.0370092
0.0019698492 	0.011592012 	-0.0067614904 	1.0370092
0.0019899497 	0.011496954 	0.008917187 	1.0204712
0.0020100503 	0.011496954 	0.008917187 	1.0204712
0.0020301508 	0.011496954 	0.008917187 	1.0204712
0.0020502513 	0.012901026 	0.027570517 	1.0011391
0.0020703518 	0.012901026 	0.027570517 	1.0011391
0.0020904523 	0.014967106 	0.046218812 	0.98086329
0.0021105528 	0.014967106 	0.046218812 	0.98086329
0.0021306533 	0.014967106 	0.046218812 	0.98086329
0.0021507538 	0.016511296 	0.06129372 	0.96121456
0.0021708543 	0.016511296 	0.06129372 	0.96121456
0.0021909548 	0.016848339 	0.070741752 	0.94372558
0.0022110553 	0.016848339 	0.070741752 	0.94372558
0.0022311558 	0.016107926 	0.074669212 	0.9296477
0.0022512563 	0.016107926 	0.074669212 	0.9296477
0.0022713568 	0.014959834 	0.074579229 	0.91938492
0.0022914573 	0.014959834 	0.074579229 	0.91938492
0.0023115578 	0.014959834 	0.074579229 	0.91938492
0.0023316583 	0.014130209 	0.072244173 	0.9123528
0.0023517588 	0.014130209 	0.072244173 	0.9123528
0.0023718593 	0.014071234 	0.069004372 	0.90740781
0.0023919598 	0.014071234 	0.069004372 	0.90740781
0.0024120603 	0.014894439 	0.065649105 	0.90339292
0.0024321608 	0.014894439 	0.065649105 	0.90339292
0.0024522613 	0.01645138 	0.062588653 	0.89941742
0.0024723618 	0.01645138 	0.062588653 	0.89941742
0.0024924623 	0.018436588 	0.060042383 	0.89489426
0.0025125628 	0.018436588 	0.060042383 	0.89489426
0.0025326633 	0.020481953 	0.058153665 	0.88947233
0.0025527638 	0.020481953 	0.058153665 	0.88947233
0.0025728643 	0.022236064 	0.05703581 	0.88298128
0.0025929648 	0.022236064 	0.05703581 	0.88298128
0.0026130653 	0.023424226 	0.056750435 	0.87542701
0.0026331658 	0.023424226 	0.056750435 	0.87542701
0.0026532663 	0.0239102 	0.057238389 	0.86703234
0.0026733668 	0.0239102 	0.057238389 	0.86703234
0.0026934673 	0.02371684 	0.058244467 	0.85829011
0.0027135678 	0.02371684 	0.058244467 	0.85829011
0.0027336683 	0.022991815 	0.059302893 	0.84994941
0.0027537688 	0.022991815 	0.059302893 	0.84994941
0.0027738693 	0.021951574 	0.059856538 	0.84286447
0.0027939698 	0.021951574 	0.059856538 	0.84286447
0.0028140704 	0.020803056 	0.059446821 	0.83774046
0.0028341709 	0.020803056 	0.059446821 	0.83774046
0.0028542714 	0.019709977 	0.057863885 	0.83490389
0.0028743719 	0.018773929 	0.055169733 	0.83423046
0.0028944724 	0.018773929 	0.055169733 	0.83423046
0.0029145729 	0.018036029 	0.051606095 	0.83525195
0.0029346734 	0.018036029 	0.051606095 	0.83525195
0.0029547739 	0.017492301 	0.047459188 	0.83734194
0.0029748744 	0.017492301 	0.047459188 	0.83734194
0.0029949749 	0.017112953 	0.042961341 	0.83988427
0.0030150754 	0.016840593 	0.038241972 	0.84236954
0.0030351759 	0.016840593 	0.038241972 	0.84236954
0.0030552764 	0.01660189 	0.033325152 	0.84441303
0.0030753769 	0.01660189 	0.033325152 	0.84441303
0.0030954774 	0.016335883 	0.028162295 	0.8457134
0.0031155779 	0.016023496 	0.022671453 	0.845986
0.0031356784 	0.016023496 	0.022671453 	0.845986
0.0031557789 	0.01568848 	0.016780213 	0.84491131
0.0031758794 	0.01568848 	0.016780213 	0.84491131
0.0031959799 	0.015385401 	0.010473801 	0.84214652
0.0032160804 	0.015171113 	0.0038156337 	0.83742949
0.0032361809 	0.015171113 	0.0038156337 	0.83742949
0.0032562814 	0.015065846 	-0.0030596788 	0.83076288
0.0032763819 	0.01500237 	-0.0099949484 	0.82259535
0.0032964824 	0.01500237 	-0.0099949484 	0.82259535
0.0033165829 	0.01479993 	-0.016855205 	0.81388313
0.0033366834 	0.014209382 	-0.023552083 	0.80593238
0.0033567839 	0.014209382 	-0.023552083 	0.80593238
0.0033768844 	0.013000756 	-0.029999213 	0.80002279
0.0033969849 	0.011059975 	-0.036043148 	0.79691735
0.0034170854 	0.011059975 	-0.036043148 	0.79691735
0.0034371859 	0.0084574118 	-0.04143319 	0.79641816
0.0034572864 	0.0054580889 	-0.045920271 	0.79709758
0.0034773869 	0.0024740203 	-0.049453673 	0.79628642
0.0034974874 	0.0024740203 	-0.049453673 	0.79628642
0.0035175879 	-1.7412005e-05 	-0.052319534 	0.79041822
0.0035376884 	-0.0015961547 	-0.055039574 	0.77584178
0.0035577889 	-0.002024355 	-0.05801411 	0.75006614
0.0035778894 	-0.002024355 	-0.05801411 	0.75006614
0.0035979899 	-0.0013318971 	-0.061145787 	0.71301578
0.0036180905 	0.00014602585 	-0.063766454 	0.66754057
0.003638191 	0.0018957522 	-0.064961588 	0.61861112
0.0036582915 	0.0018957522 	-0.064961588 	0.61861112
0.003678392 	0.0034636843 	-0.064027754 	0.57152979
0.0036984925 	0.0046042471 	-0.060725908 	0.53023103
0.003718593 	0.0052878358 	-0.055227986 	0.49651964
0.0037386935 	0.0056138285 	-0.047935713 	0.47024815
0.003758794 	0.0057051171 	-0.039345341 	0.44991696
0.0037788945 	0.0057051171 	-0.039345341 	0.44991696
0.003798995 	0.0056413783 	-0.03000409 	0.43324239
0.0038190955 	0.0054388524 	-0.020514617 	0.41753389
0.003839196 	0.0050664122 	-0.011533016 	0.3999194
0.0038592965 	0.0045145636 	-0.0037366622 	0.3774771
0.003879397 	0.0037843578 	0.0022747318 	0.34742509
0.0038994975 	0.0028919456 	0.0060659169 	0.30739893
0.003919598 	0.0019204818 	0.0074618231 	0.25588072
0.0039396985 	0.0010116436 	0.0066414176 	0.19273698
0.003959799 	0.00032950434 	0.0042027443 	0.11965742
0.0039798995 	1.4076947e-05 	0.0011705371 	0.040307143
0.004 	1.4076947e-05 	0.0011705371 	0.040307143
