0 	-0.010065448 	0.041592599 	0.99584442
5.5555556e-05 	-0.030451131 	0.032234247 	0.99874601
0.00011111111 	-0.036290264 	0.0262495 	1.0009139
0.00016666667 	-0.038897544 	0.021386449 	1.0025613
0.00022222222 	-0.039987513 	0.016932132 	1.0039372
0.00027777778 	-0.040158146 	0.012801566 	1.0052081
0.00033333333 	-0.039735093 	0.0090388751 	1.0063979
0.00038888889 	-0.038905001 	0.0056895553 	1.0073788
0.00044444444 	-0.037724436 	0.0027431914 	1.007895
0.0005 	-0.036152044 	0.00012202889 	1.0076219
0.00055555556 	-0.034122126 	-0.0022901029 	1.0062795
0.00061111111 	-0.031611333 	-0.0045543583 	1.0038
0.00066666667 	-0.028690402 	-0.00659767 	1.000457
0.00072222222 	-0.025504846 	-0.0082346126 	0.99679384
0.00077777778 	-0.022227011 	-0.0093005551 	0.99333625
0.00083333333 	-0.019044793 	-0.0098279697 	0.99035603
0.00088888889 	-0.01620016 	-0.00989421 	0.98796051
0.00094444444 	-0.013777987 	-0.0094902163 	0.98627008
0.001 	-0.011627541 	-0.008245735 	0.98536149
0.0010617199 	-0.0097048692 	-0.0054544047 	0.98556766
0.0011225874 	-0.0079202308 	-0.00077439339 	0.98672162
0.0011826143 	-0.0062089361 	0.0055046236 	0.98849219
0.0012418122 	-0.0049351962 	0.012536942 	0.99046096
0.0013001926 	-0.0046092102 	0.019446935 	0.99222418
0.0013577668 	-0.0055462787 	0.025938255 	0.99327492
0.0014145458 	-0.0076759679 	0.03222922 	0.99299357
0.0014705407 	-0.01058616 	0.038538761 	0.99091287
0.0015257623 	-0.013739948 	0.044693002 	0.98703659
0.0015802213 	-0.016692203 	0.050190751 	0.98186672
0.0016339282 	-0.019180084 	0.054551811 	0.97604405
0.0016868934 	-0.021055868 	0.057550731 	0.96997848
0.0017391271 	-0.022194679 	0.059185969 	0.96378846
0.0017906395 	-0.022468753 	0.059571483 	0.95747839
0.0018414404 	-0.021776634 	0.058870104 	0.95110805
0.0018915398 	-0.02010124 	0.057291266 	0.94486592
0.0019409473 	-0.017533152 	0.0550954 	0.93902887
0.0019896725 	-0.014258128 	0.052568697 	0.93388024
0.0020377248 	-0.010507865 	0.04998819 	0.92964366
0.0020851134 	-0.0065030062 	0.047572757 	0.92643044
0.0021318476 	-0.0024231224 	0.045468194 	0.92424804
0.0021779364 	0.0016075878 	0.043742132 	0.92301885
0.0022233887 	0.0055118517 	0.042395154 	0.92262325
0.0022682133 	0.0092394729 	0.041369205 	0.92293738
0.0023124189 	0.012717028 	0.040578662 	0.92386652
0.0023560139 	0.015871127 	0.039923491 	0.9253618
0.0023990069 	0.018645519 	0.039298024 	0.92738234
0.0024414062 	0.020996302 	0.038590592 	0.92982418
0.0024832199 	0.022985955 	0.037695167 	0.93241159
0.0025244562 	0.024781427 	0.036538714 	0.93468929
0.002565123 	0.026558151 	0.035045274 	0.93614048
0.0026052281 	0.028404008 	0.033061717 	0.93641433
0.0026447794 	0.030253509 	0.03036605 	0.93554602
0.0026837845 	0.031884863 	0.026832347 	0.93396221
0.0027222509 	0.033063484 	0.022586256 	0.93223533
0.0027601861 	0.033660416 	0.017966522 	0.93062475
0.0027975974 	0.033737035 	0.013322321 	0.92889782
0.002834492 	0.033485096 	0.0088373687 	0.92658528
0.0028708772 	0.033009373 	0.0045611191 	0.92343992
0.0029067598 	0.032226743 	0.00055113035 	0.91966716
0.0029421469 	0.030977592 	-0.0030353066 	0.91581498
0.0029770452 	0.029105292 	-0.0059779343 	0.91243418
0.0030114616 	0.026582843 	-0.0081112807 	0.90984011
0.0030454028 	0.02353783 	-0.009380252 	0.90801507
0.0030788752 	0.020179853 	-0.0098350504 	0.9066578
0.0031118853 	0.016783225 	-0.0095928409 	0.90533315
0.0031444395 	0.013613235 	-0.0087906052 	0.90358672
0.0031765442 	0.010861975 	-0.0075690955 	0.9010392
0.0032082055 	0.0086666196 	-0.0060454741 	0.89744663
0.0032394295 	0.0070825753 	-0.004310715 	0.89272763
0.0032702223 	0.0060943995 	-0.0024403094 	0.88694876
0.0033005899 	0.0056508793 	-0.00050233356 	0.8803001
0.0033305381 	0.005659804 	0.0014379467 	0.87304196
0.0033600727 	0.0060331706 	0.0032983942 	0.86548518
0.0033891994 	0.0066845875 	0.0050003223 	0.85797798
0.0034179239 	0.0075056492 	0.0064627605 	0.85086715
0.0034462517 	0.0084158241 	0.007615181 	0.84441737
0.0034741882 	0.0093830271 	0.0083863742 	0.83859836
0.003501739 	0.010408883 	0.0086272552 	0.83283283
0.0035289093 	0.011487294 	0.0079721356 	0.82602325
0.0035557043 	0.012409493 	0.0057878212 	0.81728784
0.0035821293 	0.012611317 	0.0014649868 	0.80695774
0.0036081894 	0.01140765 	-0.00482126 	0.79627179
0.0036338895 	0.0086026878 	-0.011423726 	0.78463859
0.0036592348 	0.0050272445 	-0.015579874 	0.76665262
0.00368423 	0.0022721403 	-0.015126661 	0.7332035
0.00370888 	0.001639513 	-0.01024306 	0.67758876
0.0037331896 	0.0032137312 	-0.0034410677 	0.6014956
0.0037571635 	0.0059207282 	0.0022558524 	0.51501706
0.0037808063 	0.0083767063 	0.0051956925 	0.43063532
0.0038041226 	0.0096997702 	0.0055167496 	0.35684653
0.0038271169 	0.0097289991 	0.0043106444 	0.29602668
0.0038497936 	0.008762369 	0.0026644601 	0.24617507
0.0038721572 	0.00722102 	0.0012280761 	0.20367714
0.0038942119 	0.0054567837 	0.00023298194 	0.16518358
0.003915962 	0.0037063272 	-0.00032732281 	0.12833363
0.0039374118 	0.0021289618 	-0.00053784458 	0.091790258
0.0039585653 	0.00087575719 	-0.00047489431 	0.055046099
0.0039794267 	0.00011138837 	-0.00019297073 	0.01823042
0.004 	7.0244925e-05 	-0.0043255421 	0.024799316
