0 	0.0035178336 	-0.025714463 	1.0153442
5.5555625e-05 	-0.0093248921 	-0.027762912 	1.0174979
0.00011111111 	-0.014366394 	-0.029789551 	1.0192277
0.00016666667 	-0.018082185 	-0.031960246 	1.0206671
0.00022222222 	-0.021287078 	-0.033593846 	1.021994
0.00027777778 	-0.024033562 	-0.034414251 	1.0233857
0.00033333333 	-0.026238172 	-0.034440127 	1.0250042
0.00038888889 	-0.027816807 	-0.033867963 	1.0269855
0.00044444444 	-0.028711629 	-0.032953642 	1.0294131
0.0005 	-0.028898583 	-0.031913815 	1.0322869
0.00055555556 	-0.028397029 	-0.030875056 	1.035495
0.00061111111 	-0.02727398 	-0.029878379 	1.0388056
0.00066666667 	-0.025624304 	-0.028931491 	1.0418913
0.00072222222 	-0.023534393 	-0.028069238 	1.0443963
0.00077777778 	-0.021053568 	-0.027366334 	1.0460342
0.00083333333 	-0.018172112 	-0.026898872 	1.0466661
0.00088888889 	-0.014844563 	-0.026685645 	1.0463367
0.00094444444 	-0.011041084 	-0.026635516 	1.0452536
0.001 	-0.006388902 	-0.026550045 	1.0436283
0.0010617199 	-0.00084764844 	-0.026196602 	1.0418177
0.0011225874 	0.005162562 	-0.02532497 	1.0403855
0.0011826143 	0.011499909 	-0.023926182 	1.0395657
0.0012418122 	0.017811917 	-0.022111358 	1.039391
0.0013001926 	0.023691048 	-0.020080289 	1.0396871
0.0013577668 	0.028739056 	-0.018032901 	1.0401224
0.0014145458 	0.032681655 	-0.016094841 	1.040364
0.0014705407 	0.035463221 	-0.014298333 	1.040169
0.0015257623 	0.037207197 	-0.012632026 	1.0395116
0.0015802213 	0.038025593 	-0.011021194 	1.0384953
0.0016339282 	0.038102502 	-0.0094625078 	1.0372703
0.0016868934 	0.037680467 	-0.0079368211 	1.0359975
0.0017391271 	0.036948757 	-0.0064117156 	1.0347533
0.0017906395 	0.036117944 	-0.0048312007 	1.0335501
0.0018414404 	0.035364292 	-0.003159706 	1.0323417
0.0018915398 	0.034792737 	-0.0014129448 	1.0310421
0.0019409473 	0.034464929 	0.00030755082 	1.0295622
0.0019896725 	0.034376847 	0.0018854699 	1.0278094
0.0020377248 	0.034467001 	0.0031949504 	1.0256853
0.0020851134 	0.034646239 	0.0041624303 	1.0230509
0.0021318476 	0.034816605 	0.0047435132 	1.0197146
0.0021779364 	0.03489134 	0.0049024231 	1.0154695
0.0022233887 	0.03479145 	0.0045859908 	1.0101656
0.0022682133 	0.034453026 	0.0037337642 	1.0037713
0.0023124189 	0.033835274 	0.0022739079 	0.99638226
0.0023560139 	0.032911535 	0.00014596355 	0.98820071
0.0023990069 	0.031646079 	-0.0026153928 	0.97950959
0.0024414062 	0.029978105 	-0.0058209011 	0.97068629
0.0024832199 	0.027853489 	-0.0091160381 	0.96220625
0.0025244562 	0.025247677 	-0.012061332 	0.95459218
0.002565123 	0.022187057 	-0.014268804 	0.94826672
0.0026052281 	0.018781053 	-0.015510852 	0.9433756
0.0026447794 	0.015198123 	-0.015750768 	0.93968832
0.0026837845 	0.011620039 	-0.015044309 	0.93665496
0.0027222509 	0.0082357409 	-0.013436259 	0.9335994
0.0027601861 	0.0051664653 	-0.010922289 	0.92994912
0.0027975974 	0.0024811276 	-0.0074618256 	0.92538818
0.002834492 	0.00021736554 	-0.003004018 	0.91989849
0.0028708772 	-0.0016860004 	0.0024796415 	0.91369898
0.0029067598 	-0.003288444 	0.0089634935 	0.9071291
0.0029421469 	-0.0045993735 	0.016334016 	0.9005242
0.0029770452 	-0.0056035947 	0.024407274 	0.89413217
0.0030114616 	-0.0062625529 	0.032918515 	0.88807696
0.0030454028 	-0.006525648 	0.041533374 	0.88238356
0.0030788752 	-0.0063498425 	0.049853861 	0.87703016
0.0031118853 	-0.0057329039 	0.057443039 	0.87203327
0.0031444395 	-0.0047150282 	0.06387646 	0.86750498
0.0031765442 	-0.0033746587 	0.068797344 	0.86364443
0.0032082055 	-0.0018107704 	0.071988415 	0.8606575
0.0032394295 	-0.00010436934 	0.07340853 	0.85863476
0.0032702223 	0.0017121099 	0.073185667 	0.85744384
0.0033005899 	0.0036679103 	0.071561276 	0.85669641
0.0033305381 	0.0058249548 	0.068819308 	0.85580928
0.0033600727 	0.0082346867 	0.065230381 	0.85411139
0.0033891994 	0.010912143 	0.061020414 	0.85099037
0.0034179239 	0.013785475 	0.056364335 	0.84599484
0.0034462517 	0.016709315 	0.05138968 	0.83889274
0.0034741882 	0.019496999 	0.046180306 	0.82968791
0.003501739 	0.021934912 	0.040782747 	0.818564
0.0035289093 	0.023821615 	0.035209609 	0.80581352
0.0035557043 	0.024985924 	0.029457801 	0.7917394
0.0035821293 	0.025296652 	0.023542805 	0.77655074
0.0036081894 	0.024675547 	0.017553473 	0.76026085
0.0036338895 	0.023105939 	0.011673583 	0.74265332
0.0036592348 	0.020645474 	0.0061097001 	0.72327516
0.00368423 	0.017445946 	0.00089079743 	0.70146118
0.00370888 	0.01371998 	-0.004353754 	0.6761446
0.0037331896 	0.0098161892 	-0.01028903 	0.64554979
0.0037571635 	0.0061491895 	-0.01734394 	0.60716956
0.0037808063 	0.0030869463 	-0.025104359 	0.55849371
0.0038041226 	0.00092360629 	-0.032296988 	0.49866326
0.0038271169 	-0.00027148728 	-0.037469503 	0.42998532
0.0038497936 	-0.00069525849 	-0.039757335 	0.35761631
0.0038721572 	-0.00068397519 	-0.039105518 	0.2872647
0.0038942119 	-0.00052512632 	-0.035962996 	0.22274286
0.003915962 	-0.00036711065 	-0.030873143 	0.16511969
0.0039374118 	-0.00024842036 	-0.024217811 	0.11340561
0.0039585653 	-0.00015240027 	-0.016088179 	0.065839706
0.0039794267 	-4.8449536e-05 	-0.006189395 	0.021114858
0.004 	-4.8449536e-05 	-0.006189395 	0.021114858
