0 	-0.0068219495 	0.013272956 	1.0401928
2.0100503e-05 	-0.0086600346 	-0.0089532628 	1.0455185
4.0201005e-05 	-0.0086600346 	-0.0089532628 	1.0455185
6.0301508e-05 	9.0295296e-05 	-0.014148893 	1.0482749
8.040201e-05 	9.0295296e-05 	-0.014148893 	1.0482749
0.00010050251 	9.0295296e-05 	-0.014148893 	1.0482749
0.00012060302 	0.0048733912 	-0.017687396 	1.0488006
0.00014070352 	0.0048733912 	-0.017687396 	1.0488006
0.00016080402 	0.0048733912 	-0.017687396 	1.0488006
0.00018090452 	0.0080506032 	-0.021930213 	1.0478531
0.00020100503 	0.0080506032 	-0.021930213 	1.0478531
0.00022110553 	0.0080506032 	-0.021930213 	1.0478531
0.00024120603 	0.010038358 	-0.026234929 	1.0464393
0.00026130653 	0.010038358 	-0.026234929 	1.0464393
0.00028140704 	0.010912586 	-0.029695647 	1.0455184
0.00030150754 	0.010912586 	-0.029695647 	1.0455184
0.00032160804 	0.010912586 	-0.029695647 	1.0455184
0.00034170854 	0.010712186 	-0.031519709 	1.0456497
0.00036180905 	0.010712186 	-0.031519709 	1.0456497
0.00038190955 	0.010712186 	-0.031519709 	1.0456497
0.00040201005 	0.009512232 	-0.031258704 	1.0468212
0.00042211055 	0.009512232 	-0.031258704 	1.0468212
0.00044221106 	0.009512232 	-0.031258704 	1.0468212
0.00046231156 	0.0074601998 	-0.028906604 	1.0485469
0.00048241206 	0.0074601998 	-0.028906604 	1.0485469
0.00050251256 	0.0047585722 	-0.024770918 	1.0500576
0.00052261307 	0.0047585722 	-0.024770918 	1.0500576
0.00054271357 	0.0047585722 	-0.024770918 	1.0500576
0.00056281407 	0.0015460512 	-0.019173458 	1.0504106
0.00058291457 	0.0015460512 	-0.019173458 	1.0504106
0.00060301508 	0.0015460512 	-0.019173458 	1.0504106
0.00062311558 	-0.0022600314 	-0.01221475 	1.0485345
0.00064321608 	-0.0022600314 	-0.01221475 	1.0485345
0.00066331658 	-0.0022600314 	-0.01221475 	1.0485345
0.00068341709 	-0.0069802988 	-0.0039176347 	1.0433571
0.00070351759 	-0.0069802988 	-0.0039176347 	1.0433571
0.00072361809 	-0.01294502 	0.005207523 	1.0341511
0.00074371859 	-0.01294502 	0.005207523 	1.0341511
0.0007638191 	-0.01294502 	0.005207523 	1.0341511
0.0007839196 	-0.020178155 	0.013627446 	1.0210785
0.0008040201 	-0.020178155 	0.013627446 	1.0210785
0.0008241206 	-0.020178155 	0.013627446 	1.0210785
0.00084422111 	-0.028304944 	0.019168368 	1.0055564
0.00086432161 	-0.028304944 	0.019168368 	1.0055564
0.00088442211 	-0.028304944 	0.019168368 	1.0055564
0.00090452261 	-0.036924085 	0.020625031 	0.98999411
0.00092462312 	-0.036924085 	0.020625031 	0.98999411
0.00094472362 	-0.045833276 	0.018938993 	0.97680953
0.00096482412 	-0.045833276 	0.018938993 	0.97680953
0.00098492462 	-0.045833276 	0.018938993 	0.97680953
0.0010050251 	-0.053032352 	0.012933622 	0.96712157
0.0010251256 	-0.053032352 	0.012933622 	0.96712157
0.0010452261 	-0.053032352 	0.012933622 	0.96712157
0.0010653266 	-0.061669742 	0.0097683088 	0.95904833
0.0010854271 	-0.061669742 	0.0097683088 	0.95904833
0.0011055276 	-0.061669742 	0.0097683088 	0.95904833
0.0011256281 	-0.068333323 	0.007145277 	0.95427767
0.0011457286 	-0.068333323 	0.007145277 	0.95427767
0.0011658291 	-0.068333323 	0.007145277 	0.95427767
0.0011859296 	-0.072438323 	0.0044290345 	0.9510971
0.0012060302 	-0.072438323 	0.0044290345 	0.9510971
0.0012261307 	-0.072438323 	0.0044290345 	0.9510971
0.0012462312 	-0.07421392 	0.0020124285 	0.94844976
0.0012663317 	-0.07421392 	0.0020124285 	0.94844976
0.0012864322 	-0.07421392 	0.0020124285 	0.94844976
0.0013065327 	-0.074212916 	0.00060148868 	0.94595637
0.0013266332 	-0.074212916 	0.00060148868 	0.94595637
0.0013467337 	-0.074212916 	0.00060148868 	0.94595637
0.0013668342 	-0.076342542 	-0.0027202262 	0.94586322
0.0013869347 	-0.073149392 	0.000505259 	0.9436261
0.0014070352 	-0.073149392 	0.000505259 	0.9436261
0.0014271357 	-0.071526909 	0.0014283671 	0.94159785
0.0014472362 	-0.071526909 	0.0014283671 	0.94159785
0.0014673367 	-0.071526909 	0.0014283671 	0.94159785
0.0014874372 	-0.069599862 	0.0028173759 	0.94002272
0.0015075377 	-0.069599862 	0.0028173759 	0.94002272
0.0015276382 	-0.067500662 	0.0041380598 	0.93902135
0.0015477387 	-0.067500662 	0.0041380598 	0.93902135
0.0015678392 	-0.067500662 	0.0041380598 	0.93902135
0.0015879397 	-0.065273858 	0.0050702082 	0.93863278
0.0016080402 	-0.065273858 	0.0050702082 	0.93863278
0.0016281407 	-0.065273858 	0.0050702082 	0.93863278
0.0016482412 	-0.062888494 	0.0054220993 	0.93875796
0.0016683417 	-0.062888494 	0.0054220993 	0.93875796
0.0016884422 	-0.060326551 	0.0051548816 	0.93921917
0.0017085427 	-0.060326551 	0.0051548816 	0.93921917
0.0017286432 	-0.060326551 	0.0051548816 	0.93921917
0.0017487437 	-0.057616997 	0.0043288273 	0.93978792
0.0017688442 	-0.057616997 	0.0043288273 	0.93978792
0.0017889447 	-0.057616997 	0.0043288273 	0.93978792
0.0018090452 	-0.054860803 	0.0030777473 	0.94022533
0.0018291457 	-0.054860803 	0.0030777473 	0.94022533
0.0018492462 	-0.05221768 	0.0016014897 	0.94030004
0.0018693467 	-0.05221768 	0.0016014897 	0.94030004
0.0018894472 	-0.05221768 	0.0016014897 	0.94030004
0.0019095477 	-0.049863211 	0.00015884923 	0.9397854
0.0019296482 	-0.049863211 	0.00015884923 	0.9397854
0.0019497487 	-0.047940757 	-0.00094350778 	0.9384888
0.0019698492 	-0.047940757 	-0.00094350778 	0.9384888
0.0019899497 	-0.047940757 	-0.00094350778 	0.9384888
0.0020100503 	-0.046515512 	-0.0013649295 	0.93627897
0.0020301508 	-0.046515512 	-0.0013649295 	0.93627897
0.0020502513 	-0.045515339 	-0.00077913913 	0.93310841
0.0020703518 	-0.045515339 	-0.00077913913 	0.93310841
0.0020904523 	-0.044733192 	0.0010844193 	0.92903072
0.0021105528 	-0.044733192 	0.0010844193 	0.92903072
0.0021306533 	-0.044733192 	0.0010844193 	0.92903072
0.0021507538 	-0.043903549 	0.0043649465 	0.92418428
0.0021708543 	-0.043903549 	0.0043649465 	0.92418428
0.0021909548 	-0.042736288 	0.0090131217 	0.91876374
0.0022110553 	-0.042736288 	0.0090131217 	0.91876374
0.0022311558 	-0.040981974 	0.014751131 	0.91298277
0.0022512563 	-0.040981974 	0.014751131 	0.91298277
0.0022713568 	-0.038548829 	0.021076462 	0.90705069
0.0022914573 	-0.038548829 	0.021076462 	0.90705069
0.0023115578 	-0.038548829 	0.021076462 	0.90705069
0.0023316583 	-0.03552277 	0.027335456 	0.90114935
0.0023517588 	-0.03552277 	0.027335456 	0.90114935
0.0023718593 	-0.032122811 	0.032858045 	0.8954416
0.0023919598 	-0.032122811 	0.032858045 	0.8954416
0.0024120603 	-0.02860443 	0.037074489 	0.89005962
0.0024321608 	-0.02860443 	0.037074489 	0.89005962
0.0024522613 	-0.02516668 	0.039597378 	0.88509842
0.0024723618 	-0.02516668 	0.039597378 	0.88509842
0.0024924623 	-0.021921704 	0.04023019 	0.88060521
0.0025125628 	-0.021921704 	0.04023019 	0.88060521
0.0025326633 	-0.01891215 	0.03897843 	0.87658324
0.0025527638 	-0.01891215 	0.03897843 	0.87658324
0.0025728643 	-0.016146441 	0.036035842 	0.87300933
0.0025929648 	-0.016146441 	0.036035842 	0.87300933
0.0026130653 	-0.013632192 	0.031751565 	0.86986384
0.0026331658 	-0.013632192 	0.031751565 	0.86986384
0.0026532663 	-0.011397433 	0.02658619 	0.86716215
0.0026733668 	-0.011397433 	0.02658619 	0.86716215
0.0026934673 	-0.0094835366 	0.021045331 	0.86496562
0.0027135678 	-0.0094835366 	0.021045331 	0.86496562
0.0027336683 	-0.0079165218 	0.015616757 	0.86336149
0.0027537688 	-0.0079165218 	0.015616757 	0.86336149
0.0027738693 	-0.0066992199 	0.010700696 	0.86242475
0.0027939698 	-0.0066992199 	0.010700696 	0.86242475
0.0028140704 	-0.0057842607 	0.0065709284 	0.86218476
0.0028341709 	-0.0057842607 	0.0065709284 	0.86218476
0.0028542714 	-0.0050654426 	0.0033566992 	0.86260135
0.0028743719 	-0.0043988703 	0.0010503838 	0.86357027
0.0028944724 	-0.0043988703 	0.0010503838 	0.86357027
0.0029145729 	-0.0036549857 	-0.00045099498 	0.8649642
0.0029346734 	-0.0036549857 	-0.00045099498 	0.8649642
0.0029547739 	-0.0027277563 	-0.0013038077 	0.86665427
0.0029748744 	-0.0027277563 	-0.0013038077 	0.86665427
0.0029949749 	-0.0015171809 	-0.0016776898 	0.86854285
0.0030150754 	1.8830744e-05 	-0.0017271907 	0.87057361
0.0030351759 	1.8830744e-05 	-0.0017271907 	0.87057361
0.0030552764 	0.0018615137 	-0.0015895059 	0.87273142
0.0030753769 	0.0018615137 	-0.0015895059 	0.87273142
0.0030954774 	0.0039474053 	-0.0013786868 	0.87502671
0.0031155779 	0.0061700341 	-0.0011866158 	0.87746919
0.0031356784 	0.0061700341 	-0.0011866158 	0.87746919
0.0031557789 	0.008404898 	-0.0010835543 	0.88004388
0.0031758794 	0.008404898 	-0.0010835543 	0.88004388
0.0031959799 	0.010519652 	-0.0011171189 	0.88269863
0.0032160804 	0.012393149 	-0.0013149928 	0.88534131
0.0032361809 	0.012393149 	-0.0013149928 	0.88534131
0.0032562814 	0.013919568 	-0.001689773 	0.887854
0.0032763819 	0.015013793 	-0.0022474577 	0.89010725
0.0032964824 	0.015013793 	-0.0022474577 	0.89010725
0.0033165829 	0.015631569 	-0.0029874503 	0.89198456
0.0033366834 	0.015759688 	-0.0039041299 	0.89338876
0.0033567839 	0.015759688 	-0.0039041299 	0.89338876
0.0033768844 	0.015417705 	-0.0049866559 	0.89423032
0.0033969849 	0.014658664 	-0.0062175946 	0.89439462
0.0034170854 	0.014658664 	-0.0062175946 	0.89439462
0.0034371859 	0.013585673 	-0.0075733885 	0.89369326
0.0034572864 	0.012324725 	-0.0090229638 	0.89180931
0.0034773869 	0.010989941 	-0.010514021 	0.88826555
0.0034974874 	0.010989941 	-0.010514021 	0.88826555
0.0035175879 	0.0096885147 	-0.011961914 	0.8824381
0.0035376884 	0.0085028349 	-0.01324356 	0.87362054
0.0035577889 	0.0074798945 	-0.014207105 	0.8611261
0.0035778894 	0.0074798945 	-0.014207105 	0.8611261
0.0035979899 	0.0066326463 	-0.014702625 	0.84439487
0.0036180905 	0.0059479351 	-0.014624722 	0.82307189
0.003638191 	0.0053950904 	-0.013944796 	0.79701805
0.0036582915 	0.0053950904 	-0.013944796 	0.79701805
0.003678392 	0.0049323923 	-0.012717078 	0.76622765
0.0036984925 	0.0045156055 	-0.011064333 	0.73066999
0.003718593 	0.0041116434 	-0.0091662416 	0.6901496
0.0037386935 	0.0037103271 	-0.0072622266 	0.64433658
0.003758794 	0.0033210301 	-0.0056479674 	0.59305269
0.0037788945 	0.0033210301 	-0.0056479674 	0.59305269
0.003798995 	0.0029526698 	-0.0046140485 	0.53668567
0.0038190955 	0.0025960422 	-0.0043163723 	0.47641149
0.003839196 	0.0022275339 	-0.0046605975 	0.41400034
0.0038592965 	0.0018289261 	-0.0053086347 	0.35133654
0.003879397 	0.0014038167 	-0.005827055 	0.2899877
0.0038994975 	0.00097861643 	-0.0058728155 	0.2310146
0.003919598 	0.00059238437 	-0.0053049636 	0.174976
0.0039396985 	0.00028457566 	-0.0041787196 	0.12199471
0.003959799 	8.3834072e-05 	-0.0026624908 	0.071794755
0.0039798995 	1.0061908e-06 	-0.00093325922 	0.023692474
0.004 	1.0061908e-06 	-0.00093325922 	0.023692474
