0 	0.0076108413 	0.019308232 	1.0342948
5.5555556e-05 	0.0090869088 	-0.0063367267 	1.0402672
0.00011111111 	0.0065240146 	-0.0025344365 	1.0414244
0.00016666667 	0.0051743839 	0.0014396685 	1.0420663
0.00022222222 	0.0045887252 	0.0050898804 	1.0423917
0.00027777778 	0.0049928742 	0.0087131993 	1.0421839
0.00033333333 	0.0069313855 	0.013023454 	1.0408553
0.00038888889 	0.011148475 	0.018758017 	1.0375629
0.00044444444 	0.01812606 	0.026125596 	1.0315464
0.0005 	0.027437175 	0.034519898 	1.0225541
0.00055555556 	0.037680486 	0.042756451 	1.011098
0.00061111111 	0.046980703 	0.049622381 	0.99831482
0.00066666667 	0.053603468 	0.054214978 	0.98563564
0.00072222222 	0.056435711 	0.056066402 	0.97445478
0.00077777778 	0.055150854 	0.055123127 	0.9658488
0.00083333333 	0.050213395 	0.051764211 	0.96041365
0.00088888889 	0.042385267 	0.046704396 	0.95820298
0.00094444444 	0.032793619 	0.040952313 	0.95881749
0.001 	0.020984339 	0.034876256 	0.96166287
0.0010617224 	0.0076005784 	0.028946832 	0.96608688
0.0011225923 	-0.0067633058 	0.023173129 	0.97069608
0.0011826215 	-0.022376459 	0.016256631 	0.97357925
0.0012418217 	-0.039530456 	0.0073293202 	0.97198375
0.0013002041 	-0.057914261 	-0.0028036897 	0.96302544
0.0013577803 	-0.076241381 	-0.011443534 	0.94599649
0.0014145612 	-0.092395219 	-0.015617251 	0.92511783
0.0014705579 	-0.10519871 	-0.014605963 	0.90859052
0.0015257812 	-0.11545071 	-0.010699789 	0.90167571
0.0015802418 	-0.12421437 	-0.0063050804 	0.90196326
0.0016339502 	-0.13132802 	-0.0018074737 	0.90422435
0.0016869168 	-0.13612685 	0.0032137644 	0.9063812
0.0017391518 	-0.13821971 	0.0086998845 	0.90865351
0.0017906654 	-0.1373926 	0.014405631 	0.91113431
0.0018414676 	-0.13359574 	0.020041905 	0.91389005
0.0018915681 	-0.12721071 	0.024962556 	0.91715963
0.0019409766 	-0.11901085 	0.028250243 	0.92099713
0.0019897027 	-0.10980619 	0.029245893 	0.92502229
0.0020377558 	-0.1003934 	0.02799381 	0.92847361
0.0020851453 	-0.091441791 	0.025294234 	0.93049292
0.0021318802 	-0.083374048 	0.022120243 	0.93030391
0.0021779697 	-0.076474788 	0.019042876 	0.92731964
0.0022234225 	-0.071058061 	0.016506624 	0.92116895
0.0022682477 	-0.067101019 	0.014848836 	0.91212288
0.0023124537 	-0.06406359 	0.014326596 	0.9012128
0.0023560491 	-0.061197606 	0.014878825 	0.88998397
0.0023990425 	-0.058104997 	0.016191831 	0.87947788
0.002441442 	-0.054674347 	0.017876016 	0.86997848
0.002483256 	-0.050980617 	0.019749426 	0.86114494
0.0025244924 	-0.04713848 	0.021766406 	0.85268293
0.0025651593 	-0.04320977 	0.023936773 	0.84445223
0.0026052645 	-0.039308929 	0.026266409 	0.83635269
0.0026448158 	-0.035537476 	0.028774736 	0.82832286
0.0026838209 	-0.031954018 	0.031477236 	0.82028389
0.0027222872 	-0.028601768 	0.034377998 	0.81213808
0.0027602223 	-0.025478923 	0.037455583 	0.80378491
0.0027976334 	-0.022552743 	0.040655823 	0.79508031
0.0028345278 	-0.019780594 	0.043884556 	0.78584892
0.0028709126 	-0.017132566 	0.047011317 	0.77590717
0.002906795 	-0.014614646 	0.049865529 	0.76511433
0.0029421817 	-0.01227952 	0.052240592 	0.75344943
0.0029770797 	-0.010228409 	0.053895688 	0.74110783
0.0030114957 	-0.0085980251 	0.054576381 	0.72855925
0.0030454363 	-0.0075399363 	0.054060359 	0.71650492
0.0030789082 	-0.0071869903 	0.052200068 	0.70571294
0.0031119178 	-0.0076149467 	0.048969447 	0.69678624
0.0031444715 	-0.0088148593 	0.04445422 	0.6899687
0.0031765755 	-0.010686928 	0.038822758 	0.68507657
0.0032082362 	-0.013062338 	0.032293971 	0.68156632
0.0032394596 	-0.015736025 	0.025118955 	0.6786972
0.0032702517 	-0.018504323 	0.017570419 	0.6757225
0.0033006186 	-0.021180942 	0.009934148 	0.67206265
0.003330566 	-0.023613032 	0.0024837406 	0.66739078
0.0033600998 	-0.02567996 	-0.0045447093 	0.66166214
0.0033892257 	-0.027327434 	-0.010958465 	0.65502203
0.0034179494 	-0.028550604 	-0.016643717 	0.64768495
0.0034462763 	-0.029339186 	-0.021558268 	0.63986196
0.003474212 	-0.029685567 	-0.025705952 	0.63166538
0.0035017619 	-0.029583763 	-0.029112424 	0.6230783
0.0035289312 	-0.02902934 	-0.031800495 	0.61396323
0.0035557253 	-0.028026641 	-0.03377606 	0.60409346
0.0035821494 	-0.026595351 	-0.035026816 	0.59319026
0.0036082084 	-0.0247743 	-0.03552984 	0.58095387
0.0036339076 	-0.022622438 	-0.035263477 	0.56708467
0.0036592518 	-0.020217674 	-0.034221717 	0.55129518
0.003684246 	-0.017653409 	-0.03242978 	0.53331521
0.003708895 	-0.015033248 	-0.029959171 	0.51289212
0.0037332035 	-0.012464205 	-0.026938343 	0.48978828
0.0037571763 	-0.010048422 	-0.023553099 	0.46377844
0.003780818 	-0.0078732195 	-0.020029978 	0.43465018
0.0038041332 	-0.0060000752 	-0.016599465 	0.4022116
0.0038271264 	-0.0044554128 	-0.013445936 	0.36631122
0.0038498019 	-0.0032276229 	-0.010663149 	0.32687179
0.0038721643 	-0.0022741494 	-0.0082387628 	0.28393048
0.0038942179 	-0.0015371423 	-0.0060809819 	0.23766928
0.0039159668 	-0.0009626414 	-0.0040821155 	0.18842312
0.0039374154 	-0.00051712006 	-0.0022047958 	0.13666557
0.0039585677 	-0.00019583625 	-0.00058516557 	0.082978423
0.0039794279 	-1.9391272e-05 	0.00033759281 	0.028001317
0.004 	-1.9391272e-05 	0.00033759281 	0.028001317
