0 	-0.029632659 	0.039708085 	0.96053167
5.5555625e-05 	-0.0068781955 	0.052677355 	0.96292987
0.00011111111 	0.0022183261 	0.057014938 	0.9659533
0.00016666667 	0.008531742 	0.060700877 	0.96938806
0.00022222222 	0.014374284 	0.063931192 	0.97310279
0.00027777778 	0.020318287 	0.066329972 	0.97710601
0.00033333333 	0.026258346 	0.067737186 	0.98146332
0.00038888889 	0.031819936 	0.068297163 	0.98619371
0.00044444444 	0.036691355 	0.068289529 	0.99121487
0.0005 	0.040711748 	0.067936828 	0.9963662
0.00055555556 	0.043830183 	0.067414635 	1.0014341
0.00061111111 	0.04603612 	0.066936299 	1.0061808
0.00066666667 	0.047348188 	0.066628725 	1.0103992
0.00072222222 	0.047863573 	0.066253139 	1.0139487
0.00077777778 	0.04786593 	0.065012213 	1.0167233
0.00083333333 	0.047732944 	0.061686904 	1.0186627
0.00088888889 	0.047914907 	0.055161585 	1.0199097
0.00094444444 	0.048336719 	0.044848554 	1.0210005
0.001 	0.048792663 	0.030664106 	1.0224914
0.0010617199 	0.048479142 	0.014457553 	1.0250024
0.0011225874 	0.046456667 	0.00012704916 	1.0282345
0.0011826143 	0.041956831 	-0.010078079 	1.0318052
0.0012418122 	0.03480167 	-0.015967937 	1.0356022
0.0013001926 	0.02527516 	-0.01870944 	1.039681
0.0013577668 	0.014031124 	-0.019725737 	1.043492
0.0014145458 	0.0023776159 	-0.019664569 	1.0444922
0.0014705407 	-0.0081508665 	-0.017951952 	1.0393042
0.0015257623 	-0.016789554 	-0.013791474 	1.026013
0.0015802213 	-0.023668469 	-0.0068261228 	1.0051895
0.0016339282 	-0.029868755 	0.0034052958 	0.97945365
0.0016868934 	-0.036435622 	0.01731609 	0.95144936
0.0017391271 	-0.043412056 	0.03455779 	0.92183012
0.0017906395 	-0.050083282 	0.052927661 	0.89002513
0.0018414404 	-0.055662826 	0.06796725 	0.8578476
0.0018915398 	-0.059812177 	0.075609308 	0.83025837
0.0019409473 	-0.062562966 	0.076096812 	0.8107695
0.0019896725 	-0.063636733 	0.073466361 	0.79849893
0.0020377248 	-0.06230074 	0.0710606 	0.79122579
0.0020851134 	-0.058422405 	0.069686239 	0.78851637
0.0021318476 	-0.052847536 	0.069193062 	0.79014315
0.0021779364 	-0.046540372 	0.069545136 	0.79387578
0.0022233887 	-0.040055854 	0.070683473 	0.79679927
0.0022682133 	-0.033753502 	0.072209958 	0.79774682
0.0023124189 	-0.027969649 	0.07368665 	0.79733302
0.0023560139 	-0.022974335 	0.0749077 	0.79662097
0.0023990069 	-0.019023354 	0.075878821 	0.79634915
0.0024414062 	-0.016323128 	0.07669037 	0.79681461
0.0024832199 	-0.014985795 	0.077410855 	0.79800335
0.0025244562 	-0.014986167 	0.078005492 	0.79972163
0.002565123 	-0.016143347 	0.078287482 	0.80169285
0.0026052281 	-0.018131462 	0.077898081 	0.8036742
0.0026447794 	-0.020529446 	0.0763795 	0.80551039
0.0026837845 	-0.022889237 	0.073347721 	0.80713707
0.0027222509 	-0.024827506 	0.068652973 	0.80848772
0.0027601861 	-0.026089245 	0.062438388 	0.80941974
0.0027975974 	-0.026575426 	0.055076543 	0.80976487
0.002834492 	-0.026335922 	0.047019362 	0.80942092
0.0028708772 	-0.025512869 	0.038704438 	0.80842009
0.0029067598 	-0.024278756 	0.030427849 	0.80695577
0.0029421469 	-0.022817382 	0.022344613 	0.80536149
0.0029770452 	-0.021286508 	0.014445238 	0.80404151
0.0030114616 	-0.019778995 	0.0065828004 	0.80338982
0.0030454028 	-0.018427697 	-0.0014869616 	0.8037537
0.0030788752 	-0.017283484 	-0.0099884254 	0.80538249
0.0031118853 	-0.016261687 	-0.019099167 	0.80837781
0.0031444395 	-0.015289729 	-0.028884133 	0.81265873
0.0031765442 	-0.01429644 	-0.039294885 	0.8179149
0.0032082055 	-0.013232994 	-0.05016585 	0.82364526
0.0032394295 	-0.012062744 	-0.061247141 	0.82924761
0.0032702223 	-0.01075007 	-0.072235331 	0.83412898
0.0033005899 	-0.0092523248 	-0.082799083 	0.83778586
0.0033305381 	-0.0075212092 	-0.092601207 	0.8398354
0.0033600727 	-0.0055231561 	-0.10132858 	0.8400039
0.0033891994 	-0.0032779119 	-0.10873626 	0.83813805
0.0034179239 	-0.00090008384 	-0.1146965 	0.83429251
0.0034462517 	0.0013381441 	-0.11922478 	0.82889768
0.0034741882 	0.0030143279 	-0.12243784 	0.82290391
0.003501739 	0.0036693935 	-0.1244594 	0.81767899
0.0035289093 	0.002890435 	-0.12531874 	0.81446233
0.0035557043 	0.00057569576 	-0.1249436 	0.81343649
0.0035821293 	-0.0028620333 	-0.12329914 	0.81297166
0.0036081894 	-0.0065909782 	-0.12058539 	0.80971397
0.0036338895 	-0.009661324 	-0.11728244 	0.7996961
0.0036592348 	-0.011413881 	-0.1139241 	0.7798062
0.00368423 	-0.011709327 	-0.11067807 	0.74867049
0.00370888 	-0.01087437 	-0.1069914 	0.70655755
0.0037331896 	-0.0094085961 	-0.10158599 	0.65470701
0.0037571635 	-0.0077167339 	-0.092999668 	0.59493244
0.0037808063 	-0.0060227093 	-0.080571655 	0.52973011
0.0038041226 	-0.0044391747 	-0.065154933 	0.46228405
0.0038271169 	-0.0030528296 	-0.048902144 	0.39586042
0.0038497936 	-0.0019279809 	-0.03420991 	0.33294477
0.0038721572 	-0.0010840834 	-0.022707893 	0.27473837
0.0038942119 	-0.00049496451 	-0.014937149 	0.22122485
0.003915962 	-0.00010851725 	-0.010573702 	0.17151524
0.0039374118 	0.00012158753 	-0.0087062648 	0.12412406
0.0039585653 	0.00020000908 	-0.0077535871 	0.077010924
0.0039794267 	8.7097393e-05 	-0.0048761688 	0.027505218
0.004 	8.7097393e-05 	-0.0048761688 	0.027505218
