0 	0.0019417748 	0.0035445695 	1.005156
2.0100503e-05 	0.0040026443 	-0.00097147392 	1.0121468
4.0201005e-05 	0.0040026443 	-0.00097147392 	1.0121468
6.0301508e-05 	0.0040815554 	-0.00011697701 	1.0189997
8.040201e-05 	0.0040815554 	-0.00011697701 	1.0189997
0.00010050251 	0.0040815554 	-0.00011697701 	1.0189997
0.00012060302 	0.0055004916 	0.0029606022 	1.0252241
0.00014070352 	0.0055004916 	0.0029606022 	1.0252241
0.00016080402 	0.0055004916 	0.0029606022 	1.0252241
0.00018090452 	0.0074471044 	0.0064735793 	1.0306119
0.00020100503 	0.0074471044 	0.0064735793 	1.0306119
0.00022110553 	0.0074471044 	0.0064735793 	1.0306119
0.00024120603 	0.0095249584 	0.0096073266 	1.0351202
0.00026130653 	0.0095249584 	0.0096073266 	1.0351202
0.00028140704 	0.011489681 	0.011937398 	1.0388499
0.00030150754 	0.011489681 	0.011937398 	1.0388499
0.00032160804 	0.011489681 	0.011937398 	1.0388499
0.00034170854 	0.013210561 	0.013378655 	1.0420575
0.00036180905 	0.013210561 	0.013378655 	1.0420575
0.00038190955 	0.013210561 	0.013378655 	1.0420575
0.00040201005 	0.014641187 	0.014058609 	1.0450768
0.00042211055 	0.014641187 	0.014058609 	1.0450768
0.00044221106 	0.014641187 	0.014058609 	1.0450768
0.00046231156 	0.015793719 	0.0141861 	1.0481332
0.00048241206 	0.015793719 	0.0141861 	1.0481332
0.00050251256 	0.016711783 	0.013987141 	1.051146
0.00052261307 	0.016711783 	0.013987141 	1.051146
0.00054271357 	0.016711783 	0.013987141 	1.051146
0.00056281407 	0.017471125 	0.01369224 	1.0536478
0.00058291457 	0.017471125 	0.01369224 	1.0536478
0.00060301508 	0.017471125 	0.01369224 	1.0536478
0.00062311558 	0.018188253 	0.013483396 	1.0548979
0.00064321608 	0.018188253 	0.013483396 	1.0548979
0.00066331658 	0.018188253 	0.013483396 	1.0548979
0.00068341709 	0.019009868 	0.013415241 	1.0541229
0.00070351759 	0.019009868 	0.013415241 	1.0541229
0.00072361809 	0.020046275 	0.013444706 	1.0507344
0.00074371859 	0.020046275 	0.013444706 	1.0507344
0.0007638191 	0.020046275 	0.013444706 	1.0507344
0.0007839196 	0.021331552 	0.013634863 	1.0444958
0.0008040201 	0.021331552 	0.013634863 	1.0444958
0.0008241206 	0.021331552 	0.013634863 	1.0444958
0.00084422111 	0.022824326 	0.014242866 	1.0356137
0.00086432161 	0.022824326 	0.014242866 	1.0356137
0.00088442211 	0.022824326 	0.014242866 	1.0356137
0.00090452261 	0.024507401 	0.01556442 	1.0247073
0.00092462312 	0.024507401 	0.01556442 	1.0247073
0.00094472362 	0.026194121 	0.017541409 	1.012707
0.00096482412 	0.026194121 	0.017541409 	1.012707
0.00098492462 	0.026194121 	0.017541409 	1.012707
0.0010050251 	0.027991304 	0.020020502 	0.99963521
0.0010251256 	0.027991304 	0.020020502 	0.99963521
0.0010452261 	0.027991304 	0.020020502 	0.99963521
0.0010653266 	0.029576092 	0.022194003 	0.98720114
0.0010854271 	0.029576092 	0.022194003 	0.98720114
0.0011055276 	0.029576092 	0.022194003 	0.98720114
0.0011256281 	0.030470324 	0.023568165 	0.97740494
0.0011457286 	0.030470324 	0.023568165 	0.97740494
0.0011658291 	0.026513732 	0.023964066 	0.98467805
0.0011859296 	0.025839875 	0.025245163 	0.97870739
0.0012060302 	0.03052308 	0.024106946 	0.97109833
0.0012261307 	0.03052308 	0.024106946 	0.97109833
0.0012462312 	0.029677054 	0.023905487 	0.96841807
0.0012663317 	0.029677054 	0.023905487 	0.96841807
0.0012864322 	0.029677054 	0.023905487 	0.96841807
0.0013065327 	0.028130307 	0.02290886 	0.96882521
0.0013266332 	0.028130307 	0.02290886 	0.96882521
0.0013467337 	0.028130307 	0.02290886 	0.96882521
0.0013668342 	0.02624588 	0.021094087 	0.97145168
0.0013869347 	0.02624588 	0.021094087 	0.97145168
0.0014070352 	0.020921172 	0.02449153 	0.97989729
0.0014271357 	0.019284654 	0.022693561 	0.98433694
0.0014472362 	0.024465968 	0.018628464 	0.97539255
0.0014673367 	0.024465968 	0.018628464 	0.97539255
0.0014874372 	0.023129452 	0.015889782 	0.97983212
0.0015075377 	0.023129452 	0.015889782 	0.97983212
0.0015276382 	0.022327234 	0.013361929 	0.98411429
0.0015477387 	0.022327234 	0.013361929 	0.98411429
0.0015678392 	0.022327234 	0.013361929 	0.98411429
0.0015879397 	0.021972313 	0.011466916 	0.98776683
0.0016080402 	0.021972313 	0.011466916 	0.98776683
0.0016281407 	0.021972313 	0.011466916 	0.98776683
0.0016482412 	0.021945744 	0.010495906 	0.99045466
0.0016683417 	0.021945744 	0.010495906 	0.99045466
0.0016884422 	0.022167319 	0.010591685 	0.99192777
0.0017085427 	0.022167319 	0.010591685 	0.99192777
0.0017286432 	0.022167319 	0.010591685 	0.99192777
0.0017487437 	0.022571193 	0.011928001 	0.99200497
0.0017688442 	0.022571193 	0.011928001 	0.99200497
0.0017889447 	0.022571193 	0.011928001 	0.99200497
0.0018090452 	0.023080688 	0.014664503 	0.99064051
0.0018291457 	0.023080688 	0.014664503 	0.99064051
0.0018492462 	0.023674675 	0.019087449 	0.98801318
0.0018693467 	0.023674675 	0.019087449 	0.98801318
0.0018894472 	0.023674675 	0.019087449 	0.98801318
0.0019095477 	0.024530263 	0.025604738 	0.98445634
0.0019296482 	0.024530263 	0.025604738 	0.98445634
0.0019497487 	0.026117826 	0.034611025 	0.98008639
0.0019698492 	0.026117826 	0.034611025 	0.98008639
0.0019899497 	0.029151519 	0.04611139 	0.97452518
0.0020100503 	0.029151519 	0.04611139 	0.97452518
0.0020301508 	0.029151519 	0.04611139 	0.97452518
0.0020502513 	0.034202984 	0.059264413 	0.96733039
0.0020703518 	0.034202984 	0.059264413 	0.96733039
0.0020904523 	0.041203117 	0.072500022 	0.95879481
0.0021105528 	0.041203117 	0.072500022 	0.95879481
0.0021306533 	0.041203117 	0.072500022 	0.95879481
0.0021507538 	0.049402124 	0.084232245 	0.94985087
0.0021708543 	0.049402124 	0.084232245 	0.94985087
0.0021909548 	0.057840867 	0.093399374 	0.94131499
0.0022110553 	0.057840867 	0.093399374 	0.94131499
0.0022311558 	0.065716975 	0.099347451 	0.93353258
0.0022512563 	0.065716975 	0.099347451 	0.93353258
0.0022713568 	0.072344947 	0.10164651 	0.92657049
0.0022914573 	0.072344947 	0.10164651 	0.92657049
0.0023115578 	0.072344947 	0.10164651 	0.92657049
0.0023316583 	0.077261569 	0.099997259 	0.92045597
0.0023517588 	0.077261569 	0.099997259 	0.92045597
0.0023718593 	0.08020334 	0.094298945 	0.91519121
0.0023919598 	0.08020334 	0.094298945 	0.91519121
0.0024120603 	0.081126778 	0.084780518 	0.91074312
0.0024321608 	0.081126778 	0.084780518 	0.91074312
0.0024522613 	0.080243523 	0.071940353 	0.90696748
0.0024723618 	0.080243523 	0.071940353 	0.90696748
0.0024924623 	0.077963496 	0.056382148 	0.90362337
0.0025125628 	0.077963496 	0.056382148 	0.90362337
0.0025326633 	0.074693948 	0.038566665 	0.90043038
0.0025527638 	0.074693948 	0.038566665 	0.90043038
0.0025728643 	0.071020468 	0.018913183 	0.89714477
0.0025929648 	0.071020468 	0.018913183 	0.89714477
0.0026130653 	0.067283782 	-0.0020705359 	0.89367427
0.0026331658 	0.067283782 	-0.0020705359 	0.89367427
0.0026532663 	0.063793852 	-0.023625129 	0.89001164
0.0026733668 	0.063793852 	-0.023625129 	0.89001164
0.0026934673 	0.060905906 	-0.044659309 	0.88617248
0.0027135678 	0.060905906 	-0.044659309 	0.88617248
0.0027336683 	0.058635235 	-0.064187146 	0.88224368
0.0027537688 	0.058635235 	-0.064187146 	0.88224368
0.0027738693 	0.056821632 	-0.081496878 	0.87847206
0.0027939698 	0.056821632 	-0.081496878 	0.87847206
0.0028140704 	0.055185128 	-0.09594479 	0.8754489
0.0028341709 	0.055185128 	-0.09594479 	0.8754489
0.0028542714 	0.053408423 	-0.10674994 	0.87404505
0.0028743719 	0.05120874 	-0.11312021 	0.87517679
0.0028944724 	0.05120874 	-0.11312021 	0.87517679
0.0029145729 	0.048392044 	-0.11478756 	0.87949544
0.0029346734 	0.048392044 	-0.11478756 	0.87949544
0.0029547739 	0.044783409 	-0.11250771 	0.88717429
0.0029748744 	0.044783409 	-0.11250771 	0.88717429
0.0029949749 	0.040201891 	-0.10799546 	0.89786157
0.0030150754 	0.034556184 	-0.10326175 	0.91071388
0.0030351759 	0.034556184 	-0.10326175 	0.91071388
0.0030552764 	0.027957056 	-0.099857244 	0.92442462
0.0030753769 	0.027957056 	-0.099857244 	0.92442462
0.0030954774 	0.020801765 	-0.098517631 	0.93725657
0.0031155779 	0.013713679 	-0.099218958 	0.94718965
0.0031356784 	0.013713679 	-0.099218958 	0.94718965
0.0031557789 	0.0074268683 	-0.10136812 	0.95227897
0.0031758794 	0.0074268683 	-0.10136812 	0.95227897
0.0031959799 	0.0025599049 	-0.10392493 	0.95118999
0.0032160804 	-0.00059307585 	-0.10543657 	0.94373669
0.0032361809 	-0.00059307585 	-0.10543657 	0.94373669
0.0032562814 	-0.0021674308 	-0.10409933 	0.9310996
0.0032763819 	-0.0025767012 	-0.098000098 	0.91541046
0.0032964824 	-0.0025767012 	-0.098000098 	0.91541046
0.0033165829 	-0.0022381319 	-0.085652171 	0.89858763
0.0033366834 	-0.001372698 	-0.066806329 	0.88106175
0.0033567839 	-0.001372698 	-0.066806329 	0.88106175
0.0033768844 	9.8638519e-05 	-0.043129758 	0.86138435
0.0033969849 	0.002278811 	-0.018157227 	0.83731872
0.0034170854 	0.002278811 	-0.018157227 	0.83731872
0.0034371859 	0.0051914553 	0.0037926405 	0.80760315
0.0034572864 	0.0085309409 	0.019173295 	0.77311665
0.0034773869 	0.011413704 	0.026355535 	0.73657209
0.0034974874 	0.011413704 	0.026355535 	0.73657209
0.0035175879 	0.013149438 	0.025921962 	0.70119148
0.0035376884 	0.013620625 	0.019961013 	0.66917507
0.0035577889 	0.012991518 	0.011082405 	0.64071372
0.0035778894 	0.012991518 	0.011082405 	0.64071372
0.0035979899 	0.011602628 	0.0016340607 	0.61431132
0.0036180905 	0.0098881904 	-0.006650416 	0.58818352
0.003638191 	0.0082068307 	-0.012753304 	0.56133303
0.0036582915 	0.0082068307 	-0.012753304 	0.56133303
0.003678392 	0.0067068251 	-0.01630892 	0.53369791
0.0036984925 	0.0054111259 	-0.017447227 	0.50562537
0.003718593 	0.0043140974 	-0.016605207 	0.47731545
0.0037386935 	0.003416473 	-0.014351606 	0.44860193
0.003758794 	0.002718212 	-0.011262214 	0.4190403
0.0037788945 	0.002718212 	-0.011262214 	0.4190403
0.003798995 	0.002205511 	-0.0078474152 	0.38810503
0.0038190955 	0.0018502649 	-0.0045126666 	0.35535477
0.003839196 	0.0016135401 	-0.0015547014 	0.32050529
0.0038592965 	0.0014264268 	0.0008327366 	0.28342902
0.003879397 	0.0012294575 	0.002538591 	0.24413567
0.0038994975 	0.0010030826 	0.0035142134 	0.20276727
0.003919598 	0.00074370509 	0.003757485 	0.15958048
0.0039396985 	0.00046798007 	0.0033118712 	0.11493911
0.003959799 	0.00021492734 	0.0022823238 	0.069291552
0.0039798995 	3.6972243e-05 	0.00084235289 	0.023143122
0.004 	3.6972243e-05 	0.00084235289 	0.023143122
