0 	-0.004500589 	0.020034256 	1.0353394
2.0100503e-05 	-0.004500589 	0.020034256 	1.0353394
4.0201005e-05 	-0.004500589 	0.020034256 	1.0353394
6.0301508e-05 	0.0018359569 	0.018267145 	1.0375309
8.040201e-05 	0.0018359569 	0.018267145 	1.0375309
0.00010050251 	0.0018359569 	0.018267145 	1.0375309
0.00012060302 	0.0011112262 	0.01650496 	1.0422296
0.00014070352 	0.0011112262 	0.01650496 	1.0422296
0.00016080402 	0.0011112262 	0.01650496 	1.0422296
0.00018090452 	-0.00043854176 	0.015150157 	1.0486338
0.00020100503 	-0.00043854176 	0.015150157 	1.0486338
0.00022110553 	-0.00043854176 	0.015150157 	1.0486338
0.00024120603 	-0.0016551421 	0.01393413 	1.0557357
0.00026130653 	-0.0016551421 	0.01393413 	1.0557357
0.00028140704 	-0.0021252307 	0.012739595 	1.062616
0.00030150754 	-0.0021252307 	0.012739595 	1.062616
0.00032160804 	-0.0021252307 	0.012739595 	1.062616
0.00034170854 	-0.001673319 	0.01156146 	1.0686084
0.00036180905 	-0.001673319 	0.01156146 	1.0686084
0.00038190955 	-0.001673319 	0.01156146 	1.0686084
0.00040201005 	-0.00024875676 	0.010511 	1.0733168
0.00042211055 	-0.00024875676 	0.010511 	1.0733168
0.00044221106 	-0.00024875676 	0.010511 	1.0733168
0.00046231156 	0.0021003761 	0.0098051576 	1.0765566
0.00048241206 	0.0021003761 	0.0098051576 	1.0765566
0.00050251256 	0.0052337745 	0.0096994839 	1.0782758
0.00052261307 	0.0052337745 	0.0096994839 	1.0782758
0.00054271357 	0.0052337745 	0.0096994839 	1.0782758
0.00056281407 	0.0089232593 	0.010380053 	1.0784732
0.00058291457 	0.0089232593 	0.010380053 	1.0784732
0.00060301508 	0.0089232593 	0.010380053 	1.0784732
0.00062311558 	0.012873678 	0.011850224 	1.0771114
0.00064321608 	0.013521449 	0.012274528 	1.0751417
0.00066331658 	0.013521449 	0.012274528 	1.0751417
0.00068341709 	0.017109628 	0.014068929 	1.0714609
0.00070351759 	0.017109628 	0.014068929 	1.0714609
0.00072361809 	0.020334045 	0.016110775 	1.0658078
0.00074371859 	0.020334045 	0.016110775 	1.0658078
0.0007638191 	0.020334045 	0.016110775 	1.0658078
0.0007839196 	0.022983455 	0.017835668 	1.0579131
0.0008040201 	0.022983455 	0.017835668 	1.0579131
0.0008241206 	0.022983455 	0.017835668 	1.0579131
0.00084422111 	0.025005089 	0.018615422 	1.0475795
0.00086432161 	0.025005089 	0.018615422 	1.0475795
0.00088442211 	0.025005089 	0.018615422 	1.0475795
0.00090452261 	0.026587796 	0.017873842 	1.0347586
0.00092462312 	0.026587796 	0.017873842 	1.0347586
0.00094472362 	0.028065461 	0.015283166 	1.01957
0.00096482412 	0.028065461 	0.015283166 	1.01957
0.00098492462 	0.028065461 	0.015283166 	1.01957
0.0010050251 	0.031406675 	0.012295558 	1.0059839
0.0010251256 	0.031406675 	0.012295558 	1.0059839
0.0010452261 	0.031406675 	0.012295558 	1.0059839
0.0010653266 	0.033956177 	0.0068859712 	0.98486413
0.0010854271 	0.033956177 	0.0068859712 	0.98486413
0.0011055276 	0.033956177 	0.0068859712 	0.98486413
0.0011256281 	0.036794035 	0.0020704378 	0.9623568
0.0011457286 	0.036794035 	0.0020704378 	0.9623568
0.0011658291 	0.036794035 	0.0020704378 	0.9623568
0.0011859296 	0.039335317 	-0.00049398202 	0.93931017
0.0012060302 	0.039335317 	-0.00049398202 	0.93931017
0.0012261307 	0.039335317 	-0.00049398202 	0.93931017
0.0012462312 	0.040837805 	0.00011512611 	0.91696354
0.0012663317 	0.040837805 	0.00011512611 	0.91696354
0.0012864322 	0.040837805 	0.00011512611 	0.91696354
0.0013065327 	0.040803214 	0.0038132252 	0.89669864
0.0013266332 	0.040803214 	0.0038132252 	0.89669864
0.0013467337 	0.040803214 	0.0038132252 	0.89669864
0.0013668342 	0.039121386 	0.0097878435 	0.87953515
0.0013869347 	0.039121386 	0.0097878435 	0.87953515
0.0014070352 	0.039121386 	0.0097878435 	0.87953515
0.0014271357 	0.036017029 	0.016985392 	0.86580951
0.0014472362 	0.036017029 	0.016985392 	0.86580951
0.0014673367 	0.036017029 	0.016985392 	0.86580951
0.0014874372 	0.03191617 	0.024470858 	0.85522389
0.0015075377 	0.03191617 	0.024470858 	0.85522389
0.0015276382 	0.027321332 	0.031591219 	0.84714165
0.0015477387 	0.027321332 	0.031591219 	0.84714165
0.0015678392 	0.027321332 	0.031591219 	0.84714165
0.0015879397 	0.022738616 	0.037968167 	0.84090484
0.0016080402 	0.022738616 	0.037968167 	0.84090484
0.0016281407 	0.022738616 	0.037968167 	0.84090484
0.0016482412 	0.018634116 	0.043467528 	0.83603933
0.0016683417 	0.018634116 	0.043467528 	0.83603933
0.0016884422 	0.015413493 	0.048108474 	0.83234141
0.0017085427 	0.015413493 	0.048108474 	0.83234141
0.0017286432 	0.015413493 	0.048108474 	0.83234141
0.0017487437 	0.013416086 	0.051980123 	0.82983346
0.0017688442 	0.013416086 	0.051980123 	0.82983346
0.0017889447 	0.013416086 	0.051980123 	0.82983346
0.0018090452 	0.012902647 	0.055130546 	0.82863186
0.0018291457 	0.012902647 	0.055130546 	0.82863186
0.0018492462 	0.014029609 	0.057474653 	0.82879142
0.0018693467 	0.014029609 	0.057474653 	0.82879142
0.0018894472 	0.014029609 	0.057474653 	0.82879142
0.0019095477 	0.016835138 	0.058780561 	0.83019404
0.0019296482 	0.016835138 	0.058780561 	0.83019404
0.0019497487 	0.021225757 	0.058749242 	0.83252194
0.0019698492 	0.021225757 	0.058749242 	0.83252194
0.0019899497 	0.026952858 	0.057156299 	0.83530569
0.0020100503 	0.026952858 	0.057156299 	0.83530569
0.0020301508 	0.026952858 	0.057156299 	0.83530569
0.0020502513 	0.033623572 	0.053999515 	0.83802513
0.0020703518 	0.033623572 	0.053999515 	0.83802513
0.0020904523 	0.040733151 	0.049570603 	0.84019856
0.0021105528 	0.040733151 	0.049570603 	0.84019856
0.0021306533 	0.040733151 	0.049570603 	0.84019856
0.0021507538 	0.047730428 	0.044424294 	0.84143874
0.0021708543 	0.047730428 	0.044424294 	0.84143874
0.0021909548 	0.054097244 	0.039264308 	0.84147997
0.0022110553 	0.054097244 	0.039264308 	0.84147997
0.0022311558 	0.059422057 	0.034808417 	0.84020655
0.0022512563 	0.059422057 	0.034808417 	0.84020655
0.0022713568 	0.063438081 	0.031680529 	0.83769385
0.0022914573 	0.063438081 	0.031680529 	0.83769385
0.0023115578 	0.063438081 	0.031680529 	0.83769385
0.0023316583 	0.066026444 	0.030353532 	0.83422999
0.0023517588 	0.066026444 	0.030353532 	0.83422999
0.0023718593 	0.067206918 	0.031133449 	0.83026782
0.0023919598 	0.067206918 	0.031133449 	0.83026782
0.0024120603 	0.06714124 	0.034147779 	0.82627581
0.0024321608 	0.06714124 	0.034147779 	0.82627581
0.0024522613 	0.06614254 	0.03928781 	0.82253881
0.0024723618 	0.06614254 	0.03928781 	0.82253881
0.0024924623 	0.064631492 	0.046127327 	0.81904468
0.0025125628 	0.064631492 	0.046127327 	0.81904468
0.0025326633 	0.062996706 	0.053930931 	0.81556539
0.0025527638 	0.062996706 	0.053930931 	0.81556539
0.0025728643 	0.061444951 	0.061859127 	0.8118443
0.0025929648 	0.061444951 	0.061859127 	0.8118443
0.0026130653 	0.059973337 	0.06921268 	0.80769445
0.0026331658 	0.059973337 	0.06921268 	0.80769445
0.0026532663 	0.058439637 	0.075497024 	0.80299468
0.0026733668 	0.058439637 	0.075497024 	0.80299468
0.0026934673 	0.056642338 	0.080326543 	0.79773594
0.0027135678 	0.056642338 	0.080326543 	0.79773594
0.0027336683 	0.054392584 	0.083356742 	0.79213737
0.0027537688 	0.054392584 	0.083356742 	0.79213737
0.0027738693 	0.051578135 	0.084329534 	0.7866538
0.0027939698 	0.051578135 	0.084329534 	0.7866538
0.0028140704 	0.048191154 	0.08315622 	0.78179234
0.0028341709 	0.048191154 	0.08315622 	0.78179234
0.0028542714 	0.044303156 	0.079941605 	0.7778866
0.0028743719 	0.040027507 	0.074935366 	0.77499897
0.0028944724 	0.040027507 	0.074935366 	0.77499897
0.0029145729 	0.035494202 	0.068455254 	0.77297466
0.0029346734 	0.035494202 	0.068455254 	0.77297466
0.0029547739 	0.030833529 	0.060828043 	0.77155998
0.0029748744 	0.030833529 	0.060828043 	0.77155998
0.0029949749 	0.02616615 	0.052355479 	0.77050275
0.0030150754 	0.02158725 	0.043298509 	0.76961788
0.0030351759 	0.02158725 	0.043298509 	0.76961788
0.0030552764 	0.017159785 	0.033876166 	0.7688161
0.0030753769 	0.017159785 	0.033876166 	0.7688161
0.0030954774 	0.012929622 	0.024270832 	0.76808248
0.0031155779 	0.0089426475 	0.014650315 	0.76742203
0.0031356784 	0.0089426475 	0.014650315 	0.76742203
0.0031557789 	0.0052285702 	0.0051766932 	0.76686955
0.0031758794 	0.0052285702 	0.0051766932 	0.76686955
0.0031959799 	0.0017766274 	-0.0039787748 	0.7666337
0.0032160804 	-0.0014949486 	-0.012666432 	0.76726469
0.0032361809 	-0.0014949486 	-0.012666432 	0.76726469
0.0032562814 	-0.0047534822 	-0.020784664 	0.7695171
0.0032763819 	-0.0081590054 	-0.028223173 	0.77368991
0.0032964824 	-0.0081590054 	-0.028223173 	0.77368991
0.0033165829 	-0.011681129 	-0.034729893 	0.77863932
0.0033366834 	-0.014996168 	-0.039789735 	0.78119017
0.0033567839 	-0.014996168 	-0.039789735 	0.78119017
0.0033768844 	-0.017568336 	-0.042718583 	0.77666448
0.0033969849 	-0.018896254 	-0.04302925 	0.7606312
0.0034170854 	-0.018896254 	-0.04302925 	0.7606312
0.0034371859 	-0.018798224 	-0.040852408 	0.73108833
0.0034572864 	-0.0175354 	-0.037062747 	0.68973441
0.0034773869 	-0.015679666 	-0.032966511 	0.641404
0.0034974874 	-0.015679666 	-0.032966511 	0.641404
0.0035175879 	-0.013828807 	-0.029756147 	0.59201419
0.0035376884 	-0.012368266 	-0.02808555 	0.54636482
0.0035577889 	-0.011400364 	-0.027963629 	0.5069709
0.0035778894 	-0.011400364 	-0.027963629 	0.5069709
0.0035979899 	-0.010816807 	-0.028936349 	0.47414701
0.0036180905 	-0.010421802 	-0.030360775 	0.44680592
0.003638191 	-0.010031262 	-0.031629493 	0.42332718
0.0036582915 	-0.010031262 	-0.031629493 	0.42332718
0.003678392 	-0.009522043 	-0.032294793 	0.40214664
0.0036984925 	-0.0088411229 	-0.032109129 	0.38202149
0.003718593 	-0.0079928034 	-0.031014474 	0.3620672
0.0037386935 	-0.0070182734 	-0.029104488 	0.34168126
0.003758794 	-0.0059756857 	-0.026573441 	0.32043962
0.0037788945 	-0.0059756857 	-0.026573441 	0.32043962
0.003798995 	-0.0049249249 	-0.023661112 	0.29801485
0.0038190955 	-0.0039180793 	-0.020601375 	0.27413318
0.003839196 	-0.0029950615 	-0.017581448 	0.24856473
0.0038592965 	-0.0021828695 	-0.01471736 	0.221133
0.003879397 	-0.0014971124 	-0.012048696 	0.19173108
0.0038994975 	-0.00094453076 	-0.0095531115 	0.16033939
0.003919598 	-0.00052544962 	-0.0071783731 	0.12704484
0.0039396985 	-0.00023542794 	-0.0048870821 	0.092062867
0.003959799 	-6.491028e-05 	-0.0027049233 	0.055761837
0.0039798995 	-2.8402873e-06 	-0.00075520553 	0.018683715
0.004 	-2.8402873e-06 	-0.00075520553 	0.018683715
