0 	0.047296398 	0.032033355 	1.138837
5.5555556e-05 	0.0082438693 	-0.050065862 	1.1368586
0.00011111111 	0.0022456299 	-0.047139632 	1.1358336
0.00016666667 	-0.00016321152 	-0.043742657 	1.1349613
0.00022222222 	-0.0015589812 	-0.040633305 	1.1348512
0.00027777778 	-0.0028293217 	-0.038086095 	1.1361568
0.00033333333 	-0.0043789103 	-0.036201943 	1.1391237
0.00038888889 	-0.0063462784 	-0.034929383 	1.1433595
0.00044444444 	-0.0086789695 	-0.0341108 	1.1480289
0.0005 	-0.011218588 	-0.033543235 	1.1522975
0.00055555556 	-0.013790282 	-0.033006192 	1.1556551
0.00061111111 	-0.016264502 	-0.032265164 	1.1579307
0.00066666667 	-0.018579635 	-0.031084301 	1.159111
0.00072222222 	-0.020709585 	-0.02928264 	1.1591563
0.00077777778 	-0.022639258 	-0.026793577 	1.1579369
0.00083333333 	-0.024354282 	-0.023757446 	1.1552869
0.00088888889 	-0.02585606 	-0.020497502 	1.1510978
0.00094444444 	-0.027133115 	-0.0173738 	1.145374
0.001 	-0.028296318 	-0.014779169 	1.1377895
0.0010617451 	-0.02926816 	-0.013137405 	1.1283841
0.0011226367 	-0.030165376 	-0.012449259 	1.118069
0.0011826866 	-0.030946221 	-0.012369469 	1.1073684
0.0012419064 	-0.031466505 	-0.012226909 	1.0968934
0.0013003077 	-0.031559553 	-0.011452178 	1.0873193
0.0013579017 	-0.031087798 	-0.0098127194 	1.0793054
0.0014146996 	-0.030023661 	-0.0074741753 	1.0733656
0.0014707124 	-0.02843946 	-0.0048715191 	1.0696926
0.0015259509 	-0.026428062 	-0.0024499441 	1.0680319
0.001580426 	-0.024004642 	-0.00049785387 	1.067687
0.001634148 	-0.021093069 	0.00088040383 	1.0676794
0.0016871274 	-0.017566582 	0.0016750436 	1.0670129
0.0017393745 	-0.013263561 	0.0018631564 	1.0648885
0.0017908994 	-0.0079341645 	0.0015002447 	1.0607443
0.0018417121 	-0.0011977068 	0.0009219548 	1.0541834
0.0018918224 	0.0075442219 	0.0010951971 	1.0450771
0.0019412401 	0.018668671 	0.0038221945 	1.0339991
0.0019899746 	0.031827743 	0.011228413 	1.0231256
0.0020380356 	0.046019732 	0.025262078 	1.0165312
0.0020854322 	0.059496799 	0.04476125 	1.0173325
0.0021321736 	0.070299713 	0.066132199 	1.0243869
0.002178269 	0.076660687 	0.086244658 	1.0329138
0.0022237272 	0.076655754 	0.10258671 	1.0361299
0.002268557 	0.068172134 	0.11211633 	1.0292212
0.0023127672 	0.050506181 	0.11242228 	1.0130571
0.0023563662 	0.026344367 	0.10524359 	0.99416017
0.0023993626 	0.00056255184 	0.096027185 	0.97942921
0.0024417647 	-0.023193841 	0.088399709 	0.97025426
0.0024835806 	-0.043800937 	0.081371139 	0.9631583
0.0025248186 	-0.061396083 	0.072471241 	0.95436751
0.0025654865 	-0.076194361 	0.061193226 	0.9423941
0.0026055923 	-0.088063655 	0.049096817 	0.92796214
0.0026451437 	-0.096553841 	0.038101637 	0.91321299
0.0026841484 	-0.10100753 	0.029327561 	0.90058224
0.002722614 	-0.10088417 	0.02294523 	0.89167347
0.0027605478 	-0.09623665 	0.018649363 	0.88680447
0.0027979573 	-0.087930709 	0.016088616 	0.88531497
0.0028348498 	-0.077498455 	0.014867186 	0.88598907
0.0028712322 	-0.066551739 	0.014446322 	0.88745947
0.0029071118 	-0.056419199 	0.014333448 	0.8885332
0.0029424953 	-0.047854809 	0.014508268 	0.88839294
0.0029773898 	-0.041080864 	0.015616936 	0.88683718
0.003011802 	-0.036093722 	0.018418877 	0.88414981
0.0030457385 	-0.032807429 	0.022815079 	0.88063479
0.0030792059 	-0.031187919 	0.027738775 	0.87645557
0.0031122107 	-0.03113793 	0.031990581 	0.87204631
0.0031447592 	-0.032411201 	0.03495538 	0.86816239
0.0031768579 	-0.034699767 	0.036591429 	0.86549176
0.0032085129 	-0.037695603 	0.037098179 	0.86429846
0.0032397303 	-0.04105975 	0.036695247 	0.86435776
0.0032705162 	-0.044404247 	0.03554023 	0.86508358
0.0033008765 	-0.047301274 	0.033695935 	0.86569148
0.0033308172 	-0.049327733 	0.03112021 	0.86539887
0.0033603441 	-0.050129871 	0.027713417 	0.86357042
0.0033894627 	-0.049460676 	0.023372535 	0.85978786
0.0034181789 	-0.047215981 	0.018042039 	0.85382448
0.0034464982 	-0.043425789 	0.011741582 	0.84565868
0.003474426 	-0.038348417 	0.004576037 	0.83543689
0.0035019678 	-0.032305512 	-0.0033206459 	0.82344381
0.0035291288 	-0.025559759 	-0.011727207 	0.81005537
0.0035559144 	-0.018465089 	-0.020380362 	0.79571455
0.0035823298 	-0.011414691 	-0.029002054 	0.78093505
0.0036083801 	-0.0047958818 	-0.037319192 	0.76624737
0.0036340702 	0.0010058367 	-0.045076696 	0.75216536
0.0036594053 	0.0056832913 	-0.052036833 	0.73911198
0.0036843901 	0.0090543293 	-0.057957081 	0.72725588
0.0037090296 	0.011054793 	-0.0625452 	0.71627136
0.0037333285 	0.011782595 	-0.065415552 	0.70506269
0.0037572915 	0.011494847 	-0.066071297 	0.69156836
0.0037809233 	0.010548257 	-0.063985775 	0.67284213
0.0038042285 	0.0092957032 	-0.05883442 	0.64554798
0.0038272115 	0.0079806983 	-0.050824128 	0.60678802
0.0038498768 	0.0066900921 	-0.040903423 	0.55492566
0.0038722288 	0.0054025499 	-0.03059613 	0.49001053
0.0038942718 	0.0040916766 	-0.021416614 	0.41366609
0.0039160102 	0.002796757 	-0.014234672 	0.32859741
0.003937448 	0.0016174128 	-0.0090378839 	0.23789652
0.0039585896 	0.00067698086 	-0.0052299409 	0.14420894
0.0039794389 	9.1625993e-05 	-0.0020020855 	0.048916253
0.004 	9.1625993e-05 	-0.0020020855 	0.048916253
