0 	0.015070724 	0.007314079 	1.1173712
5.5555556e-05 	-0.01070481 	0.0095289195 	1.1194711
0.00011111111 	-0.010223622 	0.0080819217 	1.1214424
0.00016666667 	-0.0089652905 	0.0077199568 	1.1239162
0.00022222222 	-0.0074548402 	0.0079426504 	1.1267527
0.00027777778 	-0.0058777601 	0.0086371476 	1.1297718
0.00033333333 	-0.0043490214 	0.0097843836 	1.1327607
0.00038888889 	-0.0029619895 	0.011375731 	1.1354832
0.00044444444 	-0.0018001687 	0.013401726 	1.1377144
0.0005 	-0.00094065629 	0.015804848 	1.1393113
0.00055555556 	-0.00044338964 	0.01845163 	1.1402877
0.00061111111 	-0.00035253534 	0.021118847 	1.1408232
0.00066666667 	-0.00067338449 	0.02350102 	1.1411473
0.00072222222 	-0.0013424743 	0.025284835 	1.141357
0.00077777778 	-0.0021773398 	0.026262426 	1.1412974
0.00083333333 	-0.0028897356 	0.026414121 	1.140584
0.00088888889 	-0.0031596016 	0.025952287 	1.1387855
0.00094444444 	-0.0026111956 	0.025232509 	1.1355976
0.001 	-0.0010823309 	0.024548143 	1.1307205
0.0010617451 	0.00152434 	0.024276714 	1.1242491
0.0011226367 	0.0047950952 	0.02452857 	1.1171136
0.0011826866 	0.0083194682 	0.025209367 	1.1098044
0.0012419064 	0.011762217 	0.026086126 	1.102664
0.0013003077 	0.014816935 	0.02693083 	1.0959017
0.0013579017 	0.017215677 	0.02760856 	1.0895249
0.0014146996 	0.018717277 	0.028058887 	1.0832505
0.0014707124 	0.019103793 	0.028181764 	1.0764913
0.0015259509 	0.018171567 	0.027742193 	1.0684804
0.001580426 	0.015770236 	0.02649353 	1.0585124
0.001634148 	0.011888675 	0.024654762 	1.0460518
0.0016871274 	0.0066678888 	0.023497107 	1.030714
0.0017393745 	0.00036835293 	0.025148548 	1.0126856
0.0017908994 	-0.0066330177 	0.031079446 	0.99353306
0.0018417121 	-0.013650269 	0.040774566 	0.97584917
0.0018918224 	-0.019734807 	0.052143473 	0.96152382
0.0019412401 	-0.024056265 	0.062821715 	0.95078134
0.0019899746 	-0.026210207 	0.070935321 	0.94275267
0.0020380356 	-0.026316314 	0.075285915 	0.93642265
0.0020854322 	-0.024876217 	0.075385782 	0.93121621
0.0021321736 	-0.022588077 	0.071496147 	0.92707184
0.002178269 	-0.020089224 	0.064473091 	0.9241215
0.0022237272 	-0.017767854 	0.055433743 	0.92219249
0.002268557 	-0.015749682 	0.045316551 	0.92061407
0.0023127672 	-0.01404054 	0.0346916 	0.91851852
0.0023563662 	-0.012684557 	0.023811233 	0.9152532
0.0023993626 	-0.011980069 	0.012887899 	0.91063343
0.0024417647 	-0.012420226 	0.0022830839 	0.90492819
0.0024835806 	-0.014059681 	-0.0077164876 	0.89844997
0.0025248186 	-0.016601197 	-0.017008433 	0.8909991
0.0025654865 	-0.019619986 	-0.025531404 	0.88136655
0.0026055923 	-0.022301262 	-0.032556321 	0.86825552
0.0026451437 	-0.023817264 	-0.036947815 	0.85168376
0.0026841484 	-0.023525982 	-0.038003692 	0.83332468
0.002722614 	-0.021150075 	-0.035566613 	0.81586254
0.0027605478 	-0.016846324 	-0.029790567 	0.80199722
0.0027979573 	-0.011233675 	-0.02139536 	0.79348878
0.0028348498 	-0.0052442166 	-0.012039023 	0.79102396
0.0028712322 	0.00023163835 	-0.0039975977 	0.79378712
0.0029071118 	0.0047620666 	0.0010096448 	0.79957977
0.0029424953 	0.0080594718 	0.0025977565 	0.80601183
0.0029773898 	0.010284787 	0.0015538391 	0.8117014
0.003011802 	0.011930564 	-0.00094915017 	0.81641475
0.0030457385 	0.013332044 	-0.0040023206 	0.82058035
0.0030792059 	0.014787996 	-0.0070928394 	0.82484717
0.0031122107 	0.016500917 	-0.010090552 	0.82982355
0.0031447592 	0.018516355 	-0.013088407 	0.83585608
0.0031768579 	0.020792611 	-0.016259231 	0.84292586
0.0032085129 	0.023232973 	-0.019746882 	0.85073297
0.0032397303 	0.025698222 	-0.023598236 	0.85882559
0.0032705162 	0.028005826 	-0.02775421 	0.86674633
0.0033008765 	0.029985689 	-0.032040894 	0.87412221
0.0033308172 	0.031493858 	-0.036187434 	0.8807179
0.0033603441 	0.032405828 	-0.039858028 	0.88644516
0.0033894627 	0.032635932 	-0.042687804 	0.89132508
0.0034181789 	0.032151432 	-0.044317097 	0.89542607
0.0034464982 	0.03094661 	-0.044446196 	0.89877898
0.003474426 	0.029034594 	-0.042905487 	0.90128021
0.0035019678 	0.026455934 	-0.03973249 	0.90264219
0.0035291288 	0.023273569 	-0.035225368 	0.90241159
0.0035559144 	0.019585794 	-0.029950816 	0.90003207
0.0035823298 	0.015549901 	-0.024674193 	0.8947895
0.0036083801 	0.011432954 	-0.020189114 	0.88550218
0.0036340702 	0.007649928 	-0.017058359 	0.87005305
0.0036594053 	0.0047081992 	-0.015400178 	0.84530256
0.0036843901 	0.0030380238 	-0.014918763 	0.80795086
0.0037090296 	0.0027570119 	-0.015220549 	0.75629139
0.0037333285 	0.0035684575 	-0.016120744 	0.6918237
0.0037572915 	0.0048483267 	-0.017631253 	0.61937234
0.0037809233 	0.0059151104 	-0.019623593 	0.54529242
0.0038042285 	0.0063304674 	-0.021598927 	0.47491446
0.0038272115 	0.0060059765 	-0.02285344 	0.41090713
0.0038498768 	0.0051219814 	-0.022863908 	0.35322047
0.0038722288 	0.0039689997 	-0.02154382 	0.30002908
0.0038942718 	0.0028114181 	-0.019210268 	0.24883617
0.0039160102 	0.0018137144 	-0.016320868 	0.19731775
0.003937448 	0.0010298277 	-0.01312763 	0.14385147
0.0039585896 	0.00045280776 	-0.0093699305 	0.087789542
0.0039794389 	6.8830055e-05 	-0.0041135131 	0.029565495
0.004 	-7.1420719e-07 	-0.0046560601 	0.039394783
