0 	0.015070724 	0.007314079 	1.1173712
2.0100503e-05 	0.0065710104 	-0.021346527 	1.1045969
4.0201005e-05 	0.0065710104 	-0.021346527 	1.1045969
6.0301508e-05 	-0.0061999255 	-0.027496837 	1.0909732
8.040201e-05 	-0.0061999255 	-0.027496837 	1.0909732
0.00010050251 	-0.0061999255 	-0.027496837 	1.0909732
0.00012060302 	-0.011635017 	-0.031435826 	1.0781566
0.00014070352 	-0.011635017 	-0.031435826 	1.0781566
0.00016080402 	-0.011635017 	-0.031435826 	1.0781566
0.00018090452 	-0.014608171 	-0.034492989 	1.0671697
0.00020100503 	-0.014608171 	-0.034492989 	1.0671697
0.00022110553 	-0.014608171 	-0.034492989 	1.0671697
0.00024120603 	-0.01617273 	-0.035510027 	1.0582018
0.00026130653 	-0.01617273 	-0.035510027 	1.0582018
0.00028140704 	-0.016911825 	-0.033353188 	1.0509009
0.00030150754 	-0.016911825 	-0.033353188 	1.0509009
0.00032160804 	-0.016911825 	-0.033353188 	1.0509009
0.00034170854 	-0.017422031 	-0.027522315 	1.0449007
0.00036180905 	-0.017422031 	-0.027522315 	1.0449007
0.00038190955 	-0.017422031 	-0.027522315 	1.0449007
0.00040201005 	-0.018415335 	-0.018575525 	1.0402468
0.00042211055 	-0.018415335 	-0.018575525 	1.0402468
0.00044221106 	-0.018415335 	-0.018575525 	1.0402468
0.00046231156 	-0.020576794 	-0.0081542344 	1.0374564
0.00048241206 	-0.020576794 	-0.0081542344 	1.0374564
0.00050251256 	-0.024211985 	0.0015542388 	1.0370591
0.00052261307 	-0.024211985 	0.0015542388 	1.0370591
0.00054271357 	-0.024211985 	0.0015542388 	1.0370591
0.00056281407 	-0.028900629 	0.0087726987 	1.0388066
0.00058291457 	-0.028900629 	0.0087726987 	1.0388066
0.00060301508 	-0.028900629 	0.0087726987 	1.0388066
0.00062311558 	-0.033612108 	0.012970333 	1.0414576
0.00064321608 	-0.033612108 	0.012970333 	1.0414576
0.00066331658 	-0.033612108 	0.012970333 	1.0414576
0.00068341709 	-0.037174325 	0.014778235 	1.0437152
0.00070351759 	-0.037174325 	0.014778235 	1.0437152
0.00072361809 	-0.038696718 	0.015405936 	1.0453144
0.00074371859 	-0.038696718 	0.015405936 	1.0453144
0.0007638191 	-0.038696718 	0.015405936 	1.0453144
0.0007839196 	-0.037785082 	0.015980851 	1.0470115
0.0008040201 	-0.037785082 	0.015980851 	1.0470115
0.0008241206 	-0.037785082 	0.015980851 	1.0470115
0.00084422111 	-0.034504662 	0.01719135 	1.0496285
0.00086432161 	-0.034504662 	0.01719135 	1.0496285
0.00088442211 	-0.034504662 	0.01719135 	1.0496285
0.00090452261 	-0.02916975 	0.019172541 	1.0532354
0.00092462312 	-0.02916975 	0.019172541 	1.0532354
0.00094472362 	-0.022338819 	0.021479178 	1.0569056
0.00096482412 	-0.022338819 	0.021479178 	1.0569056
0.00098492462 	-0.022338819 	0.021479178 	1.0569056
0.0010050251 	-0.014138701 	0.023413332 	1.0592588
0.0010251256 	-0.014138701 	0.023413332 	1.0592588
0.0010452261 	-0.014138701 	0.023413332 	1.0592588
0.0010653266 	-0.005459279 	0.023297898 	1.0577214
0.0010854271 	-0.005459279 	0.023297898 	1.0577214
0.0011055276 	-0.006486679 	0.022315011 	1.0336941
0.0011256281 	5.5334253e-05 	0.018320252 	1.0253931
0.0011457286 	5.5334253e-05 	0.018320252 	1.0253931
0.0011658291 	5.5334253e-05 	0.018320252 	1.0253931
0.0011859296 	0.0032295742 	0.012643685 	1.012742
0.0012060302 	0.0073109084 	0.013718476 	1.0361387
0.0012261307 	0.0073109084 	0.013718476 	1.0361387
0.0012462312 	0.008889765 	0.0063579658 	1.018773
0.0012663317 	0.008889765 	0.0063579658 	1.018773
0.0012864322 	0.008889765 	0.0063579658 	1.018773
0.0013065327 	0.0058574552 	0.0009777569 	1.0007576
0.0013266332 	0.0058574552 	0.0009777569 	1.0007576
0.0013467337 	0.0058574552 	0.0009777569 	1.0007576
0.0013668342 	-0.013589437 	0.0084636748 	0.96819071
0.0013869347 	-0.0013898941 	-0.00071619724 	0.98434205
0.0014070352 	-0.0013898941 	-0.00071619724 	0.98434205
0.0014271357 	-0.011131514 	0.00055324918 	0.97065861
0.0014472362 	-0.011131514 	0.00055324918 	0.97065861
0.0014673367 	-0.023893877 	0.011718836 	0.95588367
0.0014874372 	-0.021506502 	0.0029175014 	0.95979403
0.0015075377 	-0.021506502 	0.0029175014 	0.95979403
0.0015276382 	-0.031344722 	0.0049700678 	0.95127747
0.0015477387 	-0.031344722 	0.0049700678 	0.95127747
0.0015678392 	-0.031344722 	0.0049700678 	0.95127747
0.0015879397 	-0.050808966 	0.01852713 	0.93030514
0.0016080402 	-0.040232725 	0.0063270767 	0.94479109
0.0016281407 	-0.040232725 	0.0063270767 	0.94479109
0.0016482412 	-0.048089715 	0.0072012974 	0.94040496
0.0016683417 	-0.048089715 	0.0072012974 	0.94040496
0.0016884422 	-0.054820808 	0.0080203145 	0.93822564
0.0017085427 	-0.054820808 	0.0080203145 	0.93822564
0.0017286432 	-0.054820808 	0.0080203145 	0.93822564
0.0017487437 	-0.060332213 	0.009196025 	0.93810984
0.0017688442 	-0.060332213 	0.009196025 	0.93810984
0.0017889447 	-0.060332213 	0.009196025 	0.93810984
0.0018090452 	-0.064606368 	0.010979553 	0.93971385
0.0018291457 	-0.064606368 	0.010979553 	0.93971385
0.0018492462 	-0.067651295 	0.013412627 	0.94261806
0.0018693467 	-0.067651295 	0.013412627 	0.94261806
0.0018894472 	-0.067651295 	0.013412627 	0.94261806
0.0019095477 	-0.069486482 	0.016347967 	0.94640709
0.0019296482 	-0.069486482 	0.016347967 	0.94640709
0.0019497487 	-0.070155045 	0.019543673 	0.95068711
0.0019698492 	-0.070155045 	0.019543673 	0.95068711
0.0019899497 	-0.06972978 	0.022707813 	0.95510208
0.0020100503 	-0.06972978 	0.022707813 	0.95510208
0.0020301508 	-0.06972978 	0.022707813 	0.95510208
0.0020502513 	-0.068269505 	0.025550798 	0.95932843
0.0020703518 	-0.068269505 	0.025550798 	0.95932843
0.0020904523 	-0.065822793 	0.027839078 	0.96307978
0.0021105528 	-0.065822793 	0.027839078 	0.96307978
0.0021306533 	-0.065822793 	0.027839078 	0.96307978
0.0021507538 	-0.062488599 	0.0294026 	0.96612128
0.0021708543 	-0.062488599 	0.0294026 	0.96612128
0.0021909548 	-0.058403863 	0.030143522 	0.96829128
0.0022110553 	-0.058403863 	0.030143522 	0.96829128
0.0022311558 	-0.053693702 	0.030049842 	0.96946954
0.0022512563 	-0.053693702 	0.030049842 	0.96946954
0.0022713568 	-0.048489411 	0.029163117 	0.96955737
0.0022914573 	-0.048489411 	0.029163117 	0.96955737
0.0023115578 	-0.048489411 	0.029163117 	0.96955737
0.0023316583 	-0.042979946 	0.027560114 	0.96850428
0.0023517588 	-0.042979946 	0.027560114 	0.96850428
0.0023718593 	-0.037366233 	0.025350601 	0.96629958
0.0023919598 	-0.037366233 	0.025350601 	0.96629958
0.0024120603 	-0.031871146 	0.022653428 	0.96295084
0.0024321608 	-0.031871146 	0.022653428 	0.96295084
0.0024522613 	-0.026729587 	0.019606088 	0.95852029
0.0024723618 	-0.026729587 	0.019606088 	0.95852029
0.0024924623 	-0.022184368 	0.016360965 	0.95311508
0.0025125628 	-0.022184368 	0.016360965 	0.95311508
0.0025326633 	-0.018437759 	0.013092118 	0.94691345
0.0025527638 	-0.018437759 	0.013092118 	0.94691345
0.0025728643 	-0.015624587 	0.0099962303 	0.9401128
0.0025929648 	-0.015624587 	0.0099962303 	0.9401128
0.0026130653 	-0.013792246 	0.0072851091 	0.93293375
0.0026331658 	-0.013792246 	0.0072851091 	0.93293375
0.0026532663 	-0.012846676 	0.0052247912 	0.92561906
0.0026733668 	-0.012846676 	0.0052247912 	0.92561906
0.0026934673 	-0.012570621 	0.0040970624 	0.91838908
0.0027135678 	-0.012570621 	0.0040970624 	0.91838908
0.0027336683 	-0.012622648 	0.0041409979 	0.91146039
0.0027537688 	-0.012622648 	0.0041409979 	0.91146039
0.0027738693 	-0.012445575 	0.0054542217 	0.90501294
0.0027939698 	-0.012445575 	0.0054542217 	0.90501294
0.0028140704 	-0.011403252 	0.007907446 	0.89917565
0.0028341709 	-0.011403252 	0.007907446 	0.89917565
0.0028542714 	-0.0089418683 	0.01106955 	0.89399789
0.0028743719 	-0.0047871961 	0.014300635 	0.88943305
0.0028944724 	-0.0047871961 	0.014300635 	0.88943305
0.0029145729 	0.0009993224 	0.016945576 	0.8855274
0.0029346734 	0.0009993224 	0.016945576 	0.8855274
0.0029547739 	0.0082036558 	0.018694352 	0.8823826
0.0029748744 	0.0082036558 	0.018694352 	0.8823826
0.0029949749 	0.01653624 	0.019479067 	0.8801484
0.0030150754 	0.025642454 	0.019204158 	0.87889575
0.0030351759 	0.025642454 	0.019204158 	0.87889575
0.0030552764 	0.035025256 	0.017713305 	0.87856154
0.0030753769 	0.035025256 	0.017713305 	0.87856154
0.0030954774 	0.044092923 	0.014996347 	0.87891929
0.0031155779 	0.052353089 	0.011252299 	0.87959432
0.0031356784 	0.052353089 	0.011252299 	0.87959432
0.0031557789 	0.059469628 	0.0068222013 	0.88014587
0.0031758794 	0.059469628 	0.0068222013 	0.88014587
0.0031959799 	0.065128139 	0.0021214489 	0.88019174
0.0032160804 	0.068981594 	-0.0023740416 	0.87953844
0.0032361809 	0.068981594 	-0.0023740416 	0.87953844
0.0032562814 	0.070841341 	-0.0061515278 	0.87825124
0.0032763819 	0.070660332 	-0.0086721837 	0.87666419
0.0032964824 	0.070660332 	-0.0086721837 	0.87666419
0.0033165829 	0.068401729 	-0.0095275956 	0.87522134
0.0033366834 	0.064186927 	-0.0084853747 	0.87432091
0.0033567839 	0.064186927 	-0.0084853747 	0.87432091
0.0033768844 	0.058391551 	-0.005411513 	0.87421701
0.0033969849 	0.051524852 	-0.00020599767 	0.87497522
0.0034170854 	0.051524852 	-0.00020599767 	0.87497522
0.0034371859 	0.044131665 	0.0071984646 	0.8764225
0.0034572864 	0.036740963 	0.016697894 	0.8780681
0.0034773869 	0.02995859 	0.027880641 	0.8790458
0.0034974874 	0.02995859 	0.027880641 	0.8790458
0.0035175879 	0.024224583 	0.039935748 	0.87827003
0.0035376884 	0.019581946 	0.051579119 	0.87479362
0.0035577889 	0.015800223 	0.061139375 	0.86831481
0.0035778894 	0.015800223 	0.061139375 	0.86831481
0.0035979899 	0.012373478 	0.066789977 	0.85936311
0.0036180905 	0.0087360103 	0.067127703 	0.84853581
0.003638191 	0.0046793261 	0.061954516 	0.83470593
0.0036582915 	0.0046793261 	0.061954516 	0.83470593
0.003678392 	0.00070250784 	0.052699838 	0.81366004
0.0036984925 	-0.0022298884 	0.041873266 	0.7795259
0.003718593 	-0.0033905517 	0.031753547 	0.72900642
0.0037386935 	-0.0028155178 	0.023399343 	0.66462103
0.003758794 	-0.0012450948 	0.016751572 	0.59345932
0.0037788945 	-0.0012450948 	0.016751572 	0.59345932
0.003798995 	0.00042988237 	0.011452749 	0.52278516
0.0038190955 	0.0016504153 	0.0074261902 	0.45674077
0.003839196 	0.002271035 	0.0048253968 	0.39605063
0.0038592965 	0.0023849834 	0.0036863369 	0.33953056
0.003879397 	0.0021597778 	0.0037194162 	0.28561132
0.0038994975 	0.001744236 	0.0043741654 	0.23311008
0.003919598 	0.0012442399 	0.0050378683 	0.18134038
0.0039396985 	0.00073804871 	0.0051840834 	0.12990927
0.003959799 	0.00030303359 	0.0043705458 	0.078474653
0.0039798995 	2.3490201e-05 	0.0021359471 	0.026592016
0.004 	2.3490201e-05 	0.0021359471 	0.026592016
