0 	-0.029146792 	0.022787387 	1.0506545
5.5555556e-05 	-0.0040501214 	-0.032054433 	1.0552499
0.00011111111 	-0.0010171416 	-0.027986013 	1.0577517
0.00016666667 	-0.0032459888 	-0.023588222 	1.0593681
0.00022222222 	-0.0090494933 	-0.020004459 	1.0587266
0.00027777778 	-0.01738692 	-0.017495369 	1.0550075
0.00033333333 	-0.027003861 	-0.01562865 	1.0498221
0.00038888889 	-0.03621833 	-0.013753866 	1.0467159
0.00044444444 	-0.043692184 	-0.012037125 	1.0474134
0.0005 	-0.049051707 	-0.011541682 	1.0499518
0.00055555556 	-0.052671933 	-0.012529088 	1.051581
0.00061111111 	-0.055096629 	-0.013885259 	1.0513981
0.00066666667 	-0.056778379 	-0.014500794 	1.0496052
0.00072222222 	-0.058025031 	-0.014062553 	1.0463899
0.00077777778 	-0.058982562 	-0.012834891 	1.0418795
0.00083333333 	-0.059650505 	-0.011341114 	1.0362054
0.00088888889 	-0.059979167 	-0.010074356 	1.0294701
0.00094444444 	-0.059898223 	-0.0093203352 	1.0217746
0.001 	-0.059322017 	-0.0088945535 	1.0127279
0.0010617224 	-0.058477422 	-0.0082940837 	1.0025546
0.0011225923 	-0.057464659 	-0.0072534626 	0.99218594
0.0011826215 	-0.056364746 	-0.005452992 	0.98193094
0.0012418217 	-0.055243706 	-0.0030215199 	0.97192691
0.0013002041 	-0.053992796 	-0.00024760691 	0.96206873
0.0013577803 	-0.052547087 	0.002571853 	0.95214971
0.0014145612 	-0.050911871 	0.0052920254 	0.94203802
0.0014705579 	-0.049132916 	0.0079247226 	0.93179505
0.0015257812 	-0.047259709 	0.010553936 	0.92159239
0.0015802418 	-0.045301193 	0.013184625 	0.91162572
0.0016339502 	-0.04322308 	0.015647001 	0.90208607
0.0016869168 	-0.04100168 	0.017554989 	0.89321106
0.0017391518 	-0.038699566 	0.018357751 	0.8853085
0.0017906654 	-0.036457475 	0.017569192 	0.8786315
0.0018414676 	-0.034389894 	0.015119604 	0.87322131
0.0018915681 	-0.0324798 	0.011541986 	0.86901544
0.0019409766 	-0.030566821 	0.0077620423 	0.86612643
0.0019897027 	-0.028460672 	0.0045460059 	0.86479762
0.0020377558 	-0.026027011 	0.0021989223 	0.86503847
0.0020851453 	-0.023252664 	0.00074042086 	0.86642503
0.0021318802 	-0.020310781 	8.3834522e-05 	0.86835742
0.0021779697 	-0.017411587 	3.640421e-05 	0.87032598
0.0022234225 	-0.014711921 	0.00016792981 	0.87198522
0.0022682477 	-0.01236128 	-0.00011856493 	0.87312881
0.0023124537 	-0.010517252 	-0.0014225857 	0.87368776
0.0023560491 	-0.0093873373 	-0.0041163166 	0.87380678
0.0023990425 	-0.009215871 	-0.0081287012 	0.87390185
0.002441442 	-0.010176198 	-0.012898441 	0.8746109
0.002483256 	-0.012279377 	-0.017588754 	0.87662933
0.0025244924 	-0.015343067 	-0.021423592 	0.88051778
0.0025651593 	-0.019145467 	-0.023942295 	0.88653047
0.0026052645 	-0.02350531 	-0.025087563 	0.89440352
0.0026448158 	-0.028190151 	-0.025171915 	0.90319148
0.0026838209 	-0.0327611 	-0.024654838 	0.91134121
0.0027222872 	-0.036543097 	-0.023764675 	0.91703503
0.0027602223 	-0.038880606 	-0.022289256 	0.91863582
0.0027976334 	-0.039505395 	-0.019859848 	0.915025
0.0028345278 	-0.038701802 	-0.016447915 	0.90576499
0.0028709126 	-0.037116061 	-0.012552581 	0.89102946
0.002906795 	-0.035516329 	-0.0089308213 	0.87135388
0.0029421817 	-0.034502046 	-0.006050073 	0.84701021
0.0029770797 	-0.034321594 	-0.0036066587 	0.81792747
0.0030114957 	-0.034855388 	-0.0010765015 	0.78506943
0.0030454363 	-0.035788533 	0.0012838744 	0.75093871
0.0030789082 	-0.036671944 	0.0029007658 	0.71789841
0.0031119178 	-0.037115396 	0.0041301834 	0.68653544
0.0031444715 	-0.03700026 	0.0059772647 	0.65683983
0.0031765755 	-0.036399095 	0.0087910143 	0.62964665
0.0032082362 	-0.035537196 	0.011985896 	0.60606636
0.0032394596 	-0.034615212 	0.014804109 	0.58634646
0.0032702517 	-0.033574006 	0.016840398 	0.56986364
0.0033006186 	-0.032187525 	0.018084714 	0.5556339
0.003330566 	-0.030225827 	0.018732753 	0.54279763
0.0033600998 	-0.027565413 	0.019001264 	0.53084636
0.0033892257 	-0.024213449 	0.019031701 	0.51957538
0.0034179494 	-0.020269813 	0.018863831 	0.50901304
0.0034462763 	-0.015904806 	0.018450488 	0.49933255
0.003474212 	-0.011341411 	0.017680135 	0.4908152
0.0035017619 	-0.0068189192 	0.016402396 	0.48381668
0.0035289312 	-0.0025654207 	0.014446754 	0.47872744
0.0035557253 	0.001212759 	0.011632128 	0.47596507
0.0035821494 	0.0043262169 	0.0077861567 	0.47591094
0.0036082084 	0.0066154309 	0.0027755056 	0.47881297
0.0036339076 	0.007948676 	-0.0034445962 	0.48459208
0.0036592518 	0.0082200198 	-0.010774778 	0.49260331
0.003684246 	0.00744464 	-0.018938858 	0.50147878
0.003708895 	0.0057761942 	-0.027483974 	0.50909453
0.0037332035 	0.0034565656 	-0.035842088 	0.51276383
0.0037571763 	0.00080133051 	-0.043401718 	0.50966395
0.003780818 	-0.0018230349 	-0.04956315 	0.49734214
0.0038041332 	-0.0040504731 	-0.053755247 	0.47411243
0.0038271264 	-0.005571693 	-0.055461195 	0.43926006
0.0038498019 	-0.0061938868 	-0.05430037 	0.3931475
0.0038721643 	-0.0059093547 	-0.050167297 	0.33736523
0.0038942179 	-0.0049113637 	-0.043359105 	0.27481122
0.0039159668 	-0.0035293109 	-0.034551387 	0.20931527
0.0039374154 	-0.0021056563 	-0.024580999 	0.1446755
0.0039585677 	-0.00091117542 	-0.014226511 	0.083604762
0.0039794279 	-0.00013459613 	-0.0042625419 	0.027021798
0.004 	-0.00012905442 	0.00086567197 	0.016535782
