0 	0.042821769 	0.060966718 	1.0602669
2.0100503e-05 	0.042821769 	0.060966718 	1.0602669
4.0201005e-05 	0.042821769 	0.060966718 	1.0602669
6.0301508e-05 	0.064044299 	0.029882956 	1.0610055
8.040201e-05 	0.064044299 	0.029882956 	1.0610055
0.00010050251 	0.064044299 	0.029882956 	1.0610055
0.00012060302 	0.065053786 	0.015528186 	1.0618898
0.00014070352 	0.065053786 	0.015528186 	1.0618898
0.00016080402 	0.065053786 	0.015528186 	1.0618898
0.00018090452 	0.063366022 	0.0050494984 	1.0629921
0.00020100503 	0.063366022 	0.0050494984 	1.0629921
0.00022110553 	0.063366022 	0.0050494984 	1.0629921
0.00024120603 	0.061160831 	-0.0043977479 	1.0640997
0.00026130653 	0.061160831 	-0.0043977479 	1.0640997
0.00028140704 	0.059193313 	-0.013446896 	1.0647898
0.00030150754 	0.059193313 	-0.013446896 	1.0647898
0.00032160804 	0.059193313 	-0.013446896 	1.0647898
0.00034170854 	0.057803543 	-0.021930526 	1.0647746
0.00036180905 	0.057803543 	-0.021930526 	1.0647746
0.00038190955 	0.057803543 	-0.021930526 	1.0647746
0.00040201005 	0.057003884 	-0.029403471 	1.0641249
0.00042211055 	0.057003884 	-0.029403471 	1.0641249
0.00044221106 	0.057003884 	-0.029403471 	1.0641249
0.00046231156 	0.056566493 	-0.035579269 	1.0631948
0.00048241206 	0.056566493 	-0.035579269 	1.0631948
0.00050251256 	0.056206054 	-0.040498089 	1.0623575
0.00052261307 	0.056206054 	-0.040498089 	1.0623575
0.00054271357 	0.056206054 	-0.040498089 	1.0623575
0.00056281407 	0.055757977 	-0.044396472 	1.0617916
0.00058291457 	0.055757977 	-0.044396472 	1.0617916
0.00060301508 	0.055757977 	-0.044396472 	1.0617916
0.00062311558 	0.055212433 	-0.04751884 	1.0614663
0.00064321608 	0.045623286 	-0.04949587 	1.0544648
0.00066331658 	0.045623286 	-0.04949587 	1.0544648
0.00068341709 	0.044934524 	-0.051729581 	1.0531754
0.00070351759 	0.044934524 	-0.051729581 	1.0531754
0.00072361809 	0.044680534 	-0.053565994 	1.0523487
0.00074371859 	0.044680534 	-0.053565994 	1.0523487
0.0007638191 	0.044680534 	-0.053565994 	1.0523487
0.0007839196 	0.044711361 	-0.05484256 	1.0522765
0.0008040201 	0.044711361 	-0.05484256 	1.0522765
0.0008241206 	0.044711361 	-0.05484256 	1.0522765
0.00084422111 	0.044790187 	-0.055464669 	1.0531877
0.00086432161 	0.044790187 	-0.055464669 	1.0531877
0.00088442211 	0.044790187 	-0.055464669 	1.0531877
0.00090452261 	0.04467829 	-0.055492237 	1.0551833
0.00092462312 	0.04467829 	-0.055492237 	1.0551833
0.00094472362 	0.044235022 	-0.055068506 	1.0584063
0.00096482412 	0.044235022 	-0.055068506 	1.0584063
0.00098492462 	0.044235022 	-0.055068506 	1.0584063
0.0010050251 	0.049975796 	-0.053424407 	1.0676126
0.0010251256 	0.049975796 	-0.053424407 	1.0676126
0.0010452261 	0.049975796 	-0.053424407 	1.0676126
0.0010653266 	0.048288913 	-0.053046434 	1.0712227
0.0010854271 	0.048288913 	-0.053046434 	1.0712227
0.0011055276 	0.048288913 	-0.053046434 	1.0712227
0.0011256281 	0.046289598 	-0.053341549 	1.0753602
0.0011457286 	0.046289598 	-0.053341549 	1.0753602
0.0011658291 	0.046289598 	-0.053341549 	1.0753602
0.0011859296 	0.044183904 	-0.054701553 	1.0793962
0.0012060302 	0.044183904 	-0.054701553 	1.0793962
0.0012261307 	0.044183904 	-0.054701553 	1.0793962
0.0012462312 	0.04238046 	-0.057224288 	1.082104
0.0012663317 	0.04238046 	-0.057224288 	1.082104
0.0012864322 	0.04238046 	-0.057224288 	1.082104
0.0013065327 	0.041429681 	-0.060461681 	1.0819427
0.0013266332 	0.041429681 	-0.060461681 	1.0819427
0.0013467337 	0.041429681 	-0.060461681 	1.0819427
0.0013668342 	0.041672979 	-0.063437677 	1.0779666
0.0013869347 	0.041672979 	-0.063437677 	1.0779666
0.0014070352 	0.041672979 	-0.063437677 	1.0779666
0.0014271357 	0.042815626 	-0.064933681 	1.0708049
0.0014472362 	0.042815626 	-0.064933681 	1.0708049
0.0014673367 	0.042815626 	-0.064933681 	1.0708049
0.0014874372 	0.043943812 	-0.063979911 	1.0626274
0.0015075377 	0.043943812 	-0.063979911 	1.0626274
0.0015276382 	0.044009421 	-0.060242163 	1.0559245
0.0015477387 	0.044009421 	-0.060242163 	1.0559245
0.0015678392 	0.044009421 	-0.060242163 	1.0559245
0.0015879397 	0.042531338 	-0.053866631 	1.0520296
0.0016080402 	0.042531338 	-0.053866631 	1.0520296
0.0016281407 	0.042531338 	-0.053866631 	1.0520296
0.0016482412 	0.039909257 	-0.045291127 	1.050556
0.0016683417 	0.039909257 	-0.045291127 	1.050556
0.0016884422 	0.036841361 	-0.035257454 	1.0501611
0.0017085427 	0.036841361 	-0.035257454 	1.0501611
0.0017286432 	0.036841361 	-0.035257454 	1.0501611
0.0017487437 	0.033840943 	-0.024727666 	1.0495278
0.0017688442 	0.033840943 	-0.024727666 	1.0495278
0.0017889447 	0.033840943 	-0.024727666 	1.0495278
0.0018090452 	0.031163722 	-0.01469285 	1.0477778
0.0018291457 	0.031163722 	-0.01469285 	1.0477778
0.0018492462 	0.028770643 	-0.00606837 	1.0445674
0.0018693467 	0.028770643 	-0.00606837 	1.0445674
0.0018894472 	0.028770643 	-0.00606837 	1.0445674
0.0019095477 	0.026415402 	0.00019995645 	1.0399183
0.0019296482 	0.026415402 	0.00019995645 	1.0399183
0.0019497487 	0.023891272 	0.0031402026 	1.034116
0.0019698492 	0.023891272 	0.0031402026 	1.034116
0.0019899497 	0.021399362 	0.0017661732 	1.0274794
0.0020100503 	0.021399362 	0.0017661732 	1.0274794
0.0020301508 	0.021399362 	0.0017661732 	1.0274794
0.0020502513 	0.01952731 	-0.0046403564 	1.0199317
0.0020703518 	0.01952731 	-0.0046403564 	1.0199317
0.0020904523 	0.019145973 	-0.01603739 	1.0103801
0.0021105528 	0.019145973 	-0.01603739 	1.0103801
0.0021306533 	0.019145973 	-0.01603739 	1.0103801
0.0021507538 	0.021234471 	-0.031247144 	0.99665104
0.0021708543 	0.021234471 	-0.031247144 	0.99665104
0.0021909548 	0.02615936 	-0.047923189 	0.97686971
0.0022110553 	0.02615936 	-0.047923189 	0.97686971
0.0022311558 	0.033154882 	-0.063293674 	0.95146295
0.0022512563 	0.033154882 	-0.063293674 	0.95146295
0.0022713568 	0.040633608 	-0.075216659 	0.9233985
0.0022914573 	0.040633608 	-0.075216659 	0.9233985
0.0023115578 	0.040633608 	-0.075216659 	0.9233985
0.0023316583 	0.046950757 	-0.08270563 	0.89641376
0.0023517588 	0.046950757 	-0.08270563 	0.89641376
0.0023718593 	0.050957235 	-0.085753704 	0.87326609
0.0023919598 	0.050957235 	-0.085753704 	0.87326609
0.0024120603 	0.052124875 	-0.084862111 	0.85512999
0.0024321608 	0.052124875 	-0.084862111 	0.85512999
0.0024522613 	0.050491017 	-0.08068149 	0.84186074
0.0024723618 	0.050491017 	-0.08068149 	0.84186074
0.0024924623 	0.046528578 	-0.073804236 	0.83254147
0.0025125628 	0.046528578 	-0.073804236 	0.83254147
0.0025326633 	0.040904458 	-0.064756652 	0.82606675
0.0025527638 	0.040904458 	-0.064756652 	0.82606675
0.0025728643 	0.034328874 	-0.054108639 	0.82153989
0.0025929648 	0.034328874 	-0.054108639 	0.82153989
0.0026130653 	0.027471188 	-0.042517127 	0.81835377
0.0026331658 	0.027471188 	-0.042517127 	0.81835377
0.0026532663 	0.020892743 	-0.030701552 	0.81611791
0.0026733668 	0.020892743 	-0.030701552 	0.81611791
0.0026934673 	0.014988565 	-0.019336283 	0.8145581
0.0027135678 	0.014988565 	-0.019336283 	0.8145581
0.0027336683 	0.0099807532 	-0.0090123501 	0.81349512
0.0027537688 	0.0099807532 	-0.0090123501 	0.81349512
0.0027738693 	0.0059304451 	-0.00016945986 	0.81277506
0.0027939698 	0.0059304451 	-0.00016945986 	0.81277506
0.0028140704 	0.0028246181 	0.0069135411 	0.81226348
0.0028341709 	0.0028246181 	0.0069135411 	0.81226348
0.0028542714 	0.00054033783 	0.01214785 	0.81180781
0.0028743719 	-0.0011312937 	0.015613864 	0.81123347
0.0028944724 	-0.0011312937 	0.015613864 	0.81123347
0.0029145729 	-0.0023813843 	0.017532049 	0.8103403
0.0029346734 	-0.0023813843 	0.017532049 	0.8103403
0.0029547739 	-0.0033530489 	0.018232044 	0.80894403
0.0029748744 	-0.0033530489 	0.018232044 	0.80894403
0.0029949749 	-0.0041462949 	0.018109795 	0.80689477
0.0030150754 	-0.0048113031 	0.01757196 	0.80410037
0.0030351759 	-0.0048113031 	0.01757196 	0.80410037
0.0030552764 	-0.0053436413 	0.016988406 	0.80053532
0.0030753769 	-0.0053436413 	0.016988406 	0.80053532
0.0030954774 	-0.0056953245 	0.016648467 	0.79623932
0.0031155779 	-0.0057904907 	0.016732773 	0.79131174
0.0031356784 	-0.0057904907 	0.016732773 	0.79131174
0.0031557789 	-0.0055396161 	0.017299513 	0.7859034
0.0031758794 	-0.0055396161 	0.017299513 	0.7859034
0.0031959799 	-0.004859417 	0.01829868 	0.78019917
0.0032160804 	-0.0036951971 	0.019574935 	0.77440904
0.0032361809 	-0.0036951971 	0.019574935 	0.77440904
0.0032562814 	-0.0020384834 	0.020907553 	0.76875305
0.0032763819 	6.9471581e-05 	0.022047324 	0.763451
0.0032964824 	6.9471581e-05 	0.022047324 	0.763451
0.0033165829 	0.0025360005 	0.022758012 	0.75871655
0.0033366834 	0.0052279776 	0.022847668 	0.75474467
0.0033567839 	0.0052279776 	0.022847668 	0.75474467
0.0033768844 	0.0079926457 	0.022192098 	0.75169198
0.0033969849 	0.010675753 	0.020743267 	0.74965147
0.0034170854 	0.010675753 	0.020743267 	0.74965147
0.0034371859 	0.013144596 	0.018531277 	0.74863024
0.0034572864 	0.01530361 	0.015651192 	0.74854002
0.0034773869 	0.01710202 	0.01224734 	0.74920323
0.0034974874 	0.01710202 	0.01224734 	0.74920323
0.0035175879 	0.018531259 	0.008488567 	0.75038192
0.0035376884 	0.019616096 	0.0045492295 	0.75180493
0.0035577889 	0.0204016 	0.00058963437 	0.75319386
0.0035778894 	0.0204016 	0.00058963437 	0.75319386
0.0035979899 	0.020927476 	-0.0032568665 	0.75426624
0.0036180905 	0.021245605 	-0.006887841 	0.75469938
0.003638191 	0.021402708 	-0.010232185 	0.75409857
0.0036582915 	0.021402708 	-0.010232185 	0.75409857
0.003678392 	0.021394538 	-0.013234915 	0.75191347
0.0036984925 	0.021168899 	-0.015830227 	0.74737085
0.003718593 	0.020626361 	-0.017889411 	0.73940125
0.0037386935 	0.019632315 	-0.019145903 	0.7265717
0.003758794 	0.018063871 	-0.019123262 	0.70704359
0.0037788945 	0.018063871 	-0.019123262 	0.70704359
0.003798995 	0.015884945 	-0.017167516 	0.6786561
0.0038190955 	0.013235824 	-0.012728335 	0.63931612
0.003839196 	0.01040166 	-0.0058947783 	0.58778575
0.0038592965 	0.0076823991 	0.002239918 	0.52444463
0.003879397 	0.0053127425 	0.0098083031 	0.4514692
0.0038994975 	0.0034121704 	0.014958545 	0.37209029
0.003919598 	0.001990583 	0.016601976 	0.28943347
0.0039396985 	0.00099084983 	0.014642961 	0.20575319
0.003959799 	0.00034778748 	0.009786397 	0.12240513
0.0039798995 	2.8206585e-05 	0.0032750675 	0.040284148
0.004 	2.8206585e-05 	0.0032750675 	0.040284148
