0 	0.012712933 	-0.0087323163 	1.0800495
5.5555556e-05 	-0.0038576367 	0.016981327 	1.08419
0.00011111111 	-0.0091783938 	0.016452453 	1.0855586
0.00016666667 	-0.0130123 	0.015377138 	1.0860066
0.00022222222 	-0.015781286 	0.013796959 	1.0851373
0.00027777778 	-0.017427781 	0.011631539 	1.0825759
0.00033333333 	-0.017801344 	0.0087346518 	1.0780598
0.00038888889 	-0.016754678 	0.0049026057 	1.0715004
0.00044444444 	-0.014218872 	-5.6441044e-05 	1.0630079
0.0005 	-0.010305113 	-0.0062041804 	1.0528839
0.00055555556 	-0.0053925576 	-0.013356273 	1.0416123
0.00061111111 	-0.00011422399 	-0.021049381 	1.0298434
0.00066666667 	0.0047676664 	-0.028605703 	1.0183325
0.00072222222 	0.0085475458 	-0.035313202 	1.0078144
0.00077777778 	0.010764225 	-0.040619318 	0.99885211
0.00083333333 	0.011266524 	-0.044226783 	0.99174552
0.00088888889 	0.010181326 	-0.046127717 	0.98656063
0.00094444444 	0.0079746396 	-0.046618141 	0.98318357
0.001 	0.0045882047 	-0.045949883 	0.98136573
0.0010617451 	0.00012257362 	-0.044204445 	0.98147169
0.0011226367 	-0.0054928836 	-0.041481421 	0.98356231
0.0011826866 	-0.012498619 	-0.037586095 	0.98736341
0.0012419064 	-0.020714365 	-0.032703529 	0.99195039
0.0013003077 	-0.02931354 	-0.027785096 	0.9956057
0.0013579017 	-0.036957806 	-0.024390136 	0.99669057
0.0014146996 	-0.042208515 	-0.023903813 	0.99468355
0.0014707124 	-0.044295728 	-0.026467594 	0.99033267
0.0015259509 	-0.043578364 	-0.030870378 	0.98504482
0.001580426 	-0.041258494 	-0.03543685 	0.9801166
0.001634148 	-0.038898509 	-0.038862921 	0.97615337
0.0016871274 	-0.038160711 	-0.040313933 	0.97286723
0.0017393745 	-0.040499496 	-0.039272102 	0.96943491
0.0017908994 	-0.046745381 	-0.035803091 	0.96551275
0.0018417121 	-0.056887987 	-0.031223565 	0.96238595
0.0018918224 	-0.070049558 	-0.027579194 	0.96234649
0.0019412401 	-0.08471266 	-0.025517504 	0.96578127
0.0019899746 	-0.099163029 	-0.023385612 	0.97012037
0.0020380356 	-0.1118317 	-0.019673597 	0.97277909
0.0020854322 	-0.12171929 	-0.014833614 	0.97334667
0.0021321736 	-0.12838712 	-0.010005721 	0.97244765
0.002178269 	-0.13169901 	-0.0057973779 	0.97047241
0.0022237272 	-0.13193363 	-0.0024128045 	0.96761826
0.002268557 	-0.12950432 	-7.9972003e-06 	0.9640175
0.0023127672 	-0.12471764 	0.001420023 	0.95982866
0.0023563662 	-0.11804012 	0.0020219668 	0.95528863
0.0023993626 	-0.11003152 	0.0021289199 	0.95072761
0.0024417647 	-0.10129888 	0.0021579706 	0.94642705
0.0024835806 	-0.09236664 	0.0024787482 	0.94255486
0.0025248186 	-0.083676467 	0.0034016098 	0.93906609
0.0025654865 	-0.075502327 	0.0051305192 	0.93575302
0.0026055923 	-0.067902452 	0.0077636862 	0.93238329
0.0026451437 	-0.060742833 	0.011251227 	0.92882402
0.0026841484 	-0.053880681 	0.015341195 	0.92513855
0.002722614 	-0.047360705 	0.019640538 	0.92163137
0.0027605478 	-0.041263289 	0.023657773 	0.91873429
0.0027979573 	-0.035614596 	0.026980194 	0.91681007
0.0028348498 	-0.030478896 	0.029417995 	0.91577312
0.0028712322 	-0.026112404 	0.03151496 	0.91464385
0.0029071118 	-0.023183646 	0.034798412 	0.91208153
0.0029424953 	-0.022604021 	0.04006508 	0.90797957
0.0029773898 	-0.024781731 	0.045398744 	0.90343414
0.003011802 	-0.029135299 	0.047455702 	0.89879894
0.0030457385 	-0.034543073 	0.044763646 	0.89318228
0.0030792059 	-0.040118272 	0.038608226 	0.88583558
0.0031122107 	-0.045269641 	0.031199978 	0.87705237
0.0031447592 	-0.049563844 	0.023984145 	0.86753681
0.0031768579 	-0.052592463 	0.017504359 	0.85781151
0.0032085129 	-0.053985825 	0.011849886 	0.8481878
0.0032397303 	-0.053479671 	0.0069498183 	0.83887944
0.0032705162 	-0.050896622 	0.0027069238 	0.83006654
0.0033008765 	-0.046148246 	-0.00098847618 	0.82193368
0.0033308172 	-0.039271448 	-0.00416207 	0.81450667
0.0033603441 	-0.030548071 	-0.0068370158 	0.80781939
0.0033894627 	-0.020342319 	-0.0089958627 	0.80188289
0.0034181789 	-0.00892766 	-0.010643764 	0.79670713
0.0034464982 	0.0033734322 	-0.011822104 	0.79229546
0.003474426 	0.015925658 	-0.012589786 	0.78867871
0.0035019678 	0.028227763 	-0.013012673 	0.78590308
0.0035291288 	0.039917631 	-0.013140481 	0.78396574
0.0035559144 	0.050475936 	-0.012985543 	0.78286802
0.0035823298 	0.059513495 	-0.012500354 	0.78256205
0.0036083801 	0.066724193 	-0.01159795 	0.78291916
0.0036340702 	0.071931207 	-0.010163032 	0.78371993
0.0036594053 	0.075069425 	-0.0080867869 	0.78461276
0.0036843901 	0.076164641 	-0.0052879153 	0.78519605
0.0037090296 	0.075223181 	-0.0017428545 	0.78506251
0.0037333285 	0.07228312 	0.0025175552 	0.7838151
0.0037572915 	0.067490517 	0.0073430045 	0.78111321
0.0037809233 	0.06099372 	0.012379639 	0.77652716
0.0038042285 	0.053028786 	0.016882916 	0.76895955
0.0038272115 	0.044026586 	0.01939883 	0.75544472
0.0038498768 	0.034646943 	0.017763568 	0.72978875
0.0038722288 	0.025672312 	0.010199812 	0.68273169
0.0038942718 	0.017796139 	-0.0024650759 	0.60559055
0.0039160102 	0.01138551 	-0.015470593 	0.49646865
0.003937448 	0.0063868798 	-0.022396156 	0.36340293
0.0039585896 	0.0026751179 	-0.019575513 	0.21937289
0.0039794389 	0.00038332509 	-0.0078677951 	0.073504668
0.004 	-5.234459e-05 	-0.015741391 	0.065006309
