0 	-0.010511451 	0.028556481 	1.0298927
5.5555625e-05 	-0.019901187 	0.015037227 	1.030675
0.00011111111 	-0.017566425 	0.006416634 	1.0296225
0.00016666667 	-0.012500027 	-0.00063017232 	1.0268496
0.00022222222 	-0.0060462906 	-0.0068461753 	1.0225905
0.00027777778 	0.0011904614 	-0.012236826 	1.0172458
0.00033333333 	0.0087541967 	-0.016602425 	1.0113768
0.00038888889 	0.016269276 	-0.019687183 	1.0056402
0.00044444444 	0.023398826 	-0.021256731 	1.0006992
0.0005 	0.029840296 	-0.021171037 	0.99711331
0.00055555556 	0.03533398 	-0.019456945 	0.99522436
0.00061111111 	0.03971395 	-0.01634229 	0.99507395
0.00066666667 	0.042943232 	-0.012228239 	0.99639827
0.00072222222 	0.045136197 	-0.0076042217 	0.99869685
0.00077777778 	0.046517964 	-0.0029643017 	1.0013564
0.00083333333 	0.04736701 	0.0012998622 	1.0037783
0.00088888889 	0.047974634 	0.0049296618 	1.0054633
0.00094444444 	0.048561884 	0.0077985786 	1.0061164
0.001 	0.049298398 	0.009815581 	1.0054727
0.0010617451 	0.050514129 	0.010973892 	1.0034378
0.0011226367 	0.052082306 	0.011219225 	1.000424
0.0011826866 	0.053902091 	0.010720486 	0.99689415
0.0012419064 	0.055831667 	0.0096615479 	0.99327719
0.0013003077 	0.057702034 	0.0083113021 	0.98988214
0.0013579017 	0.059393539 	0.0069597782 	0.98691056
0.0014146996 	0.060815495 	0.0058961027 	0.98445744
0.0014707124 	0.061950265 	0.0053438021 	0.9825376
0.0015259509 	0.062821364 	0.0054420986 	0.98109503
0.001580426 	0.063458308 	0.0062065639 	0.98003451
0.001634148 	0.063901812 	0.0075626647 	0.9792433
0.0016871274 	0.064164677 	0.0093264577 	0.97862617
0.0017393745 	0.064234183 	0.011319706 	0.97811871
0.0017908994 	0.064088385 	0.013395102 	0.97769264
0.0018417121 	0.063741156 	0.015488522 	0.97735944
0.0018918224 	0.063263611 	0.017621965 	0.97718232
0.0019412401 	0.062773124 	0.019856904 	0.97726591
0.0019899746 	0.062433477 	0.022249663 	0.97774031
0.0020380356 	0.062422294 	0.024819585 	0.97873747
0.0020854322 	0.062884546 	0.027539357 	0.98035209
0.0021321736 	0.063892151 	0.030344598 	0.98261116
0.002178269 	0.065435119 	0.033157284 	0.98545071
0.0022237272 	0.067421381 	0.035903686 	0.9887114
0.002268557 	0.069695992 	0.038521085 	0.992158
0.0023127672 	0.072073138 	0.040951881 	0.99552017
0.0023563662 	0.074373774 	0.043136343 	0.99854193
0.0023993626 	0.076460308 	0.045017498 	1.001018
0.0024417647 	0.078257636 	0.046561746 	1.0028007
0.0024835806 	0.079749451 	0.047769932 	1.0038016
0.0025248186 	0.080948753 	0.048653275 	1.004036
0.0025654865 	0.08185463 	0.04919836 	1.0037158
0.0026055923 	0.08243304 	0.049360996 	1.0032857
0.0026451437 	0.082638562 	0.049123624 	1.0032613
0.0026841484 	0.082466827 	0.048545168 	1.0038494
0.002722614 	0.081998421 	0.047734203 	1.0045592
0.0027605478 	0.081393031 	0.046759553 	1.0041388
0.0027979573 	0.080830684 	0.045580623 	1.0010316
0.0028348498 	0.080442685 	0.04403306 	0.99419369
0.0028712322 	0.080267917 	0.04183374 	0.98380166
0.0029071118 	0.080266464 	0.038649014 	0.97132416
0.0029424953 	0.080357138 	0.034327572 	0.95868913
0.0029773898 	0.080558881 	0.029116693 	0.9468554
0.003011802 	0.081071178 	0.023468512 	0.93496876
0.0030457385 	0.082040549 	0.017580926 	0.92103512
0.0030792059 	0.083265551 	0.011276592 	0.90380916
0.0031122107 	0.084066417 	0.0042490973 	0.88409183
0.0031447592 	0.083672261 	-0.0038290629 	0.86442041
0.0031768579 	0.081577 	-0.013481274 	0.84768467
0.0032085129 	0.077584368 	-0.025351025 	0.83590183
0.0032397303 	0.07157785 	-0.039727016 	0.83017326
0.0032705162 	0.063238364 	-0.05637404 	0.83146518
0.0033008765 	0.052212311 	-0.075170137 	0.83991061
0.0033308172 	0.038592135 	-0.096569299 	0.85220786
0.0033603441 	0.023326255 	-0.12061677 	0.86057537
0.0033894627 	0.0081508957 	-0.14537277 	0.85626469
0.0034181789 	-0.0051390004 	-0.16687299 	0.83484651
0.0034464982 	-0.015295972 	-0.18097585 	0.79826312
0.003474426 	-0.021988103 	-0.18533547 	0.7530508
0.0035019678 	-0.02575848 	-0.17992212 	0.70708811
0.0035291288 	-0.027473644 	-0.16634567 	0.66670518
0.0035559144 	-0.027944158 	-0.14694982 	0.63515137
0.0035823298 	-0.027761667 	-0.124181 	0.61261638
0.0036083801 	-0.027284353 	-0.10024165 	0.59720018
0.0036340702 	-0.026683757 	-0.076921101 	0.58605415
0.0036594053 	-0.026005628 	-0.055536655 	0.57622301
0.0036843901 	-0.025219764 	-0.036945625 	0.5650916
0.0037090296 	-0.024269776 	-0.02160147 	0.55055164
0.0037333285 	-0.023064868 	-0.0095997855 	0.53106179
0.0037572915 	-0.021521873 	-0.00076909253 	0.5055761
0.0037809233 	-0.019646404 	0.0052952507 	0.47369442
0.0038042285 	-0.017510886 	0.0091011287 	0.43566111
0.0038272115 	-0.015183259 	0.011113297 	0.39226152
0.0038498768 	-0.012728675 	0.011638059 	0.34466457
0.0038722288 	-0.010201367 	0.010785406 	0.29415988
0.0038942718 	-0.0076531138 	0.0085795539 	0.24190825
0.0039160102 	-0.005177126 	0.0051762003 	0.18874762
0.003937448 	-0.0029364169 	0.0011312783 	0.135127
0.0039585896 	-0.0011648922 	-0.0023208013 	0.081191877
0.0039794389 	-0.00013772788 	-0.0029345147 	0.027056576
0.004 	-0.00011564817 	0.0022497894 	0.033394096
