0 	0.012712933 	-0.0087323163 	1.0800495
5.5555556e-05 	0.015511319 	-0.0023462457 	1.0837068
0.00011111111 	0.016158829 	-0.00071474231 	1.0868346
0.00016666667 	0.016856759 	-5.7403735e-05 	1.0897745
0.00022222222 	0.017765997 	0.00044789227 	1.0926358
0.00027777778 	0.018979139 	0.0011440749 	1.0952997
0.00033333333 	0.020593925 	0.0021946936 	1.0974499
0.00038888889 	0.022688301 	0.0036453133 	1.0986354
0.00044444444 	0.02527523 	0.0054289174 	1.0983696
0.0005 	0.028262994 	0.0073674983 	1.0962703
0.00055555556 	0.03141818 	0.0091960903 	1.0922313
0.00061111111 	0.034345036 	0.010582686 	1.0865577
0.00066666667 	0.036497437 	0.01117016 	1.0800112
0.00072222222 	0.037246864 	0.010659603 	1.0737057
0.00077777778 	0.035999277 	0.0088671601 	1.0688541
0.00083333333 	0.032338856 	0.0058268217 	1.0663956
0.00088888889 	0.02610796 	0.0018560566 	1.0666248
0.00094444444 	0.017650376 	-0.0024582998 	1.0688288
0.001 	0.0073576565 	-0.0065181568 	1.0714622
0.0010617199 	-0.0034969754 	-0.0089963251 	1.0708282
0.0011225874 	-0.012510639 	-0.0087972591 	1.0631452
0.0011826143 	-0.018490029 	-0.0055067059 	1.0470918
0.0012418122 	-0.021243979 	0.0004958844 	1.0248235
0.0013001926 	-0.021576156 	0.0080313907 	1.0003564
0.0013577668 	-0.020479944 	0.015833553 	0.97667821
0.0014145458 	-0.018728422 	0.023061104 	0.95484542
0.0014705407 	-0.016940496 	0.029377975 	0.93506498
0.0015257623 	-0.015654166 	0.034705081 	0.91768329
0.0015802213 	-0.015260368 	0.03901563 	0.90334481
0.0016339282 	-0.015920757 	0.042271732 	0.89254083
0.0016868934 	-0.017521225 	0.044499318 	0.88519195
0.0017391271 	-0.019732055 	0.045787123 	0.8805484
0.0017906395 	-0.022199344 	0.046244672 	0.87745024
0.0018414404 	-0.024671468 	0.045908539 	0.87470542
0.0018915398 	-0.026981177 	0.044770857 	0.87139323
0.0019409473 	-0.028978314 	0.042854791 	0.8671448
0.0019896725 	-0.030511483 	0.040400222 	0.86234479
0.0020377248 	-0.031487693 	0.037830165 	0.85787076
0.0020851134 	-0.031856054 	0.035579184 	0.85445612
0.0021318476 	-0.031655818 	0.033855494 	0.85233573
0.0021779364 	-0.031077258 	0.03264926 	0.85142322
0.0022233887 	-0.030386862 	0.031824259 	0.85155621
0.0022682133 	-0.029882668 	0.031228291 	0.85268833
0.0023124189 	-0.029842167 	0.030713568 	0.8549031
0.0023560139 	-0.030426527 	0.03013973 	0.85829137
0.0023990069 	-0.031668403 	0.029280358 	0.86278202
0.0024414062 	-0.033370778 	0.027771459 	0.86796875
0.0024832199 	-0.035197289 	0.025196799 	0.87315589
0.0025244562 	-0.036784285 	0.021256835 	0.87755373
0.002565123 	-0.037830226 	0.015981012 	0.88058038
0.0026052281 	-0.038177266 	0.0097430074 	0.8820019
0.0026447794 	-0.037821787 	0.0030587644 	0.88187992
0.0026837845 	-0.036916506 	-0.0036136601 	0.88043215
0.0027222509 	-0.035603304 	-0.0099592914 	0.87790812
0.0027601861 	-0.033957135 	-0.015853923 	0.87452747
0.0027975974 	-0.032053679 	-0.021300462 	0.87045501
0.002834492 	-0.029932207 	-0.02637914 	0.86580222
0.0028708772 	-0.027608136 	-0.031195039 	0.86062741
0.0029067598 	-0.025078728 	-0.035841083 	0.85496129
0.0029421469 	-0.022324166 	-0.04037488 	0.84883618
0.0029770452 	-0.019309135 	-0.044812116 	0.84230133
0.0030114616 	-0.015987956 	-0.049125969 	0.83542738
0.0030454028 	-0.012311882 	-0.053246464 	0.82830392
0.0030788752 	-0.0082417383 	-0.057060321 	0.8210393
0.0031118853 	-0.0037690514 	-0.060415266 	0.81377167
0.0031444395 	0.0010630952 	-0.063139352 	0.80668867
0.0031765442 	0.0061377123 	-0.065074767 	0.80004104
0.0032082055 	0.011273253 	-0.066105682 	0.79412992
0.0032394295 	0.016262959 	-0.06618792 	0.789257
0.0032702223 	0.020902677 	-0.06534287 	0.78565623
0.0033005899 	0.025027021 	-0.063645463 	0.78343209
0.0033305381 	0.028537241 	-0.061204902 	0.7825281
0.0033600727 	0.031401756 	-0.058150891 	0.78273454
0.0033891994 	0.033643161 	-0.054629342 	0.78372873
0.0034179239 	0.035315098 	-0.050802951 	0.78513498
0.0034462517 	0.036474522 	-0.046846717 	0.78659151
0.0034741882 	0.037154892 	-0.042929493 	0.78781366
0.003501739 	0.037339933 	-0.039184533 	0.78864625
0.0035289093 	0.036944091 	-0.035678841 	0.78910006
0.0035557043 	0.035803162 	-0.032383389 	0.789361
0.0035821293 	0.033699754 	-0.029135168 	0.78973557
0.0036081894 	0.030448202 	-0.025594778 	0.79048105
0.0036338895 	0.026012707 	-0.021240869 	0.79143743
0.0036592348 	0.020637732 	-0.015504184 	0.79152171
0.00368423 	0.01486721 	-0.0081061094 	0.78838998
0.00370888 	0.0094514306 	0.00053875583 	0.77876257
0.0037331896 	0.005084615 	0.0092287782 	0.75950355
0.0037571635 	0.0021316664 	0.016381104 	0.72890118
0.0037808063 	0.00051146516 	0.020757032 	0.68723968
0.0038041226 	-0.00014158948 	0.022029588 	0.63625193
0.0038271169 	-0.00025082849 	0.02079156 	0.57793692
0.0038497936 	-0.00016207964 	0.01805865 	0.51366469
0.0038721572 	-5.4065152e-05 	0.014726398 	0.44407707
0.0038942119 	2.6616046e-05 	0.011355265 	0.36958623
0.003915962 	8.0159932e-05 	0.0082745468 	0.29092681
0.0039374118 	0.00010254558 	0.0056944443 	0.20932019
0.0039585653 	8.7026713e-05 	0.0036020224 	0.12614551
0.0039794267 	2.8650381e-05 	0.0015343072 	0.042363661
0.004 	1.3139848e-05 	2.8589721e-05 	0.048006412
