0 	-0.047566663 	-0.0059660692 	0.96821505
5.5555556e-05 	-0.038983407 	-0.025346825 	0.96387063
0.00011111111 	-0.034508372 	-0.028260339 	0.95962149
0.00016666667 	-0.031629174 	-0.02799508 	0.95555404
0.00022222222 	-0.029184018 	-0.026468155 	0.95178654
0.00027777778 	-0.026748983 	-0.024242273 	0.9484555
0.00033333333 	-0.024143025 	-0.021584061 	0.94569528
0.00038888889 	-0.021283625 	-0.018685374 	0.94361125
0.00044444444 	-0.018149816 	-0.015731557 	0.9422619
0.0005 	-0.014763398 	-0.012887455 	0.9416474
0.00055555556 	-0.011182878 	-0.010316367 	0.94171651
0.00061111111 	-0.0075010696 	-0.0081394243 	0.94237789
0.00066666667 	-0.0038379721 	-0.0064369798 	0.94352548
0.00072222222 	-0.00032622623 	-0.005214385 	0.9450608
0.00077777778 	0.0029051162 	-0.004384562 	0.94690484
0.00083333333 	0.00577359 	-0.0037507546 	0.94898792
0.00088888889 	0.0082528814 	-0.003105291 	0.95123979
0.00094444444 	0.01035731 	-0.0022535079 	0.95361352
0.001 	0.01229502 	-0.0011749351 	0.95617183
0.0010617199 	0.014051246 	8.5323928e-05 	0.95905894
0.0011225874 	0.015512308 	0.0013581851 	0.96226126
0.0011826143 	0.01662719 	0.0026172284 	0.96589687
0.0012418122 	0.017375985 	0.0040537716 	0.9699487
0.0013001926 	0.017785086 	0.005960652 	0.97425016
0.0013577668 	0.017964609 	0.0086177885 	0.97854848
0.0014145458 	0.018029474 	0.012216326 	0.98257444
0.0014705407 	0.018082256 	0.016831666 	0.98611841
0.0015257623 	0.018241615 	0.02244937 	0.98910154
0.0015802213 	0.018658347 	0.028974178 	0.99161447
0.0016339282 	0.019481939 	0.036221595 	0.99385929
0.0016868934 	0.020797318 	0.043900033 	0.99600461
0.0017391271 	0.022609954 	0.051651304 	0.99803207
0.0017906395 	0.024868652 	0.059089528 	0.99964674
0.0018414404 	0.027498543 	0.06584523 	1.0003586
0.0018915398 	0.030400471 	0.071634897 	0.99972932
0.0019409473 	0.033470536 	0.076268614 	0.997588
0.0019896725 	0.036618089 	0.079631879 	0.9940942
0.0020377248 	0.039735869 	0.0816326 	0.98964523
0.0020851134 	0.042687737 	0.082208952 	0.98467469
0.0021318476 	0.045318326 	0.081396505 	0.97946132
0.0021779364 	0.047485621 	0.07938235 	0.97407384
0.0022233887 	0.049052102 	0.076468022 	0.96850167
0.0022682133 	0.049888163 	0.072963631 	0.96284869
0.0023124189 	0.04984247 	0.069068494 	0.95743158
0.0023560139 	0.048748241 	0.064772497 	0.95263354
0.0023990069 	0.04655014 	0.059767488 	0.94865764
0.0024414062 	0.043345374 	0.053398836 	0.94524206
0.0024832199 	0.039429501 	0.044831197 	0.94172954
0.0025244562 	0.035237074 	0.033504002 	0.93757423
0.002565123 	0.031091193 	0.019611441 	0.93280138
0.0026052281 	0.027195092 	0.0041597005 	0.92802254
0.0026447794 	0.023678934 	-0.01137556 	0.92388329
0.0026837845 	0.020658717 	-0.025603622 	0.92052545
0.0027222509 	0.018283803 	-0.037605763 	0.91741246
0.0027601861 	0.016689917 	-0.047055082 	0.91358264
0.0027975974 	0.015944912 	-0.054153069 	0.9081103
0.002834492 	0.015979556 	-0.059495169 	0.90057315
0.0028708772 	0.016555961 	-0.063840212 	0.89118335
0.0029067598 	0.017307205 	-0.067832168 	0.88047032
0.0029421469 	0.017889103 	-0.071685523 	0.86866504
0.0029770452 	0.018071355 	-0.074948354 	0.85531176
0.0030114616 	0.017685749 	-0.076584303 	0.83966084
0.0030454028 	0.016446303 	-0.075367095 	0.82178648
0.0030788752 	0.013794461 	-0.070327383 	0.80356281
0.0031118853 	0.0089674796 	-0.060904371 	0.7882999
0.0031444395 	0.0013460863 	-0.046938806 	0.77896241
0.0031765442 	-0.0091449313 	-0.028880369 	0.77659296
0.0032082055 	-0.021817768 	-0.0082051851 	0.78020605
0.0032394295 	-0.035266647 	0.012459604 	0.78713946
0.0032702223 	-0.04769792 	0.02983194 	0.79299797
0.0033005899 	-0.057372344 	0.040902391 	0.79210061
0.0033305381 	-0.063005602 	0.043741699 	0.77928117
0.0033600727 	-0.064133681 	0.038145083 	0.75223497
0.0033891994 	-0.061105417 	0.025856502 	0.71243496
0.0034179239 	-0.054889517 	0.010103934 	0.66439422
0.0034462517 	-0.046808714 	-0.0053445181 	0.61375361
0.0034741882 	-0.038306228 	-0.016940314 	0.56573632
0.003501739 	-0.030888375 	-0.02188628 	0.52436281
0.0035289093 	-0.025688101 	-0.018769073 	0.49135178
0.0035557043 	-0.022959013 	-0.0084536081 	0.4650494
0.0035821293 	-0.02221725 	0.0056737109 	0.44119163
0.0036081894 	-0.022635943 	0.019099931 	0.41624151
0.0036338895 	-0.02357167 	0.028402686 	0.39009532
0.0036592348 	-0.02475242 	0.032714243 	0.3648393
0.00368423 	-0.025921195 	0.033287955 	0.3420401
0.00370888 	-0.026682807 	0.031995177 	0.32150401
0.0037331896 	-0.026632396 	0.030196417 	0.30190816
0.0037571635 	-0.025534138 	0.028481798 	0.28189639
0.0037808063 	-0.023391253 	0.02698389 	0.26067957
0.0038041226 	-0.020412032 	0.0257109 	0.23805503
0.0038271169 	-0.016924077 	0.024670742 	0.2141548
0.0038497936 	-0.013280375 	0.023828929 	0.18917431
0.0038721572 	-0.0097870148 	0.023011881 	0.1632025
0.0038942119 	-0.0066658609 	0.021848663 	0.13618516
0.003915962 	-0.0040538917 	0.01980143 	0.10800811
0.0039374118 	-0.0020334255 	0.016296294 	0.078616266
0.0039585653 	-0.00066745312 	0.010954501 	0.048051658
0.0039794267 	-2.8236848e-05 	0.0039065463 	0.016384367
0.004 	-5.7541679e-05 	0.0063451985 	0.02367724
