0 	-0.028370237 	-0.057004249 	1.0511502
2.0100503e-05 	-0.055997393 	0.031435657 	1.0512661
4.0201005e-05 	-0.055997393 	0.031435657 	1.0512661
6.0301508e-05 	-0.033534963 	0.055006635 	1.0520346
8.040201e-05 	-0.033534963 	0.055006635 	1.0520346
0.00010050251 	-0.033534963 	0.055006635 	1.0520346
0.00012060302 	-0.023673059 	0.05973665 	1.0535093
0.00014070352 	-0.023673059 	0.05973665 	1.0535093
0.00016080402 	-0.023673059 	0.05973665 	1.0535093
0.00018090452 	-0.017541026 	0.061213799 	1.0556366
0.00020100503 	-0.017541026 	0.061213799 	1.0556366
0.00022110553 	-0.017541026 	0.061213799 	1.0556366
0.00024120603 	-0.012975686 	0.061287061 	1.0582927
0.00026130653 	-0.012975686 	0.061287061 	1.0582927
0.00028140704 	-0.0093119177 	0.060401159 	1.0613164
0.00030150754 	-0.0093119177 	0.060401159 	1.0613164
0.00032160804 	-0.0093119177 	0.060401159 	1.0613164
0.00034170854 	-0.0062658876 	0.058725278 	1.0645349
0.00036180905 	-0.0062658876 	0.058725278 	1.0645349
0.00038190955 	-0.0062658876 	0.058725278 	1.0645349
0.00040201005 	-0.0036663029 	0.056356814 	1.0677697
0.00042211055 	-0.0036663029 	0.056356814 	1.0677697
0.00044221106 	-0.0036663029 	0.056356814 	1.0677697
0.00046231156 	-0.0013886145 	0.053383479 	1.0708321
0.00048241206 	-0.0013886145 	0.053383479 	1.0708321
0.00050251256 	0.00066809511 	0.049902495 	1.0735245
0.00052261307 	0.00066809511 	0.049902495 	1.0735245
0.00054271357 	0.00066809511 	0.049902495 	1.0735245
0.00056281407 	0.0025845434 	0.046019113 	1.0756509
0.00058291457 	0.0025845434 	0.046019113 	1.0756509
0.00060301508 	0.0025845434 	0.046019113 	1.0756509
0.00062311558 	0.0044251873 	0.041831427 	1.0770638
0.00064321608 	0.0044251873 	0.041831427 	1.0770638
0.00066331658 	0.0044251873 	0.041831427 	1.0770638
0.00068341709 	0.0062229079 	0.037422626 	1.0776901
0.00070351759 	0.0062229079 	0.037422626 	1.0776901
0.00072361809 	0.0079660436 	0.032846321 	1.0775629
0.00074371859 	0.0079660436 	0.032846321 	1.0775629
0.0007638191 	0.0079660436 	0.032846321 	1.0775629
0.0007839196 	0.0095879396 	0.028141862 	1.0768034
0.0008040201 	0.0095879396 	0.028141862 	1.0768034
0.0008241206 	0.0095879396 	0.028141862 	1.0768034
0.00084422111 	0.011013893 	0.023351625 	1.0755479
0.00086432161 	0.011013893 	0.023351625 	1.0755479
0.00088442211 	0.011013893 	0.023351625 	1.0755479
0.00090452261 	0.010381511 	0.019293699 	1.0662428
0.00092462312 	0.010381511 	0.019293699 	1.0662428
0.00094472362 	0.0099827324 	0.0138947 	1.0652471
0.00096482412 	0.0099827324 	0.0138947 	1.0652471
0.00098492462 	0.012817878 	0.013687714 	1.071956
0.0010050251 	0.013113921 	0.0084981775 	1.0697272
0.0010251256 	0.013113921 	0.0084981775 	1.0697272
0.0010452261 	0.013113921 	0.0084981775 	1.0697272
0.0010653266 	0.013117495 	0.0030112241 	1.0671909
0.0010854271 	0.013117495 	0.0030112241 	1.0671909
0.0011055276 	0.0082065576 	0.0020482509 	1.0622592
0.0011256281 	0.0069930513 	-0.0040439792 	1.0605622
0.0011457286 	0.0069930513 	-0.0040439792 	1.0605622
0.0011658291 	0.012842937 	-0.0026606903 	1.0646785
0.0011859296 	0.01240742 	-0.0086485475 	1.0621224
0.0012060302 	0.01240742 	-0.0086485475 	1.0621224
0.0012261307 	0.01240742 	-0.0086485475 	1.0621224
0.0012462312 	0.011827494 	-0.014966152 	1.0590862
0.0012663317 	0.011827494 	-0.014966152 	1.0590862
0.0012864322 	0.011827494 	-0.014966152 	1.0590862
0.0013065327 	0.011082021 	-0.021537822 	1.0549913
0.0013266332 	0.0010523866 	-0.022034585 	1.0500005
0.0013467337 	0.0010523866 	-0.022034585 	1.0500005
0.0013668342 	-0.002236153 	-0.027889539 	1.0426804
0.0013869347 	-0.002236153 	-0.027889539 	1.0426804
0.0014070352 	-0.002236153 	-0.027889539 	1.0426804
0.0014271357 	0.0086372416 	-0.035042166 	1.0422103
0.0014472362 	0.0086372416 	-0.035042166 	1.0422103
0.0014673367 	0.0086372416 	-0.035042166 	1.0422103
0.0014874372 	0.0067054934 	-0.041582413 	1.033381
0.0015075377 	-0.011028419 	-0.038565991 	1.0209488
0.0015276382 	-0.015942198 	-0.042865883 	1.0078094
0.0015477387 	0.0042393263 	-0.047532361 	1.0233047
0.0015678392 	0.0042393263 	-0.047532361 	1.0233047
0.0015879397 	0.0013698784 	-0.052610138 	1.0128275
0.0016080402 	0.0013698784 	-0.052610138 	1.0128275
0.0016281407 	-0.020552403 	-0.046570926 	0.99538936
0.0016482412 	-0.02441392 	-0.050120052 	0.98545499
0.0016683417 	-0.0016297896 	-0.05678134 	1.0031106
0.0016884422 	-0.0043682185 	-0.060246351 	0.99518864
0.0017085427 	-0.0043682185 	-0.060246351 	0.99518864
0.0017286432 	-0.0043682185 	-0.060246351 	0.99518864
0.0017487437 	-0.0064344367 	-0.063298385 	0.98956302
0.0017688442 	-0.0064344367 	-0.063298385 	0.98956302
0.0017889447 	-0.0064344367 	-0.063298385 	0.98956302
0.0018090452 	-0.0075119542 	-0.06619801 	0.98616434
0.0018291457 	-0.0075119542 	-0.06619801 	0.98616434
0.0018492462 	-0.0074066526 	-0.069083654 	0.98457425
0.0018693467 	-0.0074066526 	-0.069083654 	0.98457425
0.0018894472 	-0.0074066526 	-0.069083654 	0.98457425
0.0019095477 	-0.0060692621 	-0.071946497 	0.98429647
0.0019296482 	-0.0060692621 	-0.071946497 	0.98429647
0.0019497487 	-0.0035686155 	-0.074663876 	0.98493748
0.0019698492 	-0.0035686155 	-0.074663876 	0.98493748
0.0019899497 	-2.7373765e-05 	-0.077024852 	0.98626112
0.0020100503 	-2.7373765e-05 	-0.077024852 	0.98626112
0.0020301508 	-2.7373765e-05 	-0.077024852 	0.98626112
0.0020502513 	0.0043826322 	-0.078789223 	0.98816561
0.0020703518 	0.0043826322 	-0.078789223 	0.98816561
0.0020904523 	0.0094740909 	-0.079725341 	0.99061633
0.0021105528 	0.0094740909 	-0.079725341 	0.99061633
0.0021306533 	0.0094740909 	-0.079725341 	0.99061633
0.0021507538 	0.015101484 	-0.079683898 	0.99356984
0.0021708543 	0.015101484 	-0.079683898 	0.99356984
0.0021909548 	0.021127428 	-0.078628272 	0.99698979
0.0022110553 	0.021127428 	-0.078628272 	0.99698979
0.0022311558 	0.027386884 	-0.076682753 	1.0007957
0.0022512563 	0.027386884 	-0.076682753 	1.0007957
0.0022713568 	0.033706947 	-0.07409557 	1.0048786
0.0022914573 	0.033706947 	-0.07409557 	1.0048786
0.0023115578 	0.033706947 	-0.07409557 	1.0048786
0.0023316583 	0.039868911 	-0.071186144 	1.0090752
0.0023517588 	0.039868911 	-0.071186144 	1.0090752
0.0023718593 	0.045609017 	-0.068287684 	1.0132017
0.0023919598 	0.045609017 	-0.068287684 	1.0132017
0.0024120603 	0.050688401 	-0.065705015 	1.0170426
0.0024321608 	0.050688401 	-0.065705015 	1.0170426
0.0024522613 	0.054896892 	-0.063648405 	1.020457
0.0024723618 	0.054896892 	-0.063648405 	1.020457
0.0024924623 	0.058079021 	-0.062260593 	1.0234528
0.0025125628 	0.058079021 	-0.062260593 	1.0234528
0.0025326633 	0.060145628 	-0.061636361 	1.0260928
0.0025527638 	0.060145628 	-0.061636361 	1.0260928
0.0025728643 	0.06115914 	-0.061877092 	1.0285343
0.0025929648 	0.06115914 	-0.061877092 	1.0285343
0.0026130653 	0.061230748 	-0.063072553 	1.0307615
0.0026331658 	0.061230748 	-0.063072553 	1.0307615
0.0026532663 	0.060605427 	-0.065304529 	1.032607
0.0026733668 	0.060605427 	-0.065304529 	1.032607
0.0026934673 	0.059599649 	-0.068579874 	1.0336281
0.0027135678 	0.059599649 	-0.068579874 	1.0336281
0.0027336683 	0.05851357 	-0.072798998 	1.0330647
0.0027537688 	0.05851357 	-0.072798998 	1.0330647
0.0027738693 	0.057613352 	-0.077824568 	1.030004
0.0027939698 	0.057613352 	-0.077824568 	1.030004
0.0028140704 	0.05707817 	-0.083648387 	1.023728
0.0028341709 	0.05707817 	-0.083648387 	1.023728
0.0028542714 	0.056954273 	-0.090585178 	1.0142142
0.0028743719 	0.057134246 	-0.098889562 	1.0022705
0.0028944724 	0.057134246 	-0.098889562 	1.0022705
0.0029145729 	0.057353329 	-0.10784477 	0.98902045
0.0029346734 	0.057353329 	-0.10784477 	0.98902045
0.0029547739 	0.057357898 	-0.11539703 	0.97504087
0.0029748744 	0.057357898 	-0.11539703 	0.97504087
0.0029949749 	0.056930514 	-0.11899052 	0.95982545
0.0030150754 	0.055788738 	-0.1167137 	0.94208651
0.0030351759 	0.055788738 	-0.1167137 	0.94208651
0.0030552764 	0.053559125 	-0.10763855 	0.92104189
0.0030753769 	0.053559125 	-0.10763855 	0.92104189
0.0030954774 	0.04967494 	-0.091475561 	0.89789643
0.0031155779 	0.043481341 	-0.068432744 	0.8762432
0.0031356784 	0.043481341 	-0.068432744 	0.8762432
0.0031557789 	0.034521596 	-0.039329909 	0.86038605
0.0031758794 	0.034521596 	-0.039329909 	0.86038605
0.0031959799 	0.022909254 	-0.0060299035 	0.85277701
0.0032160804 	0.0093834246 	0.028658822 	0.85216212
0.0032361809 	0.0093834246 	0.028658822 	0.85216212
0.0032562814 	-0.0045758296 	0.061216511 	0.85391332
0.0032763819 	-0.016845256 	0.087906852 	0.85188032
0.0032964824 	-0.016845256 	0.087906852 	0.85188032
0.0033165829 	-0.025223294 	0.10525238 	0.84051646
0.0033366834 	-0.028159726 	0.11064745 	0.81612446
0.0033567839 	-0.028159726 	0.11064745 	0.81612446
0.0033768844 	-0.025211526 	0.10319661 	0.77774725
0.0033969849 	-0.017250168 	0.084504033 	0.72764361
0.0034170854 	-0.017250168 	0.084504033 	0.72764361
0.0034371859 	-0.006324125 	0.058797322 	0.6711028
0.0034572864 	0.004831775 	0.031981558 	0.61520595
0.0034773869 	0.013660955 	0.0099470119 	0.56686323
0.0034974874 	0.013660955 	0.0099470119 	0.56686323
0.0035175879 	0.018543122 	-0.0031062359 	0.53081576
0.0035376884 	0.019001102 	-0.0056001136 	0.50834307
0.0035577889 	0.015565088 	0.0013835646 	0.49720346
0.0035778894 	0.015565088 	0.0013835646 	0.49720346
0.0035979899 	0.0094392867 	0.014937885 	0.49268591
0.0036180905 	0.0021745534 	0.03146172 	0.48932875
0.003638191 	-0.0047393097 	0.047763253 	0.48236936
0.0036582915 	-0.0047393097 	0.047763253 	0.48236936
0.003678392 	-0.010156642 	0.061509795 	0.46877139
0.0036984925 	-0.013512871 	0.071202996 	0.44748271
0.003718593 	-0.014821968 	0.076176443 	0.41907692
0.0037386935 	-0.014467161 	0.076604659 	0.38509833
0.003758794 	-0.012978323 	0.073358314 	0.34751618
0.0037788945 	-0.012978323 	0.073358314 	0.34751618
0.003798995 	-0.010885038 	0.067656105 	0.30843046
0.0038190955 	-0.0086327587 	0.060677841 	0.26980853
0.003839196 	-0.0065309403 	0.053322463 	0.23307331
0.0038592965 	-0.0047373207 	0.046153726 	0.19874571
0.003879397 	-0.0032876113 	0.039441575 	0.16644545
0.0038994975 	-0.0021521739 	0.033207286 	0.13525697
0.003919598 	-0.0012865568 	0.027238726 	0.1042332
0.0039396985 	-0.00065788961 	0.021083994 	0.072866888
0.003959799 	-0.0002475511 	0.014059422 	0.041545522
0.0039798995 	-3.12881e-05 	0.005371071 	0.012075051
0.004 	-3.12881e-05 	0.005371071 	0.012075051
