0 	0.049934576 	0.054789832 	1.0861443
2.0100503e-05 	0.049934576 	0.054789832 	1.0861443
4.0201005e-05 	0.049934576 	0.054789832 	1.0861443
6.0301508e-05 	0.012800204 	0.070435219 	1.0887272
8.040201e-05 	0.012800204 	0.070435219 	1.0887272
0.00010050251 	0.012800204 	0.070435219 	1.0887272
0.00012060302 	-0.0019628189 	0.067507759 	1.0920543
0.00014070352 	-0.0019628189 	0.067507759 	1.0920543
0.00016080402 	-0.0019628189 	0.067507759 	1.0920543
0.00018090452 	-0.0098637146 	0.06125617 	1.0955197
0.00020100503 	-0.0098637146 	0.06125617 	1.0955197
0.00022110553 	-0.0098637146 	0.06125617 	1.0955197
0.00024120603 	-0.020234781 	0.048577529 	1.1017101
0.00026130653 	-0.020234781 	0.048577529 	1.1017101
0.00028140704 	-0.019788753 	0.042074005 	1.1037223
0.00030150754 	-0.019788753 	0.042074005 	1.1037223
0.00032160804 	-0.019788753 	0.042074005 	1.1037223
0.00034170854 	-0.019344477 	0.036240524 	1.103017
0.00036180905 	-0.019344477 	0.036240524 	1.103017
0.00038190955 	-0.019344477 	0.036240524 	1.103017
0.00040201005 	-0.019801695 	0.035800954 	1.0919948
0.00042211055 	-0.019801695 	0.035800954 	1.0919948
0.00044221106 	-0.019801695 	0.035800954 	1.0919948
0.00046231156 	-0.020828491 	0.034068268 	1.0851029
0.00048241206 	-0.020828491 	0.034068268 	1.0851029
0.00050251256 	-0.021515762 	0.03465664 	1.0772009
0.00052261307 	-0.021515762 	0.03465664 	1.0772009
0.00054271357 	-0.021515762 	0.03465664 	1.0772009
0.00056281407 	-0.021581471 	0.036679537 	1.070119
0.00058291457 	-0.021581471 	0.036679537 	1.070119
0.00060301508 	-0.019875637 	0.032496841 	1.0743085
0.00062311558 	-0.019318464 	0.034970731 	1.0679245
0.00064321608 	-0.019318464 	0.034970731 	1.0679245
0.00066331658 	-0.019318464 	0.034970731 	1.0679245
0.00068341709 	-0.019356993 	0.03957833 	1.0650974
0.00070351759 	-0.019356993 	0.03957833 	1.0650974
0.00072361809 	-0.017888849 	0.038900757 	1.0671622
0.00074371859 	-0.017888849 	0.038900757 	1.0671622
0.0007638191 	-0.017888849 	0.038900757 	1.0671622
0.0007839196 	-0.01702604 	0.037628189 	1.0695666
0.0008040201 	-0.01702604 	0.037628189 	1.0695666
0.0008241206 	-0.01702604 	0.037628189 	1.0695666
0.00084422111 	-0.016948771 	0.037031679 	1.0700186
0.00086432161 	-0.016948771 	0.037031679 	1.0700186
0.00088442211 	-0.016948771 	0.037031679 	1.0700186
0.00090452261 	-0.01725501 	0.037838818 	1.067493
0.00092462312 	-0.01725501 	0.037838818 	1.067493
0.00094472362 	-0.017314075 	0.039937714 	1.0623803
0.00096482412 	-0.017314075 	0.039937714 	1.0623803
0.00098492462 	-0.017314075 	0.039937714 	1.0623803
0.0010050251 	-0.018478226 	0.040270847 	1.0520373
0.0010251256 	-0.018478226 	0.040270847 	1.0520373
0.0010452261 	-0.018478226 	0.040270847 	1.0520373
0.0010653266 	-0.018096213 	0.043525291 	1.0439825
0.0010854271 	-0.018096213 	0.043525291 	1.0439825
0.0011055276 	-0.018096213 	0.043525291 	1.0439825
0.0011256281 	-0.01668047 	0.046369184 	1.0363065
0.0011457286 	-0.01668047 	0.046369184 	1.0363065
0.0011658291 	-0.01668047 	0.046369184 	1.0363065
0.0011859296 	-0.01423866 	0.049144492 	1.0280983
0.0012060302 	-0.01423866 	0.049144492 	1.0280983
0.0012261307 	-0.01423866 	0.049144492 	1.0280983
0.0012462312 	-0.010942339 	0.051939365 	1.0182825
0.0012663317 	-0.010942339 	0.051939365 	1.0182825
0.0012864322 	-0.010942339 	0.051939365 	1.0182825
0.0013065327 	-0.0073852266 	0.054208503 	1.0071156
0.0013266332 	-0.0073852266 	0.054208503 	1.0071156
0.0013467337 	-0.0073852266 	0.054208503 	1.0071156
0.0013668342 	-0.0045584638 	0.054957073 	0.99678775
0.0013869347 	-0.0045584638 	0.054957073 	0.99678775
0.0014070352 	-0.0045584638 	0.054957073 	0.99678775
0.0014271357 	-0.0030933102 	0.053654109 	0.98890926
0.0014472362 	-0.0030933102 	0.053654109 	0.98890926
0.0014673367 	-0.0030933102 	0.053654109 	0.98890926
0.0014874372 	-0.0022576837 	0.050681733 	0.98068027
0.0015075377 	-0.0022576837 	0.050681733 	0.98068027
0.0015276382 	-0.00087756069 	0.046530407 	0.96781247
0.0015477387 	-0.00087756069 	0.046530407 	0.96781247
0.0015678392 	-0.00087756069 	0.046530407 	0.96781247
0.0015879397 	-0.00012768118 	0.040427641 	0.95338579
0.0016080402 	-0.00012768118 	0.040427641 	0.95338579
0.0016281407 	-0.00012768118 	0.040427641 	0.95338579
0.0016482412 	-0.0036538412 	0.030584571 	0.94803944
0.0016683417 	-0.0036538412 	0.030584571 	0.94803944
0.0016884422 	-0.013288902 	0.017370527 	0.95581514
0.0017085427 	-0.013288902 	0.017370527 	0.95581514
0.0017286432 	-0.013288902 	0.017370527 	0.95581514
0.0017487437 	-0.025365914 	0.0050010549 	0.96363645
0.0017688442 	-0.025365914 	0.0050010549 	0.96363645
0.0017889447 	-0.025365914 	0.0050010549 	0.96363645
0.0018090452 	-0.032461154 	-0.0012578011 	0.94953859
0.0018291457 	-0.032461154 	-0.0012578011 	0.94953859
0.0018492462 	-0.032989305 	-0.0012667633 	0.91121506
0.0018693467 	-0.032989305 	-0.0012667633 	0.91121506
0.0018894472 	-0.032989305 	-0.0012667633 	0.91121506
0.0019095477 	-0.033270956 	0.00055576379 	0.86945032
0.0019296482 	-0.033270956 	0.00055576379 	0.86945032
0.0019497487 	-0.037574019 	0.0011339665 	0.83656059
0.0019698492 	-0.037574019 	0.0011339665 	0.83656059
0.0019899497 	-0.04619677 	-0.00048976139 	0.81432117
0.0020100503 	-0.04619677 	-0.00048976139 	0.81432117
0.0020301508 	-0.04619677 	-0.00048976139 	0.81432117
0.0020502513 	-0.057392668 	-0.0039105733 	0.80142692
0.0020703518 	-0.057392668 	-0.0039105733 	0.80142692
0.0020904523 	-0.068845709 	-0.0078896025 	0.79493349
0.0021105528 	-0.068845709 	-0.0078896025 	0.79493349
0.0021306533 	-0.068845709 	-0.0078896025 	0.79493349
0.0021507538 	-0.07893853 	-0.011255682 	0.79162957
0.0021708543 	-0.07893853 	-0.011255682 	0.79162957
0.0021909548 	-0.087045543 	-0.013479899 	0.78958461
0.0022110553 	-0.087045543 	-0.013479899 	0.78958461
0.0022311558 	-0.092982789 	-0.014578882 	0.78813109
0.0022512563 	-0.092982789 	-0.014578882 	0.78813109
0.0022713568 	-0.096743778 	-0.014914537 	0.78711003
0.0022914573 	-0.096743778 	-0.014914537 	0.78711003
0.0023115578 	-0.096743778 	-0.014914537 	0.78711003
0.0023316583 	-0.09843407 	-0.014858276 	0.7864721
0.0023517588 	-0.09843407 	-0.014858276 	0.7864721
0.0023718593 	-0.098216859 	-0.014776634 	0.78615739
0.0023919598 	-0.098216859 	-0.014776634 	0.78615739
0.0024120603 	-0.09630296 	-0.014912017 	0.78608857
0.0024321608 	-0.09630296 	-0.014912017 	0.78608857
0.0024522613 	-0.09292907 	-0.015395598 	0.78618096
0.0024723618 	-0.09292907 	-0.015395598 	0.78618096
0.0024924623 	-0.088343421 	-0.016271405 	0.78635502
0.0025125628 	-0.088343421 	-0.016271405 	0.78635502
0.0025326633 	-0.082794437 	-0.01749585 	0.78653862
0.0025527638 	-0.082794437 	-0.01749585 	0.78653862
0.0025728643 	-0.076497123 	-0.018991366 	0.78668781
0.0025929648 	-0.076497123 	-0.018991366 	0.78668781
0.0026130653 	-0.069638939 	-0.020660207 	0.78675348
0.0026331658 	-0.069638939 	-0.020660207 	0.78675348
0.0026532663 	-0.062384653 	-0.022424118 	0.78669921
0.0026733668 	-0.062384653 	-0.022424118 	0.78669921
0.0026934673 	-0.054857092 	-0.02424302 	0.78647953
0.0027135678 	-0.054857092 	-0.02424302 	0.78647953
0.0027336683 	-0.047119132 	-0.026101351 	0.78605106
0.0027537688 	-0.047119132 	-0.026101351 	0.78605106
0.0027738693 	-0.039179776 	-0.027998304 	0.78537263
0.0027939698 	-0.039179776 	-0.027998304 	0.78537263
0.0028140704 	-0.030989228 	-0.0299134 	0.78442713
0.0028341709 	-0.030989228 	-0.0299134 	0.78442713
0.0028542714 	-0.022457769 	-0.031758229 	0.78321379
0.0028743719 	-0.013529201 	-0.033367313 	0.78178974
0.0028944724 	-0.013529201 	-0.033367313 	0.78178974
0.0029145729 	-0.0042120498 	-0.034479116 	0.780284
0.0029346734 	-0.0042120498 	-0.034479116 	0.780284
0.0029547739 	0.0053688024 	-0.034803021 	0.77886912
0.0029748744 	0.0053688024 	-0.034803021 	0.77886912
0.0029949749 	0.014992003 	-0.034062222 	0.77777077
0.0030150754 	0.024367664 	-0.032109325 	0.77719517
0.0030351759 	0.024367664 	-0.032109325 	0.77719517
0.0030552764 	0.033153961 	-0.028941553 	0.77724826
0.0030753769 	0.033153961 	-0.028941553 	0.77724826
0.0030954774 	0.041068604 	-0.024723144 	0.77791684
0.0031155779 	0.047919808 	-0.019665699 	0.7790665
0.0031356784 	0.047919808 	-0.019665699 	0.7790665
0.0031557789 	0.053599073 	-0.014020189 	0.7804831
0.0031758794 	0.053599073 	-0.014020189 	0.7804831
0.0031959799 	0.058054877 	-0.0080412632 	0.78193113
0.0032160804 	0.061284893 	-0.0019756393 	0.78319055
0.0032361809 	0.061284893 	-0.0019756393 	0.78319055
0.0032562814 	0.063312365 	0.003931724 	0.78409621
0.0032763819 	0.064174412 	0.0094358447 	0.78455117
0.0032964824 	0.064174412 	0.0094358447 	0.78455117
0.0033165829 	0.063922947 	0.014297043 	0.78453714
0.0033366834 	0.062633843 	0.01830519 	0.78410189
0.0033567839 	0.062633843 	0.01830519 	0.78410189
0.0033768844 	0.060422052 	0.021286826 	0.78335021
0.0033969849 	0.057459144 	0.023123682 	0.78243125
0.0034170854 	0.057459144 	0.023123682 	0.78243125
0.0034371859 	0.053937027 	0.023771629 	0.78150497
0.0034572864 	0.050067759 	0.023256664 	0.78072223
0.0034773869 	0.046071364 	0.02165928 	0.78021701
0.0034974874 	0.046071364 	0.02165928 	0.78021701
0.0035175879 	0.042150796 	0.019086199 	0.78009301
0.0035376884 	0.038482912 	0.015658191 	0.78040466
0.0035577889 	0.035201701 	0.011516913 	0.78111565
0.0035778894 	0.035201701 	0.011516913 	0.78111565
0.0035979899 	0.032375104 	0.0068574506 	0.78201649
0.0036180905 	0.030018432 	0.0019733712 	0.78265814
0.003638191 	0.028075955 	-0.0027248119 	0.7823542
0.0036582915 	0.028075955 	-0.0027248119 	0.7823542
0.003678392 	0.026412434 	-0.0067606184 	0.7802465
0.0036984925 	0.024851435 	-0.0096835478 	0.77540141
0.003718593 	0.023208875 	-0.011176759 	0.76684281
0.0037386935 	0.021338654 	-0.011156766 	0.75344688
0.003758794 	0.01917056 	-0.0098471556 	0.7337455
0.0037788945 	0.01917056 	-0.0098471556 	0.7337455
0.003798995 	0.016734191 	-0.0078081069 	0.70583173
0.0038190955 	0.014149671 	-0.0058511526 	0.66766874
0.003839196 	0.0115684 	-0.004759377 	0.61779411
0.0038592965 	0.009117869 	-0.0048902101 	0.55602768
0.003879397 	0.0068632646 	-0.0059267293 	0.48362232
0.0038994975 	0.0048256241 	-0.0070202108 	0.40277776
0.003919598 	0.0030385425 	-0.0072671679 	0.31601271
0.0039396985 	0.0015761465 	-0.006190612 	0.22583269
0.003959799 	0.00054063878 	-0.0039400612 	0.13461759
0.0039798995 	3.4455615e-05 	-0.0011882047 	0.044382723
0.004 	3.4455615e-05 	-0.0011882047 	0.044382723
