0 	-0.0010119547 	0.0081817564 	0.92189659
2.0100503e-05 	0.0073116499 	0.00088985018 	0.9242389
4.0201005e-05 	0.0073116499 	0.00088985018 	0.9242389
6.0301508e-05 	0.0059087626 	-0.0019619151 	0.92701706
8.040201e-05 	0.0059087626 	-0.0019619151 	0.92701706
0.00010050251 	0.0059087626 	-0.0019619151 	0.92701706
0.00012060302 	0.0044366493 	-0.0016590093 	0.93022171
0.00014070352 	0.0044366493 	-0.0016590093 	0.93022171
0.00016080402 	0.0044366493 	-0.0016590093 	0.93022171
0.00018090452 	0.0029817145 	-0.00037311816 	0.93379065
0.00020100503 	0.0029817145 	-0.00037311816 	0.93379065
0.00022110553 	0.0029817145 	-0.00037311816 	0.93379065
0.00024120603 	0.0014696941 	0.0014759173 	0.93763236
0.00026130653 	0.0014696941 	0.0014759173 	0.93763236
0.00028140704 	-2.6079629e-05 	0.003633038 	0.94167759
0.00030150754 	-2.6079629e-05 	0.003633038 	0.94167759
0.00032160804 	-2.6079629e-05 	0.003633038 	0.94167759
0.00034170854 	-0.0013660881 	0.0059089283 	0.94590913
0.00036180905 	-0.0013660881 	0.0059089283 	0.94590913
0.00038190955 	-0.0013660881 	0.0059089283 	0.94590913
0.00040201005 	-0.0024523525 	0.0081515398 	0.95037234
0.00042211055 	-0.0024523525 	0.0081515398 	0.95037234
0.00044221106 	-0.0024523525 	0.0081515398 	0.95037234
0.00046231156 	-0.0032134752 	0.010250911 	0.95516516
0.00048241206 	-0.0032134752 	0.010250911 	0.95516516
0.00050251256 	-0.0036504904 	0.01214734 	0.96041429
0.00052261307 	-0.0036504904 	0.01214734 	0.96041429
0.00054271357 	-0.0036504904 	0.01214734 	0.96041429
0.00056281407 	-0.0038367436 	0.013862722 	0.96622716
0.00058291457 	-0.0038367436 	0.013862722 	0.96622716
0.00060301508 	-0.0038367436 	0.013862722 	0.96622716
0.00062311558 	-0.009107555 	0.017539805 	0.97733659
0.00064321608 	-0.009107555 	0.017539805 	0.97733659
0.00066331658 	-0.009107555 	0.017539805 	0.97733659
0.00068341709 	-0.0092007578 	0.019545966 	0.98386892
0.00070351759 	-0.0092007578 	0.019545966 	0.98386892
0.00072361809 	-0.0092670715 	0.021714372 	0.99055732
0.00074371859 	-0.0092670715 	0.021714372 	0.99055732
0.0007638191 	-0.0092670715 	0.021714372 	0.99055732
0.0007839196 	-0.0093200947 	0.024065197 	0.99712789
0.0008040201 	-0.0093200947 	0.024065197 	0.99712789
0.0008241206 	-0.0093200947 	0.024065197 	0.99712789
0.00084422111 	-0.0093854389 	0.026587035 	1.0032757
0.00086432161 	-0.0093854389 	0.026587035 	1.0032757
0.00088442211 	-0.0093854389 	0.026587035 	1.0032757
0.00090452261 	-0.0095586396 	0.029232341 	1.008734
0.00092462312 	-0.0095586396 	0.029232341 	1.008734
0.00094472362 	-0.010006951 	0.031963218 	1.0133204
0.00096482412 	-0.010006951 	0.031963218 	1.0133204
0.00098492462 	-0.010006951 	0.031963218 	1.0133204
0.0010050251 	-0.011031486 	0.034903736 	1.0171664
0.0010251256 	-0.011031486 	0.034903736 	1.0171664
0.0010452261 	-0.0052336324 	0.03245743 	1.0152304
0.0010653266 	-0.0074807101 	0.035091321 	1.0182646
0.0010854271 	-0.0074807101 	0.035091321 	1.0182646
0.0011055276 	-0.0074807101 	0.035091321 	1.0182646
0.0011256281 	-0.010960202 	0.037995991 	1.0192364
0.0011457286 	-0.010960202 	0.037995991 	1.0192364
0.0011658291 	-0.01598061 	0.040823254 	1.0209864
0.0011859296 	-0.019399295 	0.044489497 	1.019437
0.0012060302 	-0.015110446 	0.042506662 	1.0166751
0.0012261307 	-0.015110446 	0.042506662 	1.0166751
0.0012462312 	-0.018869414 	0.051019828 	1.0091037
0.0012663317 	-0.018869414 	0.051019828 	1.0091037
0.0012864322 	-0.018869414 	0.051019828 	1.0091037
0.0013065327 	-0.020858739 	0.065420143 	0.99655431
0.0013266332 	-0.020858739 	0.065420143 	0.99655431
0.0013467337 	-0.020858739 	0.065420143 	0.99655431
0.0013668342 	-0.020321321 	0.084825844 	0.98099192
0.0013869347 	-0.020321321 	0.084825844 	0.98099192
0.0014070352 	-0.020321321 	0.084825844 	0.98099192
0.0014271357 	-0.017524482 	0.10553356 	0.96518447
0.0014472362 	-0.017524482 	0.10553356 	0.96518447
0.0014673367 	-0.017524482 	0.10553356 	0.96518447
0.0014874372 	-0.013275023 	0.12350001 	0.95162883
0.0015075377 	-0.013275023 	0.12350001 	0.95162883
0.0015276382 	-0.0084071199 	0.13624356 	0.94200413
0.0015477387 	-0.0084071199 	0.13624356 	0.94200413
0.0015678392 	-0.0084071199 	0.13624356 	0.94200413
0.0015879397 	-0.0040532255 	0.14290226 	0.9370621
0.0016080402 	-0.0040532255 	0.14290226 	0.9370621
0.0016281407 	-0.0040532255 	0.14290226 	0.9370621
0.0016482412 	-0.0017698912 	0.14354339 	0.93715724
0.0016683417 	-0.0017698912 	0.14354339 	0.93715724
0.0016884422 	-0.0029644857 	0.1390992 	0.94227048
0.0017085427 	-0.0029644857 	0.1390992 	0.94227048
0.0017286432 	-0.0029644857 	0.1390992 	0.94227048
0.0017487437 	-0.0077824996 	0.13162151 	0.95071194
0.0017688442 	-0.0077824996 	0.13162151 	0.95071194
0.0017889447 	-0.0077824996 	0.13162151 	0.95071194
0.0018090452 	-0.014665043 	0.12411859 	0.95900844
0.0018291457 	-0.014665043 	0.12411859 	0.95900844
0.0018492462 	-0.021054018 	0.11863097 	0.96427433
0.0018693467 	-0.021054018 	0.11863097 	0.96427433
0.0018894472 	-0.021054018 	0.11863097 	0.96427433
0.0019095477 	-0.025168038 	0.11526812 	0.96662968
0.0019296482 	-0.025168038 	0.11526812 	0.96662968
0.0019497487 	-0.026924329 	0.11272147 	0.96839167
0.0019698492 	-0.026924329 	0.11272147 	0.96839167
0.0019899497 	-0.026849515 	0.10987276 	0.97211126
0.0020100503 	-0.026849515 	0.10987276 	0.97211126
0.0020301508 	-0.026849515 	0.10987276 	0.97211126
0.0020502513 	-0.025350496 	0.10627222 	0.97916364
0.0020703518 	-0.025350496 	0.10627222 	0.97916364
0.0020904523 	-0.022585947 	0.10203469 	0.98930748
0.0021105528 	-0.022585947 	0.10203469 	0.98930748
0.0021306533 	-0.022585947 	0.10203469 	0.98930748
0.0021507538 	-0.018678844 	0.097353338 	1.0011931
0.0021708543 	-0.018678844 	0.097353338 	1.0011931
0.0021909548 	-0.013863061 	0.092337979 	1.0133231
0.0022110553 	-0.013863061 	0.092337979 	1.0133231
0.0022311558 	-0.0085019541 	0.087002619 	1.0247348
0.0022512563 	-0.0085019541 	0.087002619 	1.0247348
0.0022713568 	-0.0029747904 	0.081393799 	1.0349952
0.0022914573 	-0.0029747904 	0.081393799 	1.0349952
0.0023115578 	-0.0029747904 	0.081393799 	1.0349952
0.0023316583 	0.0023581431 	0.075668727 	1.0440468
0.0023517588 	0.0023581431 	0.075668727 	1.0440468
0.0023718593 	0.0073081999 	0.070100796 	1.0519141
0.0023919598 	0.0073081999 	0.070100796 	1.0519141
0.0024120603 	0.011848042 	0.064969023 	1.0586023
0.0024321608 	0.011848042 	0.064969023 	1.0586023
0.0024522613 	0.015999036 	0.060518642 	1.0640496
0.0024723618 	0.015999036 	0.060518642 	1.0640496
0.0024924623 	0.019870117 	0.056888786 	1.0681513
0.0025125628 	0.019870117 	0.056888786 	1.0681513
0.0025326633 	0.023595847 	0.054143823 	1.0708418
0.0025527638 	0.023595847 	0.054143823 	1.0708418
0.0025728643 	0.02727488 	0.052285371 	1.0720713
0.0025929648 	0.02727488 	0.052285371 	1.0720713
0.0026130653 	0.030974914 	0.051259275 	1.0718088
0.0026331658 	0.030974914 	0.051259275 	1.0718088
0.0026532663 	0.034737703 	0.050945334 	1.0700528
0.0026733668 	0.034737703 	0.050945334 	1.0700528
0.0026934673 	0.038605026 	0.051149506 	1.0667921
0.0027135678 	0.038605026 	0.051149506 	1.0667921
0.0027336683 	0.042643622 	0.051636583 	1.0620755
0.0027537688 	0.042643622 	0.051636583 	1.0620755
0.0027738693 	0.046854076 	0.052206922 	1.0560651
0.0027939698 	0.046854076 	0.052206922 	1.0560651
0.0028140704 	0.051177038 	0.052770035 	1.0490605
0.0028341709 	0.051177038 	0.052770035 	1.0490605
0.0028542714 	0.055506686 	0.053332716 	1.0415783
0.0028743719 	0.059552188 	0.053917343 	1.034171
0.0028944724 	0.059552188 	0.053917343 	1.034171
0.0029145729 	0.063029873 	0.054430179 	1.0274914
0.0029346734 	0.063029873 	0.054430179 	1.0274914
0.0029547739 	0.065632726 	0.05461757 	1.0221619
0.0029748744 	0.065632726 	0.05461757 	1.0221619
0.0029949749 	0.06703685 	0.054100765 	1.0185894
0.0030150754 	0.067076495 	0.052541211 	1.0169131
0.0030351759 	0.067076495 	0.052541211 	1.0169131
0.0030552764 	0.06569845 	0.049741215 	1.016855
0.0030753769 	0.06569845 	0.049741215 	1.016855
0.0030954774 	0.063028525 	0.045739377 	1.0177157
0.0031155779 	0.05937965 	0.040709227 	1.0184573
0.0031356784 	0.05937965 	0.040709227 	1.0184573
0.0031557789 	0.055185817 	0.034974038 	1.0177538
0.0031758794 	0.055185817 	0.034974038 	1.0177538
0.0031959799 	0.050832169 	0.028901561 	1.0140794
0.0032160804 	0.046575754 	0.022851129 	1.0059077
0.0032361809 	0.046575754 	0.022851129 	1.0059077
0.0032562814 	0.042411642 	0.017245602 	0.99244507
0.0032763819 	0.038116261 	0.01265318 	0.97452935
0.0032964824 	0.038116261 	0.01265318 	0.97452935
0.0033165829 	0.033576847 	0.0095782044 	0.95469056
0.0033366834 	0.028950235 	0.0080055404 	0.93590816
0.0033567839 	0.028950235 	0.0080055404 	0.93590816
0.0033768844 	0.024516918 	0.0073589057 	0.92012443
0.0033969849 	0.020427588 	0.0069401921 	0.90776445
0.0034170854 	0.020427588 	0.0069401921 	0.90776445
0.0034371859 	0.016676443 	0.0062606993 	0.89818714
0.0034572864 	0.013207477 	0.0050565231 	0.89047562
0.0034773869 	0.010001068 	0.0031790673 	0.88392346
0.0034974874 	0.010001068 	0.0031790673 	0.88392346
0.0035175879 	0.007062901 	0.00049136295 	0.87804713
0.0035376884 	0.0044936668 	-0.0031831747 	0.87232473
0.0035577889 	0.0024825019 	-0.008084287 	0.86602067
0.0035778894 	0.0024825019 	-0.008084287 	0.86602067
0.0035979899 	0.0011414122 	-0.014446712 	0.8582483
0.0036180905 	0.00036134736 	-0.022437543 	0.84813854
0.003638191 	-0.00025699005 	-0.032056991 	0.83488275
0.0036582915 	-0.00025699005 	-0.032056991 	0.83488275
0.003678392 	-0.0011851995 	-0.043000266 	0.81738268
0.0036984925 	-0.0025894563 	-0.05451657 	0.79354636
0.003718593 	-0.0041902147 	-0.065316728 	0.76020368
0.0037386935 	-0.0054486406 	-0.073725982 	0.71453158
0.003758794 	-0.0059396465 	-0.078243258 	0.65624385
0.0037788945 	-0.0059396465 	-0.078243258 	0.65624385
0.003798995 	-0.005607838 	-0.078212187 	0.58843027
0.0038190955 	-0.004713986 	-0.074083716 	0.51611599
0.003839196 	-0.0036131879 	-0.067105892 	0.44389983
0.0038592965 	-0.0025764521 	-0.058720909 	0.37453379
0.003879397 	-0.0017349649 	-0.050044694 	0.30893768
0.0038994975 	-0.0011098854 	-0.041624327 	0.24696272
0.003919598 	-0.0006664818 	-0.033452342 	0.18812739
0.0039396985 	-0.00035673907 	-0.02511748 	0.13198905
0.003959799 	-0.0001452373 	-0.016019806 	0.078148806
0.0039798995 	-2.4549842e-05 	-0.0056929343 	0.025986853
0.004 	-2.4549842e-05 	-0.0056929343 	0.025986853
