0 	0.049934576 	0.054789832 	1.0861443
2.0100503e-05 	0.05019235 	-0.056426735 	1.0843311
4.0201005e-05 	0.05019235 	-0.056426735 	1.0843311
6.0301508e-05 	0.011801436 	-0.07548602 	1.083001
8.040201e-05 	0.011801436 	-0.07548602 	1.083001
0.00010050251 	0.011801436 	-0.07548602 	1.083001
0.00012060302 	-0.0057539217 	-0.077167371 	1.0818273
0.00014070352 	-0.0057539217 	-0.077167371 	1.0818273
0.00016080402 	-0.0057539217 	-0.077167371 	1.0818273
0.00018090452 	-0.017762707 	-0.07671148 	1.0804006
0.00020100503 	-0.017762707 	-0.07671148 	1.0804006
0.00022110553 	-0.017762707 	-0.07671148 	1.0804006
0.00024120603 	-0.027388289 	-0.075672794 	1.0781209
0.00026130653 	-0.027388289 	-0.075672794 	1.0781209
0.00028140704 	-0.035594212 	-0.074451643 	1.0744106
0.00030150754 	-0.035594212 	-0.074451643 	1.0744106
0.00032160804 	-0.035594212 	-0.074451643 	1.0744106
0.00034170854 	-0.042799202 	-0.073335515 	1.0690952
0.00036180905 	-0.042799202 	-0.073335515 	1.0690952
0.00038190955 	-0.042799202 	-0.073335515 	1.0690952
0.00040201005 	-0.049317958 	-0.0725857 	1.0624682
0.00042211055 	-0.049317958 	-0.0725857 	1.0624682
0.00044221106 	-0.049317958 	-0.0725857 	1.0624682
0.00046231156 	-0.055389013 	-0.072338571 	1.0550288
0.00048241206 	-0.055389013 	-0.072338571 	1.0550288
0.00050251256 	-0.061033645 	-0.072600389 	1.0472852
0.00052261307 	-0.061033645 	-0.072600389 	1.0472852
0.00054271357 	-0.061033645 	-0.072600389 	1.0472852
0.00056281407 	-0.065994151 	-0.073361578 	1.0397264
0.00058291457 	-0.065994151 	-0.073361578 	1.0397264
0.00060301508 	-0.065994151 	-0.073361578 	1.0397264
0.00062311558 	-0.069842339 	-0.074638062 	1.0328398
0.00064321608 	-0.069842339 	-0.074638062 	1.0328398
0.00066331658 	-0.069842339 	-0.074638062 	1.0328398
0.00068341709 	-0.072143422 	-0.076388723 	1.0271097
0.00070351759 	-0.072143422 	-0.076388723 	1.0271097
0.00072361809 	-0.072569247 	-0.078435295 	1.0230156
0.00074371859 	-0.072569247 	-0.078435295 	1.0230156
0.0007638191 	-0.072569247 	-0.078435295 	1.0230156
0.0007839196 	-0.070975695 	-0.080542156 	1.0209073
0.0008040201 	-0.070975695 	-0.080542156 	1.0209073
0.0008241206 	-0.070975695 	-0.080542156 	1.0209073
0.00084422111 	-0.067491334 	-0.082564013 	1.0207519
0.00086432161 	-0.067491334 	-0.082564013 	1.0207519
0.00088442211 	-0.067491334 	-0.082564013 	1.0207519
0.00090452261 	-0.062561464 	-0.084575831 	1.0219348
0.00092462312 	-0.062561464 	-0.084575831 	1.0219348
0.00094472362 	-0.056919833 	-0.086805677 	1.0232597
0.00096482412 	-0.056919833 	-0.086805677 	1.0232597
0.00098492462 	-0.056919833 	-0.086805677 	1.0232597
0.0010050251 	-0.051012943 	-0.089603846 	1.0233155
0.0010251256 	-0.051012943 	-0.089603846 	1.0233155
0.0010452261 	-0.051012943 	-0.089603846 	1.0233155
0.0010653266 	-0.046050459 	-0.092797475 	1.0204743
0.0010854271 	-0.046050459 	-0.092797475 	1.0204743
0.0011055276 	-0.054806286 	-0.082209929 	1.0162151
0.0011256281 	-0.05210443 	-0.084717307 	1.0084688
0.0011457286 	-0.05210443 	-0.084717307 	1.0084688
0.0011658291 	-0.05210443 	-0.084717307 	1.0084688
0.0011859296 	-0.050979021 	-0.0858169 	0.9988647
0.0012060302 	-0.041795675 	-0.096900796 	1.0055506
0.0012261307 	-0.041795675 	-0.096900796 	1.0055506
0.0012462312 	-0.041826358 	-0.097078385 	0.99562617
0.0012663317 	-0.041826358 	-0.097078385 	0.99562617
0.0012864322 	-0.041826358 	-0.097078385 	0.99562617
0.0013065327 	-0.042749717 	-0.096423618 	0.98495813
0.0013266332 	-0.042749717 	-0.096423618 	0.98495813
0.0013467337 	-0.042749717 	-0.096423618 	0.98495813
0.0013668342 	-0.051843118 	-0.084236408 	0.96568013
0.0013869347 	-0.044161284 	-0.095380636 	0.97388674
0.0014070352 	-0.044161284 	-0.095380636 	0.97388674
0.0014271357 	-0.045789958 	-0.094286323 	0.96294861
0.0014472362 	-0.045789958 	-0.094286323 	0.96294861
0.0014673367 	-0.052599015 	-0.083412493 	0.95469576
0.0014874372 	-0.047509901 	-0.093406382 	0.95293881
0.0015075377 	-0.047509901 	-0.093406382 	0.95293881
0.0015276382 	-0.049376752 	-0.092936745 	0.94479288
0.0015477387 	-0.049376752 	-0.092936745 	0.94479288
0.0015678392 	-0.049376752 	-0.092936745 	0.94479288
0.0015879397 	-0.056058607 	-0.083340292 	0.9306373
0.0016080402 	-0.051505026 	-0.092967353 	0.93946025
0.0016281407 	-0.051505026 	-0.092967353 	0.93946025
0.0016482412 	-0.05398078 	-0.093327949 	0.93780556
0.0016683417 	-0.05398078 	-0.093327949 	0.93780556
0.0016884422 	-0.05684418 	-0.093394371 	0.94051767
0.0017085427 	-0.05684418 	-0.093394371 	0.94051767
0.0017286432 	-0.05684418 	-0.093394371 	0.94051767
0.0017487437 	-0.060029719 	-0.092150493 	0.94790875
0.0017688442 	-0.060029719 	-0.092150493 	0.94790875
0.0017889447 	-0.060029719 	-0.092150493 	0.94790875
0.0018090452 	-0.063403551 	-0.088635042 	0.95953185
0.0018291457 	-0.063403551 	-0.088635042 	0.95953185
0.0018492462 	-0.066825543 	-0.082608866 	0.97381697
0.0018693467 	-0.066825543 	-0.082608866 	0.97381697
0.0018894472 	-0.066825543 	-0.082608866 	0.97381697
0.0019095477 	-0.070255885 	-0.075036996 	0.98813392
0.0019296482 	-0.070255885 	-0.075036996 	0.98813392
0.0019497487 	-0.073806002 	-0.067945587 	0.99956363
0.0019698492 	-0.073806002 	-0.067945587 	0.99956363
0.0019899497 	-0.077563934 	-0.063541169 	1.0057753
0.0020100503 	-0.077563934 	-0.063541169 	1.0057753
0.0020301508 	-0.077563934 	-0.063541169 	1.0057753
0.0020502513 	-0.081388547 	-0.063086435 	1.0053782
0.0020703518 	-0.081388547 	-0.063086435 	1.0053782
0.0020904523 	-0.08479674 	-0.066270574 	0.99777774
0.0021105528 	-0.08479674 	-0.066270574 	0.99777774
0.0021306533 	-0.08479674 	-0.066270574 	0.99777774
0.0021507538 	-0.087026497 	-0.071566773 	0.98314625
0.0021708543 	-0.087026497 	-0.071566773 	0.98314625
0.0021909548 	-0.087363965 	-0.07726685 	0.96292975
0.0022110553 	-0.087363965 	-0.07726685 	0.96292975
0.0022311558 	-0.085569217 	-0.082249809 	0.94024963
0.0022512563 	-0.085569217 	-0.082249809 	0.94024963
0.0022713568 	-0.082027656 	-0.086193046 	0.91907358
0.0022914573 	-0.082027656 	-0.086193046 	0.91907358
0.0023115578 	-0.082027656 	-0.086193046 	0.91907358
0.0023316583 	-0.07751553 	-0.089377889 	0.90232656
0.0023517588 	-0.07751553 	-0.089377889 	0.90232656
0.0023718593 	-0.072840969 	-0.092327324 	0.89068435
0.0023919598 	-0.072840969 	-0.092327324 	0.89068435
0.0024120603 	-0.068653226 	-0.095395701 	0.88300066
0.0024321608 	-0.068653226 	-0.095395701 	0.88300066
0.0024522613 	-0.065321691 	-0.098697044 	0.87753888
0.0024723618 	-0.065321691 	-0.098697044 	0.87753888
0.0024924623 	-0.0629645 	-0.10218295 	0.87283121
0.0025125628 	-0.0629645 	-0.10218295 	0.87283121
0.0025326633 	-0.06150877 	-0.10568891 	0.86796956
0.0025527638 	-0.06150877 	-0.10568891 	0.86796956
0.0025728643 	-0.060706671 	-0.10893738 	0.86256323
0.0025929648 	-0.060706671 	-0.10893738 	0.86256323
0.0026130653 	-0.060268155 	-0.11153664 	0.85656583
0.0026331658 	-0.060268155 	-0.11153664 	0.85656583
0.0026532663 	-0.059868402 	-0.1130509 	0.85009689
0.0026733668 	-0.059868402 	-0.1130509 	0.85009689
0.0026934673 	-0.059223124 	-0.1130745 	0.8433133
0.0027135678 	-0.059223124 	-0.1130745 	0.8433133
0.0027336683 	-0.058147718 	-0.11131944 	0.83638146
0.0027537688 	-0.058147718 	-0.11131944 	0.83638146
0.0027738693 	-0.056569761 	-0.10764635 	0.82947551
0.0027939698 	-0.056569761 	-0.10764635 	0.82947551
0.0028140704 	-0.054516546 	-0.10208748 	0.82278738
0.0028341709 	-0.054516546 	-0.10208748 	0.82278738
0.0028542714 	-0.052060379 	-0.094829809 	0.8165145
0.0028743719 	-0.049341355 	-0.086187292 	0.81083328
0.0028944724 	-0.049341355 	-0.086187292 	0.81083328
0.0029145729 	-0.046518937 	-0.076546531 	0.80589657
0.0029346734 	-0.046518937 	-0.076546531 	0.80589657
0.0029547739 	-0.043748511 	-0.066307698 	0.80180884
0.0029748744 	-0.043748511 	-0.066307698 	0.80180884
0.0029949749 	-0.041159905 	-0.055826158 	0.79864481
0.0030150754 	-0.038843003 	-0.045380506 	0.79645103
0.0030351759 	-0.038843003 	-0.045380506 	0.79645103
0.0030552764 	-0.036857017 	-0.0351461 	0.79524949
0.0030753769 	-0.036857017 	-0.0351461 	0.79524949
0.0030954774 	-0.035221619 	-0.025210967 	0.79503852
0.0031155779 	-0.033805116 	-0.015614555 	0.79578072
0.0031356784 	-0.033805116 	-0.015614555 	0.79578072
0.0031557789 	-0.032534693 	-0.0063893022 	0.79741365
0.0031758794 	-0.032534693 	-0.0063893022 	0.79741365
0.0031959799 	-0.03138177 	0.0023824672 	0.79978672
0.0032160804 	-0.030228527 	0.010558268 	0.80265278
0.0032361809 	-0.030228527 	0.010558268 	0.80265278
0.0032562814 	-0.028962189 	0.017979339 	0.80567578
0.0032763819 	-0.027502444 	0.024524158 	0.80849465
0.0032964824 	-0.027502444 	0.024524158 	0.80849465
0.0033165829 	-0.025824613 	0.030148215 	0.81083563
0.0033366834 	-0.023964632 	0.034893555 	0.81259486
0.0033567839 	-0.023964632 	0.034893555 	0.81259486
0.0033768844 	-0.022068571 	0.038872537 	0.81385581
0.0033969849 	-0.020364869 	0.042256838 	0.81483062
0.0034170854 	-0.020364869 	0.042256838 	0.81483062
0.0034371859 	-0.019109128 	0.045265712 	0.81570592
0.0034572864 	-0.018502872 	0.04813944 	0.81641563
0.0034773869 	-0.018609036 	0.051084079 	0.81640462
0.0034974874 	-0.018609036 	0.051084079 	0.81640462
0.0035175879 	-0.019306193 	0.054201061 	0.81448566
0.0035376884 	-0.02030327 	0.057425962 	0.80889318
0.0035577889 	-0.021206296 	0.060502058 	0.79757828
0.0035778894 	-0.021206296 	0.060502058 	0.79757828
0.0035979899 	-0.021616026 	0.0630001 	0.77868766
0.0036180905 	-0.021225926 	0.064388812 	0.75109087
0.003638191 	-0.019894884 	0.064154102 	0.71478899
0.0036582915 	-0.019894884 	0.064154102 	0.71478899
0.003678392 	-0.01767708 	0.061946331 	0.67105659
0.0036984925 	-0.014803737 	0.057712185 	0.62222804
0.003718593 	-0.011620042 	0.051755499 	0.57115027
0.0037386935 	-0.0084952725 	0.044692486 	0.52046491
0.003758794 	-0.0057351994 	0.037308809 	0.47198275
0.0037788945 	-0.0057351994 	0.037308809 	0.47198275
0.003798995 	-0.0035258164 	0.030372574 	0.42638918
0.0038190955 	-0.0019238616 	0.024471696 	0.38335661
0.003839196 	-0.00088422191 	0.019910003 	0.3419293
0.0038592965 	-0.00030209891 	0.016685347 	0.30094322
0.003879397 	-4.9158493e-05 	0.014516039 	0.25931768
0.0038994975 	-4.3048872e-07 	0.012904503 	0.21620383
0.003919598 	-4.9631051e-05 	0.011235868 	0.17107109
0.0039396985 	-0.00010400941 	0.0089255026 	0.12380587
0.003959799 	-0.00010524395 	0.005644101 	0.07481644
0.0039798995 	-3.5895774e-05 	0.0016656749 	0.025004031
0.004 	-3.5895774e-05 	0.0016656749 	0.025004031
