0 	0.019139409 	-0.022438368 	1.0810667
5.5555556e-05 	0.027848557 	-0.0087452798 	1.0890141
0.00011111111 	0.028554144 	-0.0016262973 	1.0959588
0.00016666667 	0.027367884 	0.0039452773 	1.1010185
0.00022222222 	0.024671322 	0.0086311114 	1.1033727
0.00027777778 	0.020453491 	0.012196781 	1.1024596
0.00033333333 	0.0148423 	0.014228704 	1.0981512
0.00038888889 	0.0081991017 	0.014361385 	1.0908674
0.00044444444 	0.0010159073 	0.012419982 	1.0816858
0.0005 	-0.0061871367 	0.0084820247 	1.0723632
0.00055555556 	-0.012882491 	0.0028176307 	1.0649183
0.00061111111 	-0.0185271 	-0.0042138675 	1.0607527
0.00066666667 	-0.02261637 	-0.01203053 	1.0600185
0.00072222222 	-0.024818291 	-0.019346949 	1.0619271
0.00077777778 	-0.025053834 	-0.024071117 	1.0655955
0.00083333333 	-0.02361509 	-0.024147395 	1.0704263
0.00088888889 	-0.021148189 	-0.018940302 	1.075809
0.00094444444 	-0.01837438 	-0.0097741659 	1.0808812
0.001 	-0.015366163 	0.0014247244 	1.0851311
0.0010617199 	-0.012078496 	0.012518539 	1.0880764
0.0011225874 	-0.0081786208 	0.021665378 	1.0896165
0.0011826143 	-0.0036915896 	0.028898535 	1.0898826
0.0012418122 	0.0012166203 	0.034774501 	1.0887591
0.0013001926 	0.0062462535 	0.039936884 	1.0862098
0.0013577668 	0.011140097 	0.044815965 	1.0824615
0.0014145458 	0.015774258 	0.049396851 	1.0778253
0.0014705407 	0.020160362 	0.053131941 	1.0723575
0.0015257623 	0.024322534 	0.05525887 	1.0657953
0.0015802213 	0.028185067 	0.055218001 	1.0578806
0.0016339282 	0.031512619 	0.053154639 	1.048858
0.0016868934 	0.033916538 	0.050086193 	1.039842
0.0017391271 	0.034882676 	0.04733907 	1.032631
0.0017906395 	0.033885849 	0.045532623 	1.0287048
0.0018414404 	0.030840963 	0.044148314 	1.0277272
0.0018915398 	0.026382396 	0.042239147 	1.0270451
0.0019409473 	0.021491856 	0.039145174 	1.0233497
0.0019896725 	0.016822509 	0.034184537 	1.0154326
0.0020377248 	0.012471457 	0.026088153 	1.0049594
0.0020851134 	0.0083589114 	0.01386849 	0.9941938
0.0021318476 	0.0046444356 	-0.0015473987 	0.98334177
0.0021779364 	0.0016522951 	-0.01721675 	0.97098543
0.0022233887 	-0.00067961587 	-0.029955536 	0.95673497
0.0022682133 	-0.0028116037 	-0.03785175 	0.94194614
0.0023124189 	-0.0050989419 	-0.040453112 	0.92827141
0.0023560139 	-0.0075547303 	-0.038425776 	0.91667743
0.0023990069 	-0.0099230306 	-0.033087203 	0.90738676
0.0024414062 	-0.011875109 	-0.025868991 	0.90007917
0.0024832199 	-0.013193952 	-0.017932022 	0.89415513
0.0025244562 	-0.013879592 	-0.01000907 	0.88902117
0.002565123 	-0.014130958 	-0.0024484027 	0.88429006
0.0026052281 	-0.014234922 	0.0046544642 	0.87978702
0.0026447794 	-0.014428486 	0.011303927 	0.87541909
0.0026837845 	-0.014810281 	0.017515527 	0.87103491
0.0027222509 	-0.015334627 	0.023284919 	0.86636469
0.0027601861 	-0.015850809 	0.028587744 	0.8610896
0.0027975974 	-0.01617523 	0.033381749 	0.85496029
0.002834492 	-0.016161831 	0.037592651 	0.84791796
0.0028708772 	-0.015740811 	0.041091153 	0.84014916
0.0029067598 	-0.014921532 	0.04368616 	0.83204212
0.0029421469 	-0.013768725 	0.045155807 	0.82406966
0.0029770452 	-0.012369463 	0.045313964 	0.81665519
0.0030114616 	-0.01080361 	0.044081102 	0.81007682
0.0030454028 	-0.0091268763 	0.041524157 	0.80443171
0.0030788752 	-0.0073721571 	0.037848554 	0.79965531
0.0031118853 	-0.0055613436 	0.033354974 	0.79557219
0.0031444395 	-0.003720659 	0.028378465 	0.79195924
0.0031765442 	-0.0018889592 	0.023232836 	0.7886028
0.0032082055 	-0.00011732192 	0.018174434 	0.78533872
0.0032394295 	0.0015269605 	0.013386203 	0.78207802
0.0032702223 	0.002967735 	0.0089810262 	0.77880489
0.0033005899 	0.0041399528 	0.005018728 	0.77555844
0.0033305381 	0.0049875042 	0.001522132 	0.77240848
0.0033600727 	0.0054668078 	-0.0015054761 	0.769418
0.0033891994 	0.0055511827 	-0.0040716627 	0.76662117
0.0034179239 	0.0052262734 	-0.0061903828 	0.76399721
0.0034462517 	0.0045337144 	-0.0078878915 	0.76146918
0.0034741882 	0.003562336 	-0.009196579 	0.75889308
0.003501739 	0.0024162764 	-0.010158648 	0.75604583
0.0035289093 	0.0012094502 	-0.0108284 	0.7526119
0.0035557043 	8.0724071e-05 	-0.011266292 	0.7481655
0.0035821293 	-0.00084091917 	-0.011547161 	0.74215879
0.0036081894 	-0.0014718532 	-0.01174782 	0.73391573
0.0036338895 	-0.0017577362 	-0.011933474 	0.72265813
0.0036592348 	-0.0016970638 	-0.012140618 	0.70756019
0.00368423 	-0.0013474031 	-0.012362731 	0.68785332
0.00370888 	-0.00081608543 	-0.012539225 	0.66294871
0.0037331896 	-0.00023471127 	-0.012556824 	0.63254838
0.0037571635 	0.00024317635 	-0.0122714 	0.59669701
0.0037808063 	0.00051773022 	-0.011552157 	0.55573755
0.0038041226 	0.00057274035 	-0.010337684 	0.51017437
0.0038271169 	0.0004432767 	-0.0086801725 	0.46052191
0.0038497936 	0.00022168004 	-0.0067538271 	0.40721709
0.0038721572 	1.1706202e-05 	-0.0048171855 	0.35063704
0.0038942119 	-0.00011342279 	-0.0031389803 	0.29118072
0.003915962 	-0.00013378509 	-0.0019115463 	0.22932022
0.0039374118 	-8.0945241e-05 	-0.001178946 	0.16556077
0.0039585653 	-1.2607821e-05 	-0.00079807768 	0.10033578
0.0039794267 	7.3108131e-06 	-0.00043345142 	0.03392528
0.004 	1.0525181e-05 	-0.0010036951 	0.039639776
