0 	0.04061276 	-0.021019651 	1.0198926
2.0100503e-05 	0.04061276 	-0.021019651 	1.0198926
4.0201005e-05 	0.04061276 	-0.021019651 	1.0198926
6.0301508e-05 	0.021975426 	-0.031319329 	1.023671
8.040201e-05 	0.021975426 	-0.031319329 	1.023671
0.00010050251 	0.021975426 	-0.031319329 	1.023671
0.00012060302 	0.013846819 	-0.027210087 	1.0284594
0.00014070352 	0.013846819 	-0.027210087 	1.0284594
0.00016080402 	0.013846819 	-0.027210087 	1.0284594
0.00018090452 	0.0090570446 	-0.022051064 	1.0339828
0.00020100503 	0.0090570446 	-0.022051064 	1.0339828
0.00022110553 	0.0090570446 	-0.022051064 	1.0339828
0.00024120603 	0.0057374024 	-0.017667665 	1.0395575
0.00026130653 	0.0057374024 	-0.017667665 	1.0395575
0.00028140704 	0.0032513473 	-0.014161986 	1.0443882
0.00030150754 	0.0032513473 	-0.014161986 	1.0443882
0.00032160804 	0.0032513473 	-0.014161986 	1.0443882
0.00034170854 	0.0013777033 	-0.01117742 	1.0478505
0.00036180905 	0.0013777033 	-0.01117742 	1.0478505
0.00038190955 	0.0013777033 	-0.01117742 	1.0478505
0.00040201005 	5.9698135e-05 	-0.0083075012 	1.0495759
0.00042211055 	5.9698135e-05 	-0.0083075012 	1.0495759
0.00044221106 	5.9698135e-05 	-0.0083075012 	1.0495759
0.00046231156 	-0.00071045854 	-0.0052658583 	1.0494369
0.00048241206 	-0.00071045854 	-0.0052658583 	1.0494369
0.00050251256 	-0.00096370641 	-0.0019412873 	1.0475015
0.00052261307 	-0.00096370641 	-0.0019412873 	1.0475015
0.00054271357 	-0.00096370641 	-0.0019412873 	1.0475015
0.00056281407 	-0.0007846656 	0.0016178111 	1.0439834
0.00058291457 	-0.0007846656 	0.0016178111 	1.0439834
0.00060301508 	-0.0007846656 	0.0016178111 	1.0439834
0.00062311558 	-0.00031524868 	0.0052571239 	1.0391924
0.00064321608 	-0.00031524868 	0.0052571239 	1.0391924
0.00066331658 	-0.00031524868 	0.0052571239 	1.0391924
0.00068341709 	0.00026827045 	0.0087766149 	1.0335039
0.00070351759 	0.00026827045 	0.0087766149 	1.0335039
0.00072361809 	0.00079403092 	0.01198347 	1.02734
0.00074371859 	0.00079403092 	0.01198347 	1.02734
0.0007638191 	0.00079403092 	0.01198347 	1.02734
0.0007839196 	0.0011362866 	0.014702592 	1.0211513
0.0008040201 	0.0011362866 	0.014702592 	1.0211513
0.0008241206 	0.0011362866 	0.014702592 	1.0211513
0.00084422111 	0.0012717641 	0.016755278 	1.0153664
0.00086432161 	0.0012717641 	0.016755278 	1.0153664
0.00088442211 	0.0012717641 	0.016755278 	1.0153664
0.00090452261 	0.0012710558 	0.017955051 	1.0103118
0.00092462312 	0.0012710558 	0.017955051 	1.0103118
0.00094472362 	0.0013210149 	0.018062072 	1.0061373
0.00096482412 	0.0013210149 	0.018062072 	1.0061373
0.00098492462 	0.0013210149 	0.018062072 	1.0061373
0.0010050251 	0.0016117673 	0.016931405 	1.0025347
0.0010251256 	0.0016117673 	0.016931405 	1.0025347
0.0010452261 	0.0016117673 	0.016931405 	1.0025347
0.0010653266 	0.002525742 	0.014457568 	0.99944313
0.0010854271 	0.002525742 	0.014457568 	0.99944313
0.0011055276 	0.002525742 	0.014457568 	0.99944313
0.0011256281 	0.0042030994 	0.011368334 	0.9966718
0.0011457286 	0.0042030994 	0.011368334 	0.9966718
0.0011658291 	0.0042030994 	0.011368334 	0.9966718
0.0011859296 	0.0065238075 	0.0086389871 	0.9938521
0.0012060302 	0.0065238075 	0.0086389871 	0.9938521
0.0012261307 	0.0065238075 	0.0086389871 	0.9938521
0.0012462312 	0.0090535857 	0.0073445767 	0.99077553
0.0012663317 	0.0090535857 	0.0073445767 	0.99077553
0.0012864322 	0.0090535857 	0.0073445767 	0.99077553
0.0013065327 	0.011240029 	0.0080966604 	0.98739875
0.0013266332 	0.011240029 	0.0080966604 	0.98739875
0.0013467337 	0.011240029 	0.0080966604 	0.98739875
0.0013668342 	0.012686997 	0.010611332 	0.98364213
0.0013869347 	0.012686997 	0.010611332 	0.98364213
0.0014070352 	0.012686997 	0.010611332 	0.98364213
0.0014271357 	0.013339808 	0.013660156 	0.97919275
0.0014472362 	0.013339808 	0.013660156 	0.97919275
0.0014673367 	0.013339808 	0.013660156 	0.97919275
0.0014874372 	0.013497167 	0.015444068 	0.97355414
0.0015075377 	0.013497167 	0.015444068 	0.97355414
0.0015276382 	0.013606161 	0.014276645 	0.96636442
0.0015477387 	0.013606161 	0.014276645 	0.96636442
0.0015678392 	0.013606161 	0.014276645 	0.96636442
0.0015879397 	0.013909156 	0.0093452261 	0.95791138
0.0016080402 	0.013909156 	0.0093452261 	0.95791138
0.0016281407 	0.013909156 	0.0093452261 	0.95791138
0.0016482412 	0.014267011 	0.0010272172 	0.94959729
0.0016683417 	0.014267011 	0.0010272172 	0.94959729
0.0016884422 	0.014372497 	-0.0097186226 	0.94366488
0.0017085427 	0.014372497 	-0.0097186226 	0.94366488
0.0017286432 	0.014372497 	-0.0097186226 	0.94366488
0.0017487437 	0.014133529 	-0.022095416 	0.94174746
0.0017688442 	0.014133529 	-0.022095416 	0.94174746
0.0017889447 	0.014133529 	-0.022095416 	0.94174746
0.0018090452 	0.013738134 	-0.035479191 	0.9433728
0.0018291457 	0.013738134 	-0.035479191 	0.9433728
0.0018492462 	0.013427663 	-0.04906091 	0.94604828
0.0018693467 	0.013427663 	-0.04906091 	0.94604828
0.0018894472 	0.013427663 	-0.04906091 	0.94604828
0.0019095477 	0.013318163 	-0.06186669 	0.94658712
0.0019296482 	0.013318163 	-0.06186669 	0.94658712
0.0019497487 	0.013373473 	-0.073119584 	0.94226053
0.0019698492 	0.013373473 	-0.073119584 	0.94226053
0.0019899497 	0.013373473 	-0.073119584 	0.94226053
0.0020100503 	0.013478987 	-0.082283576 	0.93137621
0.0020301508 	0.013478987 	-0.082283576 	0.93137621
0.0020502513 	0.013533464 	-0.08850467 	0.91379107
0.0020703518 	0.013533464 	-0.08850467 	0.91379107
0.0020904523 	0.013401928 	-0.090263066 	0.89151918
0.0021105528 	0.013401928 	-0.090263066 	0.89151918
0.0021306533 	0.013401928 	-0.090263066 	0.89151918
0.0021507538 	0.012791034 	-0.086222865 	0.86882654
0.0021708543 	0.012791034 	-0.086222865 	0.86882654
0.0021909548 	0.011337154 	-0.076613311 	0.85084466
0.0022110553 	0.011337154 	-0.076613311 	0.85084466
0.0022311558 	0.0090126802 	-0.063095608 	0.84097486
0.0022512563 	0.0090126802 	-0.063095608 	0.84097486
0.0022713568 	0.0061652796 	-0.047475756 	0.8392759
0.0022914573 	0.0061652796 	-0.047475756 	0.8392759
0.0023115578 	0.0061652796 	-0.047475756 	0.8392759
0.0023316583 	0.0031480513 	-0.030878997 	0.84333966
0.0023517588 	0.0031480513 	-0.030878997 	0.84333966
0.0023718593 	-0.00012818341 	-0.013967241 	0.85032457
0.0023919598 	-0.00012818341 	-0.013967241 	0.85032457
0.0024120603 	-0.0038980249 	0.0027538959 	0.85822541
0.0024321608 	-0.0038980249 	0.0027538959 	0.85822541
0.0024522613 	-0.0084552581 	0.018834453 	0.8660237
0.0024723618 	-0.0084552581 	0.018834453 	0.8660237
0.0024924623 	-0.014165069 	0.034080883 	0.87331836
0.0025125628 	-0.014165069 	0.034080883 	0.87331836
0.0025326633 	-0.020973687 	0.048617611 	0.87994432
0.0025527638 	-0.020973687 	0.048617611 	0.87994432
0.0025728643 	-0.028603693 	0.062347163 	0.8854074
0.0025929648 	-0.028603693 	0.062347163 	0.8854074
0.0026130653 	-0.036461391 	0.074324533 	0.88869369
0.0026331658 	-0.036461391 	0.074324533 	0.88869369
0.0026532663 	-0.04364047 	0.082916595 	0.88877764
0.0026733668 	-0.04364047 	0.082916595 	0.88877764
0.0026934673 	-0.049033461 	0.086962122 	0.88530291
0.0027135678 	-0.049033461 	0.086962122 	0.88530291
0.0027336683 	-0.051696536 	0.086509027 	0.87867119
0.0027537688 	-0.051696536 	0.086509027 	0.87867119
0.0027738693 	-0.051261696 	0.082543887 	0.86966084
0.0027939698 	-0.051261696 	0.082543887 	0.86966084
0.0028140704 	-0.048007781 	0.076484401 	0.85911364
0.0028341709 	-0.048007781 	0.076484401 	0.85911364
0.0028542714 	-0.042607963 	0.069840994 	0.84773401
0.0028743719 	-0.03581616 	0.063811205 	0.83590773
0.0028944724 	-0.03581616 	0.063811205 	0.83590773
0.0029145729 	-0.028290152 	0.058977872 	0.82369994
0.0029346734 	-0.028290152 	0.058977872 	0.82369994
0.0029547739 	-0.020584583 	0.055324441 	0.810933
0.0029748744 	-0.020584583 	0.055324441 	0.810933
0.0029949749 	-0.013129811 	0.052446073 	0.79736427
0.0030150754 	-0.0062613501 	0.049791645 	0.78275724
0.0030351759 	-0.0062613501 	0.049791645 	0.78275724
0.0030552764 	-0.00016771189 	0.046869238 	0.76703133
0.0030753769 	-0.00016771189 	0.046869238 	0.76703133
0.0030954774 	0.0050167058 	0.043376147 	0.75033604
0.0031155779 	0.0092091512 	0.039235431 	0.73308334
0.0031356784 	0.0092091512 	0.039235431 	0.73308334
0.0031557789 	0.01239588 	0.034563477 	0.71593356
0.0031758794 	0.01239588 	0.034563477 	0.71593356
0.0031959799 	0.014574948 	0.029566614 	0.6996237
0.0032160804 	0.015815351 	0.024443874 	0.68497445
0.0032361809 	0.015815351 	0.024443874 	0.68497445
0.0032562814 	0.016177507 	0.019339794 	0.67269134
0.0032763819 	0.015703225 	0.014314667 	0.66331019
0.0032964824 	0.015703225 	0.014314667 	0.66331019
0.0033165829 	0.014443197 	0.0093649176 	0.65709875
0.0033366834 	0.012478329 	0.004442618 	0.65400516
0.0033567839 	0.012478329 	0.004442618 	0.65400516
0.0033768844 	0.0099466523 	-0.00049936316 	0.65367629
0.0033969849 	0.0070138757 	-0.0054997658 	0.65541805
0.0034170854 	0.0070138757 	-0.0054997658 	0.65541805
0.0034371859 	0.0038141848 	-0.010588564 	0.65827017
0.0034572864 	0.00051052115 	-0.015767137 	0.6610488
0.0034773869 	-0.0027106898 	-0.021007094 	0.66242114
0.0034974874 	-0.0027106898 	-0.021007094 	0.66242114
0.0035175879 	-0.0056786786 	-0.026238075 	0.66102598
0.0035376884 	-0.0081922813 	-0.031334229 	0.6556164
0.0035577889 	-0.010080254 	-0.036104639 	0.64520936
0.0035778894 	-0.010080254 	-0.036104639 	0.64520936
0.0035979899 	-0.011222398 	-0.040296826 	0.62923209
0.0036180905 	-0.011569488 	-0.043621535 	0.60762642
0.003638191 	-0.011158474 	-0.04579848 	0.58087804
0.0036582915 	-0.011158474 	-0.04579848 	0.58087804
0.003678392 	-0.010112782 	-0.046616563 	0.54995147
0.0036984925 	-0.0086240992 	-0.045986707 	0.51612556
0.003718593 	-0.0069184997 	-0.043970794 	0.48074555
0.0037386935 	-0.0052146416 	-0.040776644 	0.44494142
0.003758794 	-0.0036869397 	-0.036722427 	0.40940131
0.0037788945 	-0.0036869397 	-0.036722427 	0.40940131
0.003798995 	-0.0024436672 	-0.032181843 	0.37428433
0.0038190955 	-0.0015243878 	-0.027523748 	0.33929817
0.003839196 	-0.00091000687 	-0.023058857 	0.30389135
0.0038592965 	-0.00054847523 	-0.018999298 	0.26747619
0.003879397 	-0.00036936283 	-0.015434974 	0.22960997
0.0038994975 	-0.00029847425 	-0.012327655 	0.19010835
0.003919598 	-0.00026804239 	-0.0095275636 	0.14908545
0.0039396985 	-0.00022266488 	-0.0068245076 	0.10692804
0.003959799 	-0.00013846247 	-0.0040501236 	0.06419702
0.0039798995 	-3.0431596e-05 	-0.0012348222 	0.021426395
0.004 	-3.0431596e-05 	-0.0012348222 	0.021426395
