0 	0.067451499 	0.00091375237 	0.98187436
5.5555625e-05 	0.068033697 	-0.029469432 	0.9798807
0.00011111111 	0.069755001 	-0.03805216 	0.97900567
0.00016666667 	0.07156031 	-0.041719781 	0.97873235
0.00022222222 	0.072024675 	-0.04309484 	0.97835409
0.00027777778 	0.070402397 	-0.043044961 	0.97738936
0.00033333333 	0.066051883 	-0.041991523 	0.97635931
0.00038888889 	0.058471644 	-0.040478575 	0.97751537
0.00044444444 	0.047561387 	-0.038954387 	0.98369884
0.0005 	0.034530785 	-0.037466692 	0.99442679
0.00055555556 	0.022488044 	-0.035400554 	1.0038565
0.00061111111 	0.014472761 	-0.032314087 	1.0056472
0.00066666667 	0.011128376 	-0.028358781 	0.99938231
0.00072222222 	0.010868041 	-0.024021004 	0.9895319
0.00077777778 	0.011464766 	-0.020057021 	0.97972219
0.00083333333 	0.011334648 	-0.01715237 	0.97084712
0.00088888889 	0.009856373 	-0.015810579 	0.96251641
0.00094444444 	0.0071983396 	-0.016159098 	0.95440205
0.001 	0.0033654169 	-0.018294386 	0.94571215
0.0010617199 	-0.00097444249 	-0.02146949 	0.93587972
0.0011225874 	-0.0043765708 	-0.024403183 	0.92523226
0.0011826143 	-0.0064034867 	-0.025974229 	0.91390599
0.0012418122 	-0.0070553406 	-0.025734138 	0.90250907
0.0013001926 	-0.0063283624 	-0.023685705 	0.89182884
0.0013577668 	-0.0042566421 	-0.020143121 	0.88246291
0.0014145458 	-0.00093688974 	-0.015608454 	0.87468032
0.0014705407 	0.0035016971 	-0.010667598 	0.8684352
0.0015257623 	0.0088189851 	-0.0058656773 	0.86347348
0.0015802213 	0.014718967 	-0.0015499579 	0.85947327
0.0016339282 	0.020850162 	0.0020678579 	0.85618084
0.0016868934 	0.026845851 	0.0048727446 	0.85345256
0.0017391271 	0.032451995 	0.0069063909 	0.85125517
0.0017906395 	0.037440774 	0.0081502403 	0.84964863
0.0018414404 	0.041604039 	0.0085779076 	0.84873411
0.0018915398 	0.044754227 	0.0081992781 	0.84859275
0.0019409473 	0.046719651 	0.0071489839 	0.84922872
0.0019896725 	0.047385877 	0.0057259698 	0.85054157
0.0020377248 	0.046756233 	0.004337326 	0.85234246
0.0020851134 	0.045037804 	0.0033755535 	0.85442941
0.0021318476 	0.042626206 	0.0031182196 	0.85666527
0.0021779364 	0.039907447 	0.0036649971 	0.85905137
0.0022233887 	0.037165101 	0.0049693526 	0.86172878
0.0022682133 	0.034559047 	0.0068577614 	0.86497138
0.0023124189 	0.032119481 	0.0090749492 	0.8691493
0.0023560139 	0.029735707 	0.011354431 	0.87464473
0.0023990069 	0.027197649 	0.01344223 	0.88174863
0.0024414062 	0.024316682 	0.015098821 	0.89053832
0.0024832199 	0.021064448 	0.016118355 	0.9007595
0.0025244562 	0.017554981 	0.016278062 	0.91177339
0.002565123 	0.01405828 	0.015281929 	0.92267214
0.0026052281 	0.010981787 	0.012810702 	0.93259953
0.0026447794 	0.0086796219 	0.0086335056 	0.94114411
0.0026837845 	0.0073247104 	0.002718513 	0.94850003
0.0027222509 	0.0068585589 	-0.0048629125 	0.95525094
0.0027601861 	0.0070803948 	-0.014078723 	0.96195213
0.0027975974 	0.0077100986 	-0.024933001 	0.96889719
0.002834492 	0.0083811595 	-0.037237782 	0.97626915
0.0028708772 	0.008647861 	-0.050399781 	0.98440127
0.0029067598 	0.0080128326 	-0.063480167 	0.99378945
0.0029421469 	0.0060537293 	-0.075564382 	1.0047417
0.0029770452 	0.0025900762 	-0.086180581 	1.0169688
0.0030114616 	-0.0021764328 	-0.095513965 	1.0293857
0.0030454028 	-0.0076879129 	-0.10413967 	1.0402818
0.0030788752 	-0.013211752 	-0.11243309 	1.0478436
0.0031118853 	-0.018088467 	-0.12009061 	1.0507827
0.0031444395 	-0.021859708 	-0.12617612 	1.0487138
0.0031765442 	-0.024239883 	-0.12963113 	1.0420178
0.0032082055 	-0.025082423 	-0.12979776 	1.0313988
0.0032394295 	-0.02437703 	-0.12661578 	1.0175265
0.0032702223 	-0.022257439 	-0.12051466 	1.0009275
0.0033005899 	-0.018981655 	-0.11222282 	0.982023
0.0033305381 	-0.014870217 	-0.10261636 	0.96116497
0.0033600727 	-0.010221374 	-0.092605051 	0.93861602
0.0033891994 	-0.005264241 	-0.083012441 	0.9145279
0.0034179239 	-0.0001942779 	-0.074442839 	0.88904209
0.0034462517 	0.0047840746 	-0.067160669 	0.86249593
0.0034741882 	0.0093875294 	-0.061070482 	0.83560569
0.003501739 	0.013232917 	-0.05583595 	0.80945739
0.0035289093 	0.015946672 	-0.051082478 	0.78518337
0.0035557043 	0.017305062 	-0.046520198 	0.7634824
0.0035821293 	0.017323501 	-0.041862065 	0.74430002
0.0036081894 	0.016234593 	-0.036637146 	0.72682843
0.0036338895 	0.014380828 	-0.030178481 	0.70966105
0.0036592348 	0.012119932 	-0.021989726 	0.69087288
0.00368423 	0.0097404088 	-0.012289009 	0.66799255
0.00370888 	0.0075284034 	-0.0022073128 	0.63810335
0.0037331896 	0.0058843576 	0.0065077193 	0.59856074
0.0037571635 	0.0050593762 	0.012315287 	0.54825757
0.0037808063 	0.0049957536 	0.014633648 	0.4889112
0.0038041226 	0.0053654451 	0.014050507 	0.42490428
0.0038271169 	0.0056921893 	0.01185032 	0.36131822
0.0038497936 	0.0056208428 	0.0092872225 	0.30171658
0.0038721572 	0.0050447118 	0.0070892417 	0.24728139
0.0038942119 	0.0040707174 	0.0054027562 	0.19741605
0.003915962 	0.0028984606 	0.0040245157 	0.15086389
0.0039374118 	0.0017270296 	0.0027093057 	0.10649573
0.0039585653 	0.00074043617 	0.0014024769 	0.063506419
0.0039794267 	0.00010460764 	0.00030846031 	0.021238672
0.004 	0.00010460764 	0.00030846031 	0.021238672
