0 	-0.020661463 	-0.015415478 	1.0220779
2.0100503e-05 	-0.014523334 	0.021488848 	1.0092692
4.0201005e-05 	-0.014523334 	0.021488848 	1.0092692
6.0301508e-05 	-0.0026840442 	0.025653394 	0.99603596
8.040201e-05 	-0.0026840442 	0.025653394 	0.99603596
0.00010050251 	-0.0026840442 	0.025653394 	0.99603596
0.00012060302 	0.0065524402 	0.02860099 	0.98360076
0.00014070352 	0.0065524402 	0.02860099 	0.98360076
0.00016080402 	0.0065524402 	0.02860099 	0.98360076
0.00018090452 	0.0030353732 	0.02893864 	0.97288636
0.00020100503 	0.0009346238 	0.024427099 	0.97203481
0.00022110553 	0.0009346238 	0.024427099 	0.97203481
0.00024120603 	-0.00055515245 	0.0237718 	0.96305474
0.00026130653 	-0.00055515245 	0.0237718 	0.96305474
0.00028140704 	-0.0036860221 	0.023663132 	0.95662512
0.00030150754 	-0.0036860221 	0.023663132 	0.95662512
0.00032160804 	-0.0036860221 	0.023663132 	0.95662512
0.00034170854 	-0.0081779276 	0.024249119 	0.952491
0.00036180905 	-0.012414712 	0.031268694 	0.95535631
0.00038190955 	-0.012414712 	0.031268694 	0.95535631
0.00040201005 	-0.018993655 	0.03259592 	0.95351903
0.00042211055 	-0.018993655 	0.03259592 	0.95351903
0.00044221106 	-0.018993655 	0.03259592 	0.95351903
0.00046231156 	-0.025746872 	0.033897305 	0.95274446
0.00048241206 	-0.025746872 	0.033897305 	0.95274446
0.00050251256 	-0.032303017 	0.034877915 	0.95268847
0.00052261307 	-0.032303017 	0.034877915 	0.95268847
0.00054271357 	-0.032303017 	0.034877915 	0.95268847
0.00056281407 	-0.038340417 	0.035213213 	0.95319229
0.00058291457 	-0.038340417 	0.035213213 	0.95319229
0.00060301508 	-0.038340417 	0.035213213 	0.95319229
0.00062311558 	-0.043608444 	0.034597581 	0.9541433
0.00064321608 	-0.043608444 	0.034597581 	0.9541433
0.00066331658 	-0.043608444 	0.034597581 	0.9541433
0.00068341709 	-0.047922807 	0.032747955 	0.9553936
0.00070351759 	-0.047922807 	0.032747955 	0.9553936
0.00072361809 	-0.051157498 	0.029437737 	0.95675695
0.00074371859 	-0.051157498 	0.029437737 	0.95675695
0.0007638191 	-0.051157498 	0.029437737 	0.95675695
0.0007839196 	-0.053277759 	0.024540563 	0.95806385
0.0008040201 	-0.053277759 	0.024540563 	0.95806385
0.0008241206 	-0.053277759 	0.024540563 	0.95806385
0.00084422111 	-0.054322107 	0.018102271 	0.95921105
0.00086432161 	-0.054322107 	0.018102271 	0.95921105
0.00088442211 	-0.054322107 	0.018102271 	0.95921105
0.00090452261 	-0.0544131 	0.010370559 	0.96022035
0.00092462312 	-0.0544131 	0.010370559 	0.96022035
0.00094472362 	-0.053820019 	0.0017403095 	0.96119001
0.00096482412 	-0.053820019 	0.0017403095 	0.96119001
0.00098492462 	-0.053820019 	0.0017403095 	0.96119001
0.0010050251 	-0.052699931 	-0.0079242501 	0.96226649
0.0010251256 	-0.048319451 	-0.0048846579 	0.95947248
0.0010452261 	-0.048319451 	-0.0048846579 	0.95947248
0.0010653266 	-0.046227069 	-0.015176809 	0.96135078
0.0010854271 	-0.046227069 	-0.015176809 	0.96135078
0.0011055276 	-0.046227069 	-0.015176809 	0.96135078
0.0011256281 	-0.04386714 	-0.02491776 	0.96335216
0.0011457286 	-0.04386714 	-0.02491776 	0.96335216
0.0011658291 	-0.04386714 	-0.02491776 	0.96335216
0.0011859296 	-0.041284045 	-0.033753631 	0.96518876
0.0012060302 	-0.041284045 	-0.033753631 	0.96518876
0.0012261307 	-0.041284045 	-0.033753631 	0.96518876
0.0012462312 	-0.038487001 	-0.041262254 	0.96676981
0.0012663317 	-0.038487001 	-0.041262254 	0.96676981
0.0012864322 	-0.038487001 	-0.041262254 	0.96676981
0.0013065327 	-0.035504935 	-0.047276382 	0.96817793
0.0013266332 	-0.035504935 	-0.047276382 	0.96817793
0.0013467337 	-0.035504935 	-0.047276382 	0.96817793
0.0013668342 	-0.032377623 	-0.051740868 	0.96967575
0.0013869347 	-0.032377623 	-0.051740868 	0.96967575
0.0014070352 	-0.032377623 	-0.051740868 	0.96967575
0.0014271357 	-0.029158668 	-0.054697609 	0.971533
0.0014472362 	-0.029158668 	-0.054697609 	0.971533
0.0014673367 	-0.029158668 	-0.054697609 	0.971533
0.0014874372 	-0.025894096 	-0.056256152 	0.9739292
0.0015075377 	-0.025894096 	-0.056256152 	0.9739292
0.0015276382 	-0.022621425 	-0.05657373 	0.97693248
0.0015477387 	-0.022621425 	-0.05657373 	0.97693248
0.0015678392 	-0.022621425 	-0.05657373 	0.97693248
0.0015879397 	-0.019374284 	-0.05583084 	0.98051498
0.0016080402 	-0.019374284 	-0.05583084 	0.98051498
0.0016281407 	-0.019374284 	-0.05583084 	0.98051498
0.0016482412 	-0.016184136 	-0.054210233 	0.98455907
0.0016683417 	-0.016184136 	-0.054210233 	0.98455907
0.0016884422 	-0.013071765 	-0.051881216 	0.98884545
0.0017085427 	-0.013071765 	-0.051881216 	0.98884545
0.0017286432 	-0.013071765 	-0.051881216 	0.98884545
0.0017487437 	-0.010036979 	-0.048994133 	0.99303978
0.0017688442 	-0.010036979 	-0.048994133 	0.99303978
0.0017889447 	-0.010036979 	-0.048994133 	0.99303978
0.0018090452 	-0.0070430862 	-0.045686385 	0.99670261
0.0018291457 	-0.0070430862 	-0.045686385 	0.99670261
0.0018492462 	-0.0040233845 	-0.042083411 	0.99931863
0.0018693467 	-0.0040233845 	-0.042083411 	0.99931863
0.0018894472 	-0.0040233845 	-0.042083411 	0.99931863
0.0019095477 	-0.0009188243 	-0.038282043 	1.0003608
0.0019296482 	-0.0009188243 	-0.038282043 	1.0003608
0.0019497487 	0.002313062 	-0.034330363 	0.99939119
0.0019698492 	0.002313062 	-0.034330363 	0.99939119
0.0019899497 	0.0056734814 	-0.03020897 	0.99615183
0.0020100503 	0.0056734814 	-0.03020897 	0.99615183
0.0020301508 	0.0056734814 	-0.03020897 	0.99615183
0.0020502513 	0.0091343352 	-0.025859281 	0.99064934
0.0020703518 	0.0091343352 	-0.025859281 	0.99064934
0.0020904523 	0.01264795 	-0.021190412 	0.98316608
0.0021105528 	0.01264795 	-0.021190412 	0.98316608
0.0021306533 	0.01264795 	-0.021190412 	0.98316608
0.0021507538 	0.016125212 	-0.016184662 	0.97421858
0.0021708543 	0.016125212 	-0.016184662 	0.97421858
0.0021909548 	0.019463358 	-0.010933612 	0.96445845
0.0022110553 	0.019463358 	-0.010933612 	0.96445845
0.0022311558 	0.022530787 	-0.0056368772 	0.95454534
0.0022512563 	0.022530787 	-0.0056368772 	0.95454534
0.0022713568 	0.025221723 	-0.0005777659 	0.94509191
0.0022914573 	0.025221723 	-0.0005777659 	0.94509191
0.0023115578 	0.025221723 	-0.0005777659 	0.94509191
0.0023316583 	0.027486764 	0.00395385 	0.93659657
0.0023517588 	0.027486764 	0.00395385 	0.93659657
0.0023718593 	0.029300597 	0.0077345881 	0.92941334
0.0023919598 	0.029300597 	0.0077345881 	0.92941334
0.0024120603 	0.030711564 	0.010627382 	0.92370486
0.0024321608 	0.030711564 	0.010627382 	0.92370486
0.0024522613 	0.031797114 	0.012597958 	0.91943845
0.0024723618 	0.031797114 	0.012597958 	0.91943845
0.0024924623 	0.032618526 	0.013678574 	0.91642332
0.0025125628 	0.032618526 	0.013678574 	0.91642332
0.0025326633 	0.033202287 	0.013960479 	0.91433923
0.0025527638 	0.033202287 	0.013960479 	0.91433923
0.0025728643 	0.033530785 	0.013545968 	0.9128232
0.0025929648 	0.033530785 	0.013545968 	0.9128232
0.0026130653 	0.033562241 	0.012549248 	0.91151631
0.0026331658 	0.033562241 	0.012549248 	0.91151631
0.0026532663 	0.033235696 	0.011094304 	0.91011442
0.0026733668 	0.033235696 	0.011094304 	0.91011442
0.0026934673 	0.032511688 	0.0093238462 	0.90838179
0.0027135678 	0.032511688 	0.0093238462 	0.90838179
0.0027336683 	0.031405299 	0.0074022277 	0.90614992
0.0027537688 	0.031405299 	0.0074022277 	0.90614992
0.0027738693 	0.030011025 	0.0054980203 	0.90331108
0.0027939698 	0.030011025 	0.0054980203 	0.90331108
0.0028140704 	0.028499258 	0.0037478491 	0.89982803
0.0028341709 	0.028499258 	0.0037478491 	0.89982803
0.0028542714 	0.027085672 	0.0022128411 	0.89576656
0.0028743719 	0.025987386 	0.00085391885 	0.89132666
0.0028944724 	0.025987386 	0.00085391885 	0.89132666
0.0029145729 	0.025364814 	-0.00045874025 	0.8868249
0.0029346734 	0.025364814 	-0.00045874025 	0.8868249
0.0029547739 	0.025297926 	-0.0018938711 	0.88262666
0.0029748744 	0.025297926 	-0.0018938711 	0.88262666
0.0029949749 	0.025802229 	-0.003615862 	0.87903998
0.0030150754 	0.026804923 	-0.0057245309 	0.87623416
0.0030351759 	0.026804923 	-0.0057245309 	0.87623416
0.0030552764 	0.028208064 	-0.0082484048 	0.87423042
0.0030753769 	0.028208064 	-0.0082484048 	0.87423042
0.0030954774 	0.029925086 	-0.01114922 	0.8729595
0.0031155779 	0.031841054 	-0.014366625 	0.87233555
0.0031356784 	0.031841054 	-0.014366625 	0.87233555
0.0031557789 	0.033855042 	-0.017839268 	0.87229348
0.0031758794 	0.033855042 	-0.017839268 	0.87229348
0.0031959799 	0.035900475 	-0.021495094 	0.8727337
0.0032160804 	0.037972647 	-0.025172003 	0.87337811
0.0032361809 	0.037972647 	-0.025172003 	0.87337811
0.0032562814 	0.040115669 	-0.028571743 	0.87372854
0.0032763819 	0.042359912 	-0.031276462 	0.87326828
0.0032964824 	0.042359912 	-0.031276462 	0.87326828
0.0033165829 	0.044628422 	-0.032985267 	0.87199463
0.0033366834 	0.046692224 	-0.033767029 	0.87084183
0.0033567839 	0.046692224 	-0.033767029 	0.87084183
0.0033768844 	0.048281264 	-0.034064363 	0.87124215
0.0033969849 	0.049340889 	-0.034264771 	0.87372616
0.0034170854 	0.049340889 	-0.034264771 	0.87372616
0.0034371859 	0.05016653 	-0.034230528 	0.87678653
0.0034572864 	0.05115102 	-0.03345496 	0.87753554
0.0034773869 	0.052288327 	-0.031879966 	0.87405672
0.0034974874 	0.052288327 	-0.031879966 	0.87405672
0.0035175879 	0.052878176 	-0.030461961 	0.86749926
0.0035376884 	0.051751533 	-0.030499958 	0.86191905
0.0035577889 	0.047912286 	-0.031909367 	0.86147673
0.0035778894 	0.047912286 	-0.031909367 	0.86147673
0.0035979899 	0.041226875 	-0.032410947 	0.86622162
0.0036180905 	0.032827662 	-0.029543248 	0.86870399
0.003638191 	0.024906018 	-0.024165791 	0.85531308
0.0036582915 	0.024906018 	-0.024165791 	0.85531308
0.003678392 	0.019507931 	-0.020946583 	0.81508317
0.0036984925 	0.017083993 	-0.024445337 	0.74915167
0.003718593 	0.016482372 	-0.034957399 	0.66929385
0.0037386935 	0.016285533 	-0.0485041 	0.58776
0.003758794 	0.015789453 	-0.060208066 	0.51077557
0.0037788945 	0.015789453 	-0.060208066 	0.51077557
0.003798995 	0.014948932 	-0.067212408 	0.43949449
0.0038190955 	0.013886389 	-0.069214824 	0.37355728
0.003839196 	0.012603413 	-0.067407024 	0.31306444
0.0038592965 	0.011020385 	-0.063236968 	0.25839364
0.003879397 	0.009119517 	-0.057688432 	0.20932929
0.0038994975 	0.0069928451 	-0.05108976 	0.16482059
0.003919598 	0.0048002504 	-0.043226423 	0.12350727
0.0039396985 	0.0027378498 	-0.033588877 	0.084461277
0.003959799 	0.0010659968 	-0.021716841 	0.047700555
0.0039798995 	0.00010850605 	-0.0076523989 	0.014305957
0.004 	0.00010850605 	-0.0076523989 	0.014305957
