0 	0.0044220786 	-0.01538886 	1.0437667
2.0100503e-05 	0.0044220786 	-0.01538886 	1.0437667
4.0201005e-05 	0.0044220786 	-0.01538886 	1.0437667
6.0301508e-05 	-0.0057729402 	-0.011324715 	1.0456511
8.040201e-05 	-0.0057729402 	-0.011324715 	1.0456511
0.00010050251 	-0.0057729402 	-0.011324715 	1.0456511
0.00012060302 	-0.010122281 	-0.0053623997 	1.0477799
0.00014070352 	-0.010122281 	-0.0053623997 	1.0477799
0.00016080402 	-0.010122281 	-0.0053623997 	1.0477799
0.00018090452 	-0.014708123 	0.0054917913 	1.0488844
0.00020100503 	-0.014708123 	0.0054917913 	1.0488844
0.00022110553 	-0.014708123 	0.0054917913 	1.0488844
0.00024120603 	-0.017030783 	0.0082255734 	1.0516673
0.00026130653 	-0.017030783 	0.0082255734 	1.0516673
0.00028140704 	-0.020281323 	0.015954768 	1.0525387
0.00030150754 	-0.018001267 	0.019635913 	1.0511972
0.00032160804 	-0.018001267 	0.019635913 	1.0511972
0.00034170854 	-0.019695545 	0.027246244 	1.0508598
0.00036180905 	-0.019695545 	0.027246244 	1.0508598
0.00038190955 	-0.019695545 	0.027246244 	1.0508598
0.00040201005 	-0.021260626 	0.034637507 	1.049489
0.00042211055 	-0.021260626 	0.034637507 	1.049489
0.00044221106 	-0.021260626 	0.034637507 	1.049489
0.00046231156 	-0.022564025 	0.041497421 	1.0474016
0.00048241206 	-0.022564025 	0.041497421 	1.0474016
0.00050251256 	-0.023381435 	0.047822666 	1.0449663
0.00052261307 	-0.023381435 	0.047822666 	1.0449663
0.00054271357 	-0.023381435 	0.047822666 	1.0449663
0.00056281407 	-0.023491225 	0.053725696 	1.0423712
0.00058291457 	-0.023491225 	0.053725696 	1.0423712
0.00060301508 	-0.023491225 	0.053725696 	1.0423712
0.00062311558 	-0.022835372 	0.059137545 	1.0395683
0.00064321608 	-0.022835372 	0.059137545 	1.0395683
0.00066331658 	-0.022835372 	0.059137545 	1.0395683
0.00068341709 	-0.021560917 	0.063773308 	1.0364013
0.00070351759 	-0.021560917 	0.063773308 	1.0364013
0.00072361809 	-0.019898859 	0.067330242 	1.032759
0.00074371859 	-0.019898859 	0.067330242 	1.032759
0.0007638191 	-0.027733341 	0.067018536 	1.0320127
0.0007839196 	-0.026449621 	0.069067995 	1.0271657
0.0008040201 	-0.026449621 	0.069067995 	1.0271657
0.0008241206 	-0.026449621 	0.069067995 	1.0271657
0.00084422111 	-0.025040521 	0.06989379 	1.021924
0.00086432161 	-0.025040521 	0.06989379 	1.021924
0.00088442211 	-0.025040521 	0.06989379 	1.021924
0.00090452261 	-0.023342387 	0.06975655 	1.01633
0.00092462312 	-0.023342387 	0.06975655 	1.01633
0.00094472362 	-0.021311062 	0.068889162 	1.0104772
0.00096482412 	-0.021311062 	0.068889162 	1.0104772
0.00098492462 	-0.021311062 	0.068889162 	1.0104772
0.0010050251 	-0.018675176 	0.067712431 	1.004198
0.0010251256 	-0.0080300804 	0.069084121 	1.007152
0.0010452261 	-0.0080300804 	0.069084121 	1.007152
0.0010653266 	-0.0042942775 	0.067696729 	1.0006858
0.0010854271 	-0.0042942775 	0.067696729 	1.0006858
0.0011055276 	-0.0042942775 	0.067696729 	1.0006858
0.0011256281 	-0.00046036614 	0.066244628 	0.9947326
0.0011457286 	-0.011931968 	0.065055671 	0.99193713
0.0011658291 	-0.011931968 	0.065055671 	0.99193713
0.0011859296 	-0.0080895816 	0.063952582 	0.98696411
0.0012060302 	-0.0080895816 	0.063952582 	0.98696411
0.0012261307 	-0.0080895816 	0.063952582 	0.98696411
0.0012462312 	-0.0041547384 	0.062773494 	0.98278537
0.0012663317 	-0.0041547384 	0.062773494 	0.98278537
0.0012864322 	-0.0041547384 	0.062773494 	0.98278537
0.0013065327 	-0.00028782322 	0.061147795 	0.97934864
0.0013266332 	-0.00028782322 	0.061147795 	0.97934864
0.0013467337 	-0.00028782322 	0.061147795 	0.97934864
0.0013668342 	0.003361649 	0.058724438 	0.9766296
0.0013869347 	0.003361649 	0.058724438 	0.9766296
0.0014070352 	0.003361649 	0.058724438 	0.9766296
0.0014271357 	0.0066010911 	0.055250396 	0.9746272
0.0014472362 	0.0066010911 	0.055250396 	0.9746272
0.0014673367 	0.0066010911 	0.055250396 	0.9746272
0.0014874372 	0.0092376899 	0.050621527 	0.97332202
0.0015075377 	0.0092376899 	0.050621527 	0.97332202
0.0015276382 	0.011086777 	0.044868675 	0.97263364
0.0015477387 	0.011086777 	0.044868675 	0.97263364
0.0015678392 	0.011086777 	0.044868675 	0.97263364
0.0015879397 	0.012001883 	0.038133006 	0.9724025
0.0016080402 	0.012001883 	0.038133006 	0.9724025
0.0016281407 	0.012001883 	0.038133006 	0.9724025
0.0016482412 	0.011919098 	0.030634439 	0.9724085
0.0016683417 	0.011919098 	0.030634439 	0.9724085
0.0016884422 	0.010893351 	0.022643113 	0.9723911
0.0017085427 	0.010893351 	0.022643113 	0.9723911
0.0017286432 	0.010893351 	0.022643113 	0.9723911
0.0017487437 	0.0091102604 	0.01449343 	0.97209526
0.0017688442 	0.0091102604 	0.01449343 	0.97209526
0.0017889447 	0.0091102604 	0.01449343 	0.97209526
0.0018090452 	0.0068613671 	0.006529816 	0.9712907
0.0018291457 	0.0068613671 	0.006529816 	0.9712907
0.0018492462 	0.0045127319 	-0.00090176281 	0.96980982
0.0018693467 	0.0045127319 	-0.00090176281 	0.96980982
0.0018894472 	0.0045127319 	-0.00090176281 	0.96980982
0.0019095477 	0.0024252783 	-0.0075634827 	0.96756792
0.0019296482 	0.0024252783 	-0.0075634827 	0.96756792
0.0019497487 	0.00088251494 	-0.013303456 	0.9646071
0.0019698492 	0.00088251494 	-0.013303456 	0.9646071
0.0019899497 	6.2407936e-05 	-0.018026703 	0.96112055
0.0020100503 	6.2407936e-05 	-0.018026703 	0.96112055
0.0020301508 	6.2407936e-05 	-0.018026703 	0.96112055
0.0020502513 	2.0121317e-05 	-0.021714314 	0.95743149
0.0020703518 	2.0121317e-05 	-0.021714314 	0.95743149
0.0020904523 	0.00069206158 	-0.024406522 	0.95395036
0.0021105528 	0.00069206158 	-0.024406522 	0.95395036
0.0021306533 	0.00069206158 	-0.024406522 	0.95395036
0.0021507538 	0.0019264607 	-0.026183745 	0.9510894
0.0021708543 	0.0019264607 	-0.026183745 	0.9510894
0.0021909548 	0.0035100722 	-0.027143979 	0.94914367
0.0022110553 	0.0035100722 	-0.027143979 	0.94914367
0.0022311558 	0.0051981417 	-0.027391654 	0.94819753
0.0022512563 	0.0051981417 	-0.027391654 	0.94819753
0.0022713568 	0.0067523101 	-0.027070131 	0.94810766
0.0022914573 	0.0067523101 	-0.027070131 	0.94810766
0.0023115578 	0.0067523101 	-0.027070131 	0.94810766
0.0023316583 	0.0079583176 	-0.026381541 	0.94858558
0.0023517588 	0.0079583176 	-0.026381541 	0.94858558
0.0023718593 	0.008652289 	-0.02558836 	0.94931685
0.0023919598 	0.008652289 	-0.02558836 	0.94931685
0.0024120603 	0.0087393431 	-0.024973289 	0.95004276
0.0024321608 	0.0087393431 	-0.024973289 	0.95004276
0.0024522613 	0.0082030869 	-0.024776426 	0.95058734
0.0024723618 	0.0082030869 	-0.024776426 	0.95058734
0.0024924623 	0.007100716 	-0.025146803 	0.95085462
0.0025125628 	0.007100716 	-0.025146803 	0.95085462
0.0025326633 	0.0055438195 	-0.026125377 	0.95082565
0.0025527638 	0.0055438195 	-0.026125377 	0.95082565
0.0025728643 	0.003665966 	-0.02766999 	0.95055867
0.0025929648 	0.003665966 	-0.02766999 	0.95055867
0.0026130653 	0.0015808197 	-0.029710325 	0.95017912
0.0026331658 	0.0015808197 	-0.029710325 	0.95017912
0.0026532663 	-0.00064854074 	-0.032204349 	0.9498249
0.0026733668 	-0.00064854074 	-0.032204349 	0.9498249
0.0026934673 	-0.003031333 	-0.0351602 	0.94958413
0.0027135678 	-0.003031333 	-0.0351602 	0.94958413
0.0027336683 	-0.0056152839 	-0.038608953 	0.94943143
0.0027537688 	-0.0056152839 	-0.038608953 	0.94943143
0.0027738693 	-0.0084479348 	-0.042544295 	0.9492272
0.0027939698 	-0.0084479348 	-0.042544295 	0.9492272
0.0028140704 	-0.011538119 	-0.046856766 	0.94878907
0.0028341709 	-0.011538119 	-0.046856766 	0.94878907
0.0028542714 	-0.01483197 	-0.051321933 	0.94800201
0.0028743719 	-0.018233164 	-0.055605604 	0.94688465
0.0028944724 	-0.018233164 	-0.055605604 	0.94688465
0.0029145729 	-0.021621817 	-0.059316631 	0.94553669
0.0029346734 	-0.021621817 	-0.059316631 	0.94553669
0.0029547739 	-0.024862658 	-0.062067951 	0.94400589
0.0029748744 	-0.024862658 	-0.062067951 	0.94400589
0.0029949749 	-0.027823074 	-0.06355075 	0.9421685
0.0030150754 	-0.030368762 	-0.06366033 	0.939741
0.0030351759 	-0.030368762 	-0.06366033 	0.939741
0.0030552764 	-0.032378483 	-0.062541159 	0.93643045
0.0030753769 	-0.032378483 	-0.062541159 	0.93643045
0.0030954774 	-0.033764359 	-0.060518476 	0.93206695
0.0031155779 	-0.034460328 	-0.057928916 	0.92655384
0.0031356784 	-0.034460328 	-0.057928916 	0.92655384
0.0031557789 	-0.034405925 	-0.055039515 	0.91954324
0.0031758794 	-0.034405925 	-0.055039515 	0.91954324
0.0031959799 	-0.033510161 	-0.052131525 	0.91006503
0.0032160804 	-0.031633362 	-0.049560912 	0.89646425
0.0032361809 	-0.031633362 	-0.049560912 	0.89646425
0.0032562814 	-0.028640019 	-0.047455234 	0.8768907
0.0032763819 	-0.024528906 	-0.044864514 	0.85021406
0.0032964824 	-0.024528906 	-0.044864514 	0.85021406
0.0033165829 	-0.019568032 	-0.038974559 	0.81673445
0.0033366834 	-0.014267743 	-0.025808977 	0.7778693
0.0033567839 	-0.014267743 	-0.025808977 	0.7778693
0.0033768844 	-0.0095033135 	-0.0036959767 	0.73474309
0.0033969849 	-0.0062248625 	0.022272535 	0.68753356
0.0034170854 	-0.0062248625 	0.022272535 	0.68753356
0.0034371859 	-0.0051056989 	0.040121525 	0.63740175
0.0034572864 	-0.0065430681 	0.038828283 	0.58894845
0.0034773869 	-0.010279542 	0.01790541 	0.54776173
0.0034974874 	-0.010279542 	0.01790541 	0.54776173
0.0035175879 	-0.015475118 	-0.012456306 	0.51553263
0.0035376884 	-0.021428681 	-0.040217653 	0.49073217
0.0035577889 	-0.027642647 	-0.058875898 	0.47159949
0.0035778894 	-0.027642647 	-0.058875898 	0.47159949
0.0035979899 	-0.033581877 	-0.068179552 	0.45698236
0.0036180905 	-0.038735208 	-0.070937174 	0.44588552
0.003638191 	-0.042591814 	-0.070066833 	0.43704376
0.0036582915 	-0.042591814 	-0.070066833 	0.43704376
0.003678392 	-0.044737083 	-0.067415761 	0.42904526
0.0036984925 	-0.044941425 	-0.063844977 	0.42062948
0.003718593 	-0.043169455 	-0.059682035 	0.41083072
0.0037386935 	-0.039550376 	-0.055072852 	0.39895827
0.003758794 	-0.034349509 	-0.050162331 	0.38448294
0.0037788945 	-0.034349509 	-0.050162331 	0.38448294
0.003798995 	-0.027946265 	-0.045228645 	0.36695875
0.0038190955 	-0.020916261 	-0.040680263 	0.34599174
0.003839196 	-0.01393428 	-0.037030304 	0.32129226
0.0038592965 	-0.0076640695 	-0.034705138 	0.29272462
0.003879397 	-0.0027442465 	-0.033743462 	0.26024664
0.0038994975 	0.0003887785 	-0.033443815 	0.22368352
0.003919598 	0.0016761201 	-0.032255545 	0.18253562
0.0039396985 	0.001614721 	-0.028218069 	0.13616648
0.003959799 	0.00095159564 	-0.019909338 	0.084541043
0.0039798995 	0.0002012322 	-0.0074368069 	0.028835405
0.004 	0.0002012322 	-0.0074368069 	0.028835405
