0 	0.010285674 	-0.0073275412 	1.0389486
2.0100503e-05 	0.0086550112 	0.0096620243 	1.0394337
4.0201005e-05 	0.0086550112 	0.0096620243 	1.0394337
6.0301508e-05 	0.0047127103 	0.01204405 	1.0401277
8.040201e-05 	0.0047127103 	0.01204405 	1.0401277
0.00010050251 	0.0047127103 	0.01204405 	1.0401277
0.00012060302 	0.0043989655 	0.011608188 	1.0411512
0.00014070352 	0.0043989655 	0.011608188 	1.0411512
0.00016080402 	0.0043989655 	0.011608188 	1.0411512
0.00018090452 	0.0049411043 	0.010272387 	1.0425861
0.00020100503 	0.0049411043 	0.010272387 	1.0425861
0.00022110553 	0.0049411043 	0.010272387 	1.0425861
0.00024120603 	0.0058487366 	0.0081451522 	1.0444183
0.00026130653 	0.0058487366 	0.0081451522 	1.0444183
0.00028140704 	0.007024342 	0.00523994 	1.0464929
0.00030150754 	0.007024342 	0.00523994 	1.0464929
0.00032160804 	0.007024342 	0.00523994 	1.0464929
0.00034170854 	0.0084646948 	0.0015751902 	1.0484377
0.00036180905 	0.0084646948 	0.0015751902 	1.0484377
0.00038190955 	0.0084646948 	0.0015751902 	1.0484377
0.00040201005 	0.010165753 	-0.002802487 	1.0496237
0.00042211055 	0.010165753 	-0.002802487 	1.0496237
0.00044221106 	0.010165753 	-0.002802487 	1.0496237
0.00046231156 	0.012069436 	-0.0077832945 	1.0491881
0.00048241206 	0.012069436 	-0.0077832945 	1.0491881
0.00050251256 	0.014034513 	-0.013099133 	1.0461418
0.00052261307 	0.014034513 	-0.013099133 	1.0461418
0.00054271357 	0.014034513 	-0.013099133 	1.0461418
0.00056281407 	0.015850436 	-0.018217976 	1.0395545
0.00058291457 	0.015850436 	-0.018217976 	1.0395545
0.00060301508 	0.015850436 	-0.018217976 	1.0395545
0.00062311558 	0.017287376 	-0.022305117 	1.0288159
0.00064321608 	0.017287376 	-0.022305117 	1.0288159
0.00066331658 	0.017287376 	-0.022305117 	1.0288159
0.00068341709 	0.018168118 	-0.024382886 	1.0139119
0.00070351759 	0.018168118 	-0.024382886 	1.0139119
0.00072361809 	0.018389168 	-0.023652098 	0.99567584
0.00074371859 	0.018389168 	-0.023652098 	0.99567584
0.0007638191 	0.018389168 	-0.023652098 	0.99567584
0.0007839196 	0.017904249 	-0.019761024 	0.97587215
0.0008040201 	0.017904249 	-0.019761024 	0.97587215
0.0008241206 	0.017904249 	-0.019761024 	0.97587215
0.00084422111 	0.016706315 	-0.012789923 	0.95690309
0.00086432161 	0.016706315 	-0.012789923 	0.95690309
0.00088442211 	0.016706315 	-0.012789923 	0.95690309
0.00090452261 	0.01490186 	-0.002965179 	0.94103728
0.00092462312 	0.01490186 	-0.002965179 	0.94103728
0.00094472362 	0.012628434 	0.0095843872 	0.92954007
0.00096482412 	0.012628434 	0.0095843872 	0.92954007
0.00098492462 	0.012628434 	0.0095843872 	0.92954007
0.0010050251 	0.017598879 	0.025123748 	0.92099063
0.0010251256 	0.017598879 	0.025123748 	0.92099063
0.0010452261 	0.017598879 	0.025123748 	0.92099063
0.0010653266 	0.014136399 	0.043199115 	0.91610051
0.0010854271 	0.014136399 	0.043199115 	0.91610051
0.0011055276 	0.014136399 	0.043199115 	0.91610051
0.0011256281 	0.010391609 	0.060183784 	0.91451014
0.0011457286 	0.010391609 	0.060183784 	0.91451014
0.0011658291 	0.010391609 	0.060183784 	0.91451014
0.0011859296 	0.0067794768 	0.074060745 	0.91635365
0.0012060302 	0.0067794768 	0.074060745 	0.91635365
0.0012261307 	0.0067794768 	0.074060745 	0.91635365
0.0012462312 	0.004043495 	0.083602246 	0.92069005
0.0012663317 	0.004043495 	0.083602246 	0.92069005
0.0012864322 	0.004043495 	0.083602246 	0.92069005
0.0013065327 	0.0030818333 	0.088016683 	0.92519961
0.0013266332 	0.0030818333 	0.088016683 	0.92519961
0.0013467337 	0.0030818333 	0.088016683 	0.92519961
0.0013668342 	0.0044341107 	0.086921606 	0.92783262
0.0013869347 	0.0044341107 	0.086921606 	0.92783262
0.0014070352 	0.0044341107 	0.086921606 	0.92783262
0.0014271357 	0.0080187339 	0.080544563 	0.92864442
0.0014472362 	0.0080187339 	0.080544563 	0.92864442
0.0014673367 	0.0080187339 	0.080544563 	0.92864442
0.0014874372 	0.01310257 	0.069798714 	0.92969831
0.0015075377 	0.01310257 	0.069798714 	0.92969831
0.0015276382 	0.018595937 	0.056153677 	0.93336752
0.0015477387 	0.018595937 	0.056153677 	0.93336752
0.0015678392 	0.018595937 	0.056153677 	0.93336752
0.0015879397 	0.023418433 	0.041329837 	0.94088246
0.0016080402 	0.023418433 	0.041329837 	0.94088246
0.0016281407 	0.023418433 	0.041329837 	0.94088246
0.0016482412 	0.026760122 	0.02690072 	0.95195269
0.0016683417 	0.026760122 	0.02690072 	0.95195269
0.0016884422 	0.028215104 	0.013956194 	0.96519452
0.0017085427 	0.028215104 	0.013956194 	0.96519452
0.0017286432 	0.028215104 	0.013956194 	0.96519452
0.0017487437 	0.027819127 	0.0030078097 	0.9789095
0.0017688442 	0.027819127 	0.0030078097 	0.9789095
0.0017889447 	0.027819127 	0.0030078097 	0.9789095
0.0018090452 	0.025916276 	-0.0058451992 	0.99177842
0.0018291457 	0.025916276 	-0.0058451992 	0.99177842
0.0018492462 	0.02297939 	-0.012651481 	1.0031197
0.0018693467 	0.02297939 	-0.012651481 	1.0031197
0.0018894472 	0.02297939 	-0.012651481 	1.0031197
0.0019095477 	0.019492801 	-0.017510864 	1.0126099
0.0019296482 	0.019492801 	-0.017510864 	1.0126099
0.0019497487 	0.015895044 	-0.020662442 	1.0197479
0.0019698492 	0.015895044 	-0.020662442 	1.0197479
0.0019899497 	0.015895044 	-0.020662442 	1.0197479
0.0020100503 	0.012584936 	-0.022526801 	1.0236033
0.0020301508 	0.012584936 	-0.022526801 	1.0236033
0.0020502513 	0.0098693516 	-0.023591937 	1.0231599
0.0020703518 	0.0098693516 	-0.023591937 	1.0231599
0.0020904523 	0.0078245449 	-0.024252386 	1.0180509
0.0021105528 	0.0078245449 	-0.024252386 	1.0180509
0.0021306533 	0.0078245449 	-0.024252386 	1.0180509
0.0021507538 	0.0061827574 	-0.024696576 	1.0090903
0.0021708543 	0.0061827574 	-0.024696576 	1.0090903
0.0021909548 	0.0043746566 	-0.024840581 	0.99815088
0.0022110553 	0.0043746566 	-0.024840581 	0.99815088
0.0022311558 	0.0017451349 	-0.024372721 	0.98749138
0.0022512563 	0.0017451349 	-0.024372721 	0.98749138
0.0022713568 	-0.002222265 	-0.022974763 	0.97903889
0.0022914573 	-0.002222265 	-0.022974763 	0.97903889
0.0023115578 	-0.002222265 	-0.022974763 	0.97903889
0.0023316583 	-0.0076507572 	-0.020605387 	0.9740343
0.0023517588 	-0.0076507572 	-0.020605387 	0.9740343
0.0023718593 	-0.014245755 	-0.017637015 	0.97299005
0.0023919598 	-0.014245755 	-0.017637015 	0.97299005
0.0024120603 	-0.02142265 	-0.014772331 	0.97578631
0.0024321608 	-0.02142265 	-0.014772331 	0.97578631
0.0024522613 	-0.028423104 	-0.012777499 	0.98171184
0.0024723618 	-0.028423104 	-0.012777499 	0.98171184
0.0024924623 	-0.034529761 	-0.012216596 	0.98949628
0.0025125628 	-0.034529761 	-0.012216596 	0.98949628
0.0025326633 	-0.039185274 	-0.013303631 	0.99744304
0.0025527638 	-0.039185274 	-0.013303631 	0.99744304
0.0025728643 	-0.042029757 	-0.015937061 	1.0036899
0.0025929648 	-0.042029757 	-0.015937061 	1.0036899
0.0026130653 	-0.042899301 	-0.019873019 	1.0065435
0.0026331658 	-0.042899301 	-0.019873019 	1.0065435
0.0026532663 	-0.041835459 	-0.024896164 	1.0048318
0.0026733668 	-0.041835459 	-0.024896164 	1.0048318
0.0026934673 	-0.03912462 	-0.030874588 	0.99823214
0.0027135678 	-0.03912462 	-0.030874588 	0.99823214
0.0027336683 	-0.035337934 	-0.037676216 	0.98752005
0.0027537688 	-0.035337934 	-0.037676216 	0.98752005
0.0027738693 	-0.031304143 	-0.045014597 	0.97460009
0.0027939698 	-0.031304143 	-0.045014597 	0.97460009
0.0028140704 	-0.027968267 	-0.052331844 	0.96212452
0.0028341709 	-0.027968267 	-0.052331844 	0.96212452
0.0028542714 	-0.026129832 	-0.058844056 	0.9525736
0.0028743719 	-0.026137198 	-0.063806902 	0.94696428
0.0028944724 	-0.026137198 	-0.063806902 	0.94696428
0.0029145729 	-0.027703431 	-0.066895651 	0.94381417
0.0029346734 	-0.027703431 	-0.066895651 	0.94381417
0.0029547739 	-0.029971553 	-0.068424573 	0.93916819
0.0029748744 	-0.029971553 	-0.068424573 	0.93916819
0.0029949749 	-0.031840308 	-0.069172372 	0.92802691
0.0030150754 	-0.03241351 	-0.069873636 	0.90655597
0.0030351759 	-0.03241351 	-0.069873636 	0.90655597
0.0030552764 	-0.031320477 	-0.070724575 	0.87382259
0.0030753769 	-0.031320477 	-0.070724575 	0.87382259
0.0030954774 	-0.028767361 	-0.071244854 	0.8321046
0.0031155779 	-0.025338772 	-0.070578677 	0.78577067
0.0031356784 	-0.025338772 	-0.070578677 	0.78577067
0.0031557789 	-0.02170543 	-0.068002351 	0.73956378
0.0031758794 	-0.02170543 	-0.068002351 	0.73956378
0.0031959799 	-0.018385066 	-0.063302338 	0.69722639
0.0032160804 	-0.015642383 	-0.05682457 	0.66090499
0.0032361809 	-0.015642383 	-0.05682457 	0.66090499
0.0032562814 	-0.013502017 	-0.04927358 	0.63125436
0.0032763819 	-0.011826596 	-0.041449936 	0.60787429
0.0032964824 	-0.011826596 	-0.041449936 	0.60787429
0.0033165829 	-0.010417013 	-0.034074769 	0.58982893
0.0033366834 	-0.0090925718 	-0.027721807 	0.57608763
0.0033567839 	-0.0090925718 	-0.027721807 	0.57608763
0.0033768844 	-0.0077452048 	-0.022803151 	0.56582723
0.0033969849 	-0.0063526442 	-0.019578893 	0.55857095
0.0034170854 	-0.0063526442 	-0.019578893 	0.55857095
0.0034371859 	-0.0049629418 	-0.018160868 	0.5541529
0.0034572864 	-0.0036655125 	-0.018520834 	0.55260242
0.0034773869 	-0.0025670685 	-0.020514016 	0.55398696
0.0034974874 	-0.0025670685 	-0.020514016 	0.55398696
0.0035175879 	-0.0017625364 	-0.023912206 	0.55827494
0.0035376884 	-0.0013228147 	-0.028439091 	0.56523818
0.0035577889 	-0.0012895377 	-0.033797089 	0.57437437
0.0035778894 	-0.0012895377 	-0.033797089 	0.57437437
0.0035979899 	-0.0016651652 	-0.039686183 	0.58486334
0.0036180905 	-0.0024118725 	-0.045813195 	0.59554495
0.003638191 	-0.0034479648 	-0.051894844 	0.60492609
0.0036582915 	-0.0034479648 	-0.051894844 	0.60492609
0.003678392 	-0.0046504598 	-0.057656448 	0.61123618
0.0036984925 	-0.0058664366 	-0.062828833 	0.6125519
0.003718593 	-0.0069351623 	-0.067147963 	0.606992
0.0037386935 	-0.0077158291 	-0.070363032 	0.59295239
0.003758794 	-0.008110183 	-0.07225563 	0.56932776
0.0037788945 	-0.008110183 	-0.07225563 	0.56932776
0.003798995 	-0.0080709168 	-0.072662389 	0.53569018
0.0038190955 	-0.0075986586 	-0.07148557 	0.49244179
0.003839196 	-0.0067390498 	-0.068683796 	0.44093699
0.0038592965 	-0.0055855303 	-0.064256277 	0.38344723
0.003879397 	-0.0042750564 	-0.058240438 	0.32278019
0.0038994975 	-0.0029653407 	-0.050723476 	0.26156063
0.003919598 	-0.0017994409 	-0.041841458 	0.20150895
0.0039396985 	-0.00088205562 	-0.031731554 	0.14313058
0.003959799 	-0.00027434473 	-0.020413504 	0.08593606
0.0039798995 	-1.5847068e-05 	-0.0075979164 	0.028972373
0.004 	-1.5847068e-05 	-0.0075979164 	0.028972373
