0 	-0.042058872 	-0.013822397 	1.0656547
5.5555625e-05 	-0.041371249 	0.0060091545 	1.0617049
0.00011111111 	-0.038189004 	0.010209423 	1.05668
0.00016666667 	-0.035838734 	0.011324104 	1.0509564
0.00022222222 	-0.034115141 	0.011623962 	1.0447115
0.00027777778 	-0.032801999 	0.011951417 	1.0378663
0.00033333333 	-0.031689068 	0.012820273 	1.0301625
0.00038888889 	-0.030570002 	0.014611365 	1.0213465
0.00044444444 	-0.029263553 	0.017572259 	1.01139
0.0005 	-0.027638973 	0.021791739 	1.0006386
0.00055555556 	-0.02563887 	0.027151846 	0.98979746
0.00061111111 	-0.023277665 	0.03333638 	0.97973557
0.00066666667 	-0.020608634 	0.039881015 	0.97122011
0.00072222222 	-0.017739252 	0.046298202 	0.96471098
0.00077777778 	-0.014834859 	0.052184188 	0.96032238
0.00083333333 	-0.012125791 	0.057237568 	0.95793638
0.00088888889 	-0.0099525912 	0.061166858 	0.95740017
0.00094444444 	-0.0085562005 	0.063726202 	0.95859092
0.001 	-0.0081885014 	0.064540072 	0.96160425
0.0010617199 	-0.0090823119 	0.063341571 	0.96649212
0.0011225874 	-0.010488577 	0.060724409 	0.97271095
0.0011826143 	-0.011962949 	0.057963904 	0.97920759
0.0012418122 	-0.013128969 	0.056011289 	0.98488353
0.0013001926 	-0.013807987 	0.055146541 	0.98929919
0.0013577668 	-0.013913657 	0.055160721 	0.99273706
0.0014145458 	-0.013430023 	0.055712285 	0.99576839
0.0014705407 	-0.012441825 	0.056514628 	0.99885912
0.0015257623 	-0.011165329 	0.057329787 	1.0022105
0.0015802213 	-0.0098822578 	0.057903849 	1.0058017
0.0016339282 	-0.0088794937 	0.057946477 	1.0094598
0.0016868934 	-0.0083658227 	0.057205779 	1.0129644
0.0017391271 	-0.0084109875 	0.055580923 	1.0161015
0.0017906395 	-0.0089494254 	0.053179728 	1.0187087
0.0018414404 	-0.0098189744 	0.050309279 	1.0207155
0.0018915398 	-0.010821142 	0.047382608 	1.022161
0.0019409473 	-0.011767611 	0.044823745 	1.0231933
0.0019896725 	-0.012506362 	0.042993869 	1.024061
0.0020377248 	-0.012947401 	0.042161498 	1.0250327
0.0020851134 	-0.013084688 	0.042484524 	1.026315
0.0021318476 	-0.012994101 	0.044008384 	1.0279791
0.0021779364 	-0.012816624 	0.046645655 	1.0299804
0.0022233887 	-0.012733794 	0.050137768 	1.0322398
0.0022682133 	-0.012951614 	0.054038095 	1.0346811
0.0023124189 	-0.013603886 	0.057736931 	1.0370443
0.0023560139 	-0.01466617 	0.060576767 	1.0385458
0.0023990069 	-0.015994875 	0.061952264 	1.037639
0.0024414062 	-0.017415602 	0.061419566 	1.0322797
0.0024832199 	-0.01883639 	0.058816564 	1.0208231
0.0025244562 	-0.020224749 	0.054466182 	1.0030178
0.002565123 	-0.021433797 	0.049365479 	0.98030109
0.0026052281 	-0.022159486 	0.044929776 	0.95516472
0.0026447794 	-0.022155903 	0.042198575 	0.93023383
0.0026837845 	-0.021594502 	0.041071946 	0.90765972
0.0027222509 	-0.021153222 	0.0403605 	0.88887304
0.0027601861 	-0.021868411 	0.038475356 	0.87451969
0.0027975974 	-0.024468866 	0.03368649 	0.86466071
0.002834492 	-0.029010927 	0.024164462 	0.85946001
0.0028708772 	-0.035288725 	0.009332433 	0.8588536
0.0029067598 	-0.043040239 	-0.0087043801 	0.86159159
0.0029421469 	-0.052126977 	-0.026784894 	0.86558749
0.0029770452 	-0.061789371 	-0.042959671 	0.86979466
0.0030114616 	-0.07098983 	-0.056709355 	0.87388503
0.0030454028 	-0.079124934 	-0.067957967 	0.87699292
0.0030788752 	-0.085970115 	-0.076712454 	0.87762297
0.0031118853 	-0.091393341 	-0.083104033 	0.87430663
0.0031444395 	-0.095248975 	-0.087381242 	0.86611978
0.0031765442 	-0.097353153 	-0.089819555 	0.85286886
0.0032082055 	-0.097532158 	-0.090623349 	0.83492082
0.0032394295 	-0.095741243 	-0.089838135 	0.81287088
0.0032702223 	-0.09214204 	-0.087361285 	0.78728257
0.0033005899 	-0.087076144 	-0.083050436 	0.75856062
0.0033305381 	-0.080988625 	-0.076890731 	0.72693809
0.0033600727 	-0.074330218 	-0.069124887 	0.6925481
0.0033891994 	-0.06749506 	-0.060316804 	0.65557457
0.0034179239 	-0.060808906 	-0.051252655 	0.61645446
0.0034462517 	-0.054532294 	-0.042636237 	0.57609141
0.0034741882 	-0.048823724 	-0.034734166 	0.53593674
0.003501739 	-0.04375146 	-0.027303897 	0.49775798
0.0035289093 	-0.039335427 	-0.019868087 	0.46316367
0.0035557043 	-0.035574919 	-0.012068907 	0.43315417
0.0035821293 	-0.032474871 	-0.0038547562 	0.40790545
0.0036081894 	-0.029971421 	0.0045224452 	0.38681215
0.0036338895 	-0.027931899 	0.012609789 	0.36869573
0.0036592348 	-0.026191249 	0.019920442 	0.35180635
0.00368423 	-0.024569312 	0.026010105 	0.33444987
0.00370888 	-0.022911124 	0.030513158 	0.31536458
0.0037331896 	-0.021082105 	0.033157334 	0.29399037
0.0037571635 	-0.019021629 	0.03380922 	0.27053567
0.0037808063 	-0.016762058 	0.032522393 	0.2457721
0.0038041226 	-0.014398778 	0.029565881 	0.22062057
0.0038271169 	-0.012037456 	0.025399431 	0.19573133
0.0038497936 	-0.0097553519 	0.020596664 	0.17127037
0.0038721572 	-0.0075936706 	0.015747135 	0.14698565
0.0038942119 	-0.0055749742 	0.011359577 	0.12245535
0.003915962 	-0.0037281179 	0.0077784077 	0.097333785
0.0039374118 	-0.0021133065 	0.0051008426 	0.071428611
0.0039585653 	-0.00084695898 	0.003094092 	0.04451858
0.0039794267 	-9.6712613e-05 	0.0011904039 	0.015938748
0.004 	-9.6712613e-05 	0.0011904039 	0.015938748
