0 	-0.06080824 	-0.058652385 	0.99159983
2.0100503e-05 	-0.06080824 	-0.058652385 	0.99159983
4.0201005e-05 	-0.06080824 	-0.058652385 	0.99159983
6.0301508e-05 	-0.025643186 	-0.080874678 	0.99464891
8.040201e-05 	-0.025643186 	-0.080874678 	0.99464891
0.00010050251 	-0.025643186 	-0.080874678 	0.99464891
0.00012060302 	-0.013178209 	-0.083052225 	0.9989016
0.00014070352 	-0.013178209 	-0.083052225 	0.9989016
0.00016080402 	-0.013178209 	-0.083052225 	0.9989016
0.00018090452 	-0.0068821759 	-0.081790806 	1.004613
0.00020100503 	-0.0068821759 	-0.081790806 	1.004613
0.00022110553 	-0.0068821759 	-0.081790806 	1.004613
0.00024120603 	0.01293024 	-0.076993377 	1.0205622
0.00026130653 	0.01293024 	-0.076993377 	1.0205622
0.00028140704 	0.010946191 	-0.073129229 	1.0290666
0.00030150754 	0.010946191 	-0.073129229 	1.0290666
0.00032160804 	0.010946191 	-0.073129229 	1.0290666
0.00034170854 	0.0092894549 	-0.068915634 	1.0377655
0.00036180905 	0.0092894549 	-0.068915634 	1.0377655
0.00038190955 	0.0092894549 	-0.068915634 	1.0377655
0.00040201005 	-0.00028324743 	-0.066960448 	1.0367346
0.00042211055 	-0.00028324743 	-0.066960448 	1.0367346
0.00044221106 	-0.00028324743 	-0.066960448 	1.0367346
0.00046231156 	-2.3164705e-05 	-0.062660557 	1.0454758
0.00048241206 	-2.3164705e-05 	-0.062660557 	1.0454758
0.00050251256 	0.00020205479 	-0.058052012 	1.0545287
0.00052261307 	0.00020205479 	-0.058052012 	1.0545287
0.00054271357 	0.00020205479 	-0.058052012 	1.0545287
0.00056281407 	0.00028993305 	-0.053047736 	1.0639006
0.00058291457 	0.00028993305 	-0.053047736 	1.0639006
0.00060301508 	0.0063362693 	-0.049251212 	1.0725992
0.00062311558 	0.005909546 	-0.043528354 	1.0811089
0.00064321608 	0.005909546 	-0.043528354 	1.0811089
0.00066331658 	0.005909546 	-0.043528354 	1.0811089
0.00068341709 	-0.00045206629 	-0.041934689 	1.0823524
0.00070351759 	-0.00045206629 	-0.041934689 	1.0823524
0.00072361809 	-0.0012600512 	-0.035943699 	1.0903353
0.00074371859 	-0.0012600512 	-0.035943699 	1.0903353
0.0007638191 	-0.0012600512 	-0.035943699 	1.0903353
0.0007839196 	-0.0022036061 	-0.029828615 	1.0966686
0.0008040201 	-0.0022036061 	-0.029828615 	1.0966686
0.0008241206 	-0.0022036061 	-0.029828615 	1.0966686
0.00084422111 	-0.0031866663 	-0.024013042 	1.1007779
0.00086432161 	-0.0031866663 	-0.024013042 	1.1007779
0.00088442211 	-0.0031866663 	-0.024013042 	1.1007779
0.00090452261 	-0.004265441 	-0.019295267 	1.1020418
0.00092462312 	-0.004265441 	-0.019295267 	1.1020418
0.00094472362 	-0.0055191179 	-0.016633761 	1.0996573
0.00096482412 	-0.0055191179 	-0.016633761 	1.0996573
0.00098492462 	-0.0055191179 	-0.016633761 	1.0996573
0.0010050251 	-0.0024932975 	-0.017795594 	1.0913518
0.0010251256 	-0.0024932975 	-0.017795594 	1.0913518
0.0010452261 	-0.0024932975 	-0.017795594 	1.0913518
0.0010653266 	-0.004993924 	-0.022314472 	1.0761419
0.0010854271 	-0.004993924 	-0.022314472 	1.0761419
0.0011055276 	-0.004993924 	-0.022314472 	1.0761419
0.0011256281 	-0.0068701723 	-0.027115914 	1.0553933
0.0011457286 	-0.0068701723 	-0.027115914 	1.0553933
0.0011658291 	-0.0068701723 	-0.027115914 	1.0553933
0.0011859296 	-0.007545617 	-0.030776525 	1.0315226
0.0012060302 	-0.007545617 	-0.030776525 	1.0315226
0.0012261307 	-0.007545617 	-0.030776525 	1.0315226
0.0012462312 	-0.0068993591 	-0.032902735 	1.0077845
0.0012663317 	-0.0068993591 	-0.032902735 	1.0077845
0.0012864322 	-0.0068993591 	-0.032902735 	1.0077845
0.0013065327 	-0.0052019874 	-0.033635354 	0.9867021
0.0013266332 	-0.0052019874 	-0.033635354 	0.9867021
0.0013467337 	-0.0052019874 	-0.033635354 	0.9867021
0.0013668342 	-0.0029184942 	-0.033252042 	0.96910164
0.0013869347 	-0.0029184942 	-0.033252042 	0.96910164
0.0014070352 	-0.0029184942 	-0.033252042 	0.96910164
0.0014271357 	-0.00061057625 	-0.032024261 	0.95424826
0.0014472362 	-0.00061057625 	-0.032024261 	0.95424826
0.0014673367 	-0.00061057625 	-0.032024261 	0.95424826
0.0014874372 	0.0011844715 	-0.030150377 	0.94065371
0.0015075377 	0.0011844715 	-0.030150377 	0.94065371
0.0015276382 	0.0021817683 	-0.027771125 	0.92670734
0.0015477387 	0.0021817683 	-0.027771125 	0.92670734
0.0015678392 	0.0021817683 	-0.027771125 	0.92670734
0.0015879397 	0.0023725892 	-0.025195984 	0.91101116
0.0016080402 	0.0023725892 	-0.025195984 	0.91101116
0.0016281407 	0.0023725892 	-0.025195984 	0.91101116
0.0016482412 	0.0017746017 	-0.023205656 	0.89307649
0.0016683417 	0.0017746017 	-0.023205656 	0.89307649
0.0016884422 	0.00025368262 	-0.023011311 	0.87405814
0.0017085427 	0.00025368262 	-0.023011311 	0.87405814
0.0017286432 	0.00025368262 	-0.023011311 	0.87405814
0.0017487437 	-0.0022435858 	-0.025874573 	0.85620983
0.0017688442 	-0.0022435858 	-0.025874573 	0.85620983
0.0017889447 	-0.0022435858 	-0.025874573 	0.85620983
0.0018090452 	-0.0053542101 	-0.032093885 	0.84114114
0.0018291457 	-0.0053542101 	-0.032093885 	0.84114114
0.0018492462 	-0.0085284092 	-0.040288031 	0.82844693
0.0018693467 	-0.0085284092 	-0.040288031 	0.82844693
0.0018894472 	-0.0085284092 	-0.040288031 	0.82844693
0.0019095477 	-0.011530795 	-0.047789918 	0.81591699
0.0019296482 	-0.011530795 	-0.047789918 	0.81591699
0.0019497487 	-0.014723799 	-0.052061167 	0.80142885
0.0019698492 	-0.014723799 	-0.052061167 	0.80142885
0.0019899497 	-0.018904572 	-0.051807761 	0.78544311
0.0020100503 	-0.018904572 	-0.051807761 	0.78544311
0.0020301508 	-0.018904572 	-0.051807761 	0.78544311
0.0020502513 	-0.024636933 	-0.047351066 	0.77136233
0.0020703518 	-0.024636933 	-0.047351066 	0.77136233
0.0020904523 	-0.031727961 	-0.040237079 	0.76254676
0.0021105528 	-0.031727961 	-0.040237079 	0.76254676
0.0021306533 	-0.031727961 	-0.040237079 	0.76254676
0.0021507538 	-0.03936047 	-0.03245957 	0.7592867
0.0021708543 	-0.03936047 	-0.03245957 	0.7592867
0.0021909548 	-0.046655465 	-0.025811918 	0.75912769
0.0022110553 	-0.046655465 	-0.025811918 	0.75912769
0.0022311558 	-0.052986342 	-0.021472171 	0.75936563
0.0022512563 	-0.052986342 	-0.021472171 	0.75936563
0.0022713568 	-0.058047651 	-0.019803871 	0.75864958
0.0022914573 	-0.058047651 	-0.019803871 	0.75864958
0.0023115578 	-0.058047651 	-0.019803871 	0.75864958
0.0023316583 	-0.061782006 	-0.020389946 	0.75689865
0.0023517588 	-0.061782006 	-0.020389946 	0.75689865
0.0023718593 	-0.064289346 	-0.022318675 	0.75455223
0.0023919598 	-0.064289346 	-0.022318675 	0.75455223
0.0024120603 	-0.065787467 	-0.024603251 	0.75203343
0.0024321608 	-0.065787467 	-0.024603251 	0.75203343
0.0024522613 	-0.066578504 	-0.026564207 	0.74951868
0.0024723618 	-0.066578504 	-0.026564207 	0.74951868
0.0024924623 	-0.066907916 	-0.027969254 	0.74696346
0.0025125628 	-0.066907916 	-0.027969254 	0.74696346
0.0025326633 	-0.066903278 	-0.028893864 	0.74421572
0.0025527638 	-0.066903278 	-0.028893864 	0.74421572
0.0025728643 	-0.066554325 	-0.029503152 	0.74114667
0.0025929648 	-0.066554325 	-0.029503152 	0.74114667
0.0026130653 	-0.065787882 	-0.029918342 	0.73775153
0.0026331658 	-0.065787882 	-0.029918342 	0.73775153
0.0026532663 	-0.064581603 	-0.030195608 	0.73413309
0.0026733668 	-0.064581603 	-0.030195608 	0.73413309
0.0026934673 	-0.062928372 	-0.03036146 	0.73044486
0.0027135678 	-0.062928372 	-0.03036146 	0.73044486
0.0027336683 	-0.06084589 	-0.030398787 	0.72687382
0.0027537688 	-0.06084589 	-0.030398787 	0.72687382
0.0027738693 	-0.058372634 	-0.030238714 	0.7235698
0.0027939698 	-0.058372634 	-0.030238714 	0.7235698
0.0028140704 	-0.055534192 	-0.029751651 	0.7206934
0.0028341709 	-0.055534192 	-0.029751651 	0.7206934
0.0028542714 	-0.052373214 	-0.028769417 	0.71835734
0.0028743719 	-0.048945202 	-0.027135179 	0.71664554
0.0028944724 	-0.048945202 	-0.027135179 	0.71664554
0.0029145729 	-0.045286875 	-0.024735739 	0.71557196
0.0029346734 	-0.045286875 	-0.024735739 	0.71557196
0.0029547739 	-0.041417868 	-0.021517661 	0.71509937
0.0029748744 	-0.041417868 	-0.021517661 	0.71509937
0.0029949749 	-0.037339871 	-0.017487873 	0.71513072
0.0030150754 	-0.033038933 	-0.012688015 	0.71555029
0.0030351759 	-0.033038933 	-0.012688015 	0.71555029
0.0030552764 	-0.028549787 	-0.0072323184 	0.71621998
0.0030753769 	-0.028549787 	-0.0072323184 	0.71621998
0.0030954774 	-0.023923296 	-0.0012894535 	0.71701561
0.0031155779 	-0.019177391 	0.0049264478 	0.71782803
0.0031356784 	-0.019177391 	0.0049264478 	0.71782803
0.0031557789 	-0.014361483 	0.011176525 	0.7185513
0.0031758794 	-0.014361483 	0.011176525 	0.7185513
0.0031959799 	-0.0095084679 	0.017192619 	0.71906828
0.0032160804 	-0.0046903962 	0.022714633 	0.71928838
0.0032361809 	-0.0046903962 	0.022714633 	0.71928838
0.0032562814 	-4.8251618e-05 	0.027509542 	0.71914456
0.0032763819 	0.0043292698 	0.031389185 	0.71861072
0.0032964824 	0.0043292698 	0.031389185 	0.71861072
0.0033165829 	0.0083893417 	0.034234716 	0.7176942
0.0033366834 	0.012078318 	0.03600015 	0.71644238
0.0033567839 	0.012078318 	0.03600015 	0.71644238
0.0033768844 	0.015376484 	0.036702047 	0.7149387
0.0033969849 	0.018275885 	0.036401626 	0.71328988
0.0034170854 	0.018275885 	0.036401626 	0.71328988
0.0034371859 	0.020765519 	0.03520398 	0.71161456
0.0034572864 	0.022823193 	0.033253275 	0.7100234
0.0034773869 	0.024410218 	0.030729135 	0.70860451
0.0034974874 	0.024410218 	0.030729135 	0.70860451
0.0035175879 	0.025466853 	0.027827427 	0.70741371
0.0035376884 	0.025912291 	0.024725289 	0.70646337
0.0035577889 	0.025653842 	0.021551372 	0.7056863
0.0035778894 	0.025653842 	0.021551372 	0.7056863
0.0035979899 	0.024608426 	0.018396017 	0.70482006
0.0036180905 	0.022745381 	0.015397171 	0.70313765
0.003638191 	0.020146833 	0.012896317 	0.69905135
0.0036582915 	0.020146833 	0.012896317 	0.69905135
0.003678392 	0.017036744 	0.011560654 	0.68990422
0.0036984925 	0.013716841 	0.012308426 	0.67248222
0.003718593 	0.010413336 	0.015965745 	0.64441009
0.0037386935 	0.0071719504 	0.022789857 	0.60561915
0.003758794 	0.0039564136 	0.032150973 	0.55852563
0.0037788945 	0.0039564136 	0.032150973 	0.55852563
0.003798995 	0.00088937869 	0.042547807 	0.50655092
0.0038190955 	-0.0016557277 	0.051951519 	0.45240139
0.003839196 	-0.0032777068 	0.058331468 	0.39764634
0.0038592965 	-0.0038540673 	0.060271985 	0.34329694
0.003879397 	-0.0035977417 	0.057448302 	0.29002707
0.0038994975 	-0.0028677496 	0.050618824 	0.237831
0.003919598 	-0.001974971 	0.041104186 	0.18598083
0.0039396985 	-0.0011223235 	0.030128565 	0.13358477
0.003959799 	-0.00044099952 	0.01841473 	0.080261459
0.0039798995 	-4.7041442e-05 	0.0062151685 	0.026516834
0.004 	-4.7041442e-05 	0.0062151685 	0.026516834
