0 	-0.020536857 	-0.0049922135 	1.0285733
2.0100503e-05 	-0.020536857 	-0.0049922135 	1.0285733
4.0201005e-05 	-0.020536857 	-0.0049922135 	1.0285733
6.0301508e-05 	-0.018200564 	0.0041789649 	1.0312257
8.040201e-05 	-0.018200564 	0.0041789649 	1.0312257
0.00010050251 	-0.018200564 	0.0041789649 	1.0312257
0.00012060302 	-0.014501394 	0.0059418915 	1.0348345
0.00014070352 	-0.014501394 	0.0059418915 	1.0348345
0.00016080402 	-0.014501394 	0.0059418915 	1.0348345
0.00018090452 	-0.010524592 	0.0064361345 	1.0392557
0.00020100503 	-0.010524592 	0.0064361345 	1.0392557
0.00022110553 	-0.010524592 	0.0064361345 	1.0392557
0.00024120603 	-0.0062555704 	0.0066330563 	1.0442081
0.00026130653 	-0.0062555704 	0.0066330563 	1.0442081
0.00028140704 	-0.0018201192 	0.0068187834 	1.049389
0.00030150754 	-0.0018201192 	0.0068187834 	1.049389
0.00032160804 	-0.0018201192 	0.0068187834 	1.049389
0.00034170854 	0.0026090388 	0.007134342 	1.0545745
0.00036180905 	0.0026090388 	0.007134342 	1.0545745
0.00038190955 	0.0026090388 	0.007134342 	1.0545745
0.00040201005 	0.0068540603 	0.007649646 	1.0596517
0.00042211055 	0.0068540603 	0.007649646 	1.0596517
0.00044221106 	0.0068540603 	0.007649646 	1.0596517
0.00046231156 	0.010780814 	0.0083865052 	1.0645914
0.00048241206 	0.010780814 	0.0083865052 	1.0645914
0.00050251256 	0.01430574 	0.0093191573 	1.0694102
0.00052261307 	0.01430574 	0.0093191573 	1.0694102
0.00054271357 	0.01430574 	0.0093191573 	1.0694102
0.00056281407 	0.017370323 	0.010385616 	1.0741344
0.00058291457 	0.017370323 	0.010385616 	1.0741344
0.00060301508 	0.017370323 	0.010385616 	1.0741344
0.00062311558 	0.019936343 	0.0115036 	1.0787723
0.00064321608 	0.019936343 	0.0115036 	1.0787723
0.00066331658 	0.019936343 	0.0115036 	1.0787723
0.00068341709 	0.021956311 	0.012595282 	1.0832912
0.00070351759 	0.021956311 	0.012595282 	1.0832912
0.00072361809 	0.02336129 	0.01360617 	1.0875968
0.00074371859 	0.02336129 	0.01360617 	1.0875968
0.0007638191 	0.02336129 	0.01360617 	1.0875968
0.0007839196 	0.024095731 	0.014498507 	1.0914959
0.0008040201 	0.024095731 	0.014498507 	1.0914959
0.0008241206 	0.024095731 	0.014498507 	1.0914959
0.00084422111 	0.024106805 	0.015210359 	1.0946501
0.00086432161 	0.024106805 	0.015210359 	1.0946501
0.00088442211 	0.024106805 	0.015210359 	1.0946501
0.00090452261 	0.023459326 	0.015707458 	1.0965578
0.00092462312 	0.023459326 	0.015707458 	1.0965578
0.00094472362 	0.022121071 	0.015912535 	1.0966317
0.00096482412 	0.022121071 	0.015912535 	1.0966317
0.00098492462 	0.022121071 	0.015912535 	1.0966317
0.0010050251 	0.020187796 	0.016134922 	1.0944738
0.0010251256 	0.020187796 	0.016134922 	1.0944738
0.0010452261 	0.020187796 	0.016134922 	1.0944738
0.0010653266 	0.01764983 	0.016814556 	1.0898061
0.0010854271 	0.01764983 	0.016814556 	1.0898061
0.0011055276 	0.01764983 	0.016814556 	1.0898061
0.0011256281 	0.01470379 	0.018808497 	1.0837623
0.0011457286 	0.01470379 	0.018808497 	1.0837623
0.0011658291 	0.01470379 	0.018808497 	1.0837623
0.0011859296 	0.011732553 	0.022786607 	1.0777485
0.0012060302 	0.011732553 	0.022786607 	1.0777485
0.0012261307 	0.011732553 	0.022786607 	1.0777485
0.0012462312 	0.0090528073 	0.029031411 	1.0730753
0.0012663317 	0.0090528073 	0.029031411 	1.0730753
0.0012864322 	0.0090528073 	0.029031411 	1.0730753
0.0013065327 	0.0069369957 	0.037263611 	1.0705007
0.0013266332 	0.0069369957 	0.037263611 	1.0705007
0.0013467337 	0.0069369957 	0.037263611 	1.0705007
0.0013668342 	0.0054780242 	0.046613578 	1.0699081
0.0013869347 	0.0054780242 	0.046613578 	1.0699081
0.0014070352 	0.0054780242 	0.046613578 	1.0699081
0.0014271357 	0.0045294305 	0.055738937 	1.070306
0.0014472362 	0.0045294305 	0.055738937 	1.070306
0.0014673367 	0.0045294305 	0.055738937 	1.070306
0.0014874372 	0.0037805127 	0.06315564 	1.0703418
0.0015075377 	0.0037805127 	0.06315564 	1.0703418
0.0015276382 	0.0029848143 	0.067695527 	1.069071
0.0015477387 	0.0029848143 	0.067695527 	1.069071
0.0015678392 	0.0029848143 	0.067695527 	1.069071
0.0015879397 	0.0021371643 	0.068841892 	1.0663243
0.0016080402 	0.0021371643 	0.068841892 	1.0663243
0.0016281407 	0.0021371643 	0.068841892 	1.0663243
0.0016482412 	0.0014362743 	0.066776594 	1.0624905
0.0016683417 	0.0014362743 	0.066776594 	1.0624905
0.0016884422 	0.0011158174 	0.062182515 	1.0581197
0.0017085427 	0.0011158174 	0.062182515 	1.0581197
0.0017286432 	0.0011158174 	0.062182515 	1.0581197
0.0017487437 	0.0013026559 	0.055989911 	1.0536831
0.0017688442 	0.0013026559 	0.055989911 	1.0536831
0.0017889447 	0.0013026559 	0.055989911 	1.0536831
0.0018090452 	0.0019872305 	0.049145387 	1.0494852
0.0018291457 	0.0019872305 	0.049145387 	1.0494852
0.0018492462 	0.003073302 	0.042447759 	1.0456377
0.0018693467 	0.003073302 	0.042447759 	1.0456377
0.0018894472 	0.003073302 	0.042447759 	1.0456377
0.0019095477 	0.0044343502 	0.036442613 	1.0420787
0.0019296482 	0.0044343502 	0.036442613 	1.0420787
0.0019497487 	0.0059553798 	0.031435563 	1.0386345
0.0019698492 	0.0059553798 	0.031435563 	1.0386345
0.0019899497 	0.0059553798 	0.031435563 	1.0386345
0.0020100503 	0.0075514996 	0.027513322 	1.0350952
0.0020301508 	0.0075514996 	0.027513322 	1.0350952
0.0020502513 	0.0091658378 	0.024617252 	1.0312827
0.0020703518 	0.0091658378 	0.024617252 	1.0312827
0.0020904523 	0.010754099 	0.022599598 	1.0271052
0.0021105528 	0.010754099 	0.022599598 	1.0271052
0.0021306533 	0.010754099 	0.022599598 	1.0271052
0.0021507538 	0.012270917 	0.021269235 	1.0226039
0.0021708543 	0.012270917 	0.021269235 	1.0226039
0.0021909548 	0.013662052 	0.020413039 	1.0179855
0.0022110553 	0.013662052 	0.020413039 	1.0179855
0.0022311558 	0.014862081 	0.019796129 	1.0136184
0.0022512563 	0.014862081 	0.019796129 	1.0136184
0.0022713568 	0.015791735 	0.019151284 	1.0099839
0.0022914573 	0.015791735 	0.019151284 	1.0099839
0.0023115578 	0.015791735 	0.019151284 	1.0099839
0.0023316583 	0.01636466 	0.018192263 	1.0075858
0.0023517588 	0.01636466 	0.018192263 	1.0075858
0.0023718593 	0.016478203 	0.016656844 	1.0068369
0.0023919598 	0.016478203 	0.016656844 	1.0068369
0.0024120603 	0.016012612 	0.014397118 	1.0079797
0.0024321608 	0.016012612 	0.014397118 	1.0079797
0.0024522613 	0.014863833 	0.011452623 	1.0110249
0.0024723618 	0.014863833 	0.011452623 	1.0110249
0.0024924623 	0.013007848 	0.0080737552 	1.0156575
0.0025125628 	0.013007848 	0.0080737552 	1.0156575
0.0025326633 	0.010588095 	0.004685652 	1.0210717
0.0025527638 	0.010588095 	0.004685652 	1.0210717
0.0025728643 	0.00794138 	0.0018362935 	1.0258338
0.0025929648 	0.00794138 	0.0018362935 	1.0258338
0.0026130653 	0.0055725203 	5.9870229e-05 	1.0279682
0.0026331658 	0.0055725203 	5.9870229e-05 	1.0279682
0.0026532663 	0.004055667 	-0.00023544494 	1.0253513
0.0026733668 	0.004055667 	-0.00023544494 	1.0253513
0.0026934673 	0.0038294009 	0.0012367373 	1.0164028
0.0027135678 	0.0038294009 	0.0012367373 	1.0164028
0.0027336683 	0.0050468522 	0.0047505306 	1.0006933
0.0027537688 	0.0050468522 	0.0047505306 	1.0006933
0.0027738693 	0.0076031026 	0.010522831 	0.97922548
0.0027939698 	0.0076031026 	0.010522831 	0.97922548
0.0028140704 	0.01118787 	0.018447416 	0.95425538
0.0028341709 	0.01118787 	0.018447416 	0.95425538
0.0028542714 	0.015301947 	0.027680378 	0.92850886
0.0028743719 	0.019411456 	0.036634802 	0.9041267
0.0028944724 	0.019411456 	0.036634802 	0.9041267
0.0029145729 	0.023153507 	0.043640334 	0.88195167
0.0029346734 	0.023153507 	0.043640334 	0.88195167
0.0029547739 	0.02638699 	0.047751131 	0.86174107
0.0029748744 	0.02638699 	0.047751131 	0.86174107
0.0029949749 	0.028985426 	0.048956548 	0.84336039
0.0030150754 	0.030563243 	0.047670978 	0.82804647
0.0030351759 	0.030563243 	0.047670978 	0.82804647
0.0030552764 	0.030498494 	0.044099616 	0.8183306
0.0030753769 	0.030498494 	0.044099616 	0.8183306
0.0030954774 	0.028357031 	0.038141307 	0.816203
0.0031155779 	0.024360336 	0.029796295 	0.82097385
0.0031356784 	0.024360336 	0.029796295 	0.82097385
0.0031557789 	0.019399429 	0.019451974 	0.82889389
0.0031758794 	0.019399429 	0.019451974 	0.82889389
0.0031959799 	0.014548359 	0.0076952353 	0.83493454
0.0032160804 	0.010555302 	-0.0049240456 	0.83519867
0.0032361809 	0.010555302 	-0.0049240456 	0.83519867
0.0032562814 	0.0075528515 	-0.017702238 	0.82833649
0.0032763819 	0.0051990086 	-0.029166578 	0.81545187
0.0032964824 	0.0051990086 	-0.029166578 	0.81545187
0.0033165829 	0.0030516923 	-0.03687027 	0.79868343
0.0033366834 	0.000870687 	-0.038242938 	0.77895998
0.0033567839 	0.000870687 	-0.038242938 	0.77895998
0.0033768844 	-0.0012130207 	-0.032301876 	0.75418666
0.0033969849 	-0.0028061367 	-0.020865257 	0.72004468
0.0034170854 	-0.0028061367 	-0.020865257 	0.72004468
0.0034371859 	-0.0036292779 	-0.0080014082 	0.67423039
0.0034572864 	-0.0039731482 	0.0021208635 	0.62075851
0.0034773869 	-0.0045958863 	0.0072758617 	0.56889086
0.0034974874 	-0.0045958863 	0.0072758617 	0.56889086
0.0035175879 	-0.0060334403 	0.0075447375 	0.52689037
0.0035376884 	-0.0082791911 	0.0042887864 	0.49735621
0.0035577889 	-0.010899721 	-0.00094889357 	0.4777637
0.0035778894 	-0.010899721 	-0.00094889357 	0.4777637
0.0035979899 	-0.013336668 	-0.0069428903 	0.46368988
0.0036180905 	-0.015241669 	-0.012841782 	0.45131634
0.003638191 	-0.016460176 	-0.018071311 	0.43828668
0.0036582915 	-0.016460176 	-0.018071311 	0.43828668
0.003678392 	-0.016942867 	-0.022284152 	0.42345746
0.0036984925 	-0.016741348 	-0.025295508 	0.40643577
0.003718593 	-0.015954645 	-0.027026465 	0.38720176
0.0037386935 	-0.01470234 	-0.027463898 	0.36587615
0.003758794 	-0.013109549 	-0.026645102 	0.34260598
0.0037788945 	-0.013109549 	-0.026645102 	0.34260598
0.003798995 	-0.011299692 	-0.02466296 	0.31752038
0.0038190955 	-0.009390655 	-0.021679246 	0.29071497
0.003839196 	-0.0074908461 	-0.017933628 	0.26224402
0.0038592965 	-0.0056950397 	-0.013740521 	0.23211952
0.003879397 	-0.0040799778 	-0.009471165 	0.20032685
0.0038994975 	-0.0027012898 	-0.005524093 	0.16686372
0.003919598 	-0.0015935351 	-0.0022859779 	0.13179604
0.0039396985 	-0.00077634896 	-8.6188794e-05 	0.09530743
0.003959799 	-0.00025400107 	0.00086476614 	0.057717642
0.0039798995 	-1.8795429e-05 	0.00057659366 	0.019435552
0.004 	-1.8795429e-05 	0.00057659366 	0.019435552
