0 	-0.015328527 	-0.0099969665 	1.0209959
2.0100503e-05 	0.004765465 	0.013178142 	1.0155471
4.0201005e-05 	0.004765465 	0.013178142 	1.0155471
6.0301508e-05 	0.021860463 	0.00087067263 	1.0114408
8.040201e-05 	0.021860463 	0.00087067263 	1.0114408
0.00010050251 	0.021860463 	0.00087067263 	1.0114408
0.00012060302 	0.030547901 	-0.011083463 	1.0089715
0.00014070352 	0.030547901 	-0.011083463 	1.0089715
0.00016080402 	0.030547901 	-0.011083463 	1.0089715
0.00018090452 	0.035784641 	-0.020649396 	1.0083388
0.00020100503 	0.035784641 	-0.020649396 	1.0083388
0.00022110553 	0.035784641 	-0.020649396 	1.0083388
0.00024120603 	0.038551317 	-0.027762733 	1.0095281
0.00026130653 	0.038551317 	-0.027762733 	1.0095281
0.00028140704 	0.039604133 	-0.032876494 	1.0121299
0.00030150754 	0.039604133 	-0.032876494 	1.0121299
0.00032160804 	0.039604133 	-0.032876494 	1.0121299
0.00034170854 	0.039657909 	-0.036744785 	1.0152997
0.00036180905 	0.039657909 	-0.036744785 	1.0152997
0.00038190955 	0.039657909 	-0.036744785 	1.0152997
0.00040201005 	0.039243771 	-0.040160254 	1.0179677
0.00042211055 	0.039243771 	-0.040160254 	1.0179677
0.00044221106 	0.039243771 	-0.040160254 	1.0179677
0.00046231156 	0.038596966 	-0.04371151 	1.01923
0.00048241206 	0.038596966 	-0.04371151 	1.01923
0.00050251256 	0.037650034 	-0.047593732 	1.0186957
0.00052261307 	0.037650034 	-0.047593732 	1.0186957
0.00054271357 	0.037650034 	-0.047593732 	1.0186957
0.00056281407 	0.036122257 	-0.051538706 	1.0165809
0.00058291457 	0.036122257 	-0.051538706 	1.0165809
0.00060301508 	0.036122257 	-0.051538706 	1.0165809
0.00062311558 	0.033688913 	-0.054882775 	1.0135019
0.00064321608 	0.033688913 	-0.054882775 	1.0135019
0.00066331658 	0.033688913 	-0.054882775 	1.0135019
0.00068341709 	0.030149972 	-0.056769473 	1.0101639
0.00070351759 	0.030149972 	-0.056769473 	1.0101639
0.00072361809 	0.025495936 	-0.056400716 	1.0071443
0.00074371859 	0.025495936 	-0.056400716 	1.0071443
0.0007638191 	0.025495936 	-0.056400716 	1.0071443
0.0007839196 	0.019848013 	-0.053349033 	1.0047966
0.0008040201 	0.019848013 	-0.053349033 	1.0047966
0.0008241206 	0.019848013 	-0.053349033 	1.0047966
0.00084422111 	0.013209826 	-0.047883697 	1.0032548
0.00086432161 	0.013209826 	-0.047883697 	1.0032548
0.00088442211 	0.013209826 	-0.047883697 	1.0032548
0.00090452261 	0.0054595226 	-0.041085455 	1.0025357
0.00092462312 	0.0054595226 	-0.041085455 	1.0025357
0.00094472362 	-0.0017392336 	-0.031691929 	1.0023311
0.00096482412 	-0.0017392336 	-0.031691929 	1.0023311
0.00098492462 	-0.0017392336 	-0.031691929 	1.0023311
0.0010050251 	-0.013248736 	-0.027579695 	1.0028551
0.0010251256 	-0.013248736 	-0.027579695 	1.0028551
0.0010452261 	-0.013248736 	-0.027579695 	1.0028551
0.0010653266 	-0.022438706 	-0.021922191 	1.0026873
0.0010854271 	-0.022438706 	-0.021922191 	1.0026873
0.0011055276 	-0.022438706 	-0.021922191 	1.0026873
0.0011256281 	-0.02945044 	-0.017282402 	1.0015606
0.0011457286 	-0.02945044 	-0.017282402 	1.0015606
0.0011658291 	-0.027588618 	-0.014343569 	1.0039348
0.0011859296 	-0.032750132 	-0.011368562 	1.0030831
0.0012060302 	-0.032750132 	-0.011368562 	1.0030831
0.0012261307 	-0.033848059 	-0.013360392 	0.99976654
0.0012462312 	-0.035847113 	-0.0097464258 	0.99771117
0.0012663317 	-0.035847113 	-0.0097464258 	0.99771117
0.0012864322 	-0.035847113 	-0.0097464258 	0.99771117
0.0013065327 	-0.035800207 	-0.0061772191 	0.99560486
0.0013266332 	-0.035800207 	-0.0061772191 	0.99560486
0.0013467337 	-0.035800207 	-0.0061772191 	0.99560486
0.0013668342 	-0.034050254 	-0.0025339364 	0.99347839
0.0013869347 	-0.034050254 	-0.0025339364 	0.99347839
0.0014070352 	-0.034050254 	-0.0025339364 	0.99347839
0.0014271357 	-0.030825358 	0.00133035 	0.99126421
0.0014472362 	-0.030825358 	0.00133035 	0.99126421
0.0014673367 	-0.030825358 	0.00133035 	0.99126421
0.0014874372 	-0.029427937 	0.0025103129 	0.99655825
0.0015075377 	-0.026288574 	0.0055879488 	0.98878826
0.0015276382 	-0.020547132 	0.010341764 	0.98573594
0.0015477387 	-0.020547132 	0.010341764 	0.98573594
0.0015678392 	-0.020547132 	0.010341764 	0.98573594
0.0015879397 	-0.013692643 	0.015477322 	0.98175047
0.0016080402 	-0.013692643 	0.015477322 	0.98175047
0.0016281407 	-0.013692643 	0.015477322 	0.98175047
0.0016482412 	-0.0060192962 	0.020611365 	0.97668088
0.0016683417 	-0.0060192962 	0.020611365 	0.97668088
0.0016884422 	0.0020139185 	0.025271938 	0.97082511
0.0017085427 	0.0020139185 	0.025271938 	0.97082511
0.0017286432 	0.0020139185 	0.025271938 	0.97082511
0.0017487437 	0.0098556927 	0.029069976 	0.96480941
0.0017688442 	0.0098556927 	0.029069976 	0.96480941
0.0017889447 	0.0098556927 	0.029069976 	0.96480941
0.0018090452 	0.016979721 	0.031818008 	0.95937342
0.0018291457 	0.016979721 	0.031818008 	0.95937342
0.0018492462 	0.023039103 	0.033558286 	0.9551452
0.0018693467 	0.023039103 	0.033558286 	0.9551452
0.0018894472 	0.023039103 	0.033558286 	0.9551452
0.0019095477 	0.027891691 	0.03451413 	0.95244507
0.0019296482 	0.027891691 	0.03451413 	0.95244507
0.0019497487 	0.031603624 	0.035025608 	0.95118875
0.0019698492 	0.031603624 	0.035025608 	0.95118875
0.0019899497 	0.034396583 	0.0354539 	0.95088798
0.0020100503 	0.034396583 	0.0354539 	0.95088798
0.0020301508 	0.034396583 	0.0354539 	0.95088798
0.0020502513 	0.036583492 	0.036088911 	0.95082298
0.0020703518 	0.036583492 	0.036088911 	0.95082298
0.0020904523 	0.038482726 	0.037093134 	0.95030148
0.0021105528 	0.038482726 	0.037093134 	0.95030148
0.0021306533 	0.038482726 	0.037093134 	0.95030148
0.0021507538 	0.040336122 	0.038514213 	0.9488544
0.0021708543 	0.040336122 	0.038514213 	0.9488544
0.0021909548 	0.04227968 	0.040339998 	0.94628744
0.0022110553 	0.04227968 	0.040339998 	0.94628744
0.0022311558 	0.044349585 	0.04255717 	0.94260988
0.0022512563 	0.044349585 	0.04255717 	0.94260988
0.0022713568 	0.046506093 	0.045176273 	0.93792298
0.0022914573 	0.046506093 	0.045176273 	0.93792298
0.0023115578 	0.046506093 	0.045176273 	0.93792298
0.0023316583 	0.048653946 	0.048223559 	0.93233791
0.0023517588 	0.048653946 	0.048223559 	0.93233791
0.0023718593 	0.050649544 	0.051713947 	0.92593241
0.0023919598 	0.050649544 	0.051713947 	0.92593241
0.0024120603 	0.052319336 	0.055591648 	0.91875396
0.0024321608 	0.052319336 	0.055591648 	0.91875396
0.0024522613 	0.053467676 	0.059685862 	0.91085711
0.0024723618 	0.053467676 	0.059685862 	0.91085711
0.0024924623 	0.053881949 	0.063682917 	0.90237954
0.0025125628 	0.053881949 	0.063682917 	0.90237954
0.0025326633 	0.0533459 	0.067147562 	0.89361716
0.0025527638 	0.0533459 	0.067147562 	0.89361716
0.0025728643 	0.051642559 	0.069588264 	0.88506474
0.0025929648 	0.051642559 	0.069588264 	0.88506474
0.0026130653 	0.048605423 	0.070537558 	0.87735066
0.0026331658 	0.048605423 	0.070537558 	0.87735066
0.0026532663 	0.044189082 	0.069628012 	0.87103875
0.0026733668 	0.044189082 	0.069628012 	0.87103875
0.0026934673 	0.038542014 	0.066658306 	0.86634985
0.0027135678 	0.038542014 	0.066658306 	0.86634985
0.0027336683 	0.032074134 	0.061651914 	0.86290868
0.0027537688 	0.032074134 	0.061651914 	0.86290868
0.0027738693 	0.025405817 	0.054909992 	0.85967414
0.0027939698 	0.025405817 	0.054909992 	0.85967414
0.0028140704 	0.01922483 	0.047017595 	0.85517477
0.0028341709 	0.01922483 	0.047017595 	0.85517477
0.0028542714 	0.014071955 	0.038692623 	0.84797006
0.0028743719 	0.010207256 	0.030495836 	0.83716242
0.0028944724 	0.010207256 	0.030495836 	0.83716242
0.0029145729 	0.007608273 	0.022547993 	0.82266646
0.0029346734 	0.007608273 	0.022547993 	0.82266646
0.0029547739 	0.006084153 	0.014458454 	0.80506858
0.0029748744 	0.006084153 	0.014458454 	0.80506858
0.0029949749 	0.005500456 	0.0056212748 	0.7851789
0.0030150754 	0.005851429 	-0.0043297871 	0.76359313
0.0030351759 	0.005851429 	-0.0043297871 	0.76359313
0.0030552764 	0.0071721388 	-0.015144842 	0.74067213
0.0030753769 	0.0071721388 	-0.015144842 	0.74067213
0.0030954774 	0.009413688 	-0.02594952 	0.71691947
0.0031155779 	0.012303164 	-0.035564574 	0.69335149
0.0031356784 	0.012303164 	-0.035564574 	0.69335149
0.0031557789 	0.015403552 	-0.042996702 	0.67137015
0.0031758794 	0.015403552 	-0.042996702 	0.67137015
0.0031959799 	0.018283352 	-0.047736783 	0.65231277
0.0032160804 	0.020627145 	-0.049786357 	0.63705453
0.0032361809 	0.020627145 	-0.049786357 	0.63705453
0.0032562814 	0.022285795 	-0.049483412 	0.62588533
0.0032763819 	0.023249482 	-0.047325727 	0.61861928
0.0032964824 	0.023249482 	-0.047325727 	0.61861928
0.0033165829 	0.023595321 	-0.043801164 	0.61479728
0.0033366834 	0.02343223 	-0.039323474 	0.61386563
0.0033567839 	0.02343223 	-0.039323474 	0.61386563
0.0033768844 	0.022866953 	-0.034196008 	0.61529236
0.0033969849 	0.021987463 	-0.028609247 	0.61861904
0.0034170854 	0.021987463 	-0.028609247 	0.61861904
0.0034371859 	0.020854726 	-0.0226569 	0.62346993
0.0034572864 	0.019505059 	-0.01636822 	0.62954005
0.0034773869 	0.017954051 	-0.0097493905 	0.63657935
0.0034974874 	0.017954051 	-0.0097493905 	0.63657935
0.0035175879 	0.016208128 	-0.0028238361 	0.64437911
0.0035376884 	0.014273808 	0.0043436639 	0.65275051
0.0035577889 	0.012164589 	0.011636652 	0.66148097
0.0035778894 	0.012164589 	0.011636652 	0.66148097
0.0035979899 	0.0099040045 	0.018917622 	0.67024144
0.0036180905 	0.0075379489 	0.026062825 	0.6784589
0.003638191 	0.0051430067 	0.032968109 	0.68517898
0.0036582915 	0.0051430067 	0.032968109 	0.68517898
0.003678392 	0.0028468202 	0.03951433 	0.68900878
0.0036984925 	0.00081547358 	0.045493668 	0.68821244
0.003718593 	-0.00078613224 	0.050528794 	0.68102467
0.0037386935 	-0.0018360475 	0.054052611 	0.66607422
0.003758794 	-0.0023051717 	0.055411927 	0.64270247
0.0037788945 	-0.0023051717 	0.055411927 	0.64270247
0.003798995 	-0.0022807128 	0.054100308 	0.61097564
0.0038190955 	-0.0019447669 	0.0500257 	0.57136406
0.003839196 	-0.0015003912 	0.043648095 	0.52433814
0.0038592965 	-0.0010970716 	0.035876049 	0.47019973
0.003879397 	-0.00079691193 	0.027774117 	0.40926133
0.0038994975 	-0.00058800546 	0.020256222 	0.34217702
0.003919598 	-0.00042526249 	0.013901985 	0.27011279
0.0039396985 	-0.00027147718 	0.0089078398 	0.19459768
0.003959799 	-0.00012452375 	0.0050910302 	0.11716257
0.0039798995 	-1.451246e-05 	0.0018648695 	0.039062034
0.004 	-1.451246e-05 	0.0018648695 	0.039062034
