0 	0.014524447 	-0.0035258337 	1.0676578
5.5555556e-05 	0.00097538956 	0.008150677 	1.0645804
0.00011111111 	0.0029980936 	0.0052794372 	1.0635911
0.00016666667 	0.0059206795 	0.0029497419 	1.06316
0.00022222222 	0.0089622407 	0.0010722003 	1.0632956
0.00027777778 	0.011831702 	-0.0004419447 	1.063894
0.00033333333 	0.014384835 	-0.0016714689 	1.0647602
0.00038888889 	0.01654746 	-0.0026676002 	1.0656514
0.00044444444 	0.018293161 	-0.0034361878 	1.0663363
0.0005 	0.019634664 	-0.003925252 	1.0666623
0.00055555556 	0.020616032 	-0.0040208416 	1.0665931
0.00061111111 	0.021273504 	-0.0035674275 	1.0661976
0.00066666667 	0.021602227 	-0.0024461235 	1.065577
0.00072222222 	0.021542825 	-0.00063912785 	1.0647849
0.00077777778 	0.020998033 	0.0017502956 	1.0638279
0.00083333333 	0.019894148 	0.0045102108 	1.0626804
0.00088888889 	0.018203883 	0.0074198906 	1.0613968
0.00094444444 	0.016007529 	0.010259663 	1.0601645
0.001 	0.013262702 	0.012992565 	1.0593243
0.0010617199 	0.010212535 	0.015357574 	1.0594455
0.0011225874 	0.0074673435 	0.017429277 	1.0606996
0.0011826143 	0.0054223552 	0.01943802 	1.0625578
0.0012418122 	0.0044551195 	0.02159462 	1.0642987
0.0013001926 	0.004822865 	0.024118021 	1.0655874
0.0013577668 	0.0066395976 	0.026929268 	1.0666474
0.0014145458 	0.0099221241 	0.029583806 	1.06761
0.0014705407 	0.014494469 	0.031248385 	1.0677377
0.0015257623 	0.019820156 	0.031076462 	1.065684
0.0015802213 	0.025019816 	0.028706449 	1.0606617
0.0016339282 	0.02892298 	0.024517091 	1.0534503
0.0016868934 	0.030290274 	0.019404289 	1.0461654
0.0017391271 	0.028147272 	0.014098653 	1.0413102
0.0017906395 	0.02211539 	0.0089966391 	1.0402503
0.0018414404 	0.012869906 	0.004430985 	1.0427165
0.0018915398 	0.001930931 	0.0012200688 	1.0472567
0.0019409473 	-0.0087079275 	0.00087070686 	1.0520171
0.0019896725 	-0.016993405 	0.0048721058 	1.0550776
0.0020377248 	-0.021471994 	0.013712992 	1.0544273
0.0020851134 	-0.021626818 	0.026535678 	1.0484554
0.0021318476 	-0.017875295 	0.041601861 	1.0365925
0.0021779364 	-0.011297717 	0.056982135 	1.0196626
0.0022233887 	-0.0033012355 	0.070979604 	0.99931813
0.0022682133 	0.0047455844 	0.082305771 	0.9772406
0.0023124189 	0.011671965 	0.090085734 	0.95450068
0.0023560139 	0.016705612 	0.093883266 	0.9315612
0.0023990069 	0.019475011 	0.093567511 	0.90844055
0.0024414062 	0.01989173 	0.089130633 	0.88515401
0.0024832199 	0.017901751 	0.080668032 	0.86211919
0.0025244562 	0.013159541 	0.068521833 	0.8403877
0.002565123 	0.005067174 	0.053407709 	0.82200479
0.0026052281 	-0.0065224431 	0.036506474 	0.80969446
0.0026447794 	-0.020767467 	0.019525154 	0.80491547
0.0026837845 	-0.03593099 	0.0047397923 	0.80593094
0.0027222509 	-0.050342064 	-0.0053556759 	0.80837774
0.0027601861 	-0.062935412 	-0.0089716375 	0.80823814
0.0027975974 	-0.07332474 	-0.0064030922 	0.80395492
0.002834492 	-0.081564305 	-0.00034334066 	0.79594097
0.0028708772 	-0.087786254 	0.005694843 	0.78480018
0.0029067598 	-0.091967986 	0.00934624 	0.7704239
0.0029421469 	-0.094038094 	0.0099930386 	0.75236659
0.0029770452 	-0.094050215 	0.0082333354 	0.73058304
0.0030114616 	-0.092188914 	0.0051893224 	0.70573414
0.0030454028 	-0.088747383 	0.0020701739 	0.67905798
0.0030788752 	-0.084066722 	-0.00014867384 	0.65202939
0.0031118853 	-0.078499847 	-0.00093765072 	0.62599521
0.0031444395 	-0.072372981 	-0.00023569856 	0.60194252
0.0031765442 	-0.066033246 	0.0016398342 	0.58041598
0.0032082055 	-0.05973149 	0.0041259976 	0.56154306
0.0032394295 	-0.05360723 	0.0066213853 	0.54515484
0.0032702223 	-0.047810817 	0.0085695135 	0.53099239
0.0033005899 	-0.042472158 	0.0095095092 	0.51878471
0.0033305381 	-0.037712832 	0.0091254765 	0.5082635
0.0033600727 	-0.033641202 	0.0072555015 	0.49915673
0.0033891994 	-0.030337316 	0.0039018343 	0.49114679
0.0034179239 	-0.027839435 	-0.0007796269 	0.48382552
0.0034462517 	-0.02613985 	-0.0064861614 	0.4766692
0.0034741882 	-0.025192694 	-0.012783516 	0.46904005
0.003501739 	-0.024884998 	-0.019132891 	0.46020748
0.0035289093 	-0.025066608 	-0.024916923 	0.44939849
0.0035557043 	-0.025547734 	-0.029584438 	0.43604583
0.0035821293 	-0.026098026 	-0.032782451 	0.41997347
0.0036081894 	-0.026488414 	-0.034412175 	0.40141482
0.0036338895 	-0.026505159 	-0.034610082 	0.38085875
0.0036592348 	-0.025972425 	-0.033652169 	0.35883944
0.00368423 	-0.02478913 	-0.031841768 	0.33581507
0.00370888 	-0.022962835 	-0.029442087 	0.31217932
0.0037331896 	-0.02061194 	-0.026687539 	0.28831228
0.0037571635 	-0.017926268 	-0.023784599 	0.26455982
0.0037808063 	-0.015096841 	-0.020916352 	0.24113513
0.0038041226 	-0.012319012 	-0.018211624 	0.21804059
0.0038271169 	-0.0097363013 	-0.015716769 	0.19509921
0.0038497936 	-0.0073992467 	-0.013421742 	0.17200701
0.0038721572 	-0.0053362186 	-0.011269292 	0.14841501
0.0038942119 	-0.0035713331 	-0.0091865858 	0.12399332
0.003915962 	-0.0021306011 	-0.0071263289 	0.098484333
0.0039374118 	-0.0010402776 	-0.0051002435 	0.071742835
0.0039585653 	-0.00032237843 	-0.0031571119 	0.043771548
0.0039794267 	-6.933038e-06 	-0.0012241841 	0.014781035
0.004 	-0.00011764437 	0.0037141457 	0.017291773
