0 	-0.019553122 	0.035600793 	1.1008709
2.0100503e-05 	-0.019553122 	0.035600793 	1.1008709
4.0201005e-05 	-0.019553122 	0.035600793 	1.1008709
6.0301508e-05 	-0.032242359 	0.020109533 	1.1026354
8.040201e-05 	-0.032242359 	0.020109533 	1.1026354
0.00010050251 	-0.032242359 	0.020109533 	1.1026354
0.00012060302 	-0.033361555 	0.013965845 	1.1037907
0.00014070352 	-0.033361555 	0.013965845 	1.1037907
0.00016080402 	-0.033361555 	0.013965845 	1.1037907
0.00018090452 	-0.033752375 	0.011363894 	1.1041536
0.00020100503 	-0.033752375 	0.011363894 	1.1041536
0.00022110553 	-0.033752375 	0.011363894 	1.1041536
0.00024120603 	-0.035140798 	0.010919732 	1.1038359
0.00026130653 	-0.035140798 	0.010919732 	1.1038359
0.00028140704 	-0.038076049 	0.011789595 	1.1032251
0.00030150754 	-0.038076049 	0.011789595 	1.1032251
0.00032160804 	-0.038076049 	0.011789595 	1.1032251
0.00034170854 	-0.042357556 	0.012684636 	1.1028109
0.00036180905 	-0.042357556 	0.012684636 	1.1028109
0.00038190955 	-0.042357556 	0.012684636 	1.1028109
0.00040201005 	-0.047069487 	0.011862738 	1.1029414
0.00042211055 	-0.047069487 	0.011862738 	1.1029414
0.00044221106 	-0.047069487 	0.011862738 	1.1029414
0.00046231156 	-0.050987468 	0.0078395634 	1.103587
0.00048241206 	-0.050987468 	0.0078395634 	1.103587
0.00050251256 	-0.053346841 	0.00033093392 	1.1041023
0.00052261307 	-0.053346841 	0.00033093392 	1.1041023
0.00054271357 	-0.053346841 	0.00033093392 	1.1041023
0.00056281407 	-0.054355494 	-0.0095480939 	1.1031813
0.00058291457 	-0.054355494 	-0.0095480939 	1.1031813
0.00060301508 	-0.054355494 	-0.0095480939 	1.1031813
0.00062311558 	-0.054899084 	-0.020157882 	1.0993518
0.00064321608 	-0.054899084 	-0.020157882 	1.0993518
0.00066331658 	-0.054899084 	-0.020157882 	1.0993518
0.00068341709 	-0.055749685 	-0.030362867 	1.0919137
0.00070351759 	-0.055749685 	-0.030362867 	1.0919137
0.00072361809 	-0.057119476 	-0.039696424 	1.0815357
0.00074371859 	-0.057119476 	-0.039696424 	1.0815357
0.0007638191 	-0.057119476 	-0.039696424 	1.0815357
0.0007839196 	-0.058767935 	-0.047857027 	1.0699149
0.0008040201 	-0.058767935 	-0.047857027 	1.0699149
0.0008241206 	-0.058767935 	-0.047857027 	1.0699149
0.00084422111 	-0.060371111 	-0.054284855 	1.0588873
0.00086432161 	-0.060371111 	-0.054284855 	1.0588873
0.00088442211 	-0.060371111 	-0.054284855 	1.0588873
0.00090452261 	-0.061678783 	-0.058284276 	1.0497327
0.00092462312 	-0.061678783 	-0.058284276 	1.0497327
0.00094472362 	-0.062516998 	-0.059199377 	1.0429801
0.00096482412 	-0.062516998 	-0.059199377 	1.0429801
0.00098492462 	-0.062516998 	-0.059199377 	1.0429801
0.0010050251 	-0.057658443 	-0.059530398 	1.0398157
0.0010251256 	-0.057658443 	-0.059530398 	1.0398157
0.0010452261 	-0.057658443 	-0.059530398 	1.0398157
0.0010653266 	-0.05714639 	-0.053300792 	1.0370996
0.0010854271 	-0.05714639 	-0.053300792 	1.0370996
0.0011055276 	-0.05714639 	-0.053300792 	1.0370996
0.0011256281 	-0.062483726 	-0.040571827 	1.033941
0.0011457286 	-0.062483726 	-0.040571827 	1.033941
0.0011658291 	-0.056535172 	-0.044533588 	1.0358092
0.0011859296 	-0.056086015 	-0.034884442 	1.0349612
0.0012060302 	-0.056086015 	-0.034884442 	1.0349612
0.0012261307 	-0.056086015 	-0.034884442 	1.0349612
0.0012462312 	-0.056171341 	-0.025771344 	1.0334604
0.0012663317 	-0.056171341 	-0.025771344 	1.0334604
0.0012864322 	-0.056171341 	-0.025771344 	1.0334604
0.0013065327 	-0.056799839 	-0.017923767 	1.0306457
0.0013266332 	-0.056799839 	-0.017923767 	1.0306457
0.0013467337 	-0.056799839 	-0.017923767 	1.0306457
0.0013668342 	-0.057537874 	-0.011257775 	1.0267481
0.0013869347 	-0.057537874 	-0.011257775 	1.0267481
0.0014070352 	-0.057537874 	-0.011257775 	1.0267481
0.0014271357 	-0.057713834 	-0.0053443849 	1.0225629
0.0014472362 	-0.057713834 	-0.0053443849 	1.0225629
0.0014673367 	-0.057713834 	-0.0053443849 	1.0225629
0.0014874372 	-0.05675664 	0.00018833561 	1.018863
0.0015075377 	-0.05675664 	0.00018833561 	1.018863
0.0015276382 	-0.054331389 	0.0057294453 	1.0161021
0.0015477387 	-0.054331389 	0.0057294453 	1.0161021
0.0015678392 	-0.054331389 	0.0057294453 	1.0161021
0.0015879397 	-0.050396994 	0.011703549 	1.0143926
0.0016080402 	-0.050396994 	0.011703549 	1.0143926
0.0016281407 	-0.050396994 	0.011703549 	1.0143926
0.0016482412 	-0.04529385 	0.018305471 	1.013585
0.0016683417 	-0.04529385 	0.018305471 	1.013585
0.0016884422 	-0.039596521 	0.025264235 	1.0133562
0.0017085427 	-0.039596521 	0.025264235 	1.0133562
0.0017286432 	-0.039596521 	0.025264235 	1.0133562
0.0017487437 	-0.033846344 	0.031929664 	1.0132697
0.0017688442 	-0.033846344 	0.031929664 	1.0132697
0.0017889447 	-0.033846344 	0.031929664 	1.0132697
0.0018090452 	-0.028422285 	0.037561915 	1.0128983
0.0018291457 	-0.028422285 	0.037561915 	1.0128983
0.0018492462 	-0.02345958 	0.04169473 	1.0119213
0.0018693467 	-0.02345958 	0.04169473 	1.0119213
0.0018894472 	-0.02345958 	0.04169473 	1.0119213
0.0019095477 	-0.01884083 	0.044315736 	1.0102288
0.0019296482 	-0.01884083 	0.044315736 	1.0102288
0.0019497487 	-0.014382344 	0.04576418 	1.0079967
0.0019698492 	-0.014382344 	0.04576418 	1.0079967
0.0019899497 	-0.0099337579 	0.04640988 	1.0055761
0.0020100503 	-0.0099337579 	0.04640988 	1.0055761
0.0020301508 	-0.0099337579 	0.04640988 	1.0055761
0.0020502513 	-0.0053549731 	0.046442118 	1.0034438
0.0020703518 	-0.0053549731 	0.046442118 	1.0034438
0.0020904523 	-0.00043893124 	0.045968306 	1.001986
0.0021105528 	-0.00043893124 	0.045968306 	1.001986
0.0021306533 	-0.00043893124 	0.045968306 	1.001986
0.0021507538 	0.005038324 	0.045036401 	1.0014071
0.0021708543 	0.005038324 	0.045036401 	1.0014071
0.0021909548 	0.011255599 	0.043755662 	1.0016603
0.0022110553 	0.011255599 	0.043755662 	1.0016603
0.0022311558 	0.018350276 	0.042295555 	1.0024225
0.0022512563 	0.018350276 	0.042295555 	1.0024225
0.0022713568 	0.026324268 	0.040836197 	1.0031162
0.0022914573 	0.026324268 	0.040836197 	1.0031162
0.0023115578 	0.026324268 	0.040836197 	1.0031162
0.0023316583 	0.03501437 	0.039543834 	1.0029624
0.0023517588 	0.03501437 	0.039543834 	1.0029624
0.0023718593 	0.044078007 	0.038559649 	1.0010602
0.0023919598 	0.044078007 	0.038559649 	1.0010602
0.0024120603 	0.053002239 	0.038060155 	0.99643265
0.0024321608 	0.053002239 	0.038060155 	0.99643265
0.0024522613 	0.06108721 	0.038361305 	0.98808825
0.0024723618 	0.06108721 	0.038361305 	0.98808825
0.0024924623 	0.067467457 	0.040091525 	0.9751945
0.0025125628 	0.067467457 	0.040091525 	0.9751945
0.0025326633 	0.071106619 	0.044397959 	0.95749633
0.0025527638 	0.071106619 	0.044397959 	0.95749633
0.0025728643 	0.07092109 	0.053161269 	0.93598121
0.0025929648 	0.07092109 	0.053161269 	0.93598121
0.0026130653 	0.066026756 	0.068451314 	0.91293058
0.0026331658 	0.066026756 	0.068451314 	0.91293058
0.0026532663 	0.056215802 	0.090519961 	0.89083052
0.0026733668 	0.056215802 	0.090519961 	0.89083052
0.0026934673 	0.042634787 	0.11631013 	0.87078831
0.0027135678 	0.042634787 	0.11631013 	0.87078831
0.0027336683 	0.0278042 	0.14076464 	0.85188643
0.0027537688 	0.0278042 	0.14076464 	0.85188643
0.0027738693 	0.014440543 	0.15935593 	0.832509
0.0027939698 	0.014440543 	0.15935593 	0.832509
0.0028140704 	0.0042285303 	0.16947839 	0.81296785
0.0028341709 	0.0042285303 	0.16947839 	0.81296785
0.0028542714 	-0.0024111263 	0.17071591 	0.79619114
0.0028743719 	-0.0057080967 	0.16434193 	0.78516768
0.0028944724 	-0.0057080967 	0.16434193 	0.78516768
0.0029145729 	-0.0060239139 	0.15206003 	0.78006713
0.0029346734 	-0.0060239139 	0.15206003 	0.78006713
0.0029547739 	-0.0038127475 	0.13510914 	0.77853526
0.0029748744 	-0.0038127475 	0.13510914 	0.77853526
0.0029949749 	0.00024638283 	0.11450127 	0.77800973
0.0030150754 	0.0052175555 	0.091658164 	0.77737704
0.0030351759 	0.0052175555 	0.091658164 	0.77737704
0.0030552764 	0.010218788 	0.068522116 	0.77683474
0.0030753769 	0.010218788 	0.068522116 	0.77683474
0.0030954774 	0.014708512 	0.046972729 	0.77675822
0.0031155779 	0.018497936 	0.028265489 	0.77694529
0.0031356784 	0.018497936 	0.028265489 	0.77694529
0.0031557789 	0.021458127 	0.01288652 	0.77677159
0.0031758794 	0.021458127 	0.01288652 	0.77677159
0.0031959799 	0.023270537 	0.00096104652 	0.77579588
0.0032160804 	0.023539351 	-0.0072418589 	0.77389915
0.0032361809 	0.023539351 	-0.0072418589 	0.77389915
0.0032562814 	0.022013717 	-0.011199156 	0.77013925
0.0032763819 	0.0190517 	-0.010796115 	0.76061533
0.0032964824 	0.0190517 	-0.010796115 	0.76061533
0.0033165829 	0.015704947 	-0.0072343895 	0.73775037
0.0033366834 	0.012701258 	-0.0029651704 	0.69392259
0.0033567839 	0.012701258 	-0.0029651704 	0.69392259
0.0033768844 	0.009715558 	-0.0003818578 	0.62962751
0.0033969849 	0.0055149796 	-0.00025306177 	0.55824117
0.0034170854 	0.0055149796 	-0.00025306177 	0.55824117
0.0034371859 	-0.00090618775 	-0.0015453035 	0.49768257
0.0034572864 	-0.0089240613 	-0.0030199469 	0.45687312
0.0034773869 	-0.016868623 	-0.0044330483 	0.43308612
0.0034974874 	-0.016868623 	-0.0044330483 	0.43308612
0.0035175879 	-0.023493852 	-0.0061270797 	0.41889
0.0035376884 	-0.028362252 	-0.0082067593 	0.40826322
0.0035577889 	-0.031576521 	-0.010408709 	0.39814771
0.0035778894 	-0.031576521 	-0.010408709 	0.39814771
0.0035979899 	-0.033443204 	-0.012462554 	0.38750502
0.0036180905 	-0.034262804 	-0.01425247 	0.37620857
0.003638191 	-0.034255795 	-0.015833528 	0.36435918
0.0036582915 	-0.034255795 	-0.015833528 	0.36435918
0.003678392 	-0.033568443 	-0.017323289 	0.35196761
0.0036984925 	-0.032275744 	-0.018829581 	0.33890268
0.003718593 	-0.030377133 	-0.020311393 	0.32496635
0.0037386935 	-0.027854681 	-0.02153283 	0.30998318
0.003758794 	-0.02476734 	-0.022205847 	0.29384796
0.0037788945 	-0.02476734 	-0.022205847 	0.29384796
0.003798995 	-0.021284529 	-0.022179899 	0.27650444
0.0038190955 	-0.01763536 	-0.021485797 	0.25786003
0.003839196 	-0.014042522 	-0.020245589 	0.23771203
0.0038592965 	-0.010687278 	-0.018570133 	0.2157288
0.003879397 	-0.0076993951 	-0.016520791 	0.19146418
0.0038994975 	-0.0051583594 	-0.014118829 	0.16438033
0.003919598 	-0.0031044365 	-0.011375211 	0.13390145
0.0039396985 	-0.0015577973 	-0.0083312338 	0.099569385
0.003959799 	-0.00053480306 	-0.0050954262 	0.061403882
0.0039798995 	-4.4373395e-05 	-0.0017977176 	0.020525194
0.004 	-4.4373395e-05 	-0.0017977176 	0.020525194
