0 	-0.0013946479 	0.024734348 	1.091842
2.0100503e-05 	-0.0013946479 	0.024734348 	1.091842
4.0201005e-05 	-0.0013946479 	0.024734348 	1.091842
6.0301508e-05 	-0.011527662 	0.021353684 	1.0915952
8.040201e-05 	-0.011527662 	0.021353684 	1.0915952
0.00010050251 	-0.011527662 	0.021353684 	1.0915952
0.00012060302 	-0.012508319 	0.020379105 	1.0906465
0.00014070352 	-0.012508319 	0.020379105 	1.0906465
0.00016080402 	-0.012508319 	0.020379105 	1.0906465
0.00018090452 	-0.011534219 	0.02115896 	1.0888209
0.00020100503 	-0.011534219 	0.02115896 	1.0888209
0.00022110553 	-0.011534219 	0.02115896 	1.0888209
0.00024120603 	-0.0098382618 	0.023199024 	1.085949
0.00026130653 	-0.0098382618 	0.023199024 	1.085949
0.00028140704 	-0.0078352864 	0.026246103 	1.0818761
0.00030150754 	-0.0078352864 	0.026246103 	1.0818761
0.00032160804 	-0.0078352864 	0.026246103 	1.0818761
0.00034170854 	-0.005633255 	0.030032603 	1.0765048
0.00036180905 	-0.005633255 	0.030032603 	1.0765048
0.00038190955 	-0.005633255 	0.030032603 	1.0765048
0.00040201005 	-0.0031777426 	0.034159026 	1.0698867
0.00042211055 	-0.0031777426 	0.034159026 	1.0698867
0.00044221106 	-0.0031777426 	0.034159026 	1.0698867
0.00046231156 	-0.00038207774 	0.038068764 	1.0622681
0.00048241206 	-0.00038207774 	0.038068764 	1.0622681
0.00050251256 	0.002699472 	0.041107074 	1.0540919
0.00052261307 	0.002699472 	0.041107074 	1.0540919
0.00054271357 	0.002699472 	0.041107074 	1.0540919
0.00056281407 	0.005689578 	0.042651836 	1.0459599
0.00058291457 	0.005689578 	0.042651836 	1.0459599
0.00060301508 	0.005689578 	0.042651836 	1.0459599
0.00062311558 	0.0019495988 	0.042177034 	1.0328025
0.00064321608 	0.0019495988 	0.042177034 	1.0328025
0.00066331658 	0.0019495988 	0.042177034 	1.0328025
0.00068341709 	0.0031128056 	0.037677908 	1.0268371
0.00070351759 	0.0031128056 	0.037677908 	1.0268371
0.00072361809 	0.0018017331 	0.031003317 	1.0232056
0.00074371859 	0.0018017331 	0.031003317 	1.0232056
0.0007638191 	0.0018017331 	0.031003317 	1.0232056
0.0007839196 	-0.0019930262 	0.023028022 	1.0209177
0.0008040201 	0.0026669724 	0.030499352 	1.0258308
0.0008241206 	0.0026669724 	0.030499352 	1.0258308
0.00084422111 	-0.0026872462 	0.023372314 	1.022075
0.00086432161 	-0.0026872462 	0.023372314 	1.022075
0.00088442211 	-0.0026872462 	0.023372314 	1.022075
0.00090452261 	-0.0091825382 	0.013996404 	1.0168329
0.00092462312 	-0.0091825382 	0.013996404 	1.0168329
0.00094472362 	-0.01682405 	0.0014350763 	1.010398
0.00096482412 	-0.01682405 	0.0014350763 	1.010398
0.00098492462 	-0.01682405 	0.0014350763 	1.010398
0.0010050251 	-0.026165918 	-0.014974672 	1.0014776
0.0010251256 	-0.026165918 	-0.014974672 	1.0014776
0.0010452261 	-0.026165918 	-0.014974672 	1.0014776
0.0010653266 	-0.039198094 	-0.043130286 	0.98047918
0.0010854271 	-0.039198094 	-0.043130286 	0.98047918
0.0011055276 	-0.036151925 	-0.032869702 	0.98720117
0.0011256281 	-0.044712366 	-0.047565311 	0.96742873
0.0011457286 	-0.044712366 	-0.047565311 	0.96742873
0.0011658291 	-0.044712366 	-0.047565311 	0.96742873
0.0011859296 	-0.052226885 	-0.064097966 	0.93984399
0.0012060302 	-0.052226885 	-0.064097966 	0.93984399
0.0012261307 	-0.052226885 	-0.064097966 	0.93984399
0.0012462312 	-0.056444738 	-0.068569548 	0.92189043
0.0012663317 	-0.056444738 	-0.068569548 	0.92189043
0.0012864322 	-0.056444738 	-0.068569548 	0.92189043
0.0013065327 	-0.060579629 	-0.071061781 	0.9093264
0.0013266332 	-0.060579629 	-0.071061781 	0.9093264
0.0013467337 	-0.060579629 	-0.071061781 	0.9093264
0.0013668342 	-0.064811966 	-0.071014177 	0.90411214
0.0013869347 	-0.064811966 	-0.071014177 	0.90411214
0.0014070352 	-0.064811966 	-0.071014177 	0.90411214
0.0014271357 	-0.068700222 	-0.069162851 	0.90656205
0.0014472362 	-0.068700222 	-0.069162851 	0.90656205
0.0014673367 	-0.068700222 	-0.069162851 	0.90656205
0.0014874372 	-0.071808539 	-0.067615505 	0.91352995
0.0015075377 	-0.071808539 	-0.067615505 	0.91352995
0.0015276382 	-0.074108687 	-0.06612485 	0.92138404
0.0015477387 	-0.074108687 	-0.06612485 	0.92138404
0.0015678392 	-0.074108687 	-0.06612485 	0.92138404
0.0015879397 	-0.076387841 	-0.062318424 	0.92910481
0.0016080402 	-0.076387841 	-0.062318424 	0.92910481
0.0016281407 	-0.076387841 	-0.062318424 	0.92910481
0.0016482412 	-0.079803917 	-0.055801264 	0.93697052
0.0016683417 	-0.079803917 	-0.055801264 	0.93697052
0.0016884422 	-0.084897744 	-0.0489318 	0.94466706
0.0017085427 	-0.084897744 	-0.0489318 	0.94466706
0.0017286432 	-0.084897744 	-0.0489318 	0.94466706
0.0017487437 	-0.091459914 	-0.043896529 	0.95094641
0.0017688442 	-0.091459914 	-0.043896529 	0.95094641
0.0017889447 	-0.091459914 	-0.043896529 	0.95094641
0.0018090452 	-0.098891667 	-0.04118052 	0.95427296
0.0018291457 	-0.098891667 	-0.04118052 	0.95427296
0.0018492462 	-0.10641348 	-0.040101126 	0.95379736
0.0018693467 	-0.10641348 	-0.040101126 	0.95379736
0.0018894472 	-0.10641348 	-0.040101126 	0.95379736
0.0019095477 	-0.11327827 	-0.039455999 	0.9497809
0.0019296482 	-0.11327827 	-0.039455999 	0.9497809
0.0019497487 	-0.11890552 	-0.03800576 	0.94329061
0.0019698492 	-0.11890552 	-0.03800576 	0.94329061
0.0019899497 	-0.1228828 	-0.034901756 	0.93558458
0.0020100503 	-0.1228828 	-0.034901756 	0.93558458
0.0020301508 	-0.1228828 	-0.034901756 	0.93558458
0.0020502513 	-0.12496142 	-0.029837774 	0.92739105
0.0020703518 	-0.12496142 	-0.029837774 	0.92739105
0.0020904523 	-0.1250222 	-0.022854134 	0.91837009
0.0021105528 	-0.1250222 	-0.022854134 	0.91837009
0.0021306533 	-0.1250222 	-0.022854134 	0.91837009
0.0021507538 	-0.12303791 	-0.01415497 	0.90732815
0.0021708543 	-0.12303791 	-0.01415497 	0.90732815
0.0021909548 	-0.11900017 	-0.0042703991 	0.89320923
0.0022110553 	-0.11900017 	-0.0042703991 	0.89320923
0.0022311558 	-0.11280578 	0.0059471483 	0.87589766
0.0022512563 	-0.11280578 	0.0059471483 	0.87589766
0.0022713568 	-0.10458293 	0.015683326 	0.85641202
0.0022914573 	-0.10458293 	0.015683326 	0.85641202
0.0023115578 	-0.10458293 	0.015683326 	0.85641202
0.0023316583 	-0.094432331 	0.024177225 	0.83645955
0.0023517588 	-0.094432331 	0.024177225 	0.83645955
0.0023718593 	-0.08201078 	0.030800655 	0.8178517
0.0023919598 	-0.08201078 	0.030800655 	0.8178517
0.0024120603 	-0.067352733 	0.034994044 	0.80257694
0.0024321608 	-0.067352733 	0.034994044 	0.80257694
0.0024522613 	-0.051415969 	0.0363169 	0.792538
0.0024723618 	-0.051415969 	0.0363169 	0.792538
0.0024924623 	-0.03583884 	0.034664502 	0.78891843
0.0025125628 	-0.03583884 	0.034664502 	0.78891843
0.0025326633 	-0.022159317 	0.030363741 	0.79179279
0.0025527638 	-0.022159317 	0.030363741 	0.79179279
0.0025728643 	-0.01120814 	0.024132748 	0.80000443
0.0025929648 	-0.01120814 	0.024132748 	0.80000443
0.0026130653 	-0.0031118391 	0.016974007 	0.81150906
0.0026331658 	-0.0031118391 	0.016974007 	0.81150906
0.0026532663 	0.0025434029 	0.0099858261 	0.82415827
0.0026733668 	0.0025434029 	0.0099858261 	0.82415827
0.0026934673 	0.0065400947 	0.0038773754 	0.83631265
0.0027135678 	0.0065400947 	0.0038773754 	0.83631265
0.0027336683 	0.0095094022 	-0.0011486093 	0.84703034
0.0027537688 	0.0095094022 	-0.0011486093 	0.84703034
0.0027738693 	0.011830164 	-0.0050885628 	0.8559908
0.0027939698 	0.011830164 	-0.0050885628 	0.8559908
0.0028140704 	0.013953284 	-0.0079798761 	0.86307119
0.0028341709 	0.013953284 	-0.0079798761 	0.86307119
0.0028542714 	0.01628886 	-0.0098187347 	0.86818695
0.0028743719 	0.019149986 	-0.010637616 	0.87132421
0.0028944724 	0.019149986 	-0.010637616 	0.87132421
0.0029145729 	0.022719914 	-0.01054417 	0.87251515
0.0029346734 	0.022719914 	-0.01054417 	0.87251515
0.0029547739 	0.027029109 	-0.0096634043 	0.87181472
0.0029748744 	0.027029109 	-0.0096634043 	0.87181472
0.0029949749 	0.031993444 	-0.008237814 	0.86939899
0.0030150754 	0.037453821 	-0.0065580826 	0.86554504
0.0030351759 	0.037453821 	-0.0065580826 	0.86554504
0.0030552764 	0.043164209 	-0.0049912943 	0.8606745
0.0030753769 	0.043164209 	-0.0049912943 	0.8606745
0.0030954774 	0.048834798 	-0.0039013195 	0.85535788
0.0031155779 	0.054167179 	-0.0035433171 	0.8501726
0.0031356784 	0.054167179 	-0.0035433171 	0.8501726
0.0031557789 	0.05887509 	-0.0039250099 	0.84553004
0.0031758794 	0.05887509 	-0.0039250099 	0.84553004
0.0031959799 	0.062621848 	-0.0048072671 	0.84152398
0.0032160804 	0.064993874 	-0.0058533935 	0.83810034
0.0032361809 	0.064993874 	-0.0058533935 	0.83810034
0.0032562814 	0.065536916 	-0.0068426902 	0.83550391
0.0032763819 	0.063932207 	-0.007600399 	0.8344558
0.0032964824 	0.063932207 	-0.007600399 	0.8344558
0.0033165829 	0.060036142 	-0.0079406443 	0.83557447
0.0033366834 	0.054173792 	-0.0075904116 	0.83833303
0.0033567839 	0.054173792 	-0.0075904116 	0.83833303
0.0033768844 	0.047480861 	-0.0061007406 	0.84049408
0.0033969849 	0.041512403 	-0.0028047913 	0.8388673
0.0034170854 	0.041512403 	-0.0028047913 	0.8388673
0.0034371859 	0.03754587 	0.0030032297 	0.83116335
0.0034572864 	0.035845227 	0.011586413 	0.8172838
0.0034773869 	0.035507399 	0.022638593 	0.79849103
0.0034974874 	0.035507399 	0.022638593 	0.79849103
0.0035175879 	0.035557856 	0.035616062 	0.77606442
0.0035376884 	0.036017248 	0.049565716 	0.75184608
0.0035577889 	0.03767804 	0.062154058 	0.72942342
0.0035778894 	0.03767804 	0.062154058 	0.72942342
0.0035979899 	0.040891215 	0.071151313 	0.7125456
0.0036180905 	0.044580948 	0.077023228 	0.70337456
0.003638191 	0.046219431 	0.079105324 	0.70400422
0.0036582915 	0.046219431 	0.079105324 	0.70400422
0.003678392 	0.043623273 	0.073306594 	0.71490087
0.0036984925 	0.037088048 	0.057065015 	0.72833603
0.003718593 	0.029429374 	0.033295685 	0.72689803
0.0037386935 	0.023833671 	0.0093262373 	0.6930568
0.003758794 	0.021746543 	-0.0071174656 	0.62242148
0.0037788945 	0.021746543 	-0.0071174656 	0.62242148
0.003798995 	0.022218047 	-0.012489717 	0.52771869
0.0038190955 	0.023054679 	-0.0091596503 	0.42947321
0.003839196 	0.022631019 	-0.0025893995 	0.3432648
0.0038592965 	0.020543316 	0.0028346843 	0.27425922
0.003879397 	0.01719526 	0.0055359237 	0.21968681
0.0038994975 	0.013187781 	0.0059408662 	0.17385717
0.003919598 	0.0090222348 	0.0050576145 	0.13171398
0.0039396985 	0.0051201094 	0.003687357 	0.090386059
0.003959799 	0.0019735688 	0.0023183499 	0.04980364
0.0039798995 	0.00018230683 	0.0010998767 	0.013164926
0.004 	0.00018230683 	0.0010998767 	0.013164926
