0 	-0.016842874 	0.023374143 	1.0757032
5.5555556e-05 	-0.026740923 	0.015110993 	1.0711128
0.00011111111 	-0.029895727 	0.011657232 	1.0666113
0.00016666667 	-0.031533412 	0.0081795694 	1.0620832
0.00022222222 	-0.031900909 	0.0039756405 	1.0580341
0.00027777778 	-0.031078916 	-0.00063636115 	1.0555619
0.00033333333 	-0.029451304 	-0.0050139618 	1.055696
0.00038888889 	-0.027728005 	-0.0084414229 	1.0584167
0.00044444444 	-0.026759608 	-0.010364534 	1.0622351
0.0005 	-0.027027954 	-0.011013012 	1.064964
0.00055555556 	-0.028140985 	-0.011764288 	1.0651399
0.00061111111 	-0.029119629 	-0.014275162 	1.0627513
0.00066666667 	-0.029328676 	-0.018993609 	1.0588481
0.00072222222 	-0.0289872 	-0.024754438 	1.0548697
0.00077777778 	-0.028727414 	-0.029902075 	1.0521536
0.00083333333 	-0.028907503 	-0.033514158 	1.0514868
0.00088888889 	-0.029508877 	-0.035556235 	1.0527196
0.00094444444 	-0.030469174 	-0.036435425 	1.0547064
0.001 	-0.031708489 	-0.036670867 	1.0557551
0.0010617199 	-0.033284165 	-0.036075276 	1.0537964
0.0011225874 	-0.035592904 	-0.035094145 	1.0478844
0.0011826143 	-0.039675287 	-0.034324225 	1.038623
0.0012418122 	-0.046702524 	-0.034112762 	1.0268787
0.0013001926 	-0.057232135 	-0.033730417 	1.0134431
0.0013577668 	-0.070421958 	-0.032517108 	1.0003842
0.0014145458 	-0.08431548 	-0.032224019 	0.99066984
0.0014705407 	-0.096774884 	-0.036012399 	0.98534317
0.0015257623 	-0.10631289 	-0.044085138 	0.98265321
0.0015802213 	-0.11261739 	-0.05317408 	0.98060248
0.0016339282 	-0.11628222 	-0.060601621 	0.97856088
0.0016868934 	-0.11796803 	-0.0660572 	0.97664549
0.0017391271 	-0.11811321 	-0.069985054 	0.97498306
0.0017906395 	-0.11713173 	-0.072673336 	0.97362968
0.0018414404 	-0.11544891 	-0.0745291 	0.97272964
0.0018915398 	-0.11340898 	-0.07616086 	0.97260139
0.0019409473 	-0.11123403 	-0.078222529 	0.97372766
0.0019896725 	-0.10913262 	-0.08127201 	0.9766656
0.0020377248 	-0.10734973 	-0.085526674 	0.98181759
0.0020851134 	-0.10614268 	-0.0906002 	0.98915303
0.0021318476 	-0.10570539 	-0.095526316 	0.9981219
0.0021779364 	-0.10595463 	-0.099064188 	1.0077873
0.0022233887 	-0.10650987 	-0.10002071 	1.0170945
0.0022682133 	-0.1068778 	-0.097479333 	1.0252038
0.0023124189 	-0.10675967 	-0.091134962 	1.0317701
0.0023560139 	-0.10628228 	-0.08158727 	1.0368703
0.0023990069 	-0.10579921 	-0.07014818 	1.0404084
0.0024414062 	-0.10553193 	-0.058207944 	1.0411668
0.0024832199 	-0.10502467 	-0.046657224 	1.0362684
0.0025244562 	-0.10287671 	-0.035415593 	1.0220659
0.002565123 	-0.097496906 	-0.02340022 	0.99718023
0.0026052281 	-0.088367299 	-0.0091581536 	0.96487403
0.0026447794 	-0.076369191 	0.0076415434 	0.93077814
0.0026837845 	-0.062906889 	0.025727816 	0.89849554
0.0027222509 	-0.048968697 	0.042795434 	0.87008471
0.0027601861 	-0.035162609 	0.056657351 	0.84682971
0.0027975974 	-0.02204331 	0.065877374 	0.82939868
0.002834492 	-0.010031321 	0.069940426 	0.81802332
0.0028708772 	0.00048250264 	0.069095923 	0.81222203
0.0029067598 	0.0089441684 	0.06414924 	0.81066115
0.0029421469 	0.014815853 	0.05601252 	0.81174528
0.0029770452 	0.017760027 	0.045245745 	0.81438568
0.0030114616 	0.017426271 	0.031910723 	0.81817766
0.0030454028 	0.013288249 	0.016435031 	0.82274599
0.0030788752 	0.0049260388 	0.0014544581 	0.82684971
0.0031118853 	-0.0078052831 	-0.007212305 	0.8280105
0.0031444395 	-0.024378283 	-0.0036308032 	0.82255574
0.0031765442 	-0.043315836 	0.012172198 	0.80744871
0.0032082055 	-0.062736888 	0.032931668 	0.78194893
0.0032394295 	-0.080717209 	0.05079531 	0.74768384
0.0032702223 	-0.095592682 	0.062986411 	0.70785287
0.0033005899 	-0.10612263 	0.070440665 	0.66639468
0.0033305381 	-0.1118497 	0.074502924 	0.62706132
0.0033600727 	-0.11298778 	0.075881371 	0.59234835
0.0033891994 	-0.11014522 	0.074975353 	0.5628908
0.0034179239 	-0.1044538 	0.072295464 	0.53773004
0.0034462517 	-0.097261887 	0.068421336 	0.51539811
0.0034741882 	-0.089726807 	0.063750038 	0.49467674
0.003501739 	-0.082590621 	0.058396219 	0.47501813
0.0035289093 	-0.076193987 	0.052343449 	0.4565382
0.0035557043 	-0.070580412 	0.045598915 	0.43971128
0.0035821293 	-0.065594289 	0.038221426 	0.42495561
0.0036081894 	-0.06099283 	0.030298565 	0.41226741
0.0036338895 	-0.056548896 	0.021971465 	0.40107566
0.0036592348 	-0.052125785 	0.013467433 	0.39031369
0.00368423 	-0.04782067 	0.0051051339 	0.37871047
0.00370888 	-0.043728669 	-0.002716858 	0.3650004
0.0037331896 	-0.039725987 	-0.0096397128 	0.34821754
0.0037571635 	-0.035679213 	-0.015380416 	0.32787395
0.0037808063 	-0.031533826 	-0.019728488 	0.3040091
0.0038041226 	-0.027291313 	-0.022538956 	0.27714126
0.0038271169 	-0.022973188 	-0.023714807 	0.24810745
0.0038497936 	-0.018637751 	-0.02320063 	0.21784883
0.0038721572 	-0.014380265 	-0.020987418 	0.18717747
0.0038942119 	-0.010331801 	-0.017137428 	0.15658338
0.003915962 	-0.006658986 	-0.011844211 	0.12608856
0.0039374118 	-0.0035735069 	-0.0056119329 	0.095089257
0.0039585653 	-0.0013167311 	0.00033585411 	0.062069863
0.0039794267 	-0.00012265201 	0.0031606451 	0.024087274
0.004 	0.00014864097 	0.0021239423 	0.029146557
