0 	0.0081300153 	0.0038046138 	1.0722791
2.0100503e-05 	0.006149897 	-0.0041566182 	1.0724741
4.0201005e-05 	0.006149897 	-0.0041566182 	1.0724741
6.0301508e-05 	0.006885907 	-0.0040249171 	1.0715661
8.040201e-05 	0.006885907 	-0.0040249171 	1.0715661
0.00010050251 	0.006885907 	-0.0040249171 	1.0715661
0.00012060302 	0.0088426706 	-0.002605094 	1.0695056
0.00014070352 	0.0088426706 	-0.002605094 	1.0695056
0.00016080402 	0.0088426706 	-0.002605094 	1.0695056
0.00018090452 	0.010011649 	-0.00047323226 	1.066369
0.00020100503 	0.010011649 	-0.00047323226 	1.066369
0.00022110553 	0.010011649 	-0.00047323226 	1.066369
0.00024120603 	0.009954192 	0.0025515497 	1.0623344
0.00026130653 	0.009954192 	0.0025515497 	1.0623344
0.00028140704 	0.0086487987 	0.0065334634 	1.0576325
0.00030150754 	0.0086487987 	0.0065334634 	1.0576325
0.00032160804 	0.0086487987 	0.0065334634 	1.0576325
0.00034170854 	0.0063604278 	0.011243106 	1.0525109
0.00036180905 	0.0063604278 	0.011243106 	1.0525109
0.00038190955 	0.0063604278 	0.011243106 	1.0525109
0.00040201005 	0.0035819842 	0.016040758 	1.0472391
0.00042211055 	0.0035819842 	0.016040758 	1.0472391
0.00044221106 	0.0035819842 	0.016040758 	1.0472391
0.00046231156 	0.00093139833 	0.019895652 	1.0421172
0.00048241206 	0.00093139833 	0.019895652 	1.0421172
0.00050251256 	-0.0010081281 	0.02161865 	1.0374307
0.00052261307 	-0.0010081281 	0.02161865 	1.0374307
0.00054271357 	-0.0010081281 	0.02161865 	1.0374307
0.00056281407 	-0.0018790548 	0.020300248 	1.0333527
0.00058291457 	-0.0018790548 	0.020300248 	1.0333527
0.00060301508 	-0.0018790548 	0.020300248 	1.0333527
0.00062311558 	-0.0016659138 	0.015752816 	1.0298854
0.00064321608 	-0.0016659138 	0.015752816 	1.0298854
0.00066331658 	-0.0016659138 	0.015752816 	1.0298854
0.00068341709 	-0.00068320317 	0.0086735128 	1.0269022
0.00070351759 	-0.00068320317 	0.0086735128 	1.0269022
0.00072361809 	0.0005910549 	0.00037332366 	1.0242593
0.00074371859 	0.0005910549 	0.00037332366 	1.0242593
0.0007638191 	0.0005910549 	0.00037332366 	1.0242593
0.0007839196 	0.0017318561 	-0.0077886973 	1.0218624
0.0008040201 	0.0017318561 	-0.0077886973 	1.0218624
0.0008241206 	0.0017318561 	-0.0077886973 	1.0218624
0.00084422111 	0.0025188453 	-0.014885093 	1.0196588
0.00086432161 	0.0025188453 	-0.014885093 	1.0196588
0.00088442211 	0.0025188453 	-0.014885093 	1.0196588
0.00090452261 	0.0029520363 	-0.020590664 	1.0175859
0.00092462312 	-0.00039487345 	-0.02461573 	1.0177951
0.00094472362 	-0.00071626606 	-0.028716567 	1.0155299
0.00096482412 	-0.00071626606 	-0.028716567 	1.0155299
0.00098492462 	-0.00071626606 	-0.028716567 	1.0155299
0.0010050251 	-0.00096757594 	-0.031990727 	1.0128773
0.0010251256 	-0.00096757594 	-0.031990727 	1.0128773
0.0010452261 	0.0033429656 	-0.028563722 	1.0132251
0.0010653266 	0.0037140701 	-0.031125826 	1.0104524
0.0010854271 	0.0037140701 	-0.031125826 	1.0104524
0.0011055276 	0.0037140701 	-0.031125826 	1.0104524
0.0011256281 	0.0042522497 	-0.032413917 	1.0072334
0.0011457286 	-0.0008452166 	-0.035449338 	1.0057985
0.0011658291 	-0.0008452166 	-0.035449338 	1.0057985
0.0011859296 	-0.00047197486 	-0.035169608 	1.0014349
0.0012060302 	0.0049694704 	-0.032212259 	1.0035432
0.0012261307 	0.0049694704 	-0.032212259 	1.0035432
0.0012462312 	0.005880364 	-0.030515398 	0.99936162
0.0012663317 	0.005880364 	-0.030515398 	0.99936162
0.0012864322 	0.005880364 	-0.030515398 	0.99936162
0.0013065327 	0.0069494127 	-0.027703665 	0.9946719
0.0013266332 	0.0069494127 	-0.027703665 	0.9946719
0.0013467337 	0.0069494127 	-0.027703665 	0.9946719
0.0013668342 	0.0081090878 	-0.024397451 	0.98948742
0.0013869347 	0.0081090878 	-0.024397451 	0.98948742
0.0014070352 	0.0081090878 	-0.024397451 	0.98948742
0.0014271357 	0.0092944719 	-0.021205369 	0.98385684
0.0014472362 	0.0092944719 	-0.021205369 	0.98385684
0.0014673367 	0.0092944719 	-0.021205369 	0.98385684
0.0014874372 	0.010452253 	-0.018566076 	0.97789018
0.0015075377 	0.010452253 	-0.018566076 	0.97789018
0.0015276382 	0.003171752 	-0.019728591 	0.96839805
0.0015477387 	0.011522797 	-0.016716234 	0.97180016
0.0015678392 	0.011522797 	-0.016716234 	0.97180016
0.0015879397 	0.012392817 	-0.015744854 	0.96587681
0.0016080402 	0.012392817 	-0.015744854 	0.96587681
0.0016281407 	0.012392817 	-0.015744854 	0.96587681
0.0016482412 	0.012859425 	-0.01565571 	0.96039326
0.0016683417 	0.012859425 	-0.01565571 	0.96039326
0.0016884422 	0.012671108 	-0.016414032 	0.95553273
0.0017085427 	0.012671108 	-0.016414032 	0.95553273
0.0017286432 	0.012671108 	-0.016414032 	0.95553273
0.0017487437 	0.011595462 	-0.017969921 	0.9514251
0.0017688442 	0.011595462 	-0.017969921 	0.9514251
0.0017889447 	0.011595462 	-0.017969921 	0.9514251
0.0018090452 	0.0094593136 	-0.020265995 	0.94821145
0.0018291457 	0.0094593136 	-0.020265995 	0.94821145
0.0018492462 	0.0061232892 	-0.023214881 	0.94604791
0.0018693467 	0.0061232892 	-0.023214881 	0.94604791
0.0018894472 	0.0061232892 	-0.023214881 	0.94604791
0.0019095477 	0.0015340943 	-0.026580802 	0.94496531
0.0019296482 	0.0015340943 	-0.026580802 	0.94496531
0.0019497487 	-0.0041853425 	-0.029849202 	0.94462541
0.0019698492 	-0.0041853425 	-0.029849202 	0.94462541
0.0019899497 	-0.010638424 	-0.03232193 	0.94410429
0.0020100503 	-0.010638424 	-0.03232193 	0.94410429
0.0020301508 	-0.010638424 	-0.03232193 	0.94410429
0.0020502513 	-0.017198125 	-0.033539327 	0.94202302
0.0020703518 	-0.017198125 	-0.033539327 	0.94202302
0.0020904523 	-0.023115634 	-0.033690992 	0.93707918
0.0021105528 	-0.023115634 	-0.033690992 	0.93707918
0.0021306533 	-0.023115634 	-0.033690992 	0.93707918
0.0021507538 	-0.027825414 	-0.033599287 	0.92853257
0.0021708543 	-0.027825414 	-0.033599287 	0.92853257
0.0021909548 	-0.031470702 	-0.034215789 	0.91602992
0.0022110553 	-0.031470702 	-0.034215789 	0.91602992
0.0022311558 	-0.035044436 	-0.035848648 	0.89895294
0.0022512563 	-0.035044436 	-0.035848648 	0.89895294
0.0022713568 	-0.040468048 	-0.037763386 	0.87616757
0.0022914573 	-0.040468048 	-0.037763386 	0.87616757
0.0023115578 	-0.040468048 	-0.037763386 	0.87616757
0.0023316583 	-0.049801893 	-0.038925409 	0.84667046
0.0023517588 	-0.049801893 	-0.038925409 	0.84667046
0.0023718593 	-0.063116014 	-0.038900126 	0.8108635
0.0023919598 	-0.063116014 	-0.038900126 	0.8108635
0.0024120603 	-0.077344345 	-0.036775934 	0.77258899
0.0024321608 	-0.077344345 	-0.036775934 	0.77258899
0.0024522613 	-0.088738352 	-0.030462311 	0.74233467
0.0024723618 	-0.088738352 	-0.030462311 	0.74233467
0.0024924623 	-0.09648219 	-0.020826474 	0.72998766
0.0025125628 	-0.09648219 	-0.020826474 	0.72998766
0.0025326633 	-0.10170597 	-0.014883499 	0.73020093
0.0025527638 	-0.10170597 	-0.014883499 	0.73020093
0.0025728643 	-0.10485359 	-0.018976348 	0.73115632
0.0025929648 	-0.10485359 	-0.018976348 	0.73115632
0.0026130653 	-0.10548049 	-0.030702873 	0.72985337
0.0026331658 	-0.10548049 	-0.030702873 	0.72985337
0.0026532663 	-0.10353404 	-0.042878316 	0.72771145
0.0026733668 	-0.10353404 	-0.042878316 	0.72771145
0.0026934673 	-0.099674648 	-0.051096443 	0.7247149
0.0027135678 	-0.099674648 	-0.051096443 	0.7247149
0.0027336683 	-0.09449369 	-0.054762177 	0.72035881
0.0027537688 	-0.09449369 	-0.054762177 	0.72035881
0.0027738693 	-0.088414867 	-0.054112167 	0.7148417
0.0027939698 	-0.088414867 	-0.054112167 	0.7148417
0.0028140704 	-0.081914377 	-0.049092093 	0.70885574
0.0028341709 	-0.081914377 	-0.049092093 	0.70885574
0.0028542714 	-0.075448839 	-0.039850857 	0.70321862
0.0028743719 	-0.069383488 	-0.026960326 	0.69869472
0.0028944724 	-0.069383488 	-0.026960326 	0.69869472
0.0029145729 	-0.063908157 	-0.011485057 	0.69595483
0.0029346734 	-0.063908157 	-0.011485057 	0.69595483
0.0029547739 	-0.059198575 	0.0050878173 	0.69538713
0.0029748744 	-0.059198575 	0.0050878173 	0.69538713
0.0029949749 	-0.055435601 	0.021218663 	0.69729027
0.0030150754 	-0.052622681 	0.035757223 	0.70178454
0.0030351759 	-0.052622681 	0.035757223 	0.70178454
0.0030552764 	-0.050894386 	0.048029547 	0.70845564
0.0030753769 	-0.050894386 	0.048029547 	0.70845564
0.0030954774 	-0.050518453 	0.058017682 	0.71586577
0.0031155779 	-0.051356133 	0.066314286 	0.72138851
0.0031356784 	-0.051356133 	0.066314286 	0.72138851
0.0031557789 	-0.052911105 	0.073796787 	0.72172559
0.0031758794 	-0.052911105 	0.073796787 	0.72172559
0.0031959799 	-0.054528408 	0.081200265 	0.71391876
0.0032160804 	-0.055657227 	0.088760668 	0.69649213
0.0032361809 	-0.055657227 	0.088760668 	0.69649213
0.0032562814 	-0.056036396 	0.096108121 	0.67012631
0.0032763819 	-0.055714182 	0.10251119 	0.63745036
0.0032964824 	-0.055714182 	0.10251119 	0.63745036
0.0033165829 	-0.054908532 	0.10728406 	0.60197666
0.0033366834 	-0.053830544 	0.11004247 	0.56679741
0.0033567839 	-0.053830544 	0.11004247 	0.56679741
0.0033768844 	-0.052595993 	0.11068663 	0.53382476
0.0033969849 	-0.051247974 	0.10929859 	0.50382301
0.0034170854 	-0.051247974 	0.10929859 	0.50382301
0.0034371859 	-0.04981392 	0.10610261 	0.47686217
0.0034572864 	-0.048334575 	0.10144243 	0.45273627
0.0034773869 	-0.046866962 	0.095716575 	0.4311718
0.0034974874 	-0.046866962 	0.095716575 	0.4311718
0.0035175879 	-0.045471215 	0.089297804 	0.4118843
0.0035376884 	-0.044190651 	0.082472149 	0.39458818
0.0035577889 	-0.043034725 	0.075424646 	0.37899602
0.0035778894 	-0.043034725 	0.075424646 	0.37899602
0.0035979899 	-0.041967671 	0.068262738 	0.36480825
0.0036180905 	-0.040909662 	0.061046428 	0.35168124
0.003638191 	-0.039751062 	0.053825969 	0.33918971
0.0036582915 	-0.039751062 	0.053825969 	0.33918971
0.003678392 	-0.038375412 	0.046671491 	0.32680763
0.0036984925 	-0.036683255 	0.039693766 	0.31393708
0.003718593 	-0.034606702 	0.033046884 	0.29997597
0.0037386935 	-0.032111407 	0.026912697 	0.28440726
0.003758794 	-0.02920263 	0.021486525 	0.26687754
0.0037788945 	-0.02920263 	0.021486525 	0.26687754
0.003798995 	-0.025937139 	0.01694362 	0.24722268
0.0038190955 	-0.022434965 	0.013401824 	0.22558043
0.003839196 	-0.018823889 	0.01094051 	0.20221715
0.0038592965 	-0.015204622 	0.0095740895 	0.17751045
0.003879397 	-0.011689446 	0.0092289793 	0.15187568
0.0038994975 	-0.0083915961 	0.009694079 	0.12567754
0.003919598 	-0.0054247692 	0.010528573 	0.099142515
0.0039396985 	-0.0029204916 	0.010930717 	0.072263534
0.003959799 	-0.0010602168 	0.0096201211 	0.044694586
0.0039798995 	-9.0634011e-05 	0.0048845952 	0.015702811
0.004 	-9.0634011e-05 	0.0048845952 	0.015702811
