0 	0.043353946 	0.0089290842 	1.086634
2.0100503e-05 	0.013606664 	-0.043262788 	1.0842117
4.0201005e-05 	0.013606664 	-0.043262788 	1.0842117
6.0301508e-05 	-0.0030774293 	-0.046381001 	1.0815884
8.040201e-05 	-0.0030774293 	-0.046381001 	1.0815884
0.00010050251 	-0.0030774293 	-0.046381001 	1.0815884
0.00012060302 	-0.0049971844 	-0.047317914 	1.0787159
0.00014070352 	-0.0049971844 	-0.047317914 	1.0787159
0.00016080402 	-0.0049971844 	-0.047317914 	1.0787159
0.00018090452 	-0.0039343669 	-0.048457466 	1.0755876
0.00020100503 	-0.0039343669 	-0.048457466 	1.0755876
0.00022110553 	-0.0039343669 	-0.048457466 	1.0755876
0.00024120603 	-0.0018691483 	-0.049550042 	1.0722753
0.00026130653 	-0.0018691483 	-0.049550042 	1.0722753
0.00028140704 	0.00054736786 	-0.050489012 	1.0689512
0.00030150754 	0.00054736786 	-0.050489012 	1.0689512
0.00032160804 	0.00054736786 	-0.050489012 	1.0689512
0.00034170854 	0.0029761538 	-0.051257651 	1.065857
0.00036180905 	0.0029761538 	-0.051257651 	1.065857
0.00038190955 	0.0029761538 	-0.051257651 	1.065857
0.00040201005 	0.0052411012 	-0.051869085 	1.0631828
0.00042211055 	0.0052411012 	-0.051869085 	1.0631828
0.00044221106 	0.0052411012 	-0.051869085 	1.0631828
0.00046231156 	0.0073210585 	-0.052311273 	1.0609427
0.00048241206 	0.0073210585 	-0.052311273 	1.0609427
0.00050251256 	0.0092903542 	-0.052526966 	1.0590165
0.00052261307 	0.0092903542 	-0.052526966 	1.0590165
0.00054271357 	0.0092903542 	-0.052526966 	1.0590165
0.00056281407 	0.011175024 	-0.052457153 	1.0573548
0.00058291457 	0.011175024 	-0.052457153 	1.0573548
0.00060301508 	0.011175024 	-0.052457153 	1.0573548
0.00062311558 	0.012880922 	-0.052065194 	1.0561009
0.00064321608 	0.012880922 	-0.052065194 	1.0561009
0.00066331658 	0.012880922 	-0.052065194 	1.0561009
0.00068341709 	0.014257972 	-0.051308731 	1.0555306
0.00070351759 	0.014257972 	-0.051308731 	1.0555306
0.00072361809 	0.015192983 	-0.050146174 	1.0559311
0.00074371859 	0.015192983 	-0.050146174 	1.0559311
0.0007638191 	0.015192983 	-0.050146174 	1.0559311
0.0007839196 	0.015705844 	-0.048589413 	1.0573491
0.0008040201 	0.015705844 	-0.048589413 	1.0573491
0.0008241206 	0.015705844 	-0.048589413 	1.0573491
0.00084422111 	0.015959785 	-0.046712058 	1.0592945
0.00086432161 	0.015959785 	-0.046712058 	1.0592945
0.00088442211 	0.015959785 	-0.046712058 	1.0592945
0.00090452261 	0.016323749 	-0.044608015 	1.0608239
0.00092462312 	0.016323749 	-0.044608015 	1.0608239
0.00094472362 	0.01706014 	-0.042318854 	1.0610274
0.00096482412 	0.01706014 	-0.042318854 	1.0610274
0.00098492462 	0.01706014 	-0.042318854 	1.0610274
0.0010050251 	0.016234577 	-0.041343221 	1.0605019
0.0010251256 	0.016234577 	-0.041343221 	1.0605019
0.0010452261 	0.018444423 	-0.039728166 	1.059395
0.0010653266 	0.020526019 	-0.037336093 	1.0558739
0.0010854271 	0.020526019 	-0.037336093 	1.0558739
0.0011055276 	0.020526019 	-0.037336093 	1.0558739
0.0011256281 	0.022884604 	-0.036074261 	1.0516173
0.0011457286 	0.022884604 	-0.036074261 	1.0516173
0.0011658291 	0.021557179 	-0.036251319 	1.0515466
0.0011859296 	0.024224815 	-0.03579695 	1.0467433
0.0012060302 	0.025389054 	-0.036761818 	1.047394
0.0012261307 	0.025389054 	-0.036761818 	1.047394
0.0012462312 	0.028196775 	-0.039459268 	1.0429999
0.0012663317 	0.028196775 	-0.039459268 	1.0429999
0.0012864322 	0.028196775 	-0.039459268 	1.0429999
0.0013065327 	0.031478318 	-0.043429077 	1.037698
0.0013266332 	0.031478318 	-0.043429077 	1.037698
0.0013467337 	0.031478318 	-0.043429077 	1.037698
0.0013668342 	0.035030081 	-0.047647138 	1.0313088
0.0013869347 	0.035030081 	-0.047647138 	1.0313088
0.0014070352 	0.035030081 	-0.047647138 	1.0313088
0.0014271357 	0.03828106 	-0.051244578 	1.0246445
0.0014472362 	0.03828106 	-0.051244578 	1.0246445
0.0014673367 	0.03828106 	-0.051244578 	1.0246445
0.0014874372 	0.040631318 	-0.053605117 	1.0190899
0.0015075377 	0.040631318 	-0.053605117 	1.0190899
0.0015276382 	0.038822503 	-0.051725532 	1.0193531
0.0015477387 	0.041651201 	-0.054336318 	1.0158944
0.0015678392 	0.041651201 	-0.054336318 	1.0158944
0.0015879397 	0.04115926 	-0.053288611 	1.0156565
0.0016080402 	0.04115926 	-0.053288611 	1.0156565
0.0016281407 	0.038865622 	-0.0518107 	1.0187223
0.0016482412 	0.039318606 	-0.050623815 	1.018063
0.0016683417 	0.039318606 	-0.050623815 	1.018063
0.0016884422 	0.036645719 	-0.046722244 	1.0220626
0.0017085427 	0.036645719 	-0.046722244 	1.0220626
0.0017286432 	0.036645719 	-0.046722244 	1.0220626
0.0017487437 	0.033835883 	-0.04199902 	1.0265078
0.0017688442 	0.033835883 	-0.04199902 	1.0265078
0.0017889447 	0.033835883 	-0.04199902 	1.0265078
0.0018090452 	0.031473186 	-0.036891853 	1.0308418
0.0018291457 	0.031473186 	-0.036891853 	1.0308418
0.0018492462 	0.02986171 	-0.031828737 	1.0351908
0.0018693467 	0.02986171 	-0.031828737 	1.0351908
0.0018894472 	0.02986171 	-0.031828737 	1.0351908
0.0019095477 	0.029120013 	-0.027183348 	1.0399504
0.0019296482 	0.029120013 	-0.027183348 	1.0399504
0.0019497487 	0.029262737 	-0.023230234 	1.0454053
0.0019698492 	0.029262737 	-0.023230234 	1.0454053
0.0019899497 	0.030219906 	-0.020090984 	1.0515196
0.0020100503 	0.030219906 	-0.020090984 	1.0515196
0.0020301508 	0.030219906 	-0.020090984 	1.0515196
0.0020502513 	0.031884246 	-0.01773139 	1.0577695
0.0020703518 	0.031884246 	-0.01773139 	1.0577695
0.0020904523 	0.034124699 	-0.01597057 	1.0630435
0.0021105528 	0.034124699 	-0.01597057 	1.0630435
0.0021306533 	0.034124699 	-0.01597057 	1.0630435
0.0021507538 	0.036791415 	-0.0145066 	1.0658624
0.0021708543 	0.036791415 	-0.0145066 	1.0658624
0.0021909548 	0.039742379 	-0.013085951 	1.0649598
0.0022110553 	0.039742379 	-0.013085951 	1.0649598
0.0022311558 	0.042832204 	-0.011534867 	1.0598169
0.0022512563 	0.042832204 	-0.011534867 	1.0598169
0.0022713568 	0.045928513 	-0.0098438511 	1.0508356
0.0022914573 	0.045928513 	-0.0098438511 	1.0508356
0.0023115578 	0.045928513 	-0.0098438511 	1.0508356
0.0023316583 	0.048938107 	-0.0081343368 	1.0389679
0.0023517588 	0.048938107 	-0.0081343368 	1.0389679
0.0023718593 	0.051806449 	-0.0066387719 	1.0253048
0.0023919598 	0.051806449 	-0.0066387719 	1.0253048
0.0024120603 	0.054483064 	-0.0055981605 	1.0108377
0.0024321608 	0.054483064 	-0.0055981605 	1.0108377
0.0024522613 	0.056966341 	-0.0051427916 	0.99639508
0.0024723618 	0.056966341 	-0.0051427916 	0.99639508
0.0024924623 	0.059275183 	-0.0053713512 	0.98261583
0.0025125628 	0.059275183 	-0.0053713512 	0.98261583
0.0025326633 	0.061423236 	-0.0062765761 	0.96996631
0.0025527638 	0.061423236 	-0.0062765761 	0.96996631
0.0025728643 	0.063486134 	-0.0078033568 	0.95869382
0.0025929648 	0.063486134 	-0.0078033568 	0.95869382
0.0026130653 	0.065541457 	-0.009867766 	0.94882756
0.0026331658 	0.065541457 	-0.009867766 	0.94882756
0.0026532663 	0.067673449 	-0.012405838 	0.94023263
0.0026733668 	0.067673449 	-0.012405838 	0.94023263
0.0026934673 	0.069969501 	-0.015390819 	0.93265061
0.0027135678 	0.069969501 	-0.015390819 	0.93265061
0.0027336683 	0.072476258 	-0.018829561 	0.92577177
0.0027537688 	0.072476258 	-0.018829561 	0.92577177
0.0027738693 	0.075199263 	-0.022751026 	0.91932709
0.0027939698 	0.075199263 	-0.022751026 	0.91932709
0.0028140704 	0.07812144 	-0.027184422 	0.9131409
0.0028341709 	0.07812144 	-0.027184422 	0.9131409
0.0028542714 	0.0812376 	-0.032123275 	0.90708283
0.0028743719 	0.084526303 	-0.037498427 	0.90106419
0.0028944724 	0.084526303 	-0.037498427 	0.90106419
0.0029145729 	0.087966124 	-0.043194864 	0.89500332
0.0029346734 	0.087966124 	-0.043194864 	0.89500332
0.0029547739 	0.091544535 	-0.049051128 	0.88880592
0.0029748744 	0.091544535 	-0.049051128 	0.88880592
0.0029949749 	0.095210028 	-0.054879248 	0.88236119
0.0030150754 	0.098902709 	-0.060471709 	0.8755546
0.0030351759 	0.098902709 	-0.060471709 	0.8755546
0.0030552764 	0.10252966 	-0.065630482 	0.86829021
0.0030753769 	0.10252966 	-0.065630482 	0.86829021
0.0030954774 	0.10598949 	-0.070168749 	0.86053698
0.0031155779 	0.10918667 	-0.073918234 	0.85235153
0.0031356784 	0.10918667 	-0.073918234 	0.85235153
0.0031557789 	0.11201577 	-0.076724746 	0.84390753
0.0031758794 	0.11201577 	-0.076724746 	0.84390753
0.0031959799 	0.11439303 	-0.078442428 	0.83548056
0.0032160804 	0.11624486 	-0.078933324 	0.82740896
0.0032361809 	0.11624486 	-0.078933324 	0.82740896
0.0032562814 	0.11751018 	-0.078073509 	0.82004788
0.0032763819 	0.11814956 	-0.07576128 	0.81371231
0.0032964824 	0.11814956 	-0.07576128 	0.81371231
0.0033165829 	0.11814964 	-0.071931693 	0.80862015
0.0033366834 	0.11753469 	-0.066580387 	0.80482791
0.0033567839 	0.11753469 	-0.066580387 	0.80482791
0.0033768844 	0.11636715 	-0.059794533 	0.80219465
0.0033969849 	0.11472269 	-0.05177741 	0.80042479
0.0034170854 	0.11472269 	-0.05177741 	0.80042479
0.0034371859 	0.1126653 	-0.042844278 	0.79920699
0.0034572864 	0.11022454 	-0.033375058 	0.79836479
0.0034773869 	0.10741623 	-0.023740513 	0.79790786
0.0034974874 	0.10741623 	-0.023740513 	0.79790786
0.0035175879 	0.10427813 	-0.014225268 	0.79792358
0.0035376884 	0.10085546 	-0.0049609957 	0.79836761
0.0035577889 	0.097257434 	0.0040688824 	0.7989386
0.0035778894 	0.097257434 	0.0040688824 	0.7989386
0.0035979899 	0.093340561 	0.012900041 	0.79885183
0.0036180905 	0.088871392 	0.021443777 	0.79726219
0.003638191 	0.083762306 	0.029249726 	0.79394222
0.0036582915 	0.083762306 	0.029249726 	0.79394222
0.003678392 	0.07780812 	0.035484349 	0.78972438
0.0036984925 	0.070836964 	0.039490437 	0.78613962
0.003718593 	0.062843293 	0.041764395 	0.78432979
0.0037386935 	0.053945515 	0.04433455 	0.78356157
0.003758794 	0.044443329 	0.049520191 	0.77922067
0.0037788945 	0.044443329 	0.049520191 	0.77922067
0.003798995 	0.035081951 	0.057563511 	0.76148085
0.0038190955 	0.027069193 	0.065364369 	0.71831908
0.003839196 	0.02135582 	0.068443748 	0.64408963
0.0038592965 	0.017751038 	0.064786145 	0.5461568
0.003879397 	0.015095654 	0.05619994 	0.44056022
0.0038994975 	0.012315052 	0.045987875 	0.34090543
0.003919598 	0.0090532225 	0.036329687 	0.25230723
0.0039396985 	0.0055612247 	0.027612954 	0.17327301
0.003959799 	0.0024250366 	0.018871314 	0.10039277
0.0039798995 	0.00033461718 	0.0080727189 	0.03179465
0.004 	0.00033461718 	0.0080727189 	0.03179465
