0 	0.011434407 	-0.031906886 	1.0686435
5.5555625e-05 	0.020685521 	-0.018658273 	1.0670971
0.00011111111 	0.01967902 	-0.0102321 	1.0648763
0.00016666667 	0.018100226 	-0.0038262211 	1.0631534
0.00022222222 	0.017299108 	0.00039704541 	1.0623787
0.00027777778 	0.017515027 	0.0019906728 	1.0623901
0.00033333333 	0.018645655 	0.00078849368 	1.0625671
0.00038888889 	0.020464003 	-0.0030996031 	1.0621002
0.00044444444 	0.022707092 	-0.009350034 	1.0603905
0.0005 	0.0250931 	-0.017347955 	1.0573367
0.00055555556 	0.027254451 	-0.026086907 	1.0532499
0.00061111111 	0.028708166 	-0.034327492 	1.0486117
0.00066666667 	0.029005121 	-0.041045828 	1.044023
0.00072222222 	0.027930163 	-0.045797651 	1.0402085
0.00077777778 	0.025515025 	-0.048640127 	1.0378088
0.00083333333 	0.021978589 	-0.049726927 	1.0370152
0.00088888889 	0.017510437 	-0.049017063 	1.0373853
0.00094444444 	0.012620712 	-0.046362468 	1.0381136
0.001 	0.0072641044 	-0.041189155 	1.0386302
0.0010617451 	0.0024523987 	-0.033833789 	1.0388697
0.0011226367 	-0.00047001587 	-0.025581018 	1.0392275
0.0011826866 	-0.0012174557 	-0.01757405 	1.0401361
0.0012419064 	0.00021137458 	-0.010482967 	1.0415731
0.0013003077 	0.003488681 	-0.0044430974 	1.0430359
0.0013579017 	0.0082000233 	0.00079749065 	1.0439538
0.0014146996 	0.013899973 	0.0056679199 	1.0440969
0.0014707124 	0.020276587 	0.010494242 	1.043531
0.0015259509 	0.027117449 	0.015504688 	1.0424046
0.001580426 	0.034216049 	0.020768085 	1.0408317
0.001634148 	0.041389541 	0.026214893 	1.0389191
0.0016871274 	0.048480733 	0.031648748 	1.036762
0.0017393745 	0.055424997 	0.036785428 	1.0343666
0.0017908994 	0.062289332 	0.041342517 	1.0315615
0.0018417121 	0.069187985 	0.045107953 	1.0280324
0.0018918224 	0.076200517 	0.048001344 	1.023508
0.0019412401 	0.083185496 	0.050031792 	1.018004
0.0019899746 	0.089587801 	0.051289405 	1.0119078
0.0020380356 	0.094558813 	0.051887209 	1.0058704
0.0020854322 	0.097149481 	0.051893556 	1.0005493
0.0021321736 	0.096582784 	0.051355971 	0.99662716
0.002178269 	0.092790538 	0.051692147 	0.99479753
0.0022237272 	0.087300948 	0.057792278 	0.99455342
0.002268557 	0.081732852 	0.072466692 	0.99142383
0.0023127672 	0.074690034 	0.088499545 	0.97578429
0.0023563662 	0.064438385 	0.096128474 	0.94140511
0.0023993626 	0.05236086 	0.092535641 	0.89494527
0.0024417647 	0.040729788 	0.081474789 	0.84898358
0.0024835806 	0.030617147 	0.06861804 	0.81088136
0.0025248186 	0.022555364 	0.057530457 	0.78285214
0.0025654865 	0.01704749 	0.04857367 	0.7653025
0.0026055923 	0.01397086 	0.040408374 	0.75761756
0.0026451437 	0.012442517 	0.033090638 	0.7580835
0.0026841484 	0.011263977 	0.029075738 	0.7640217
0.002722614 	0.009375361 	0.030872609 	0.7722987
0.0027605478 	0.0060202236 	0.038720738 	0.78014503
0.0027979573 	0.00063079246 	0.050079518 	0.78563532
0.0028348498 	-0.007193376 	0.060413776 	0.78694027
0.0028712322 	-0.017852774 	0.064322996 	0.78124877
0.0029071118 	-0.031959844 	0.056652896 	0.76717769
0.0029424953 	-0.049216865 	0.034284007 	0.74898374
0.0029773898 	-0.068250874 	0.00062826476 	0.7327173
0.003011802 	-0.088167041 	-0.034370849 	0.71955475
0.0030457385 	-0.10696731 	-0.06200531 	0.70911203
0.0030792059 	-0.12185242 	-0.080961096 	0.70254411
0.0031122107 	-0.13164586 	-0.093941578 	0.70007609
0.0031447592 	-0.13740527 	-0.10308789 	0.70004282
0.0031768579 	-0.14065769 	-0.10967485 	0.70016616
0.0032085129 	-0.14220008 	-0.11422622 	0.69818519
0.0032397303 	-0.14242363 	-0.11639864 	0.69263711
0.0032705162 	-0.14146999 	-0.11563163 	0.68332732
0.0033008765 	-0.13927375 	-0.11194574 	0.67081418
0.0033308172 	-0.13563515 	-0.10586014 	0.65577813
0.0033603441 	-0.13038056 	-0.098030021 	0.63889273
0.0033894627 	-0.12343481 	-0.089077683 	0.62086666
0.0034181789 	-0.1148593 	-0.079618807 	0.60244038
0.0034464982 	-0.10489239 	-0.070324624 	0.58435259
0.003474426 	-0.093945053 	-0.06187814 	0.56729459
0.0035019678 	-0.082580668 	-0.054907878 	0.55183832
0.0035291288 	-0.071516291 	-0.049876708 	0.53835107
0.0035559144 	-0.06147667 	-0.047051216 	0.52693065
0.0035823298 	-0.052919847 	-0.046617074 	0.51749404
0.0036083801 	-0.045951069 	-0.048938861 	0.51006079
0.0036340702 	-0.040380561 	-0.054252935 	0.50452227
0.0036594053 	-0.03595262 	-0.062072107 	0.49995556
0.0036843901 	-0.032459214 	-0.071117086 	0.49434812
0.0037090296 	-0.029699723 	-0.079909648 	0.48504191
0.0037333285 	-0.027416755 	-0.087293426 	0.46961281
0.0037572915 	-0.025327705 	-0.09255539 	0.44655634
0.0037809233 	-0.023193385 	-0.095301396 	0.41563182
0.0038042285 	-0.020841182 	-0.095375926 	0.37783021
0.0038272115 	-0.018174581 	-0.09277733 	0.33497829
0.0038498768 	-0.015183616 	-0.08760608 	0.28916871
0.0038722288 	-0.01195228 	-0.080051135 	0.24227132
0.0038942718 	-0.0086527898 	-0.07038127 	0.19565472
0.0039160102 	-0.0055239709 	-0.058881032 	0.15008643
0.003937448 	-0.0028486314 	-0.045649258 	0.10574885
0.0039585896 	-0.00091759238 	-0.030261296 	0.062403677
0.0039794389 	-3.5862841e-05 	-0.011557348 	0.019979214
0.004 	-0.00011023477 	-0.0039681884 	0.018467332
