0 	0.0041966533 	-0.038345329 	1.0466092
5.5555556e-05 	0.018882353 	-0.034857769 	1.0429127
0.00011111111 	0.020624059 	-0.034637142 	1.040222
0.00016666667 	0.019463572 	-0.035418161 	1.0388898
0.00022222222 	0.016934781 	-0.035940655 	1.039149
0.00027777778 	0.013660873 	-0.035431208 	1.0411391
0.00033333333 	0.010142718 	-0.033289343 	1.0448568
0.00038888889 	0.0068728903 	-0.029109705 	1.0500052
0.00044444444 	0.0043207493 	-0.022786273 	1.0558341
0.0005 	0.0027913909 	-0.014672257 	1.0611825
0.00055555556 	0.0022457436 	-0.0056374687 	1.0648468
0.00061111111 	0.0022105792 	0.003096099 	1.0661194
0.00066666667 	0.0019482333 	0.010352744 	1.0650904
0.00072222222 	0.00075930771 	0.015417372 	1.062453
0.00077777778 	-0.0018275406 	0.018186232 	1.0589806
0.00083333333 	-0.0059454315 	0.019043301 	1.0550697
0.00088888889 	-0.011364095 	0.018623066 	1.0506341
0.00094444444 	-0.01761608 	0.017599915 	1.0452743
0.001 	-0.024688925 	0.016369917 	1.0382631
0.0010617199 	-0.0321291 	0.015233829 	1.0293054
0.0011225874 	-0.039860924 	0.013869581 	1.0190098
0.0011826143 	-0.047832414 	0.012251136 	1.0074876
0.0012418122 	-0.055183982 	0.010934826 	0.9937129
0.0013001926 	-0.060204725 	0.01109719 	0.97592424
0.0013577668 	-0.061409194 	0.013609324 	0.9537691
0.0014145458 	-0.059236397 	0.017936268 	0.93029643
0.0014705407 	-0.055973143 	0.022381647 	0.91037584
0.0015257623 	-0.053633359 	0.025781302 	0.89641463
0.0015802213 	-0.052649027 	0.028356526 	0.88703672
0.0016339282 	-0.052335155 	0.030932873 	0.8794634
0.0016868934 	-0.051866486 	0.034070326 	0.87192747
0.0017391271 	-0.050847868 	0.037873242 	0.86415077
0.0017906395 	-0.049256764 	0.042313057 	0.85653059
0.0018414404 	-0.047203078 	0.047358115 	0.84942534
0.0018915398 	-0.044805145 	0.052935078 	0.84293612
0.0019409473 	-0.042173022 	0.058927538 	0.83689464
0.0019896725 	-0.039375757 	0.06523611 	0.83095716
0.0020377248 	-0.036468135 	0.071780726 	0.82479955
0.0020851134 	-0.033531926 	0.078472302 	0.81830072
0.0021318476 	-0.030735206 	0.08520674 	0.81155982
0.0021779364 	-0.028308032 	0.091913936 	0.80481074
0.0022233887 	-0.026499647 	0.098568853 	0.79828926
0.0022682133 	-0.025489646 	0.10511357 	0.79212573
0.0023124189 	-0.025319855 	0.11138089 	0.78631858
0.0023560139 	-0.025922447 	0.11712371 	0.78079374
0.0023990069 	-0.027207208 	0.12209784 	0.77550554
0.0024414062 	-0.029129075 	0.12614945 	0.77052355
0.0024832199 	-0.031687544 	0.12922533 	0.76600359
0.0025244562 	-0.034866939 	0.13132458 	0.76212225
0.002565123 	-0.038584434 	0.1324646 	0.75894804
0.0026052281 	-0.042721127 	0.13265892 	0.75644019
0.0026447794 	-0.047118648 	0.1319247 	0.75445929
0.0026837845 	-0.051568252 	0.13028621 	0.75280306
0.0027222509 	-0.055884465 	0.12778045 	0.75134515
0.0027601861 	-0.059935479 	0.12446418 	0.74993004
0.0027975974 	-0.063602715 	0.12041467 	0.7485079
0.002834492 	-0.066812294 	0.11570948 	0.74698694
0.0028708772 	-0.069517208 	0.11044196 	0.74518519
0.0029067598 	-0.071676048 	0.10468497 	0.74306809
0.0029421469 	-0.073224135 	0.098534146 	0.74047948
0.0029770452 	-0.074146979 	0.092059805 	0.73734911
0.0030114616 	-0.074408782 	0.08536059 	0.73349302
0.0030454028 	-0.073996172 	0.078524744 	0.72885932
0.0030788752 	-0.072915471 	0.071647847 	0.72338465
0.0031118853 	-0.071181408 	0.064839663 	0.71699201
0.0031444395 	-0.068839259 	0.058207617 	0.70967656
0.0031765442 	-0.06596249 	0.051830899 	0.70154479
0.0032082055 	-0.062618719 	0.04578349 	0.69269273
0.0032394295 	-0.058897227 	0.040110633 	0.68330923
0.0032702223 	-0.054891334 	0.034817023 	0.67366931
0.0033005899 	-0.050704009 	0.02988618 	0.66411481
0.0033305381 	-0.046441936 	0.025257308 	0.65500214
0.0033600727 	-0.042191472 	0.020825881 	0.64670005
0.0033891994 	-0.038045047 	0.016458486 	0.6395479
0.0034179239 	-0.034099195 	0.012004902 	0.63384104
0.0034462517 	-0.030404467 	0.0073221515 	0.62977176
0.0034741882 	-0.026997083 	0.0022819142 	0.62739286
0.003501739 	-0.023901553 	-0.0032018621 	0.62653825
0.0035289093 	-0.02115533 	-0.0091507531 	0.62672414
0.0035557043 	-0.018859368 	-0.015518006 	0.62710388
0.0035821293 	-0.017102356 	-0.022176457 	0.62634701
0.0036081894 	-0.015932282 	-0.028961388 	0.62279392
0.0036338895 	-0.01533292 	-0.035694935 	0.61450334
0.0036592348 	-0.015157763 	-0.042167623 	0.59935744
0.00368423 	-0.01508024 	-0.048082686 	0.57540046
0.00370888 	-0.014660302 	-0.053045059 	0.54171084
0.0037331896 	-0.013580024 	-0.056671125 	0.49950202
0.0037571635 	-0.011847502 	-0.058728874 	0.45223508
0.0037808063 	-0.0097547747 	-0.059141589 	0.40415729
0.0038041226 	-0.0076594252 	-0.057874902 	0.35841806
0.0038271169 	-0.0058047235 	-0.054870951 	0.31616641
0.0038497936 	-0.0042750562 	-0.050106533 	0.27682307
0.0038721572 	-0.0030456354 	-0.043712424 	0.23889345
0.0038942119 	-0.0020540347 	-0.036048973 	0.20073763
0.003915962 	-0.0012512177 	-0.0276712 	0.16105551
0.0039374118 	-0.00062324754 	-0.019184185 	0.11905515
0.0039585653 	-0.00018907326 	-0.011054795 	0.074312612
0.0039794267 	2.6478201e-06 	-0.0034922563 	0.026337235
0.004 	-7.8653108e-05 	-0.0038740484 	0.028253787
