0 	-0.016728695 	0.0465899 	1.0524597
2.0100503e-05 	-0.016728695 	0.0465899 	1.0524597
4.0201005e-05 	-0.016728695 	0.0465899 	1.0524597
6.0301508e-05 	-0.038728771 	0.033127659 	1.0505758
8.040201e-05 	-0.038728771 	0.033127659 	1.0505758
0.00010050251 	-0.038728771 	0.033127659 	1.0505758
0.00012060302 	-0.044976761 	0.027657659 	1.0459992
0.00014070352 	-0.044976761 	0.027657659 	1.0459992
0.00016080402 	-0.044976761 	0.027657659 	1.0459992
0.00018090452 	-0.048459289 	0.025594916 	1.0387191
0.00020100503 	-0.048459289 	0.025594916 	1.0387191
0.00022110553 	-0.048459289 	0.025594916 	1.0387191
0.00024120603 	-0.050797712 	0.025384476 	1.0291548
0.00026130653 	-0.050797712 	0.025384476 	1.0291548
0.00028140704 	-0.052343899 	0.026294015 	1.0180372
0.00030150754 	-0.052343899 	0.026294015 	1.0180372
0.00032160804 	-0.052343899 	0.026294015 	1.0180372
0.00034170854 	-0.053186806 	0.027747234 	1.0062064
0.00036180905 	-0.053186806 	0.027747234 	1.0062064
0.00038190955 	-0.053186806 	0.027747234 	1.0062064
0.00040201005 	-0.053358141 	0.029184011 	0.99439605
0.00042211055 	-0.053358141 	0.029184011 	0.99439605
0.00044221106 	-0.053358141 	0.029184011 	0.99439605
0.00046231156 	-0.052902121 	0.030058797 	0.98309343
0.00048241206 	-0.052902121 	0.030058797 	0.98309343
0.00050251256 	-0.051905488 	0.029920606 	0.97256491
0.00052261307 	-0.051905488 	0.029920606 	0.97256491
0.00054271357 	-0.051905488 	0.029920606 	0.97256491
0.00056281407 	-0.050506782 	0.028585689 	0.96306596
0.00058291457 	-0.050506782 	0.028585689 	0.96306596
0.00060301508 	-0.050506782 	0.028585689 	0.96306596
0.00062311558 	-0.048889727 	0.026285691 	0.95505696
0.00064321608 	-0.048889727 	0.026285691 	0.95505696
0.00066331658 	-0.052886567 	0.019111979 	0.9498606
0.00068341709 	-0.050739576 	0.016332625 	0.94272748
0.00070351759 	-0.050739576 	0.016332625 	0.94272748
0.00072361809 	-0.048562019 	0.01360613 	0.93822046
0.00074371859 	-0.048562019 	0.01360613 	0.93822046
0.0007638191 	-0.048562019 	0.01360613 	0.93822046
0.0007839196 	-0.046585461 	0.011041742 	0.93563334
0.0008040201 	-0.046585461 	0.011041742 	0.93563334
0.0008241206 	-0.046585461 	0.011041742 	0.93563334
0.00084422111 	-0.04478989 	0.0084925871 	0.9338947
0.00086432161 	-0.04478989 	0.0084925871 	0.9338947
0.00088442211 	-0.04478989 	0.0084925871 	0.9338947
0.00090452261 	-0.043020091 	0.0061171956 	0.93247052
0.00092462312 	-0.043020091 	0.0061171956 	0.93247052
0.00094472362 	-0.041122572 	0.0043323304 	0.93126871
0.00096482412 	-0.041122572 	0.0043323304 	0.93126871
0.00098492462 	-0.041122572 	0.0043323304 	0.93126871
0.0010050251 	-0.039501325 	0.0067999008 	0.93569016
0.0010251256 	-0.039501325 	0.0067999008 	0.93569016
0.0010452261 	-0.039501325 	0.0067999008 	0.93569016
0.0010653266 	-0.037287334 	0.0061268118 	0.93496751
0.0010854271 	-0.036265099 	0.0026692967 	0.92987764
0.0011055276 	-0.036265099 	0.0026692967 	0.92987764
0.0011256281 	-0.03360292 	0.0017896857 	0.93059824
0.0011457286 	-0.03360292 	0.0017896857 	0.93059824
0.0011658291 	-0.034703065 	0.0054053627 	0.93519448
0.0011859296 	-0.032180692 	0.0040548001 	0.93635359
0.0012060302 	-0.031498944 	-0.00011876696 	0.93220963
0.0012261307 	-0.031498944 	-0.00011876696 	0.93220963
0.0012462312 	-0.030764065 	-0.0031051108 	0.93375442
0.0012663317 	-0.030764065 	-0.0031051108 	0.93375442
0.0012864322 	-0.030764065 	-0.0031051108 	0.93375442
0.0013065327 	-0.03186405 	-0.006546271 	0.93420722
0.0013266332 	-0.03186405 	-0.006546271 	0.93420722
0.0013467337 	-0.03186405 	-0.006546271 	0.93420722
0.0013668342 	-0.034522067 	-0.0094434755 	0.93311257
0.0013869347 	-0.03160344 	-0.0014240112 	0.93610691
0.0014070352 	-0.03160344 	-0.0014240112 	0.93610691
0.0014271357 	-0.033505694 	-0.00130625 	0.93307601
0.0014472362 	-0.033505694 	-0.00130625 	0.93307601
0.0014673367 	-0.033505694 	-0.00130625 	0.93307601
0.0014874372 	-0.041033574 	-0.0094516757 	0.92574237
0.0015075377 	-0.041033574 	-0.0094516757 	0.92574237
0.0015276382 	-0.043426327 	-0.0054876792 	0.91992158
0.0015477387 	-0.043426327 	-0.0054876792 	0.91992158
0.0015678392 	-0.043426327 	-0.0054876792 	0.91992158
0.0015879397 	-0.045076893 	0.00077468826 	0.91415514
0.0016080402 	-0.045076893 	0.00077468826 	0.91415514
0.0016281407 	-0.045076893 	0.00077468826 	0.91415514
0.0016482412 	-0.046301248 	0.0085168485 	0.90967594
0.0016683417 	-0.046301248 	0.0085168485 	0.90967594
0.0016884422 	-0.047274349 	0.016917985 	0.90682083
0.0017085427 	-0.047274349 	0.016917985 	0.90682083
0.0017286432 	-0.047274349 	0.016917985 	0.90682083
0.0017487437 	-0.04786382 	0.025212965 	0.90501592
0.0017688442 	-0.04786382 	0.025212965 	0.90501592
0.0017889447 	-0.04786382 	0.025212965 	0.90501592
0.0018090452 	-0.047771708 	0.032422536 	0.9033878
0.0018291457 	-0.047771708 	0.032422536 	0.9033878
0.0018492462 	-0.046670022 	0.037335251 	0.90127989
0.0018693467 	-0.046670022 	0.037335251 	0.90127989
0.0018894472 	-0.046670022 	0.037335251 	0.90127989
0.0019095477 	-0.044401777 	0.038869032 	0.89831605
0.0019296482 	-0.044401777 	0.038869032 	0.89831605
0.0019497487 	-0.041031591 	0.036520043 	0.8941586
0.0019698492 	-0.041031591 	0.036520043 	0.8941586
0.0019899497 	-0.03674271 	0.030455367 	0.88841989
0.0020100503 	-0.03674271 	0.030455367 	0.88841989
0.0020301508 	-0.03674271 	0.030455367 	0.88841989
0.0020502513 	-0.031782614 	0.021345781 	0.8809249
0.0020703518 	-0.031782614 	0.021345781 	0.8809249
0.0020904523 	-0.026490598 	0.010231338 	0.87197799
0.0021105528 	-0.026490598 	0.010231338 	0.87197799
0.0021306533 	-0.026490598 	0.010231338 	0.87197799
0.0021507538 	-0.021290994 	-0.0015443377 	0.86232772
0.0021708543 	-0.021290994 	-0.0015443377 	0.86232772
0.0021909548 	-0.016706638 	-0.012491803 	0.85293319
0.0022110553 	-0.016706638 	-0.012491803 	0.85293319
0.0022311558 	-0.013251466 	-0.021342084 	0.84459186
0.0022512563 	-0.013251466 	-0.021342084 	0.84459186
0.0022713568 	-0.01126677 	-0.027163304 	0.83779605
0.0022914573 	-0.01126677 	-0.027163304 	0.83779605
0.0023115578 	-0.01126677 	-0.027163304 	0.83779605
0.0023316583 	-0.010897017 	-0.029515412 	0.83266063
0.0023517588 	-0.010897017 	-0.029515412 	0.83266063
0.0023718593 	-0.012121058 	-0.028464624 	0.82871638
0.0023919598 	-0.012121058 	-0.028464624 	0.82871638
0.0024120603 	-0.014775767 	-0.024567353 	0.82462542
0.0024321608 	-0.014775767 	-0.024567353 	0.82462542
0.0024522613 	-0.018650798 	-0.018716686 	0.81813766
0.0024723618 	-0.018650798 	-0.018716686 	0.81813766
0.0024924623 	-0.023683906 	-0.011755866 	0.806868
0.0025125628 	-0.023683906 	-0.011755866 	0.806868
0.0025326633 	-0.029858862 	-0.004084458 	0.79005803
0.0025527638 	-0.029858862 	-0.004084458 	0.79005803
0.0025728643 	-0.036930984 	0.0042937649 	0.76989441
0.0025929648 	-0.036930984 	0.0042937649 	0.76989441
0.0026130653 	-0.044361291 	0.013272146 	0.75047101
0.0026331658 	-0.044361291 	0.013272146 	0.75047101
0.0026532663 	-0.051358819 	0.022480191 	0.73461197
0.0026733668 	-0.051358819 	0.022480191 	0.73461197
0.0026934673 	-0.056679271 	0.031341772 	0.72270879
0.0027135678 	-0.056679271 	0.031341772 	0.72270879
0.0027336683 	-0.059493465 	0.039351308 	0.71372988
0.0027537688 	-0.059493465 	0.039351308 	0.71372988
0.0027738693 	-0.059703836 	0.045788731 	0.70691507
0.0027939698 	-0.059703836 	0.045788731 	0.70691507
0.0028140704 	-0.057444621 	0.049919483 	0.70207301
0.0028341709 	-0.057444621 	0.049919483 	0.70207301
0.0028542714 	-0.052959539 	0.051335095 	0.69919514
0.0028743719 	-0.046792386 	0.049988555 	0.6983732
0.0028944724 	-0.046792386 	0.049988555 	0.6983732
0.0029145729 	-0.039725552 	0.046270549 	0.69958303
0.0029346734 	-0.039725552 	0.046270549 	0.69958303
0.0029547739 	-0.032568303 	0.041016196 	0.70226447
0.0029748744 	-0.032568303 	0.041016196 	0.70226447
0.0029949749 	-0.025939318 	0.035124004 	0.70538693
0.0030150754 	-0.020200822 	0.029258967 	0.70793814
0.0030351759 	-0.020200822 	0.029258967 	0.70793814
0.0030552764 	-0.015529075 	0.023857059 	0.7092841
0.0030753769 	-0.015529075 	0.023857059 	0.7092841
0.0030954774 	-0.01201096 	0.019259397 	0.70924288
0.0031155779 	-0.0096624477 	0.015774345 	0.70794866
0.0031356784 	-0.0096624477 	0.015774345 	0.70794866
0.0031557789 	-0.0083813667 	0.013630731 	0.70556345
0.0031758794 	-0.0083813667 	0.013630731 	0.70556345
0.0031959799 	-0.007921632 	0.012835836 	0.70206287
0.0032160804 	-0.0079527611 	0.013069338 	0.69725926
0.0032361809 	-0.0079527611 	0.013069338 	0.69725926
0.0032562814 	-0.008163945 	0.013729046 	0.69109839
0.0032763819 	-0.0083444189 	0.014093773 	0.68395851
0.0032964824 	-0.0083444189 	0.014093773 	0.68395851
0.0033165829 	-0.0084053168 	0.013510346 	0.676666
0.0033366834 	-0.0083400855 	0.011511167 	0.67021102
0.0033567839 	-0.0083400855 	0.011511167 	0.67021102
0.0033768844 	-0.0081612907 	0.0078409719 	0.66537637
0.0033969849 	-0.007850714 	0.0024359445 	0.66250101
0.0034170854 	-0.007850714 	0.0024359445 	0.66250101
0.0034371859 	-0.0074644406 	-0.0046244967 	0.66144039
0.0034572864 	-0.0069973938 	-0.013110811 	0.66167835
0.0034773869 	-0.0062771859 	-0.022659137 	0.66249447
0.0034974874 	-0.0062771859 	-0.022659137 	0.66249447
0.0035175879 	-0.0051394456 	-0.032765295 	0.6630572
0.0035376884 	-0.003463074 	-0.042774031 	0.6625233
0.0035577889 	-0.0011910641 	-0.051891136 	0.66014747
0.0035778894 	-0.0011910641 	-0.051891136 	0.66014747
0.0035979899 	0.0016194323 	-0.059252626 	0.65541218
0.0036180905 	0.0047842548 	-0.064061838 	0.64814668
0.003638191 	0.0080084903 	-0.065758211 	0.63855451
0.0036582915 	0.0080084903 	-0.065758211 	0.63855451
0.003678392 	0.010935134 	-0.06417538 	0.62708224
0.0036984925 	0.013237784 	-0.05962495 	0.61413409
0.003718593 	0.01469433 	-0.05286263 	0.59973681
0.0037386935 	0.015228188 	-0.044926189 	0.58331496
0.003758794 	0.014906546 	-0.036878551 	0.56369052
0.0037788945 	0.014906546 	-0.036878551 	0.56369052
0.003798995 	0.013897568 	-0.029542555 	0.53930884
0.0038190955 	0.012406158 	-0.023331683 	0.50859055
0.003839196 	0.010617713 	-0.018238847 	0.47028284
0.0038592965 	0.0086743807 	-0.013976502 	0.42373255
0.003879397 	0.0066873141 	-0.010204215 	0.36907316
0.0038994975 	0.0047631527 	-0.0067422473 	0.30733956
0.003919598 	0.0030134118 	-0.0036613521 	0.24046168
0.0039396985 	0.0015628811 	-0.0012046369 	0.17099308
0.003959799 	0.00054004075 	0.00034468762 	0.10147134
0.0039798995 	4.4736497e-05 	0.00068015557 	0.033500466
0.004 	4.4736497e-05 	0.00068015557 	0.033500466
