0 	0.063120809 	-0.016871603 	1.0289973
5.5555625e-05 	0.046155305 	-0.043883106 	1.0249933
0.00011111111 	0.037485438 	-0.047601652 	1.0215511
0.00016666667 	0.032129367 	-0.046672593 	1.0188391
0.00022222222 	0.028139614 	-0.044275746 	1.0167598
0.00027777778 	0.024669235 	-0.04163328 	1.0149801
0.00033333333 	0.021257447 	-0.039333492 	1.0131113
0.00038888889 	0.017684144 	-0.037597981 	1.0109876
0.00044444444 	0.013903897 	-0.036384734 	1.0088678
0.0005 	0.0099707086 	-0.035440455 	1.0073946
0.00055555556 	0.0059387365 	-0.034341084 	1.0072954
0.00061111111 	0.0017880075 	-0.032624989 	1.0090008
0.00066666667 	-0.0025840468 	-0.029996007 	1.0124051
0.00072222222 	-0.0072712803 	-0.026552733 	1.0169198
0.00077777778 	-0.012266542 	-0.02278055 	1.0217603
0.00083333333 	-0.017357168 	-0.019447243 	1.0262825
0.00088888889 	-0.022164099 	-0.017311005 	1.0301091
0.00094444444 	-0.026240904 	-0.017073107 	1.0330439
0.001 	-0.029128606 	-0.019516618 	1.0348254
0.0010617199 	-0.029761637 	-0.02610194 	1.0342759
0.0011225874 	-0.026848675 	-0.03771795 	1.0296922
0.0011826143 	-0.018982281 	-0.055698294 	1.0189763
0.0012418122 	-0.0056245313 	-0.079701094 	1.0011349
0.0013001926 	0.011426209 	-0.10626994 	0.97799556
0.0013577668 	0.028297752 	-0.1299557 	0.95396174
0.0014145458 	0.041944085 	-0.14688203 	0.93309384
0.0014705407 	0.051380129 	-0.15612287 	0.91749633
0.0015257623 	0.056806476 	-0.1584053 	0.907891
0.0015802213 	0.05873309 	-0.15481346 	0.90413288
0.0016339282 	0.057629682 	-0.146633 	0.90526364
0.0016868934 	0.054029936 	-0.13559019 	0.91000977
0.0017391271 	0.048926222 	-0.12364189 	0.91710088
0.0017906395 	0.043720194 	-0.11235066 	0.92525865
0.0018414404 	0.039560288 	-0.10250791 	0.93352917
0.0018915398 	0.036729952 	-0.094308869 	0.94188392
0.0019409473 	0.034630044 	-0.087707289 	0.95078341
0.0019896725 	0.032298563 	-0.082532188 	0.9599645
0.0020377248 	0.028880256 	-0.078357731 	0.96774223
0.0020851134 	0.023744106 	-0.074380277 	0.97137729
0.0021318476 	0.01648286 	-0.070145125 	0.96896514
0.0021779364 	0.0072245799 	-0.066476333 	0.96234495
0.0022233887 	-0.0025374054 	-0.064732072 	0.95584008
0.0022682133 	-0.010345135 	-0.064767132 	0.94992125
0.0023124189 	-0.014978471 	-0.064262762 	0.93990557
0.0023560139 	-0.016980557 	-0.060524504 	0.92137985
0.0023990069 	-0.017854987 	-0.052743914 	0.89378422
0.0024414062 	-0.018880908 	-0.041732138 	0.86012525
0.0024832199 	-0.020887358 	-0.028408129 	0.82632761
0.0025244562 	-0.024452268 	-0.013227752 	0.79971919
0.002565123 	-0.029421148 	0.0033023827 	0.78541747
0.0026052281 	-0.035254711 	0.020412356 	0.78303071
0.0026447794 	-0.041103032 	0.037246649 	0.78765322
0.0026837845 	-0.046175622 	0.05318567 	0.7932424
0.0027222509 	-0.049807825 	0.067284669 	0.79493455
0.0027601861 	-0.051466242 	0.077980814 	0.78930757
0.0027975974 	-0.050888791 	0.083370122 	0.77411825
0.002834492 	-0.04840056 	0.082057851 	0.74869042
0.0028708772 	-0.045140648 	0.074191456 	0.71495054
0.0029067598 	-0.04283917 	0.062036246 	0.67805291
0.0029421469 	-0.043000273 	0.049225144 	0.64493694
0.0029770452 	-0.04594709 	0.038715746 	0.62088143
0.0030114616 	-0.050615919 	0.031314163 	0.60720266
0.0030454028 	-0.055344009 	0.026162482 	0.60221073
0.0030788752 	-0.058792585 	0.022096834 	0.60351499
0.0031118853 	-0.06029041 	0.018358893 	0.6092322
0.0031444395 	-0.059702013 	0.014615376 	0.61797151
0.0031765442 	-0.057192255 	0.010801288 	0.62854586
0.0032082055 	-0.053040495 	0.0069911272 	0.63986488
0.0032394295 	-0.047500159 	0.0033117325 	0.65097518
0.0032702223 	-0.040956058 	-0.00010474749 	0.66113169
0.0033005899 	-0.033879734 	-0.0031204387 	0.66991765
0.0033305381 	-0.026539935 	-0.0056359435 	0.67720567
0.0033600727 	-0.01909225 	-0.0075646369 	0.68296746
0.0033891994 	-0.0117095 	-0.0088380801 	0.68729099
0.0034179239 	-0.0045581527 	-0.0094290851 	0.69034286
0.0034462517 	0.0021435235 	-0.0093543421 	0.69228616
0.0034741882 	0.0082741764 	-0.0086839392 	0.69330071
0.003501739 	0.013784258 	-0.0075318643 	0.69353876
0.0035289093 	0.018548294 	-0.0060428447 	0.69310258
0.0035557043 	0.022491292 	-0.0043782296 	0.692067
0.0035821293 	0.025579101 	-0.00270683 	0.69047425
0.0036081894 	0.027762219 	-0.0011933798 	0.68832158
0.0036338895 	0.028998145 	1.7087871e-05 	0.68553422
0.0036592348 	0.029334845 	0.0007866453 	0.68190194
0.00368423 	0.028879882 	0.00096974302 	0.67700042
0.00370888 	0.027771406 	0.00040375434 	0.67009654
0.0037331896 	0.026174134 	-0.0010714894 	0.66012335
0.0037571635 	0.024262327 	-0.003538187 	0.64577398
0.0037808063 	0.022174166 	-0.0068867392 	0.62570654
0.0038041226 	0.019928557 	-0.010713623 	0.59867693
0.0038271169 	0.017490998 	-0.014352763 	0.56363155
0.0038497936 	0.014832584 	-0.017042623 	0.51958785
0.0038721572 	0.011935426 	-0.018151825 	0.46545082
0.0038942119 	0.0088705444 	-0.017376871 	0.40015606
0.003915962 	0.0058412406 	-0.014837358 	0.32335748
0.0039374118 	0.0031586199 	-0.011032018 	0.23639729
0.0039585653 	0.0011613328 	-0.0066384879 	0.1427206
0.0039794267 	0.00011602539 	-0.0021942997 	0.047025664
0.004 	0.00011602539 	-0.0021942997 	0.047025664
