0 	0.042666489 	-0.0044142668 	1.0075622
5.5555556e-05 	-0.021039158 	-0.043522065 	1.0062895
0.00011111111 	-0.026344463 	-0.044345667 	1.0051324
0.00016666667 	-0.029397379 	-0.046394552 	1.0035993
0.00022222222 	-0.031734803 	-0.048657614 	1.0015966
0.00027777778 	-0.033508006 	-0.050545567 	0.99904694
0.00033333333 	-0.034501679 	-0.051450379 	0.99603311
0.00038888889 	-0.034424412 	-0.050659478 	0.99299794
0.00044444444 	-0.033081847 	-0.047455224 	0.99087048
0.0005 	-0.030468015 	-0.041349415 	0.99084721
0.00055555556 	-0.026744966 	-0.03241524 	0.993679
0.00061111111 	-0.022168453 	-0.021565273 	0.99886021
0.00066666667 	-0.016994073 	-0.010434685 	1.0045307
0.00072222222 	-0.011379367 	-0.00069876815 	1.0084266
0.00077777778 	-0.0053930673 	0.0067103957 	1.0091328
0.00083333333 	0.00083754903 	0.011827897 	1.0065398
0.00088888889 	0.0069243656 	0.015338785 	1.001534
0.00094444444 	0.012279737 	0.018307049 	0.99564397
0.001 	0.016708774 	0.022018506 	0.99034293
0.0010617224 	0.019471427 	0.027431618 	0.98758524
0.0011225923 	0.020828438 	0.033961739 	0.98695964
0.0011826215 	0.021909043 	0.040143028 	0.9854149
0.0012418217 	0.023677392 	0.044135151 	0.98033656
0.0013002041 	0.025936674 	0.044680274 	0.97171688
0.0013577803 	0.027561744 	0.041856407 	0.96162274
0.0014145612 	0.027437892 	0.036942976 	0.95245793
0.0014705579 	0.024961846 	0.031552947 	0.94563704
0.0015257812 	0.020092894 	0.026666338 	0.94111049
0.0015802418 	0.012941735 	0.021948726 	0.93748321
0.0016339502 	0.003492788 	0.015814706 	0.93253403
0.0016869168 	-0.0082216537 	0.0064486724 	0.92456725
0.0017391518 	-0.021381345 	-0.0067073667 	0.91450166
0.0017906654 	-0.034790805 	-0.021257975 	0.90643895
0.0018414676 	-0.046905865 	-0.033131622 	0.90457777
0.0018915681 	-0.055742828 	-0.040912545 	0.90975888
0.0019409766 	-0.061211336 	-0.048399615 	0.91787336
0.0019897027 	-0.065713736 	-0.061099366 	0.92064823
0.0020377558 	-0.071533333 	-0.079855942 	0.91082117
0.0020851453 	-0.078480925 	-0.099083867 	0.8885114
0.0021318802 	-0.084864881 	-0.1116366 	0.86101521
0.0021779697 	-0.089819361 	-0.11427277 	0.83640064
0.0022234225 	-0.093695981 	-0.10817078 	0.8183995
0.0022682477 	-0.096867058 	-0.096249454 	0.8065527
0.0023124537 	-0.099270603 	-0.081289332 	0.79900198
0.0023560491 	-0.1008034 	-0.065677235 	0.79415049
0.0023990425 	-0.10160012 	-0.051194468 	0.79104078
0.002441442 	-0.10194947 	-0.038714779 	0.78931326
0.002483256 	-0.10234228 	-0.028370108 	0.78880051
0.0025244924 	-0.1032871 	-0.019813051 	0.78908955
0.0025651593 	-0.10500529 	-0.01251789 	0.78947618
0.0026052645 	-0.10740387 	-0.0059734128 	0.78913679
0.0026448158 	-0.11020853 	0.00021403643 	0.78737666
0.0026838209 	-0.11289143 	0.0063233386 	0.78387948
0.0027222872 	-0.11481154 	0.012482498 	0.77872892
0.0027602223 	-0.11556635 	0.018707343 	0.77226179
0.0027976334 	-0.11501612 	0.024899293 	0.76485303
0.0028345278 	-0.11316135 	0.03089808 	0.75676165
0.0028709126 	-0.11004384 	0.036515279 	0.74801324
0.002906795 	-0.10571983 	0.041566182 	0.7384358
0.0029421817 	-0.10028349 	0.045893588 	0.72789459
0.0029770797 	-0.093905551 	0.049405666 	0.71647224
0.0030114957 	-0.086840579 	0.052096155 	0.70446137
0.0030454363 	-0.07938946 	0.054019531 	0.69225461
0.0030789082 	-0.071842801 	0.05525268 	0.68021774
0.0031119178 	-0.064442737 	0.055869033 	0.66860332
0.0031444715 	-0.057354099 	0.055926652 	0.65756211
0.0031765755 	-0.050658131 	0.055469697 	0.64714313
0.0032082362 	-0.044399381 	0.054535305 	0.63730424
0.0032394596 	-0.038589389 	0.053162992 	0.62797998
0.0032702517 	-0.033231793 	0.051400825 	0.6190453
0.0033006186 	-0.028328627 	0.049308752 	0.61036449
0.003330566 	-0.023891499 	0.046954158 	0.60184609
0.0033600998 	-0.019940535 	0.044461997 	0.59339413
0.0033892257 	-0.016481486 	0.041916969 	0.58495126
0.0034179494 	-0.013523336 	0.03942108 	0.5764479
0.0034462763 	-0.01105407 	0.037071643 	0.56780219
0.003474212 	-0.0090356609 	0.034961726 	0.55889412
0.0035017619 	-0.0074099727 	0.033145039 	0.54952127
0.0035289312 	-0.00609738 	0.031625691 	0.53941692
0.0035557253 	-0.0050168014 	0.030391767 	0.52824952
0.0035821494 	-0.004108881 	0.029414215 	0.51564416
0.0036082084 	-0.0033344859 	0.028651313 	0.50124427
0.0036339076 	-0.0026736642 	0.028051517 	0.48475366
0.0036592518 	-0.0021155813 	0.027552138 	0.46599588
0.003684246 	-0.0016432095 	0.027076408 	0.4449549
0.003708895 	-0.0012340598 	0.026526894 	0.42176796
0.0037332035 	-0.00085906703 	0.025788491 	0.39670159
0.0037571763 	-0.00049060433 	0.024736192 	0.37008329
0.003780818 	-0.00011616552 	0.023259383 	0.34221725
0.0038041332 	0.00026052415 	0.021290488 	0.31329586
0.0038271264 	0.00061455084 	0.018826643 	0.28333362
0.0038498019 	0.0009044556 	0.015950135 	0.25214174
0.0038721643 	0.0010933441 	0.012835753 	0.21935615
0.0038942179 	0.0011477072 	0.0097386191 	0.18452119
0.0039159668 	0.0010415343 	0.0069553381 	0.14722557
0.0039374154 	0.00077903705 	0.0047285803 	0.10729257
0.0039585677 	0.00041844726 	0.003059054 	0.065021953
0.0039794279 	6.8819462e-05 	0.0014266714 	0.02147425
0.004 	6.8819462e-05 	0.0014266714 	0.02147425
