0 	-0.013367197 	0.04731392 	1.0495025
2.0100503e-05 	-0.013367197 	0.04731392 	1.0495025
4.0201005e-05 	-0.013367197 	0.04731392 	1.0495025
6.0301508e-05 	-0.032989158 	0.037076527 	1.0571987
8.040201e-05 	-0.032989158 	0.037076527 	1.0571987
0.00010050251 	-0.032989158 	0.037076527 	1.0571987
0.00012060302 	-0.03721692 	0.033562124 	1.0634347
0.00014070352 	-0.03721692 	0.033562124 	1.0634347
0.00016080402 	-0.03721692 	0.033562124 	1.0634347
0.00018090452 	-0.04704573 	0.017716586 	1.0648999
0.00020100503 	-0.04704573 	0.017716586 	1.0648999
0.00022110553 	-0.04704573 	0.017716586 	1.0648999
0.00024120603 	-0.045973146 	0.020114266 	1.0653556
0.00026130653 	-0.038963618 	0.032538105 	1.0689103
0.00028140704 	-0.038464645 	0.033130588 	1.0677888
0.00030150754 	-0.038464645 	0.033130588 	1.0677888
0.00032160804 	-0.038464645 	0.033130588 	1.0677888
0.00034170854 	-0.03743351 	0.033938141 	1.0646144
0.00036180905 	-0.03743351 	0.033938141 	1.0646144
0.00038190955 	-0.03743351 	0.033938141 	1.0646144
0.00040201005 	-0.036143469 	0.034663165 	1.0602306
0.00042211055 	-0.036143469 	0.034663165 	1.0602306
0.00044221106 	-0.036143469 	0.034663165 	1.0602306
0.00046231156 	-0.034895546 	0.035063353 	1.055599
0.00048241206 	-0.034895546 	0.035063353 	1.055599
0.00050251256 	-0.033956737 	0.035012917 	1.0515583
0.00052261307 	-0.033956737 	0.035012917 	1.0515583
0.00054271357 	-0.033956737 	0.035012917 	1.0515583
0.00056281407 	-0.033490626 	0.034555917 	1.0486522
0.00058291457 	-0.033490626 	0.034555917 	1.0486522
0.00060301508 	-0.037874033 	0.025958649 	1.0481662
0.00062311558 	-0.03757706 	0.025534589 	1.0478249
0.00064321608 	-0.03757706 	0.025534589 	1.0478249
0.00066331658 	-0.03757706 	0.025534589 	1.0478249
0.00068341709 	-0.037578393 	0.025405898 	1.0485539
0.00070351759 	-0.037578393 	0.025405898 	1.0485539
0.00072361809 	-0.037610782 	0.025929586 	1.0501082
0.00074371859 	-0.037610782 	0.025929586 	1.0501082
0.0007638191 	-0.037610782 	0.025929586 	1.0501082
0.0007839196 	-0.037390792 	0.027309404 	1.0522865
0.0008040201 	-0.037390792 	0.027309404 	1.0522865
0.0008241206 	-0.034648449 	0.033982717 	1.0489817
0.00084422111 	-0.034521293 	0.03543675 	1.0510113
0.00086432161 	-0.034521293 	0.03543675 	1.0510113
0.00088442211 	-0.034521293 	0.03543675 	1.0510113
0.00090452261 	-0.035433091 	0.032482114 	1.0577522
0.00092462312 	-0.03386761 	0.037622024 	1.0533053
0.00094472362 	-0.032601969 	0.040312521 	1.0555109
0.00096482412 	-0.032601969 	0.040312521 	1.0555109
0.00098492462 	-0.032601969 	0.040312521 	1.0555109
0.0010050251 	-0.031271528 	0.039188175 	1.0627144
0.0010251256 	-0.031271528 	0.039188175 	1.0627144
0.0010452261 	-0.031271528 	0.039188175 	1.0627144
0.0010653266 	-0.028374171 	0.041927359 	1.0638296
0.0010854271 	-0.028374171 	0.041927359 	1.0638296
0.0011055276 	-0.028374171 	0.041927359 	1.0638296
0.0011256281 	-0.025394499 	0.043457851 	1.0627303
0.0011457286 	-0.025394499 	0.043457851 	1.0627303
0.0011658291 	-0.025635252 	0.048248177 	1.056005
0.0011859296 	-0.022845195 	0.04870573 	1.0515918
0.0012060302 	-0.022845195 	0.04870573 	1.0515918
0.0012261307 	-0.022368658 	0.043302053 	1.0589929
0.0012462312 	-0.019401912 	0.041472893 	1.052244
0.0012663317 	-0.019401912 	0.041472893 	1.052244
0.0012864322 	-0.019401912 	0.041472893 	1.052244
0.0013065327 	-0.016469079 	0.038124703 	1.0423686
0.0013266332 	-0.016469079 	0.038124703 	1.0423686
0.0013467337 	-0.016469079 	0.038124703 	1.0423686
0.0013668342 	-0.013519852 	0.033445026 	1.0296373
0.0013869347 	-0.013519852 	0.033445026 	1.0296373
0.0014070352 	-0.013519852 	0.033445026 	1.0296373
0.0014271357 	-0.010463863 	0.027578377 	1.0148122
0.0014472362 	-0.010463863 	0.027578377 	1.0148122
0.0014673367 	-0.010463863 	0.027578377 	1.0148122
0.0014874372 	-0.0072285217 	0.020761303 	0.99903103
0.0015075377 	-0.0072285217 	0.020761303 	0.99903103
0.0015276382 	-0.0038083688 	0.013520975 	0.98341875
0.0015477387 	-0.0038083688 	0.013520975 	0.98341875
0.0015678392 	-0.0038083688 	0.013520975 	0.98341875
0.0015879397 	-0.0002605905 	0.0066821079 	0.96863686
0.0016080402 	-0.0002605905 	0.0066821079 	0.96863686
0.0016281407 	-0.0002605905 	0.0066821079 	0.96863686
0.0016482412 	0.0033636405 	0.0011154741 	0.95471393
0.0016683417 	0.0033636405 	0.0011154741 	0.95471393
0.0016884422 	0.0070300866 	-0.0025880392 	0.94128802
0.0017085427 	0.0070300866 	-0.0025880392 	0.94128802
0.0017286432 	0.0070300866 	-0.0025880392 	0.94128802
0.0017487437 	0.010694658 	-0.004327004 	0.92808869
0.0017688442 	0.010694658 	-0.004327004 	0.92808869
0.0017889447 	0.010694658 	-0.004327004 	0.92808869
0.0018090452 	0.01424328 	-0.0044653962 	0.91537425
0.0018291457 	0.01424328 	-0.0044653962 	0.91537425
0.0018492462 	0.017385656 	-0.00368505 	0.90408524
0.0018693467 	0.017385656 	-0.00368505 	0.90408524
0.0018894472 	0.017385656 	-0.00368505 	0.90408524
0.0019095477 	0.019757761 	-0.0028487728 	0.89554079
0.0019296482 	0.019757761 	-0.0028487728 	0.89554079
0.0019497487 	0.021109517 	-0.0029617758 	0.89077688
0.0019698492 	0.021109517 	-0.0029617758 	0.89077688
0.0019899497 	0.02135234 	-0.0048380305 	0.89002898
0.0020100503 	0.02135234 	-0.0048380305 	0.89002898
0.0020301508 	0.02135234 	-0.0048380305 	0.89002898
0.0020502513 	0.02048714 	-0.00871017 	0.89275854
0.0020703518 	0.02048714 	-0.00871017 	0.89275854
0.0020904523 	0.018608281 	-0.014212696 	0.89800302
0.0021105528 	0.018608281 	-0.014212696 	0.89800302
0.0021306533 	0.018608281 	-0.014212696 	0.89800302
0.0021507538 	0.015936588 	-0.020772631 	0.90472539
0.0021708543 	0.015936588 	-0.020772631 	0.90472539
0.0021909548 	0.012767416 	-0.027910226 	0.91198316
0.0022110553 	0.012767416 	-0.027910226 	0.91198316
0.0022311558 	0.0094254236 	-0.035310516 	0.91897837
0.0022512563 	0.0094254236 	-0.035310516 	0.91897837
0.0022713568 	0.0062289349 	-0.042749505 	0.92505538
0.0022914573 	0.0062289349 	-0.042749505 	0.92505538
0.0023115578 	0.0062289349 	-0.042749505 	0.92505538
0.0023316583 	0.003437148 	-0.049983544 	0.92972871
0.0023517588 	0.003437148 	-0.049983544 	0.92972871
0.0023718593 	0.0012249245 	-0.056670425 	0.93275828
0.0023919598 	0.0012249245 	-0.056670425 	0.93275828
0.0024120603 	-0.0003507367 	-0.062355928 	0.93425962
0.0024321608 	-0.0003507367 	-0.062355928 	0.93425962
0.0024522613 	-0.0013672981 	-0.066523017 	0.9347226
0.0024723618 	-0.0013672981 	-0.066523017 	0.9347226
0.0024924623 	-0.0019993593 	-0.068707362 	0.93489835
0.0025125628 	-0.0019993593 	-0.068707362 	0.93489835
0.0025326633 	-0.0024538721 	-0.068644658 	0.93542894
0.0025527638 	-0.0024538721 	-0.068644658 	0.93542894
0.0025728643 	-0.0028641901 	-0.066391525 	0.9363121
0.0025929648 	-0.0028641901 	-0.066391525 	0.9363121
0.0026130653 	-0.0031949347 	-0.062360575 	0.93650434
0.0026331658 	-0.0031949347 	-0.062360575 	0.93650434
0.0026532663 	-0.0032666391 	-0.057261793 	0.93407236
0.0026733668 	-0.0032666391 	-0.057261793 	0.93407236
0.0026934673 	-0.0028996084 	-0.051960963 	0.92700919
0.0027135678 	-0.0028996084 	-0.051960963 	0.92700919
0.0027336683 	-0.0020669394 	-0.047273261 	0.91426948
0.0027537688 	-0.0020669394 	-0.047273261 	0.91426948
0.0027738693 	-0.00092583949 	-0.043744911 	0.8963
0.0027939698 	-0.00092583949 	-0.043744911 	0.8963
0.0028140704 	0.00027251176 	-0.041513676 	0.87473606
0.0028341709 	0.00027251176 	-0.041513676 	0.87473606
0.0028542714 	0.0013289262 	-0.04034367 	0.85160032
0.0028743719 	0.0021589624 	-0.039808177 	0.8285889
0.0028944724 	0.0021589624 	-0.039808177 	0.8285889
0.0029145729 	0.0027625793 	-0.039496025 	0.80678473
0.0029346734 	0.0027625793 	-0.039496025 	0.80678473
0.0029547739 	0.003167293 	-0.039139321 	0.78669821
0.0029748744 	0.003167293 	-0.039139321 	0.78669821
0.0029949749 	0.0033805054 	-0.038638202 	0.76845139
0.0030150754 	0.0033789593 	-0.038025425 	0.75195669
0.0030351759 	0.0033789593 	-0.038025425 	0.75195669
0.0030552764 	0.0031184277 	-0.037400091 	0.73705027
0.0030753769 	0.0031184277 	-0.037400091 	0.73705027
0.0030954774 	0.0025597246 	-0.036866972 	0.72358292
0.0031155779 	0.0017094275 	-0.036496475 	0.71146677
0.0031356784 	0.0017094275 	-0.036496475 	0.71146677
0.0031557789 	0.00060534026 	-0.036302895 	0.70068497
0.0031758794 	0.00060534026 	-0.036302895 	0.70068497
0.0031959799 	-0.00066236042 	-0.036239011 	0.69126704
0.0032160804 	-0.0019501538 	-0.036217966 	0.68324789
0.0032361809 	-0.0019501538 	-0.036217966 	0.68324789
0.0032562814 	-0.0031181662 	-0.036151182 	0.67663191
0.0032763819 	-0.0040327699 	-0.035981021 	0.67137456
0.0032964824 	-0.0040327699 	-0.035981021 	0.67137456
0.0033165829 	-0.0045833419 	-0.035711928 	0.66737935
0.0033366834 	-0.0047065466 	-0.035397398 	0.66449728
0.0033567839 	-0.0047065466 	-0.035397398 	0.66449728
0.0033768844 	-0.004385291 	-0.035107223 	0.66254187
0.0033969849 	-0.0036384057 	-0.034895727 	0.66130284
0.0034170854 	-0.0036384057 	-0.034895727 	0.66130284
0.0034371859 	-0.002520451 	-0.034788033 	0.66057127
0.0034572864 	-0.0011097008 	-0.034788182 	0.66016349
0.0034773869 	0.00050389687 	-0.034897652 	0.65993613
0.0034974874 	0.00050389687 	-0.034897652 	0.65993613
0.0035175879 	0.002217577 	-0.035124921 	0.6597756
0.0035376884 	0.003924714 	-0.035488088 	0.65958456
0.0035577889 	0.0055177451 	-0.036012133 	0.65925142
0.0035778894 	0.0055177451 	-0.036012133 	0.65925142
0.0035979899 	0.0068889472 	-0.036721507 	0.65861632
0.0036180905 	0.0079421992 	-0.03763269 	0.65742533
0.003638191 	0.0086030746 	-0.038747121 	0.65527138
0.0036582915 	0.0086030746 	-0.038747121 	0.65527138
0.003678392 	0.0088290332 	-0.040043103 	0.65152131
0.0036984925 	0.0086211791 	-0.041463918 	0.64524772
0.003718593 	0.0080312446 	-0.042908948 	0.63520042
0.0037386935 	0.0071586458 	-0.044218303 	0.61986422
0.003758794 	0.0061341222 	-0.045165575 	0.59764935
0.0037788945 	0.0061341222 	-0.045165575 	0.59764935
0.003798995 	0.0050916898 	-0.045468859 	0.56722162
0.0038190955 	0.0041363961 	-0.044829873 	0.5279008
0.003839196 	0.0033204775 	-0.04299744 	0.47996618
0.0038592965 	0.0026400789 	-0.03983645 	0.42468075
0.003879397 	0.0020556959 	-0.035380532 	0.36395055
0.0038994975 	0.0015250532 	-0.029850974 	0.29975664
0.003919598 	0.0010299601 	-0.023618698 	0.23367034
0.0039396985 	0.00058559762 	-0.017082211 	0.1667083
0.003959799 	0.0002338375 	-0.010472669 	0.099536071
0.0039798995 	2.4901997e-05 	-0.0036851044 	0.032826011
0.004 	2.4901997e-05 	-0.0036851044 	0.032826011
