0 	0.048094507 	-0.020228455 	0.98078276
5.5555556e-05 	-0.012232414 	0.036493923 	0.9968005
0.00011111111 	-0.019900278 	0.026166488 	1.0063251
0.00016666667 	-0.023603876 	0.016037453 	1.0150342
0.00022222222 	-0.025462513 	0.006043071 	1.0220267
0.00027777778 	-0.026038462 	-0.0036812791 	1.0268555
0.00033333333 	-0.025526144 	-0.012829558 	1.0294243
0.00038888889 	-0.024043859 	-0.021020731 	1.0298699
0.00044444444 	-0.021721547 	-0.027895672 	1.0284697
0.0005 	-0.018732371 	-0.033174996 	1.0255784
0.00055555556 	-0.015297607 	-0.036733302 	1.0216256
0.00061111111 	-0.01164093 	-0.038577751 	1.0170991
0.00066666667 	-0.0080034338 	-0.038829101 	1.0124974
0.00072222222 	-0.0045669135 	-0.03776601 	1.008281
0.00077777778 	-0.0014092074 	-0.035806365 	1.0048154
0.00083333333 	0.0014283041 	-0.033569814 	1.0023278
0.00088888889 	0.0040657844 	-0.031646636 	1.0008561
0.00094444444 	0.0067280094 	-0.03020375 	1.0001996
0.001 	0.0099575885 	-0.028811844 	1.0000123
0.0010617224 	0.013958019 	-0.026527983 	1.0004389
0.0011225923 	0.017719489 	-0.023544927 	1.0024586
0.0011826215 	0.020011637 	-0.020893355 	1.0073383
0.0012418217 	0.019978723 	-0.019633149 	1.0152651
0.0013002041 	0.017472279 	-0.019977282 	1.0247031
0.0013577803 	0.012946611 	-0.021191726 	1.0329602
0.0014145612 	0.0071131457 	-0.021865889 	1.0374511
0.0014705579 	0.00061596844 	-0.020536883 	1.0367769
0.0015257812 	-0.0058830096 	-0.016244742 	1.0311265
0.0015802418 	-0.011749931 	-0.0089129209 	1.0215567
0.0016339502 	-0.01647308 	0.00083018794 	1.0090625
0.0016869168 	-0.019739944 	0.012092495 	0.99421356
0.0017391518 	-0.021510713 	0.023853488 	0.97739011
0.0017906654 	-0.021987859 	0.035260334 	0.95909649
0.0018414676 	-0.021493462 	0.045657582 	0.94014758
0.0018915681 	-0.02037435 	0.054555944 	0.92161325
0.0019409766 	-0.018940914 	0.06156148 	0.90463386
0.0019897027 	-0.017467182 	0.066317363 	0.89022753
0.0020377558 	-0.016149307 	0.068519905 	0.87916749
0.0020851453 	-0.015061614 	0.067983788 	0.87192015
0.0021318802 	-0.014126206 	0.064681268 	0.86854712
0.0021779697 	-0.013150531 	0.058784198 	0.86860567
0.0022234225 	-0.011901349 	0.050676226 	0.87115028
0.0022682477 	-0.010164497 	0.040865614 	0.87496906
0.0023124537 	-0.0078274983 	0.029879758 	0.87890022
0.0023560491 	-0.0049148645 	0.018164479 	0.88210672
0.0023990425 	-0.0016694136 	0.0060848852 	0.88420902
0.002441442 	0.0016020759 	-0.0060223081 	0.88523184
0.002483256 	0.0044636344 	-0.017891215 	0.88547271
0.0025244924 	0.0064070621 	-0.029332291 	0.88539759
0.0025651593 	0.0071905381 	-0.040228487 	0.88546341
0.0026052645 	0.006864397 	-0.0503445 	0.88592918
0.0026448158 	0.0057701439 	-0.059238547 	0.88670281
0.0026838209 	0.0044039588 	-0.066412786 	0.88738943
0.0027222872 	0.0032032905 	-0.07170808 	0.88763027
0.0027602223 	0.0024035894 	-0.075444837 	0.8874387
0.0027976334 	0.001995859 	-0.078202243 	0.88707654
0.0028345278 	0.0018265722 	-0.080433637 	0.88656416
0.0028709126 	0.0017413144 	-0.082221415 	0.88535399
0.002906795 	0.0016486135 	-0.083241601 	0.88241125
0.0029421817 	0.0015282339 	-0.08289457 	0.87659678
0.0029770797 	0.001389355 	-0.080514198 	0.867149
0.0030114957 	0.0012276975 	-0.075619601 	0.8540688
0.0030454363 	0.00102296 	-0.068139351 	0.83819916
0.0030789082 	0.00075783628 	-0.05851283 	0.82092816
0.0031119178 	0.00043606137 	-0.047599221 	0.80367883
0.0031444715 	9.6027662e-05 	-0.036401289 	0.78747024
0.0031765755 	-0.00020018143 	-0.025748487 	0.77272357
0.0032082362 	-0.00038869498 	-0.016117762 	0.7593075
0.0032394596 	-0.00042249957 	-0.0076672437 	0.74676244
0.0032702517 	-0.0002794277 	-0.00040320314 	0.73458625
0.0033006186 	4.0977269e-05 	0.0056749894 	0.72246615
0.003330566 	0.00053161488 	0.010510652 	0.71036885
0.0033600998 	0.0012106947 	0.014036125 	0.69846255
0.0033892257 	0.0021120269 	0.01625677 	0.68696198
0.0034179494 	0.0032797536 	0.017314402 	0.67599007
0.0034462763 	0.0047316264 	0.017488001 	0.66554983
0.003474212 	0.0064442388 	0.017153796 	0.65558567
0.0035017619 	0.008356177 	0.016710984 	0.64606295
0.0035289312 	0.010346949 	0.016526202 	0.63700347
0.0035557253 	0.012288028 	0.016906585 	0.62845329
0.0035821494 	0.014078365 	0.018087646 	0.62034736
0.0036082084 	0.015617296 	0.020216262 	0.61234996
0.0036339076 	0.016834239 	0.023318938 	0.60376177
0.0036592518 	0.017718891 	0.027319512 	0.59356572
0.003684246 	0.018281592 	0.032046574 	0.58051813
0.003708895 	0.018521968 	0.037278451 	0.56328511
0.0037332035 	0.018440346 	0.042746997 	0.54066529
0.0037571763 	0.018032872 	0.048068388 	0.51193317
0.003780818 	0.017267462 	0.052644416 	0.47714814
0.0038041332 	0.016087057 	0.055662595 	0.43711301
0.0038271264 	0.014459734 	0.056289514 	0.39289955
0.0038498019 	0.012429926 	0.054004768 	0.34533604
0.0038721643 	0.010116341 	0.04888197 	0.29493089
0.0038942179 	0.00766916 	0.041607152 	0.24221257
0.0039159668 	0.0052440665 	0.033162927 	0.18802103
0.0039374154 	0.0030192845 	0.024330063 	0.13341688
0.0039585677 	0.0012336594 	0.015300285 	0.079321456
0.0039794279 	0.00016151094 	0.0056131188 	0.026218472
0.004 	1.0298941e-05 	0.00088591687 	0.014705097
