0 	0.0046084843 	-0.0086318042 	1.1045151
5.5555556e-05 	0.0068433405 	-0.0047686695 	1.1067347
0.00011111111 	0.0062193046 	-0.0035639606 	1.1080716
0.00016666667 	0.0052096971 	-0.0035449553 	1.108542
0.00022222222 	0.004032632 	-0.0044609632 	1.1082483
0.00027777778 	0.0027293526 	-0.0062455225 	1.1073106
0.00033333333 	0.0013207211 	-0.0088009779 	1.1057727
0.00038888889 	-0.00018607519 	-0.011945862 	1.1035355
0.00044444444 	-0.0017818268 	-0.015426721 	1.1003461
0.0005 	-0.0034262506 	-0.018935963 	1.0958574
0.00055555556 	-0.0050245892 	-0.022223458 	1.0897101
0.00061111111 	-0.0063845919 	-0.025148291 	1.0815885
0.00066666667 	-0.0072541644 	-0.027721689 	1.0712376
0.00072222222 	-0.0074156275 	-0.030020468 	1.0585148
0.00077777778 	-0.0067848161 	-0.032053753 	1.0435499
0.00083333333 	-0.0055633456 	-0.033649389 	1.027061
0.00088888889 	-0.0043318771 	-0.034402139 	1.0109203
0.00094444444 	-0.0041391203 	-0.033457873 	0.99780139
0.001 	-0.0058156845 	-0.029838941 	0.98883702
0.0010617199 	-0.0095403597 	-0.023966508 	0.98353494
0.0011225874 	-0.014075676 	-0.019607327 	0.97828589
0.0011826143 	-0.018768266 	-0.019051166 	0.9723622
0.0012418122 	-0.024127808 	-0.021312069 	0.96852028
0.0013001926 	-0.030072433 	-0.024491485 	0.96830249
0.0013577668 	-0.036089076 	-0.027308813 	0.97062612
0.0014145458 	-0.041603336 	-0.028947244 	0.97274862
0.0014705407 	-0.045993178 	-0.029050978 	0.97182541
0.0015257623 	-0.048873704 	-0.027756525 	0.96651166
0.0015802213 	-0.050301468 	-0.025590815 	0.95737499
0.0016339282 	-0.050755922 	-0.023286793 	0.94616626
0.0016868934 	-0.05083658 	-0.021554626 	0.93455685
0.0017391271 	-0.051012942 	-0.020951668 	0.92322902
0.0017906395 	-0.0515781 	-0.021806123 	0.91198058
0.0018414404 	-0.052746204 	-0.024207171 	0.90046322
0.0018915398 	-0.054688609 	-0.027893812 	0.88866416
0.0019409473 	-0.057381139 	-0.032288552 	0.87686152
0.0019896725 	-0.060457513 	-0.036444893 	0.8653562
0.0020377248 	-0.063232226 	-0.039284464 	0.85437473
0.0020851134 	-0.064912095 	-0.039796207 	0.84406929
0.0021318476 	-0.064908709 	-0.037278992 	0.8345575
0.0021779364 	-0.063040728 	-0.031662047 	0.82589697
0.0022233887 	-0.059545057 	-0.023559005 	0.81810034
0.0022682133 	-0.054923688 	-0.014023497 	0.81119272
0.0023124189 	-0.049764467 	-0.0041723371 	0.80524277
0.0023560139 	-0.044580899 	0.0050893649 	0.80034117
0.0023990069 	-0.039774845 	0.013184446 	0.7965672
0.0024414062 	-0.035562635 	0.019807628 	0.79395291
0.0024832199 	-0.032012396 	0.024859891 	0.79247605
0.0025244562 	-0.029141266 	0.02841583 	0.79208865
0.002565123 	-0.026880029 	0.030645588 	0.79270265
0.0026052281 	-0.025097111 	0.031788424 	0.79417348
0.0026447794 	-0.023620862 	0.03213925 	0.79626555
0.0026837845 	-0.022248091 	0.032019523 	0.79861804
0.0027222509 	-0.020771788 	0.031750847 	0.80072074
0.0027601861 	-0.019024214 	0.031598913 	0.80192114
0.0027975974 	-0.016908906 	0.031715317 	0.80148256
0.002834492 	-0.014432495 	0.032106816 	0.79869883
0.0028708772 	-0.011720904 	0.032639864 	0.79304797
0.0029067598 	-0.0090119611 	0.03307824 	0.78434282
0.0029421469 	-0.0066216507 	0.033133006 	0.77283971
0.0029770452 	-0.0048887782 	0.032494238 	0.75929926
0.0030114616 	-0.0041143992 	0.030828301 	0.7450113
0.0030454028 	-0.0045165205 	0.02777946 	0.73171667
0.0030788752 	-0.0061757495 	0.023036426 	0.72125881
0.0031118853 	-0.0090159225 	0.016479651 	0.71490748
0.0031444395 	-0.012719403 	0.0083815894 	0.71273986
0.0031765442 	-0.016775393 	-0.00051193154 	0.7135406
0.0032082055 	-0.020681032 	-0.0091675826 	0.71533466
0.0032394295 	-0.02403408 	-0.016583939 	0.71620011
0.0032702223 	-0.026598803 	-0.022102858 	0.71485323
0.0033005899 	-0.028335365 	-0.025612597 	0.7108321
0.0033305381 	-0.02937992 	-0.027538719 	0.70437467
0.0033600727 	-0.029970804 	-0.028665612 	0.69614724
0.0033891994 	-0.030368714 	-0.029903261 	0.68694068
0.0034179239 	-0.030792032 	-0.032037984 	0.67740375
0.0034462517 	-0.031376389 	-0.03556291 	0.66785729
0.0034741882 	-0.032157879 	-0.0405941 	0.65821836
0.003501739 	-0.033078955 	-0.046875287 	0.64804502
0.0035289093 	-0.034010711 	-0.053856301 	0.63668435
0.0035557043 	-0.034783883 	-0.060818406 	0.623474
0.0035821293 	-0.035221 	-0.067012503 	0.60792634
0.0036081894 	-0.035163831 	-0.071777436 	0.58982994
0.0036338895 	-0.034493991 	-0.07461711 	0.56924404
0.0036592348 	-0.033147448 	-0.075233729 	0.54641541
0.00368423 	-0.031123671 	-0.073529898 	0.52167427
0.00370888 	-0.028488342 	-0.069596527 	0.49535025
0.0037331896 	-0.025366872 	-0.0636955 	0.46771292
0.0037571635 	-0.021927982 	-0.056235577 	0.43892195
0.0037808063 	-0.018360517 	-0.047735981 	0.40897951
0.0038041226 	-0.014849348 	-0.038777087 	0.37769486
0.0038271169 	-0.011555211 	-0.029942815 	0.34467997
0.0038497936 	-0.0086012429 	-0.021761921 	0.30939258
0.0038721572 	-0.0060669336 	-0.014656393 	0.2712311
0.0038942119 	-0.0039890126 	-0.0089041239 	0.22966666
0.003915962 	-0.0023685496 	-0.0046263806 	0.18437972
0.0039374118 	-0.0011842945 	-0.001801266 	0.13536786
0.0039585653 	-0.00041122022 	-0.00029124372 	0.083012414
0.0039794267 	-3.6917406e-05 	0.00014370655 	0.028142216
0.004 	1.2049045e-05 	0.0010460643 	0.024657692
