0 	0.026384065 	0.022524309 	1.0572313
2.0100503e-05 	0.026384065 	0.022524309 	1.0572313
4.0201005e-05 	0.026384065 	0.022524309 	1.0572313
6.0301508e-05 	0.016460242 	0.033459911 	1.0622686
8.040201e-05 	0.016460242 	0.033459911 	1.0622686
0.00010050251 	0.016460242 	0.033459911 	1.0622686
0.00012060302 	0.013720513 	0.037547003 	1.0658804
0.00014070352 	0.013720513 	0.037547003 	1.0658804
0.00016080402 	0.013720513 	0.037547003 	1.0658804
0.00018090452 	0.011449368 	0.040583 	1.0676275
0.00020100503 	0.011449368 	0.040583 	1.0676275
0.00022110553 	0.011449368 	0.040583 	1.0676275
0.00024120603 	0.0083051423 	0.042787027 	1.0672002
0.00026130653 	0.0083051423 	0.042787027 	1.0672002
0.00028140704 	-0.0054149568 	0.040458091 	1.0656379
0.00030150754 	-0.0054149568 	0.040458091 	1.0656379
0.00032160804 	-0.0054149568 	0.040458091 	1.0656379
0.00034170854 	-0.0086753857 	0.040109922 	1.0611107
0.00036180905 	-0.0086753857 	0.040109922 	1.0611107
0.00038190955 	-0.0086753857 	0.040109922 	1.0611107
0.00040201005 	-0.012027665 	0.039186232 	1.0555111
0.00042211055 	-0.012027665 	0.039186232 	1.0555111
0.00044221106 	-0.012027665 	0.039186232 	1.0555111
0.00046231156 	-0.015074041 	0.037833269 	1.0495575
0.00048241206 	-0.015074041 	0.037833269 	1.0495575
0.00050251256 	-0.01759398 	0.036196238 	1.0437789
0.00052261307 	-0.01759398 	0.036196238 	1.0437789
0.00054271357 	-0.01759398 	0.036196238 	1.0437789
0.00056281407 	-0.019499029 	0.034459878 	1.0385324
0.00058291457 	-0.019499029 	0.034459878 	1.0385324
0.00060301508 	-0.019499029 	0.034459878 	1.0385324
0.00062311558 	-0.020754038 	0.032897789 	1.0340891
0.00064321608 	-0.020754038 	0.032897789 	1.0340891
0.00066331658 	-0.019392648 	0.037701156 	1.0308364
0.00068341709 	-0.021073504 	0.035897225 	1.026733
0.00070351759 	-0.021073504 	0.035897225 	1.026733
0.00072361809 	-0.021903671 	0.0344768 	1.0236975
0.00074371859 	-0.021903671 	0.0344768 	1.0236975
0.0007638191 	-0.021903671 	0.0344768 	1.0236975
0.0007839196 	-0.021864583 	0.03352359 	1.0217584
0.0008040201 	-0.021864583 	0.03352359 	1.0217584
0.0008241206 	-0.021864583 	0.03352359 	1.0217584
0.00084422111 	-0.020991121 	0.03301024 	1.0208164
0.00086432161 	-0.020991121 	0.03301024 	1.0208164
0.00088442211 	-0.020991121 	0.03301024 	1.0208164
0.00090452261 	-0.019343644 	0.03281343 	1.0206529
0.00092462312 	-0.019343644 	0.03281343 	1.0206529
0.00094472362 	-0.016948196 	0.032774983 	1.020947
0.00096482412 	-0.016948196 	0.032774983 	1.020947
0.00098492462 	-0.016948196 	0.032774983 	1.020947
0.0010050251 	-0.012283203 	0.034553719 	1.027809
0.0010251256 	-0.012283203 	0.034553719 	1.027809
0.0010452261 	-0.012283203 	0.034553719 	1.027809
0.0010653266 	-0.0091512415 	0.034631196 	1.02772
0.0010854271 	-0.0091512415 	0.034631196 	1.02772
0.0011055276 	-0.0091512415 	0.034631196 	1.02772
0.0011256281 	-0.0061170247 	0.03366818 	1.026517
0.0011457286 	-0.0061170247 	0.03366818 	1.026517
0.0011658291 	-0.0061170247 	0.03366818 	1.026517
0.0011859296 	-0.0032815148 	0.031187523 	1.0239203
0.0012060302 	-0.0032815148 	0.031187523 	1.0239203
0.0012261307 	-0.0032815148 	0.031187523 	1.0239203
0.0012462312 	-0.00076760695 	0.026869178 	1.0197563
0.0012663317 	-0.00076760695 	0.026869178 	1.0197563
0.0012864322 	-0.00076760695 	0.026869178 	1.0197563
0.0013065327 	0.0013591646 	0.020501838 	1.0139428
0.0013266332 	0.0013591646 	0.020501838 	1.0139428
0.0013467337 	0.0013591646 	0.020501838 	1.0139428
0.0013668342 	0.0031446574 	0.0120078 	1.0064451
0.0013869347 	0.0031446574 	0.0120078 	1.0064451
0.0014070352 	0.0031446574 	0.0120078 	1.0064451
0.0014271357 	0.004764343 	0.0016194055 	0.99728015
0.0014472362 	0.004764343 	0.0016194055 	0.99728015
0.0014673367 	0.004764343 	0.0016194055 	0.99728015
0.0014874372 	0.0064556753 	-0.010095361 	0.98652767
0.0015075377 	0.0064556753 	-0.010095361 	0.98652767
0.0015276382 	0.0084339706 	-0.022097264 	0.97441755
0.0015477387 	0.0084339706 	-0.022097264 	0.97441755
0.0015678392 	0.0084339706 	-0.022097264 	0.97441755
0.0015879397 	0.010859669 	-0.032917124 	0.96141617
0.0016080402 	0.010859669 	-0.032917124 	0.96141617
0.0016281407 	0.010859669 	-0.032917124 	0.96141617
0.0016482412 	0.013803922 	-0.040877215 	0.94812514
0.0016683417 	0.013803922 	-0.040877215 	0.94812514
0.0016884422 	0.017270705 	-0.044425649 	0.93516648
0.0017085427 	0.017270705 	-0.044425649 	0.93516648
0.0017286432 	0.017270705 	-0.044425649 	0.93516648
0.0017487437 	0.021210382 	-0.042393443 	0.92312725
0.0017688442 	0.021210382 	-0.042393443 	0.92312725
0.0017889447 	0.021210382 	-0.042393443 	0.92312725
0.0018090452 	0.025455273 	-0.034109267 	0.91261189
0.0018291457 	0.025455273 	-0.034109267 	0.91261189
0.0018492462 	0.029457499 	-0.019636058 	0.9040415
0.0018693467 	0.029457499 	-0.019636058 	0.9040415
0.0018894472 	0.029457499 	-0.019636058 	0.9040415
0.0019095477 	0.032463563 	-0.00036134773 	0.89715382
0.0019296482 	0.032463563 	-0.00036134773 	0.89715382
0.0019497487 	0.033638254 	0.020909465 	0.89108022
0.0019698492 	0.033638254 	0.020909465 	0.89108022
0.0019899497 	0.032648251 	0.041028251 	0.88560515
0.0020100503 	0.032648251 	0.041028251 	0.88560515
0.0020301508 	0.032648251 	0.041028251 	0.88560515
0.0020502513 	0.030031929 	0.05781588 	0.88219439
0.0020703518 	0.030031929 	0.05781588 	0.88219439
0.0020904523 	0.026459627 	0.07077917 	0.88266834
0.0021105528 	0.026459627 	0.07077917 	0.88266834
0.0021306533 	0.026459627 	0.07077917 	0.88266834
0.0021507538 	0.02257037 	0.080595917 	0.88720794
0.0021708543 	0.02257037 	0.080595917 	0.88720794
0.0021909548 	0.01896162 	0.088351403 	0.8941242
0.0022110553 	0.01896162 	0.088351403 	0.8941242
0.0022311558 	0.016017998 	0.094868013 	0.9010491
0.0022512563 	0.016017998 	0.094868013 	0.9010491
0.0022713568 	0.013806952 	0.10024788 	0.90593015
0.0022914573 	0.013806952 	0.10024788 	0.90593015
0.0023115578 	0.013806952 	0.10024788 	0.90593015
0.0023316583 	0.012153202 	0.10358541 	0.9072841
0.0023517588 	0.012153202 	0.10358541 	0.9072841
0.0023718593 	0.010839736 	0.10299019 	0.90393381
0.0023919598 	0.010839736 	0.10299019 	0.90393381
0.0024120603 	0.0097509761 	0.096190289 	0.89478981
0.0024321608 	0.0097509761 	0.096190289 	0.89478981
0.0024522613 	0.0087643478 	0.081926289 	0.87950801
0.0024723618 	0.0087643478 	0.081926289 	0.87950801
0.0024924623 	0.0074404477 	0.061279317 	0.86010952
0.0025125628 	0.0074404477 	0.061279317 	0.86010952
0.0025326633 	0.0052838667 	0.037113325 	0.84111165
0.0025527638 	0.0052838667 	0.037113325 	0.84111165
0.0025728643 	0.0024450594 	0.012267696 	0.82611525
0.0025929648 	0.0024450594 	0.012267696 	0.82611525
0.0026130653 	-0.0001687329 	-0.011196649 	0.81474123
0.0026331658 	-0.0001687329 	-0.011196649 	0.81474123
0.0026532663 	-0.0018852247 	-0.03178833 	0.80405287
0.0026733668 	-0.0018852247 	-0.03178833 	0.80405287
0.0026934673 	-0.0027706702 	-0.048568021 	0.79178611
0.0027135678 	-0.0027706702 	-0.048568021 	0.79178611
0.0027336683 	-0.0032541705 	-0.061330365 	0.77770626
0.0027537688 	-0.0032541705 	-0.061330365 	0.77770626
0.0027738693 	-0.003859702 	-0.070421297 	0.76301087
0.0027939698 	-0.003859702 	-0.070421297 	0.76301087
0.0028140704 	-0.0048677654 	-0.076476736 	0.74904815
0.0028341709 	-0.0048677654 	-0.076476736 	0.74904815
0.0028542714 	-0.0062408833 	-0.080211083 	0.73648923
0.0028743719 	-0.0077443278 	-0.0822534 	0.72535329
0.0028944724 	-0.0077443278 	-0.0822534 	0.72535329
0.0029145729 	-0.0091294328 	-0.083045532 	0.71539089
0.0029346734 	-0.0091294328 	-0.083045532 	0.71539089
0.0029547739 	-0.010211795 	-0.082842581 	0.70640006
0.0029748744 	-0.010211795 	-0.082842581 	0.70640006
0.0029949749 	-0.010890253 	-0.081763883 	0.69831329
0.0030150754 	-0.011136986 	-0.079851001 	0.69116078
0.0030351759 	-0.011136986 	-0.079851001 	0.69116078
0.0030552764 	-0.010969265 	-0.077119167 	0.68499068
0.0030753769 	-0.010969265 	-0.077119167 	0.68499068
0.0030954774 	-0.01043418 	-0.073578332 	0.67983397
0.0031155779 	-0.0095984827 	-0.069270942 	0.67568136
0.0031356784 	-0.0095984827 	-0.069270942 	0.67568136
0.0031557789 	-0.0085442107 	-0.064259866 	0.67249381
0.0031758794 	-0.0085442107 	-0.064259866 	0.67249381
0.0031959799 	-0.0073567123 	-0.058628416 	0.67020729
0.0032160804 	-0.0061179545 	-0.052471852 	0.66873109
0.0032361809 	-0.0061179545 	-0.052471852 	0.66873109
0.0032562814 	-0.0049032817 	-0.045890903 	0.66794558
0.0032763819 	-0.0037764258 	-0.038988992 	0.66770409
0.0032964824 	-0.0037764258 	-0.038988992 	0.66770409
0.0033165829 	-0.0027914295 	-0.031869243 	0.66783939
0.0033366834 	-0.0019904946 	-0.024632201 	0.66817257
0.0033567839 	-0.0019904946 	-0.024632201 	0.66817257
0.0033768844 	-0.0014018546 	-0.017382967 	0.66851504
0.0033969849 	-0.0010506679 	-0.010240613 	0.6686571
0.0034170854 	-0.0010506679 	-0.010240613 	0.6686571
0.0034371859 	-0.00092970359 	-0.0033547579 	0.66834691
0.0034572864 	-0.00098558062 	0.0030854227 	0.66725479
0.0034773869 	-0.0011744121 	0.0088658792 	0.66493407
0.0034974874 	-0.0011744121 	0.0088658792 	0.66493407
0.0035175879 	-0.0014596521 	0.013751792 	0.66080049
0.0035376884 	-0.0017794731 	0.017522123 	0.65415794
0.0035577889 	-0.0020734795 	0.020012174 	0.64426508
0.0035778894 	-0.0020734795 	0.020012174 	0.64426508
0.0035979899 	-0.0022931965 	0.021145416 	0.63046083
0.0036180905 	-0.0024008095 	0.020958735 	0.61232521
0.003638191 	-0.0023803405 	0.019605644 	0.58982425
0.0036582915 	-0.0023803405 	0.019605644 	0.58982425
0.003678392 	-0.0022368431 	0.017335518 	0.56336657
0.0036984925 	-0.00199304 	0.014456249 	0.533723
0.003718593 	-0.0016830971 	0.011293013 	0.50182049
0.0037386935 	-0.0013451548 	0.0081528221 	0.46848689
0.003758794 	-0.0010141656 	0.0052974485 	0.43424934
0.0037788945 	-0.0010141656 	0.0052974485 	0.43424934
0.003798995 	-0.00071802758 	0.0029149948 	0.39925669
0.0038190955 	-0.00047559931 	0.0011016128 	0.36333362
0.003839196 	-0.00029748092 	-0.0001427849 	0.32612261
0.0038592965 	-0.00018455757 	-0.00089911334 	0.28725271
0.003879397 	-0.00012534697 	-0.0012970729 	0.24648776
0.0038994975 	-9.9537488e-05 	-0.0014747853 	0.20382387
0.003919598 	-8.7412376e-05 	-0.0015383479 	0.15952401
0.0039396985 	-7.1766925e-05 	-0.0015195809 	0.11408878
0.003959799 	-4.3451948e-05 	-0.0013310422 	0.068175369
0.0039798995 	-8.3757932e-06 	-0.00072518077 	0.022497669
0.004 	-8.3757932e-06 	-0.00072518077 	0.022497669
