0 	-0.010560748 	-0.025199166 	1.0166584
5.5555556e-05 	-0.02101605 	0.026206609 	0.99272771
0.00011111111 	-0.019867139 	0.032876051 	0.98214703
0.00016666667 	-0.020437047 	0.038437445 	0.97378835
0.00022222222 	-0.02164454 	0.042858802 	0.96863402
0.00027777778 	-0.022922953 	0.045504005 	0.9674174
0.00033333333 	-0.023863439 	0.046031029 	0.97027317
0.00038888889 	-0.024222962 	0.044644839 	0.97655419
0.00044444444 	-0.02400764 	0.042016137 	0.98498172
0.0005 	-0.023412392 	0.038963522 	0.99401477
0.00055555556 	-0.022663224 	0.03613582 	1.0022153
0.00061111111 	-0.021919907 	0.033881672 	1.0084496
0.00066666667 	-0.021244456 	0.03225245 	1.0119552
0.00072222222 	-0.020616759 	0.031117231 	1.0123162
0.00077777778 	-0.019933782 	0.030330617 	1.0094215
0.00083333333 	-0.019023752 	0.029873417 	1.0035115
0.00088888889 	-0.017734291 	0.029830931 	0.9953529
0.00094444444 	-0.016072398 	0.030198739 	0.98632044
0.001 	-0.014162102 	0.030744445 	0.97751852
0.0010617224 	-0.012647101 	0.030754782 	0.97081157
0.0011225923 	-0.012200788 	0.029672561 	0.96752605
0.0011826215 	-0.013060913 	0.02717946 	0.9666673
0.0012418217 	-0.014950024 	0.023181034 	0.96635339
0.0013002041 	-0.017309025 	0.017820254 	0.96491426
0.0013577803 	-0.019623888 	0.011676749 	0.96178351
0.0014145612 	-0.021578112 	0.0057578186 	0.95766066
0.0014705579 	-0.023055885 	0.0011561931 	0.95395003
0.0015257812 	-0.024065916 	-0.0013743986 	0.95197551
0.0015802418 	-0.024686975 	-0.001627624 	0.95242281
0.0016339502 	-0.025027429 	0.00010258642 	0.95512183
0.0016869168 	-0.02521265 	0.0031804213 	0.95905674
0.0017391518 	-0.025363817 	0.0068660186 	0.96254295
0.0017906654 	-0.025585764 	0.01059098 	0.96355813
0.0018414676 	-0.025962759 	0.014102106 	0.96032434
0.0018915681 	-0.026545258 	0.017313288 	0.95208232
0.0019409766 	-0.027372374 	0.019982462 	0.93965111
0.0019897027 	-0.028416065 	0.021508925 	0.92519307
0.0020377558 	-0.029508561 	0.021117641 	0.91122893
0.0020851453 	-0.030362344 	0.018189392 	0.89962212
0.0021318802 	-0.030651185 	0.012535314 	0.89113973
0.0021779697 	-0.03012134 	0.0045310626 	0.88552246
0.0022234225 	-0.028737809 	-0.0048519895 	0.88175553
0.0022682477 	-0.026716125 	-0.014220702 	0.87837583
0.0023124537 	-0.024438751 	-0.022211775 	0.8737752
0.0023560491 	-0.022298614 	-0.028007356 	0.86648982
0.0023990425 	-0.020505488 	-0.031612636 	0.85561433
0.002441442 	-0.019019018 	-0.033770524 	0.84119127
0.002483256 	-0.017604946 	-0.035539439 	0.824301
0.0025244924 	-0.015969273 	-0.037877702 	0.80669686
0.0025651593 	-0.013896222 	-0.041310943 	0.79016123
0.0026052645 	-0.0112849 	-0.045825856 	0.7759257
0.0026448158 	-0.008157283 	-0.051000855 	0.76446227
0.0026838209 	-0.0046383422 	-0.056228098 	0.75567452
0.0027222872 	-0.00087308502 	-0.060872987 	0.74928334
0.0027602223 	0.0029398981 	-0.064343823 	0.745189
0.0027976334 	0.0065499584 	-0.066120888 	0.74366426
0.0028345278 	0.0096885359 	-0.065784561 	0.74530581
0.0028709126 	0.01203577 	-0.063079297 	0.75075604
0.002906795 	0.013252858 	-0.058018573 	0.76034399
0.0029421817 	0.013051927 	-0.050958578 	0.77384133
0.0029770797 	0.011269788 	-0.042589757 	0.79041672
0.0030114957 	0.00794676 	-0.033853574 	0.80862238
0.0030454363 	0.0034346115 	-0.025815641 	0.82617694
0.0030789082 	-0.0015485129 	-0.019491102 	0.83965548
0.0031119178 	-0.0062042745 	-0.015545536 	0.84471235
0.0031444715 	-0.009876221 	-0.013893389 	0.83751886
0.0031765755 	-0.012332297 	-0.013440506 	0.81704411
0.0032082362 	-0.014054142 	-0.012254111 	0.7863804
0.0032394596 	-0.01587827 	-0.0082446767 	0.75153999
0.0032702517 	-0.018425933 	-6.6297563e-05 	0.71843108
0.0033006186 	-0.021690336 	0.012311732 	0.69038356
0.003330566 	-0.025395213 	0.027545427 	0.66772812
0.0033600998 	-0.029056406 	0.043344411 	0.64896612
0.0033892257 	-0.031990437 	0.057306173 	0.63235009
0.0034179494 	-0.033774637 	0.067503918 	0.61680824
0.0034462763 	-0.034214998 	0.072786556 	0.60210054
0.003474212 	-0.033303003 	0.072842688 	0.58860844
0.0035017619 	-0.031188674 	0.068073938 	0.57706252
0.0035289312 	-0.028153226 	0.059376202 	0.5682277
0.0035557253 	-0.024556554 	0.047901035 	0.56254739
0.0035821494 	-0.020765883 	0.034849325 	0.55985045
0.0036082084 	-0.017094107 	0.021321028 	0.5592354
0.0036339076 	-0.013767195 	0.0082279765 	0.55915261
0.0036592518 	-0.010918397 	-0.0037354247 	0.55761576
0.003684246 	-0.0085979471 	-0.014081332 	0.5524773
0.003708895 	-0.0067964467 	-0.022495934 	0.54174264
0.0037332035 	-0.0054565176 	-0.028793124 	0.52389657
0.0037571763 	-0.004482926 	-0.032885659 	0.49821802
0.003780818 	-0.0037737738 	-0.034772775 	0.46494176
0.0038041332 	-0.0032376478 	-0.034566799 	0.4251722
0.0038271264 	-0.0028025461 	-0.032533335 	0.38052019
0.0038498019 	-0.0024124744 	-0.029101021 	0.33261483
0.0038721643 	-0.0020233559 	-0.024806856 	0.28274836
0.0038942179 	-0.0016071236 	-0.020180042 	0.23180283
0.0039159668 	-0.001160822 	-0.015611586 	0.18037248
0.0039374154 	-0.00071078216 	-0.01126523 	0.12887825
0.0039585677 	-0.00031235533 	-0.0070512636 	0.077546592
0.0039794279 	-4.2271124e-05 	-0.0026288855 	0.026232136
0.004 	-4.2271124e-05 	-0.0026288855 	0.026232136
