0 	-0.023335 	0.042790344 	1.0004896
5.5555625e-05 	-0.0029113709 	0.050983088 	0.99530387
0.00011111111 	0.0020950995 	0.052050215 	0.99153883
0.00016666667 	0.0031005057 	0.051322262 	0.99001139
0.00022222222 	0.0019388509 	0.048226094 	0.99100855
0.00027777778 	-0.0012016711 	0.042162937 	0.99459325
0.00033333333 	-0.0063559889 	0.033395162 	1.0010149
0.00038888889 	-0.013240645 	0.023048561 	1.0106651
0.00044444444 	-0.021094312 	0.012755793 	1.0235315
0.0005 	-0.028784976 	0.0040082797 	1.0387038
0.00055555556 	-0.035122944 	-0.0023196641 	1.0544511
0.00061111111 	-0.03933708 	-0.0060124237 	1.0688028
0.00066666667 	-0.04129882 	-0.0073060775 	1.0801177
0.00072222222 	-0.041311236 	-0.0066527709 	1.0874945
0.00077777778 	-0.039758024 	-0.0044095792 	1.090999
0.00083333333 	-0.036919702 	-0.00073557528 	1.0916718
0.00088888889 	-0.033001609 	0.0042758572 	1.0910812
0.00094444444 	-0.028200306 	0.010347192 	1.0904812
0.001 	-0.022451258 	0.017440896 	1.090128
0.0010617199 	-0.015931892 	0.025336013 	1.0894028
0.0011225874 	-0.009305864 	0.033644397 	1.0868312
0.0011826143 	-0.0027899757 	0.042482515 	1.0815618
0.0012418122 	0.0033663175 	0.051468053 	1.0731676
0.0013001926 	0.0087715499 	0.05961037 	1.061539
0.0013577668 	0.012908217 	0.065216349 	1.0468259
0.0014145458 	0.01517374 	0.066113733 	1.0294855
0.0014705407 	0.015117243 	0.06029005 	1.0105245
0.0015257623 	0.012732169 	0.047154143 	0.99172153
0.0015802213 	0.0083183025 	0.028780025 	0.97574097
0.0016339282 	0.0021571255 	0.0091735499 	0.96581602
0.0016868934 	-0.0054917441 	-0.0088566732 	0.96440965
0.0017391271 	-0.014404123 	-0.025918946 	0.97082772
0.0017906395 	-0.024472785 	-0.044217557 	0.98062697
0.0018414404 	-0.035693857 	-0.063900409 	0.98815607
0.0018915398 	-0.047999219 	-0.082383977 	0.98984819
0.0019409473 	-0.061099296 	-0.096786403 	0.9845883
0.0019896725 	-0.074119685 	-0.10545805 	0.97172274
0.0020377248 	-0.085359795 	-0.10775816 	0.95107193
0.0020851134 	-0.093190412 	-0.1041271 	0.92611986
0.0021318476 	-0.0974039 	-0.096328975 	0.9040497
0.0021779364 	-0.09899395 	-0.086319729 	0.88919599
0.0022233887 	-0.098849224 	-0.074767269 	0.87948097
0.0022682133 	-0.097385388 	-0.06143195 	0.87147376
0.0023124189 	-0.09480979 	-0.046517182 	0.86421576
0.0023560139 	-0.091290116 	-0.030963298 	0.85791145
0.0023990069 	-0.086932464 	-0.015903394 	0.85253224
0.0024414062 	-0.082042519 	-0.0022844596 	0.84769816
0.0024832199 	-0.076884194 	0.0092012599 	0.84298286
0.0025244562 	-0.071565619 	0.018220116 	0.83801162
0.002565123 	-0.066333814 	0.024787513 	0.8325547
0.0026052281 	-0.061368852 	0.029163466 	0.82658395
0.0026447794 	-0.056720016 	0.031706791 	0.82025044
0.0026837845 	-0.052318925 	0.032760053 	0.81387111
0.0027222509 	-0.048012951 	0.032595512 	0.80786341
0.0027601861 	-0.043634032 	0.031428567 	0.80264846
0.0027975974 	-0.039067871 	0.029447759 	0.7985527
0.002834492 	-0.034293503 	0.026820095 	0.79575652
0.0028708772 	-0.029396445 	0.023663774 	0.79432523
0.0029067598 	-0.02455914 	0.02001928 	0.79430451
0.0029421469 	-0.020024335 	0.015858102 	0.79579651
0.0029770452 	-0.01603777 	0.011138067 	0.79894014
0.0030114616 	-0.012814114 	0.0058671348 	0.80379081
0.0030454028 	-0.010445866 	0.00014870233 	0.81019853
0.0030788752 	-0.0087581563 	-0.0058222377 	0.81768049
0.0031118853 	-0.0075598618 	-0.011840947 	0.82553879
0.0031444395 	-0.0068608295 	-0.017711805 	0.83312591
0.0031765442 	-0.0067581532 	-0.023351401 	0.84017971
0.0032082055 	-0.007459279 	-0.028873407 	0.84687405
0.0032394295 	-0.0091441467 	-0.034656946 	0.85340829
0.0032702223 	-0.011686598 	-0.041306805 	0.85925693
0.0033005899 	-0.014542664 	-0.049418911 	0.86267071
0.0033305381 	-0.01694134 	-0.0592664 	0.86120168
0.0033600727 	-0.018293559 	-0.070705271 	0.85316261
0.0033891994 	-0.01846684 	-0.083335076 	0.83887075
0.0034179239 	-0.017710063 	-0.096719096 	0.82065917
0.0034462517 	-0.016353643 	-0.11036261 	0.8016927
0.0034741882 	-0.014571129 	-0.12337409 	0.78439351
0.003501739 	-0.012354454 	-0.13412202 	0.76942574
0.0035289093 	-0.0096635788 	-0.14038264 	0.75580481
0.0035557043 	-0.0066167048 	-0.14019629 	0.74188012
0.0035821293 	-0.0035260931 	-0.13311736 	0.72614811
0.0036081894 	-0.00072838554 	-0.12119792 	0.70705389
0.0036338895 	0.0015839661 	-0.1089524 	0.68235907
0.0036592348 	0.0033172184 	-0.10155999 	0.64968978
0.00368423 	0.0042055788 	-0.10127308 	0.60882397
0.00370888 	0.0037372891 	-0.10415431 	0.56336876
0.0037331896 	0.0015875637 	-0.10097667 	0.51866486
0.0037571635 	-0.0017034914 	-0.083554132 	0.47713121
0.0037808063 	-0.0052420504 	-0.051522108 	0.43651909
0.0038041226 	-0.0084656994 	-0.012976783 	0.3929422
0.0038271169 	-0.011057658 	0.021292869 	0.34490438
0.0038497936 	-0.012791843 	0.044257092 	0.29406549
0.0038721572 	-0.013296468 	0.054868955 	0.24315136
0.0038942119 	-0.012214205 	0.055947943 	0.19367384
0.003915962 	-0.0095820593 	0.050512569 	0.1461631
0.0039374118 	-0.0060465076 	0.040219089 	0.10111828
0.0039585653 	-0.0026177938 	0.025917256 	0.058959988
0.0039794267 	-0.00033813804 	0.0087662563 	0.01934341
0.004 	-0.00033813804 	0.0087662563 	0.01934341
