0 	0.005939313 	0.058410606 	0.99715995
5.5555625e-05 	0.033647514 	0.043316593 	0.9979164
0.00011111111 	0.040248712 	0.030898676 	0.99824932
0.00016666667 	0.043052328 	0.01881747 	0.99894023
0.00022222222 	0.043921384 	0.0060612343 	1.0009513
0.00027777778 	0.042054207 	-0.0060745168 	1.0051434
0.00033333333 	0.036534278 	-0.015357564 	1.0116388
0.00038888889 	0.027968595 	-0.020680277 	1.0193837
0.00044444444 	0.018414252 	-0.022972672 	1.0263457
0.0005 	0.010073049 	-0.024375867 	1.0303442
0.00055555556 	0.0041179215 	-0.026799122 	1.0300845
0.00061111111 	0.00041851791 	-0.031055512 	1.0258239
0.00066666667 	-0.0019039357 	-0.036786628 	1.0191175
0.00072222222 	-0.0037417498 	-0.042897495 	1.0117677
0.00077777778 	-0.0056106069 	-0.048107896 	1.0049784
0.00083333333 	-0.0076896386 	-0.051379821 	0.99930477
0.00088888889 	-0.0099950733 	-0.052173958 	0.99500813
0.00094444444 	-0.01244708 	-0.050522178 	0.99220444
0.001 	-0.015005671 	-0.046971531 	0.99065956
0.0010617224 	-0.017472567 	-0.042426185 	0.98998577
0.0011225923 	-0.01965937 	-0.038297373 	0.98903453
0.0011826215 	-0.021407013 	-0.035119297 	0.98681686
0.0012418217 	-0.022727903 	-0.03263357 	0.98293145
0.0013002041 	-0.023791593 	-0.030050025 	0.9773848
0.0013577803 	-0.024777163 	-0.026492587 	0.970298
0.0014145612 	-0.025747833 	-0.02143659 	0.96177373
0.0014705579 	-0.026566766 	-0.015071528 	0.95205981
0.0015257812 	-0.026935598 	-0.0084498253 	0.94198254
0.0015802418 	-0.026513604 	-0.0031621075 	0.93334134
0.0016339502 	-0.025076881 	-0.00049439165 	0.92855473
0.0016869168 	-0.022572464 	-0.00067906764 	0.92894156
0.0017391518 	-0.019101921 	-0.0029731391 	0.9331956
0.0017906654 	-0.015049671 	-0.0063715213 	0.93846729
0.0018414676 	-0.010969399 	-0.010270604 	0.94266689
0.0018915681 	-0.0073266007 	-0.014453255 	0.94527626
0.0019409766 	-0.0044261424 	-0.01867271 	0.94672372
0.0019897027 	-0.0024573111 	-0.022400722 	0.9471918
0.0020377558 	-0.0016158988 	-0.024973535 	0.94583151
0.0020851453 	-0.0020938986 	-0.025943559 	0.94110773
0.0021318802 	-0.0038806462 	-0.025347263 	0.93199545
0.0021779697 	-0.0065925577 	-0.023666168 	0.91894615
0.0022234225 	-0.0096108038 	-0.021532523 	0.90376655
0.0022682477 	-0.012433891 	-0.019393636 	0.88864708
0.0023124537 	-0.014910982 	-0.017369416 	0.87521973
0.0023560491 	-0.017224789 	-0.015370399 	0.86425118
0.0023990425 	-0.01966684 	-0.013331593 	0.85584656
0.002441442 	-0.02243696 	-0.011321022 	0.84973573
0.002483256 	-0.025564004 	-0.009518245 	0.84546715
0.0025244924 	-0.028918583 	-0.0081612845 	0.84251218
0.0025651593 	-0.032252213 	-0.0074738161 	0.8403345
0.0026052645 	-0.035247813 	-0.0076166426 	0.83847829
0.0026448158 	-0.037601022 	-0.0086538049 	0.83663327
0.0026838209 	-0.0390765 	-0.010504819 	0.83467555
0.0027222872 	-0.039536828 	-0.012958515 	0.83266495
0.0027602223 	-0.038952281 	-0.015709525 	0.8307997
0.0027976334 	-0.037395757 	-0.018422349 	0.82933826
0.0028345278 	-0.035012721 	-0.020799902 	0.82851132
0.0028709126 	-0.03198598 	-0.022627661 	0.8284631
0.002906795 	-0.028505443 	-0.023788461 	0.8292305
0.0029421817 	-0.024753307 	-0.024254489 	0.83075154
0.0029770797 	-0.020888224 	-0.024068377 	0.83288748
0.0030114957 	-0.017044463 	-0.02331906 	0.83545225
0.0030454363 	-0.013339293 	-0.022124834 	0.83823584
0.0030789082 	-0.0098691096 	-0.020617692 	0.84102277
0.0031119178 	-0.0067116938 	-0.018931099 	0.84360799
0.0031444715 	-0.003924715 	-0.017188531 	0.84581018
0.0031765755 	-0.0015509318 	-0.015495599 	0.8474849
0.0032082362 	0.00038268887 	-0.01393684 	0.84853605
0.0032394596 	0.0018611253 	-0.012575263 	0.84892658
0.0032702517 	0.0028750476 	-0.011453387 	0.8486762
0.0033006186 	0.0034179326 	-0.010589916 	0.84783236
0.003330566 	0.0034943612 	-0.0099634588 	0.8464171
0.0033600998 	0.0031250917 	-0.0094953408 	0.84433564
0.0033892257 	0.0023540528 	-0.0090328714 	0.84129081
0.0034179494 	0.0012591647 	-0.0083512798 	0.83672687
0.0034462763 	-4.1368259e-05 	-0.0072073244 	0.82988292
0.003474212 	-0.0014080716 	-0.0054388518 	0.8199591
0.0035017619 	-0.0027076435 	-0.003081146 	0.80635845
0.0035289312 	-0.0038264006 	-0.00044746511 	0.7888929
0.0035557253 	-0.0046765467 	0.0018876569 	0.76782377
0.0035821494 	-0.0051873758 	0.003229286 	0.74367386
0.0036082084 	-0.0053024197 	0.0029949704 	0.71691255
0.0036339076 	-0.0049888554 	0.00095248326 	0.68773258
0.0036592518 	-0.0042580733 	-0.0026361174 	0.65610341
0.003684246 	-0.0032041776 	-0.0070437972 	0.62207219
0.003708895 	-0.0020220887 	-0.011273697 	0.58602599
0.0037332035 	-0.00095041035 	-0.014341759 	0.54869767
0.0037571763 	-0.00018289908 	-0.015543503 	0.51083835
0.003780818 	0.00019472222 	-0.014629506 	0.47278575
0.0038041332 	0.00022036687 	-0.011842152 	0.43422079
0.0038271264 	2.4560981e-05 	-0.0078154486 	0.39425889
0.0038498019 	-0.00023624614 	-0.0033817123 	0.35181288
0.0038721643 	-0.00043721416 	0.00064387066 	0.30601788
0.0038942179 	-0.00050489499 	0.0036320728 	0.25651222
0.0039159668 	-0.00043316701 	0.0052250829 	0.20349212
0.0039374154 	-0.0002760629 	0.0053325651 	0.1475399
0.0039585677 	-0.00011082328 	0.0040670453 	0.089437801
0.0039794279 	-1.2262331e-05 	0.0016554273 	0.030051667
0.004 	-1.2262331e-05 	0.0016554273 	0.030051667
