0 	-0.054607562 	-0.042444901 	1.0271822
5.5555556e-05 	0.060111944 	-0.025396808 	1.0276164
0.00011111111 	0.061797504 	-0.014224435 	1.0271776
0.00016666667 	0.061083971 	-0.0068387517 	1.0263896
0.00022222222 	0.058854795 	-0.0011551912 	1.0266017
0.00027777778 	0.054994323 	0.0033948067 	1.0298908
0.00033333333 	0.04978152 	0.0073745185 	1.0374204
0.00038888889 	0.044170365 	0.011309428 	1.0483068
0.00044444444 	0.039469948 	0.015344121 	1.060147
0.0005 	0.036762885 	0.019120185 	1.0705407
0.00055555556 	0.0364938 	0.022033423 	1.0782051
0.00061111111 	0.038410209 	0.023653521 	1.0831095
0.00066666667 	0.041798672 	0.02403251 	1.0859552
0.00072222222 	0.045815044 	0.023582842 	1.08759
0.00077777778 	0.049664122 	0.022761489 	1.0885612
0.00083333333 	0.052646254 	0.021796632 	1.0889522
0.00088888889 	0.054240914 	0.020629474 	1.088504
0.00094444444 	0.054360823 	0.019021009 	1.0868168
0.001 	0.052984188 	0.016662985 	1.0836176
0.0010617451 	0.050139054 	0.013182685 	1.0785679
0.0011226367 	0.046843351 	0.0090976149 	1.072654
0.0011826866 	0.043769681 	0.0048531546 	1.0672787
0.0012419064 	0.041021004 	0.00079904402 	1.0641483
0.0013003077 	0.038158604 	-0.0031852063 	1.0644228
0.0013579017 	0.034433781 	-0.0075056836 	1.0678951
0.0014146996 	0.029067053 	-0.012630215 	1.07258
0.0014707124 	0.021647107 	-0.018987406 	1.0751693
0.0015259509 	0.012612856 	-0.026766317 	1.0723826
0.001580426 	0.0032189371 	-0.035112717 	1.0622925
0.001634148 	-0.004701276 	-0.041272305 	1.0442378
0.0016871274 	-0.0094325309 	-0.041240886 	1.0177345
0.0017393745 	-0.010045685 	-0.032749009 	0.98271509
0.0017908994 	-0.006805635 	-0.018090217 	0.94153702
0.0018417121 	-0.0020933736 	-0.002834252 	0.9003318
0.0018918224 	0.00077126009 	0.0078314978 	0.86660308
0.0019412401 	0.00048824188 	0.011073092 	0.84433384
0.0019899746 	-0.0019793644 	0.0075181968 	0.83219983
0.0020380356 	-0.0058026612 	-0.00039192432 	0.82643768
0.0020854322 	-0.010958651 	-0.010872035 	0.82355003
0.0021321736 	-0.017895572 	-0.023055397 	0.82122451
0.002178269 	-0.026948515 	-0.036688453 	0.81843043
0.0022237272 	-0.03781947 	-0.051706959 	0.81476881
0.002268557 	-0.049805822 	-0.067912282 	0.80997534
0.0023127672 	-0.062010241 	-0.084707955 	0.80377228
0.0023563662 	-0.073593461 	-0.10118441 	0.79590791
0.0023993626 	-0.084097644 	-0.11654523 	0.78626908
0.0024417647 	-0.093436702 	-0.13025428 	0.77490038
0.0024835806 	-0.10163985 	-0.1418464 	0.76204317
0.0025248186 	-0.10872714 	-0.15084641 	0.74813014
0.0025654865 	-0.11465296 	-0.15681408 	0.73370412
0.0026055923 	-0.11932495 	-0.15941212 	0.71938251
0.0026451437 	-0.12267985 	-0.15849972 	0.70583605
0.0026841484 	-0.12475568 	-0.15419843 	0.69374548
0.002722614 	-0.12573236 	-0.1468501 	0.68368855
0.0027605478 	-0.12591317 	-0.1368521 	0.67599797
0.0027979573 	-0.12568549 	-0.12459723 	0.6705895
0.0028348498 	-0.12544829 	-0.11055639 	0.6668027
0.0028712322 	-0.12553332 	-0.095436913 	0.66336383
0.0029071118 	-0.12613232 	-0.080131751 	0.65859154
0.0029424953 	-0.12719385 	-0.065535103 	0.6507884
0.0029773898 	-0.12835947 	-0.052395201 	0.63886654
0.003011802 	-0.1291022 	-0.041445372 	0.6226747
0.0030457385 	-0.12888858 	-0.033508298 	0.60295945
0.0030792059 	-0.12733459 	-0.029261157 	0.58103425
0.0031122107 	-0.12437813 	-0.028815701 	0.55828461
0.0031447592 	-0.12025095 	-0.031650571 	0.5360294
0.0031768579 	-0.11533399 	-0.03699426 	0.51533843
0.0032085129 	-0.11013145 	-0.044122034 	0.49698
0.0032397303 	-0.10513117 	-0.052347579 	0.48148355
0.0032705162 	-0.10067019 	-0.060945428 	0.46911003
0.0033008765 	-0.096901656 	-0.069170953 	0.45982817
0.0033308172 	-0.093807271 	-0.076417898 	0.45325264
0.0033603441 	-0.091243635 	-0.082314412 	0.4487952
0.0033894627 	-0.088986564 	-0.086797842 	0.44576869
0.0034181789 	-0.086766506 	-0.090055349 	0.44349292
0.0034464982 	-0.084317693 	-0.092455994 	0.44125704
0.003474426 	-0.081410194 	-0.094355034 	0.43835397
0.0035019678 	-0.077873281 	-0.095957436 	0.43412348
0.0035291288 	-0.073618876 	-0.097264847 	0.42801802
0.0035559144 	-0.068658116 	-0.098134827 	0.41965751
0.0035823298 	-0.063096257 	-0.098400275 	0.4088514
0.0036083801 	-0.057111562 	-0.097943645 	0.39558286
0.0036340702 	-0.050916502 	-0.096696549 	0.37998385
0.0036594053 	-0.044715818 	-0.094614529 	0.36230179
0.0036843901 	-0.038679054 	-0.091672309 	0.34285885
0.0037090296 	-0.032933011 	-0.087888492 	0.32200853
0.0037333285 	-0.027566334 	-0.083353559 	0.3000951
0.0037572915 	-0.022636537 	-0.078234681 	0.27741332
0.0037809233 	-0.018174796 	-0.072755238 	0.25417373
0.0038042285 	-0.014193269 	-0.067160844 	0.23048035
0.0038272115 	-0.010693316 	-0.061679741 	0.20632645
0.0038498768 	-0.0076747883 	-0.056476 	0.18160719
0.0038722288 	-0.0051431989 	-0.051584921 	0.15614349
0.0038942718 	-0.0031100017 	-0.046825925 	0.12971651
0.0039160102 	-0.0015881079 	-0.041662534 	0.10212466
0.003937448 	-0.00058119817 	-0.035062965 	0.073296719
0.0039585896 	-5.4584793e-05 	-0.025425418 	0.04351079
0.0039794389 	3.6600883e-05 	-0.010750468 	0.013775501
0.004 	-0.00012247863 	-0.0057208938 	0.016773471
