0 	-0.035732431 	-0.053973952 	0.9893152
2.0100503e-05 	-0.035732431 	-0.053973952 	0.9893152
4.0201005e-05 	-0.035732431 	-0.053973952 	0.9893152
6.0301508e-05 	-0.010815061 	-0.062057232 	0.99360291
8.040201e-05 	-0.010815061 	-0.062057232 	0.99360291
0.00010050251 	-0.010815061 	-0.062057232 	0.99360291
0.00012060302 	-0.0055247437 	-0.060455852 	0.99992538
0.00014070352 	-0.0055247437 	-0.060455852 	0.99992538
0.00016080402 	-0.0055247437 	-0.060455852 	0.99992538
0.00018090452 	0.012059446 	-0.057777372 	1.0085821
0.00020100503 	0.012059446 	-0.057777372 	1.0085821
0.00022110553 	0.012059446 	-0.057777372 	1.0085821
0.00024120603 	0.0084966449 	-0.055209122 	1.0167687
0.00026130653 	-0.0033245814 	-0.05438134 	1.0167702
0.00028140704 	-0.002678661 	-0.05076075 	1.0260489
0.00030150754 	-0.002678661 	-0.05076075 	1.0260489
0.00032160804 	-0.002678661 	-0.05076075 	1.0260489
0.00034170854 	-0.0017612282 	-0.047062013 	1.0351199
0.00036180905 	-0.0017612282 	-0.047062013 	1.0351199
0.00038190955 	-0.0017612282 	-0.047062013 	1.0351199
0.00040201005 	-0.00048237624 	-0.043467337 	1.0435459
0.00042211055 	-0.00048237624 	-0.043467337 	1.0435459
0.00044221106 	-0.00048237624 	-0.043467337 	1.0435459
0.00046231156 	0.0011578369 	-0.040082061 	1.0510324
0.00048241206 	0.0011578369 	-0.040082061 	1.0510324
0.00050251256 	0.0031164167 	-0.036965415 	1.0574142
0.00052261307 	0.0031164167 	-0.036965415 	1.0574142
0.00054271357 	0.0031164167 	-0.036965415 	1.0574142
0.00056281407 	0.0053373229 	-0.03412452 	1.0626218
0.00058291457 	0.0053373229 	-0.03412452 	1.0626218
0.00060301508 	0.0079879444 	-0.036974108 	1.0597628
0.00062311558 	0.0096852376 	-0.03461498 	1.0636293
0.00064321608 	0.0096852376 	-0.03461498 	1.0636293
0.00066331658 	0.0096852376 	-0.03461498 	1.0636293
0.00068341709 	0.011606829 	-0.032446081 	1.066407
0.00070351759 	0.011606829 	-0.032446081 	1.066407
0.00072361809 	0.013689957 	-0.030420785 	1.0681529
0.00074371859 	0.013689957 	-0.030420785 	1.0681529
0.0007638191 	0.013689957 	-0.030420785 	1.0681529
0.0007839196 	0.015864282 	-0.028499976 	1.0689568
0.0008040201 	0.015864282 	-0.028499976 	1.0689568
0.0008241206 	0.015581922 	-0.024928308 	1.0723141
0.00084422111 	0.018156263 	-0.0229735 	1.0723878
0.00086432161 	0.018156263 	-0.0229735 	1.0723878
0.00088442211 	0.018156263 	-0.0229735 	1.0723878
0.00090452261 	0.020180235 	-0.024856505 	1.0681837
0.00092462312 	0.020594645 	-0.021100136 	1.0717488
0.00094472362 	0.022892434 	-0.019367558 	1.070491
0.00096482412 	0.022892434 	-0.019367558 	1.070491
0.00098492462 	0.022892434 	-0.019367558 	1.070491
0.0010050251 	0.024137928 	-0.021498511 	1.0647508
0.0010251256 	0.024137928 	-0.021498511 	1.0647508
0.0010452261 	0.024137928 	-0.021498511 	1.0647508
0.0010653266 	0.025912678 	-0.020116745 	1.0618559
0.0010854271 	0.025912678 	-0.020116745 	1.0618559
0.0011055276 	0.025912678 	-0.020116745 	1.0618559
0.0011256281 	0.027366992 	-0.019123929 	1.0582097
0.0011457286 	0.027366992 	-0.019123929 	1.0582097
0.0011658291 	0.028674812 	-0.015174791 	1.0631502
0.0011859296 	0.029927943 	-0.014866912 	1.0593645
0.0012060302 	0.029927943 	-0.014866912 	1.0593645
0.0012261307 	0.028458489 	-0.018722596 	1.0537744
0.0012462312 	0.029119179 	-0.018945295 	1.0486401
0.0012663317 	0.029119179 	-0.018945295 	1.0486401
0.0012864322 	0.029119179 	-0.018945295 	1.0486401
0.0013065327 	0.029294882 	-0.019765954 	1.0430895
0.0013266332 	0.029294882 	-0.019765954 	1.0430895
0.0013467337 	0.029294882 	-0.019765954 	1.0430895
0.0013668342 	0.029014163 	-0.02105163 	1.037561
0.0013869347 	0.029014163 	-0.02105163 	1.037561
0.0014070352 	0.029014163 	-0.02105163 	1.037561
0.0014271357 	0.028390083 	-0.022573886 	1.0325261
0.0014472362 	0.028390083 	-0.022573886 	1.0325261
0.0014673367 	0.028390083 	-0.022573886 	1.0325261
0.0014874372 	0.027599786 	-0.024050226 	1.0283725
0.0015075377 	0.027599786 	-0.024050226 	1.0283725
0.0015276382 	0.026832742 	-0.02518716 	1.0253365
0.0015477387 	0.026832742 	-0.02518716 	1.0253365
0.0015678392 	0.026832742 	-0.02518716 	1.0253365
0.0015879397 	0.026239485 	-0.025732465 	1.0234946
0.0016080402 	0.026239485 	-0.025732465 	1.0234946
0.0016281407 	0.026239485 	-0.025732465 	1.0234946
0.0016482412 	0.025909471 	-0.025506979 	1.022784
0.0016683417 	0.025909471 	-0.025506979 	1.022784
0.0016884422 	0.02586785 	-0.024418454 	1.0230267
0.0017085427 	0.02586785 	-0.024418454 	1.0230267
0.0017286432 	0.02586785 	-0.024418454 	1.0230267
0.0017487437 	0.026088692 	-0.0224723 	1.0239601
0.0017688442 	0.026088692 	-0.0224723 	1.0239601
0.0017889447 	0.026088692 	-0.0224723 	1.0239601
0.0018090452 	0.02651918 	-0.019749619 	1.0252676
0.0018291457 	0.02651918 	-0.019749619 	1.0252676
0.0018492462 	0.027105735 	-0.016385615 	1.0266108
0.0018693467 	0.027105735 	-0.016385615 	1.0266108
0.0018894472 	0.027105735 	-0.016385615 	1.0266108
0.0019095477 	0.027821398 	-0.012537006 	1.0276577
0.0019296482 	0.027821398 	-0.012537006 	1.0276577
0.0019497487 	0.02868042 	-0.0083467239 	1.0281001
0.0019698492 	0.02868042 	-0.0083467239 	1.0281001
0.0019899497 	0.029748806 	-0.0039150157 	1.0276742
0.0020100503 	0.029748806 	-0.0039150157 	1.0276742
0.0020301508 	0.029748806 	-0.0039150157 	1.0276742
0.0020502513 	0.031088851 	0.00069884655 	1.026191
0.0020703518 	0.031088851 	0.00069884655 	1.026191
0.0020904523 	0.032731321 	0.0054375281 	1.0235709
0.0021105528 	0.032731321 	0.0054375281 	1.0235709
0.0021306533 	0.032731321 	0.0054375281 	1.0235709
0.0021507538 	0.034727797 	0.010227306 	1.0198403
0.0021708543 	0.034727797 	0.010227306 	1.0198403
0.0021909548 	0.037083589 	0.014945678 	1.0151181
0.0022110553 	0.037083589 	0.014945678 	1.0151181
0.0022311558 	0.039711745 	0.019421465 	1.0095958
0.0022512563 	0.039711745 	0.019421465 	1.0095958
0.0022713568 	0.042474836 	0.023448961 	1.0035044
0.0022914573 	0.042474836 	0.023448961 	1.0035044
0.0023115578 	0.042474836 	0.023448961 	1.0035044
0.0023316583 	0.045190069 	0.026801836 	0.99712755
0.0023517588 	0.045190069 	0.026801836 	0.99712755
0.0023718593 	0.047647827 	0.02925583 	0.99080591
0.0023919598 	0.047647827 	0.02925583 	0.99080591
0.0024120603 	0.049619829 	0.030607055 	0.98496238
0.0024321608 	0.049619829 	0.030607055 	0.98496238
0.0024522613 	0.050877636 	0.030732622 	0.98005891
0.0024723618 	0.050877636 	0.030732622 	0.98005891
0.0024924623 	0.051228395 	0.029652691 	0.97649793
0.0025125628 	0.051228395 	0.029652691 	0.97649793
0.0025326633 	0.050538539 	0.027564222 	0.97449529
0.0025527638 	0.050538539 	0.027564222 	0.97449529
0.0025728643 	0.048774064 	0.024825411 	0.97399449
0.0025929648 	0.048774064 	0.024825411 	0.97399449
0.0026130653 	0.046023304 	0.021874471 	0.97460867
0.0026331658 	0.046023304 	0.021874471 	0.97460867
0.0026532663 	0.042497693 	0.019128936 	0.97564259
0.0026733668 	0.042497693 	0.019128936 	0.97564259
0.0026934673 	0.038511547 	0.01690081 	0.97614125
0.0027135678 	0.038511547 	0.01690081 	0.97614125
0.0027336683 	0.034423815 	0.015364584 	0.9750983
0.0027537688 	0.034423815 	0.015364584 	0.9750983
0.0027738693 	0.030538429 	0.014510632 	0.97177109
0.0027939698 	0.030538429 	0.014510632 	0.97177109
0.0028140704 	0.026999279 	0.014148366 	0.96600893
0.0028341709 	0.026999279 	0.014148366 	0.96600893
0.0028542714 	0.023752467 	0.01393681 	0.95839086
0.0028743719 	0.020588856 	0.01347319 	0.95004002
0.0028944724 	0.020588856 	0.01347319 	0.95004002
0.0029145729 	0.017236261 	0.012397149 	0.94221422
0.0029346734 	0.017236261 	0.012397149 	0.94221422
0.0029547739 	0.013461613 	0.010499082 	0.93588672
0.0029748744 	0.013461613 	0.010499082 	0.93588672
0.0029949749 	0.009143011 	0.0077534909 	0.93150186
0.0030150754 	0.0043427229 	0.0043155357 	0.92894342
0.0030351759 	0.0043427229 	0.0043155357 	0.92894342
0.0030552764 	-0.00076230709 	0.00047068046 	0.92769565
0.0030753769 	-0.00076230709 	0.00047068046 	0.92769565
0.0030954774 	-0.005943166 	-0.0034825624 	0.92707739
0.0031155779 	-0.010896175 	-0.0073206113 	0.92644719
0.0031356784 	-0.010896175 	-0.0073206113 	0.92644719
0.0031557789 	-0.015400008 	-0.010941665 	0.92531181
0.0031758794 	-0.015400008 	-0.010941665 	0.92531181
0.0031959799 	-0.01926273 	-0.014332482 	0.92335636
0.0032160804 	-0.022284682 	-0.017542336 	0.92041422
0.0032361809 	-0.022284682 	-0.017542336 	0.92041422
0.0032562814 	-0.024352886 	-0.020617529 	0.91642782
0.0032763819 	-0.025418544 	-0.023568171 	0.91141008
0.0032964824 	-0.025418544 	-0.023568171 	0.91141008
0.0033165829 	-0.025492049 	-0.026349553 	0.90540812
0.0033366834 	-0.024646217 	-0.028864877 	0.89847137
0.0033567839 	-0.024646217 	-0.028864877 	0.89847137
0.0033768844 	-0.023003263 	-0.030984114 	0.89062483
0.0033969849 	-0.020716263 	-0.032559399 	0.88185304
0.0034170854 	-0.020716263 	-0.032559399 	0.88185304
0.0034371859 	-0.017960973 	-0.033455841 	0.87209639
0.0034572864 	-0.014924164 	-0.033577824 	0.86126103
0.0034773869 	-0.01179449 	-0.032920426 	0.84924024
0.0034974874 	-0.01179449 	-0.032920426 	0.84924024
0.0035175879 	-0.0087654793 	-0.031608452 	0.83593643
0.0035376884 	-0.0060299123 	-0.02992963 	0.82126339
0.0035577889 	-0.0037595854 	-0.028316504 	0.80510755
0.0035778894 	-0.0037595854 	-0.028316504 	0.80510755
0.0035979899 	-0.0020726817 	-0.02724716 	0.78723435
0.0036180905 	-0.00099531377 	-0.027062258 	0.76716292
0.003638191 	-0.0004348486 	-0.027765114 	0.74408372
0.0036582915 	-0.0004348486 	-0.027765114 	0.74408372
0.003678392 	-0.00020895603 	-0.028916668 	0.71692412
0.0036984925 	-0.00011300332 	-0.029730487 	0.68460455
0.003718593 	-4.6766064e-06 	-0.029373996 	0.64637689
0.0037386935 	0.00015472125 	-0.02734713 	0.60205171
0.003758794 	0.00033297186 	-0.023726959 	0.552052
0.0037788945 	0.00033297186 	-0.023726959 	0.552052
0.003798995 	0.00047611629 	-0.019134157 	0.49739742
0.0038190955 	0.00054767917 	-0.014455582 	0.43965496
0.003839196 	0.00053835952 	-0.010490698 	0.38073024
0.0038592965 	0.00045707118 	-0.0076919502 	0.32244372
0.003879397 	0.0003228364 	-0.0060881285 	0.26608865
0.0038994975 	0.0001627896 	-0.0053743315 	0.21224284
0.003919598 	9.1446837e-06 	-0.0050702657 	0.1609143
0.0039396985 	-9.4059827e-05 	-0.0046440145 	0.11189555
0.003959799 	-0.00011388821 	-0.0035789158 	0.065137326
0.0039798995 	-3.9527832e-05 	-0.001491763 	0.020916852
0.004 	-3.9527832e-05 	-0.001491763 	0.020916852
