0 	-0.063160088 	0.10833166 	0.93463339
2.0100503e-05 	-0.063160088 	0.10833166 	0.93463339
4.0201005e-05 	-0.063160088 	0.10833166 	0.93463339
6.0301508e-05 	0.0015668542 	0.1175909 	0.93180373
8.040201e-05 	0.0015668542 	0.1175909 	0.93180373
0.00010050251 	0.0015668542 	0.1175909 	0.93180373
0.00012060302 	0.02704173 	0.10381153 	0.92919786
0.00014070352 	0.02704173 	0.10381153 	0.92919786
0.00016080402 	0.02704173 	0.10381153 	0.92919786
0.00018090452 	0.043981702 	0.085841735 	0.92784556
0.00020100503 	0.043981702 	0.085841735 	0.92784556
0.00022110553 	0.043981702 	0.085841735 	0.92784556
0.00024120603 	0.057238423 	0.066350783 	0.92820958
0.00026130653 	0.057238423 	0.066350783 	0.92820958
0.00028140704 	0.067931667 	0.047290292 	0.92987737
0.00030150754 	0.067931667 	0.047290292 	0.92987737
0.00032160804 	0.067931667 	0.047290292 	0.92987737
0.00034170854 	0.076472509 	0.029976593 	0.93242337
0.00036180905 	0.076472509 	0.029976593 	0.93242337
0.00038190955 	0.076472509 	0.029976593 	0.93242337
0.00040201005 	0.082842437 	0.014851427 	0.93604545
0.00042211055 	0.082842437 	0.014851427 	0.93604545
0.00044221106 	0.082842437 	0.014851427 	0.93604545
0.00046231156 	0.086553594 	0.0018525755 	0.94114387
0.00048241206 	0.086553594 	0.0018525755 	0.94114387
0.00050251256 	0.086979942 	-0.0091129344 	0.94764041
0.00052261307 	0.086979942 	-0.0091129344 	0.94764041
0.00054271357 	0.086979942 	-0.0091129344 	0.94764041
0.00056281407 	0.083973107 	-0.018170182 	0.95502564
0.00058291457 	0.083973107 	-0.018170182 	0.95502564
0.00060301508 	0.083973107 	-0.018170182 	0.95502564
0.00062311558 	0.078169133 	-0.025647783 	0.96284527
0.00064321608 	0.078169133 	-0.025647783 	0.96284527
0.00066331658 	0.078169133 	-0.025647783 	0.96284527
0.00068341709 	0.070732052 	-0.032119273 	0.97083431
0.00070351759 	0.070732052 	-0.032119273 	0.97083431
0.00072361809 	0.062948706 	-0.038180839 	0.97856486
0.00074371859 	0.062948706 	-0.038180839 	0.97856486
0.0007638191 	0.062948706 	-0.038180839 	0.97856486
0.0007839196 	0.055826655 	-0.044068486 	0.98533393
0.0008040201 	0.055826655 	-0.044068486 	0.98533393
0.0008241206 	0.055826655 	-0.044068486 	0.98533393
0.00084422111 	0.04977569 	-0.049332821 	0.99074941
0.00086432161 	0.04977569 	-0.049332821 	0.99074941
0.00088442211 	0.04977569 	-0.049332821 	0.99074941
0.00090452261 	0.04441187 	-0.052875465 	0.99526306
0.00092462312 	0.04441187 	-0.052875465 	0.99526306
0.00094472362 	0.038986661 	-0.053517833 	0.99947649
0.00096482412 	0.038986661 	-0.053517833 	0.99947649
0.00098492462 	0.038986661 	-0.053517833 	0.99947649
0.0010050251 	0.032650773 	-0.050368829 	1.0032633
0.0010251256 	0.032650773 	-0.050368829 	1.0032633
0.0010452261 	0.032650773 	-0.050368829 	1.0032633
0.0010653266 	0.025553744 	-0.04375244 	1.0053578
0.0010854271 	0.025553744 	-0.04375244 	1.0053578
0.0011055276 	0.025553744 	-0.04375244 	1.0053578
0.0011256281 	0.018856936 	-0.036363323 	1.0059347
0.0011457286 	0.018856936 	-0.036363323 	1.0059347
0.0011658291 	0.011221587 	-0.036027314 	1.0089125
0.0011859296 	0.0051024273 	-0.030681777 	1.008533
0.0012060302 	0.013153385 	-0.030705081 	1.0066464
0.0012261307 	0.013153385 	-0.030705081 	1.0066464
0.0012462312 	0.0086249529 	-0.027456586 	1.0088009
0.0012663317 	0.0086249529 	-0.027456586 	1.0088009
0.0012864322 	0.0086249529 	-0.027456586 	1.0088009
0.0013065327 	0.0051013417 	-0.025796287 	1.0127057
0.0013266332 	0.0051013417 	-0.025796287 	1.0127057
0.0013467337 	0.0051013417 	-0.025796287 	1.0127057
0.0013668342 	0.0023010832 	-0.024820244 	1.0180711
0.0013869347 	0.0023010832 	-0.024820244 	1.0180711
0.0014070352 	0.0023010832 	-0.024820244 	1.0180711
0.0014271357 	6.5510653e-05 	-0.024133622 	1.0244341
0.0014472362 	6.5510653e-05 	-0.024133622 	1.0244341
0.0014673367 	6.5510653e-05 	-0.024133622 	1.0244341
0.0014874372 	-0.008757653 	-0.022392991 	1.0261446
0.0015075377 	-0.008757653 	-0.022392991 	1.0261446
0.0015276382 	-0.0093069359 	-0.021758337 	1.0319749
0.0015477387 	-0.0028549269 	-0.023212413 	1.038373
0.0015678392 	-0.0028549269 	-0.023212413 	1.038373
0.0015879397 	-0.00355521 	-0.022779305 	1.0453007
0.0016080402 	-0.00355521 	-0.022779305 	1.0453007
0.0016281407 	-0.00355521 	-0.022779305 	1.0453007
0.0016482412 	-0.0037502867 	-0.02226937 	1.0518739
0.0016683417 	-0.0037502867 	-0.02226937 	1.0518739
0.0016884422 	-0.0034492112 	-0.021659154 	1.0578576
0.0017085427 	-0.0034492112 	-0.021659154 	1.0578576
0.0017286432 	-0.0034492112 	-0.021659154 	1.0578576
0.0017487437 	-0.0026775311 	-0.020938392 	1.0630201
0.0017688442 	-0.0026775311 	-0.020938392 	1.0630201
0.0017889447 	-0.0026775311 	-0.020938392 	1.0630201
0.0018090452 	-0.0014799325 	-0.020085028 	1.0671571
0.0018291457 	-0.0014799325 	-0.020085028 	1.0671571
0.0018492462 	7.4872634e-05 	-0.019044445 	1.0701246
0.0018693467 	7.4872634e-05 	-0.019044445 	1.0701246
0.0018894472 	7.4872634e-05 	-0.019044445 	1.0701246
0.0019095477 	0.0018859358 	-0.017724824 	1.0718578
0.0019296482 	0.0018859358 	-0.017724824 	1.0718578
0.0019497487 	0.0038297562 	-0.016015105 	1.0723845
0.0019698492 	0.0036486992 	-0.016891918 	1.0546463
0.0019899497 	0.0061368618 	-0.015118372 	1.0529273
0.0020100503 	0.0057723619 	-0.013798737 	1.071815
0.0020301508 	0.0057723619 	-0.013798737 	1.071815
0.0020502513 	0.0075754822 	-0.010975928 	1.0703201
0.0020703518 	0.0075754822 	-0.010975928 	1.0703201
0.0020904523 	0.0091260701 	-0.0074837898 	1.0680916
0.0021105528 	0.0091260701 	-0.0074837898 	1.0680916
0.0021306533 	0.0091260701 	-0.0074837898 	1.0680916
0.0021507538 	0.010330579 	-0.0032987623 	1.0653274
0.0021708543 	0.010330579 	-0.0032987623 	1.0653274
0.0021909548 	0.011103223 	0.0015573345 	1.062187
0.0022110553 	0.011103223 	0.0015573345 	1.062187
0.0022311558 	0.011368764 	0.0070497273 	1.0587662
0.0022512563 	0.011368764 	0.0070497273 	1.0587662
0.0022713568 	0.011052068 	0.013155506 	1.0550831
0.0022914573 	0.011052068 	0.013155506 	1.0550831
0.0023115578 	0.011052068 	0.013155506 	1.0550831
0.0023316583 	0.010037922 	0.01988418 	1.0510436
0.0023517588 	0.010037922 	0.01988418 	1.0510436
0.0023718593 	0.0081695545 	0.027260683 	1.0464509
0.0023919598 	0.0081695545 	0.027260683 	1.0464509
0.0024120603 	0.0052936661 	0.035233292 	1.0410134
0.0024321608 	0.0052936661 	0.035233292 	1.0410134
0.0024522613 	0.0014027228 	0.043401766 	1.034282
0.0024723618 	0.0014027228 	0.043401766 	1.034282
0.0024924623 	-0.0031923799 	0.050566483 	1.0254518
0.0025125628 	-0.0031923799 	0.050566483 	1.0254518
0.0025326633 	-0.0077836446 	0.054528473 	1.0134467
0.0025527638 	-0.0077836446 	0.054528473 	1.0134467
0.0025728643 	-0.011371743 	0.052896345 	0.99747455
0.0025929648 	-0.011371743 	0.052896345 	0.99747455
0.0026130653 	-0.013128915 	0.044616411 	0.97752505
0.0026331658 	-0.013128915 	0.044616411 	0.97752505
0.0026532663 	-0.012937388 	0.030922382 	0.95437235
0.0026733668 	-0.012937388 	0.030922382 	0.95437235
0.0026934673 	-0.011530158 	0.014865747 	0.92933628
0.0027135678 	-0.011530158 	0.014865747 	0.92933628
0.0027336683 	-0.010096782 	-2.3150744e-05 	0.90405187
0.0027537688 	-0.010096782 	-2.3150744e-05 	0.90405187
0.0027738693 	-0.0097053724 	-0.011000456 	0.88011453
0.0027939698 	-0.0097053724 	-0.011000456 	0.88011453
0.0028140704 	-0.010959075 	-0.016694666 	0.85867989
0.0028341709 	-0.010959075 	-0.016694666 	0.85867989
0.0028542714 	-0.013937924 	-0.017059121 	0.84021583
0.0028743719 	-0.01830592 	-0.012944028 	0.82445397
0.0028944724 	-0.01830592 	-0.012944028 	0.82445397
0.0029145729 	-0.02358897 	-0.0056557233 	0.8107131
0.0029346734 	-0.02358897 	-0.0056557233 	0.8107131
0.0029547739 	-0.029391881 	0.003383724 	0.7983675
0.0029748744 	-0.029391881 	0.003383724 	0.7983675
0.0029949749 	-0.035395694 	0.012857065 	0.78725061
0.0030150754 	-0.041380022 	0.021690972 	0.77750244
0.0030351759 	-0.041380022 	0.021690972 	0.77750244
0.0030552764 	-0.047043951 	0.029144573 	0.76885448
0.0030753769 	-0.047043951 	0.029144573 	0.76885448
0.0030954774 	-0.051885124 	0.034708047 	0.76031417
0.0031155779 	-0.055358905 	0.038027063 	0.75085295
0.0031356784 	-0.055358905 	0.038027063 	0.75085295
0.0031557789 	-0.057180664 	0.039009177 	0.74045828
0.0031758794 	-0.057180664 	0.039009177 	0.74045828
0.0031959799 	-0.05747499 	0.037934103 	0.73021161
0.0032160804 	-0.056629403 	0.035310432 	0.72121577
0.0032361809 	-0.056629403 	0.035310432 	0.72121577
0.0032562814 	-0.05504828 	0.03154364 	0.71339825
0.0032763819 	-0.052952477 	0.02672033 	0.70484313
0.0032964824 	-0.052952477 	0.02672033 	0.70484313
0.0033165829 	-0.05043003 	0.020735348 	0.69197957
0.0033366834 	-0.047535223 	0.013850146 	0.67090582
0.0033567839 	-0.047535223 	0.013850146 	0.67090582
0.0033768844 	-0.04427534 	0.0073713772 	0.63928973
0.0033969849 	-0.040509675 	0.0031401579 	0.59793128
0.0034170854 	-0.040509675 	0.0031401579 	0.59793128
0.0034371859 	-0.036238528 	0.0017790599 	0.55144613
0.0034572864 	-0.031886725 	0.00230182 	0.50643482
0.0034773869 	-0.028075756 	0.0035257343 	0.46818479
0.0034974874 	-0.028075756 	0.0035257343 	0.46818479
0.0035175879 	-0.025245037 	0.0050182955 	0.43872728
0.0035376884 	-0.02351709 	0.006929103 	0.41722779
0.0035577889 	-0.022739906 	0.0095005314 	0.40135976
0.0035778894 	-0.022739906 	0.0095005314 	0.40135976
0.0035979899 	-0.022573681 	0.012783577 	0.38862539
0.0036180905 	-0.022635291 	0.016609256 	0.37709234
0.003638191 	-0.022627512 	0.020684359 	0.36546129
0.0036582915 	-0.022627512 	0.020684359 	0.36546129
0.003678392 	-0.022358522 	0.024675081 	0.35303217
0.0036984925 	-0.021739691 	0.028271831 	0.33943034
0.003718593 	-0.020745992 	0.031216096 	0.32441412
0.0037386935 	-0.01938373 	0.033307749 	0.30779632
0.003758794 	-0.017677922 	0.034404044 	0.28946334
0.0037788945 	-0.017677922 	0.034404044 	0.28946334
0.003798995 	-0.015675328 	0.034417313 	0.26942383
0.0038190955 	-0.01344966 	0.033315107 	0.24781462
0.003839196 	-0.011099933 	0.031122943 	0.22483372
0.0038592965 	-0.0087413871 	0.027931132 	0.20062758
0.003879397 	-0.0064923663 	0.023902546 	0.17518685
0.0038994975 	-0.0044615656 	0.019278504 	0.14829933
0.003919598 	-0.002738886 	0.014380159 	0.11958515
0.0039396985 	-0.0013944989 	0.0095968571 	0.088615915
0.003959799 	-0.00048239775 	0.0053208391 	0.055095006
0.0039798995 	-4.2347106e-05 	0.0017298393 	0.019066823
0.004 	-4.2347106e-05 	0.0017298393 	0.019066823
