0 	-0.027182482 	0.010882224 	0.99482337
5.5555556e-05 	-0.035299454 	-0.0009604982 	0.99685381
0.00011111111 	-0.040820767 	-0.0096730102 	0.9961558
0.00016666667 	-0.044793077 	-0.017737343 	0.9929379
0.00022222222 	-0.047404994 	-0.023483074 	0.98829893
0.00027777778 	-0.048918696 	-0.026981298 	0.98327506
0.00033333333 	-0.049524038 	-0.028919016 	0.97827902
0.00038888889 	-0.049299906 	-0.029734512 	0.97334982
0.00044444444 	-0.04822878 	-0.029663696 	0.96850966
0.0005 	-0.046298086 	-0.028939234 	0.96388022
0.00055555556 	-0.043623869 	-0.027824911 	0.95961359
0.00061111111 	-0.040529247 	-0.026487804 	0.95582275
0.00066666667 	-0.037508827 	-0.02484542 	0.95255861
0.00072222222 	-0.035131205 	-0.022602904 	0.94972937
0.00077777778 	-0.033909782 	-0.019620459 	0.94692466
0.00083333333 	-0.034145294 	-0.016316029 	0.94344977
0.00088888889 	-0.035824401 	-0.013583846 	0.93880324
0.00094444444 	-0.038699363 	-0.012259842 	0.93306913
0.001 	-0.042648774 	-0.012521162 	0.92621124
0.0010617199 	-0.047381275 	-0.01392775 	0.91822398
0.0011225874 	-0.052245229 	-0.015287141 	0.9095591
0.0011826143 	-0.056926309 	-0.01590798 	0.9008172
0.0012418122 	-0.060956119 	-0.015795133 	0.89309836
0.0013001926 	-0.063865118 	-0.014979207 	0.88695389
0.0013577668 	-0.065289037 	-0.01321307 	0.88226526
0.0014145458 	-0.065019679 	-0.01018966 	0.8790214
0.0014705407 	-0.063026153 	-0.0057994346 	0.87750273
0.0015257623 	-0.05952236 	-0.00018068408 	0.87782049
0.0015802213 	-0.054974347 	0.0062764233 	0.87969444
0.0016339282 	-0.049960392 	0.012917022 	0.88256047
0.0016868934 	-0.044992902 	0.018917423 	0.88581539
0.0017391271 	-0.040367344 	0.023464982 	0.88900691
0.0017906395 	-0.036062624 	0.026028383 	0.89194128
0.0018414404 	-0.031841417 	0.026548366 	0.89463242
0.0018915398 	-0.02745024 	0.02541609 	0.89714449
0.0019409473 	-0.02280073 	0.023226873 	0.89937061
0.0019896725 	-0.01806802 	0.02052841 	0.90089548
0.0020377248 	-0.01352437 	0.01768828 	0.9011911
0.0020851134 	-0.0093300832 	0.014920897 	0.89994733
0.0021318476 	-0.0055116459 	0.01230555 	0.89739738
0.0021779364 	-0.0018891084 	0.0098430893 	0.89423293
0.0022233887 	0.001644668 	0.0074062126 	0.89119444
0.0022682133 	0.0051251963 	0.0048692808 	0.88868313
0.0023124189 	0.0085947052 	0.0021630091 	0.88669333
0.0023560139 	0.011947605 	-0.00071526589 	0.8849469
0.0023990069 	0.015115367 	-0.0036519896 	0.88312064
0.0024414062 	0.018115733 	-0.0064112124 	0.88096238
0.0024832199 	0.021007029 	-0.0086869697 	0.87832485
0.0025244562 	0.023920938 	-0.01010654 	0.87513989
0.002565123 	0.027085782 	-0.010324013 	0.87133742
0.0026052281 	0.030697047 	-0.0091114733 	0.86687742
0.0026447794 	0.034849963 	-0.0064321095 	0.86173772
0.0026837845 	0.039468415 	-0.002474371 	0.85600182
0.0027222509 	0.044307454 	0.0023829446 	0.8498388
0.0027601861 	0.049090133 	0.0076917508 	0.84350223
0.0027975974 	0.053486377 	0.013049236 	0.83725796
0.002834492 	0.057176571 	0.018163732 	0.83136071
0.0028708772 	0.059967582 	0.022879602 	0.82604751
0.0029067598 	0.061821383 	0.027169211 	0.82153731
0.0029421469 	0.062831094 	0.031083905 	0.81801627
0.0029770452 	0.063162977 	0.034709842 	0.81560188
0.0030114616 	0.062983286 	0.038103218 	0.81430803
0.0030454028 	0.062414614 	0.04123466 	0.81404665
0.0030788752 	0.061520949 	0.043957611 	0.81467483
0.0031118853 	0.060320753 	0.046011149 	0.81605733
0.0031444395 	0.058812972 	0.047061683 	0.81809488
0.0031765442 	0.056984927 	0.046776327 	0.8207055
0.0032082055 	0.054793103 	0.044899074 	0.82378978
0.0032394295 	0.052138116 	0.041303302 	0.82723251
0.0032702223 	0.04886313 	0.036016758 	0.83094999
0.0033005899 	0.044775866 	0.029205245 	0.83494659
0.0033305381 	0.039732831 	0.02118549 	0.83925933
0.0033600727 	0.03378856 	0.012466225 	0.84375865
0.0033891994 	0.02736241 	0.003822278 	0.84789056
0.0034179239 	0.021049694 	-0.0037573543 	0.850567
0.0034462517 	0.015464028 	-0.0092728321 	0.85035887
0.0034741882 	0.011166775 	-0.012005692 	0.84596547
0.003501739 	0.0084332958 	-0.011800675 	0.83674568
0.0035289093 	0.0071221757 	-0.009205427 	0.8229023
0.0035557043 	0.0067712106 	-0.005401993 	0.80528388
0.0035821293 	0.0067724346 	-0.001878995 	0.7847751
0.0036081894 	0.0066001368 	1.1741054e-05 	0.76164594
0.0036338895 	0.005974179 	-0.00049672729 	0.73546858
0.0036592348 	0.0048918954 	-0.0034919713 	0.70581597
0.00368423 	0.0035307174 	-0.0086145091 	0.67294674
0.00370888 	0.0021429907 	-0.015215743 	0.63784547
0.0037331896 	0.0010045765 	-0.022229452 	0.60135928
0.0037571635 	0.0003176403 	-0.028099748 	0.56342909
0.0037808063 	0.00011450533 	-0.031280795 	0.52318663
0.0038041226 	0.0002346625 	-0.03115163 	0.47956698
0.0038271169 	0.00042522482 	-0.0285005 	0.4316687
0.0038497936 	0.00050060431 	-0.024952468 	0.37879089
0.0038721572 	0.00043271026 	-0.021742229 	0.32075162
0.0038942119 	0.00029487209 	-0.018982434 	0.25870188
0.003915962 	0.00015120542 	-0.016026476 	0.19549406
0.0039374118 	2.8892576e-05 	-0.012285491 	0.13458581
0.0039585653 	-4.2094867e-05 	-0.0076487539 	0.078118937
0.0039794267 	-2.0742974e-05 	-0.0024745331 	0.025724741
0.004 	1.1006598e-05 	-0.0039119759 	0.027046224
