0 	-0.041643921 	-0.0015495637 	1.0067465
5.5555556e-05 	0.011032284 	0.038827921 	1.0035215
0.00011111111 	0.011516068 	0.037522845 	1.0005457
0.00016666667 	0.0088924624 	0.037038517 	0.99588381
0.00022222222 	0.0050884274 	0.036642693 	0.9893445
0.00027777778 	0.00070810524 	0.03631836 	0.98093714
0.00033333333 	-0.0039764001 	0.03663397 	0.97079488
0.00038888889 	-0.008781798 	0.038486348 	0.95912971
0.00044444444 	-0.013497549 	0.042645604 	0.94609743
0.0005 	-0.017745731 	0.049229982 	0.93171236
0.00055555556 	-0.020992242 	0.057377659 	0.91606448
0.00061111111 	-0.022918257 	0.065487122 	0.89983529
0.00066666667 	-0.023675666 	0.072033289 	0.88440248
0.00072222222 	-0.023695795 	0.076315263 	0.87119189
0.00077777778 	-0.023353831 	0.078405263 	0.86097016
0.00083333333 	-0.022840927 	0.078742494 	0.85375648
0.00088888889 	-0.022160351 	0.077952073 	0.84915194
0.00094444444 	-0.021133895 	0.076763423 	0.84669029
0.001 	-0.01938355 	0.075858449 	0.84610297
0.0010617224 	-0.016853905 	0.075606834 	0.84791512
0.0011225923 	-0.014195466 	0.077109859 	0.8509169
0.0011826215 	-0.012293118 	0.079926759 	0.85389361
0.0012418217 	-0.01207821 	0.083419296 	0.85569407
0.0013002041 	-0.013835229 	0.087003942 	0.85510605
0.0013577803 	-0.017003858 	0.090403043 	0.85148477
0.0014145612 	-0.020397134 	0.093245823 	0.84499342
0.0014705579 	-0.022993835 	0.094149163 	0.83591409
0.0015257812 	-0.024598199 	0.090180597 	0.82428829
0.0015802418 	-0.025911458 	0.077813997 	0.81083926
0.0016339502 	-0.028330147 	0.055857592 	0.79756311
0.0016869168 	-0.033694344 	0.028314221 	0.78659354
0.0017391518 	-0.043235441 	0.002677583 	0.77781419
0.0017906654 	-0.055984852 	-0.015446086 	0.76718129
0.0018414676 	-0.068787334 	-0.023362191 	0.74937884
0.0018915681 	-0.078766271 	-0.019488961 	0.72371968
0.0019409766 	-0.085104121 	-0.0054323771 	0.69595153
0.0019897027 	-0.088254992 	0.012269049 	0.67364082
0.0020377558 	-0.089481895 	0.026960611 	0.66025296
0.0020851453 	-0.09017586 	0.036499906 	0.6547681
0.0021318802 	-0.091110305 	0.042010877 	0.65458739
0.0021779697 	-0.092554971 	0.04541574 	0.65722017
0.0022234225 	-0.094181947 	0.04811592 	0.66084632
0.0022682477 	-0.095473209 	0.050616182 	0.66461264
0.0023124537 	-0.096039923 	0.052771627 	0.66843235
0.0023560491 	-0.095691498 	0.054281069 	0.67256542
0.0023990425 	-0.094376588 	0.054984106 	0.67735367
0.002441442 	-0.092105318 	0.0548746 	0.68314686
0.002483256 	-0.088894321 	0.054033114 	0.69028397
0.0025244924 	-0.08476017 	0.052579121 	0.69908784
0.0025651593 	-0.079728907 	0.050644785 	0.70983105
0.0026052645 	-0.073833493 	0.048356741 	0.72271213
0.0026448158 	-0.067125188 	0.045829672 	0.7378264
0.0026838209 	-0.059690081 	0.043156421 	0.7551506
0.0027222872 	-0.051668866 	0.040406854 	0.77451224
0.0027602223 	-0.043251508 	0.037620435 	0.79557713
0.0027976334 	-0.034678048 	0.034803794 	0.81785407
0.0028345278 	-0.02621557 	0.031920658 	0.84070805
0.0028709126 	-0.018121014 	0.028884785 	0.86339422
0.002906795 	-0.010605356 	0.025559287 	0.88511794
0.0029421817 	-0.0038487043 	0.021778799 	0.90512007
0.0029770797 	0.0019861242 	0.017372201 	0.92277938
0.0030114957 	0.0069282894 	0.012230248 	0.93775481
0.0030454363 	0.011003905 	0.0063012826 	0.94982083
0.0030789082 	0.014385727 	-0.00037691572 	0.95894921
0.0031119178 	0.017461182 	-0.0075577653 	0.96542758
0.0031444715 	0.020523774 	-0.014896084 	0.96972927
0.0031765755 	0.023801857 	-0.022016315 	0.97239496
0.0032082362 	0.027418881 	-0.028592212 	0.97391264
0.0032394596 	0.031377945 	-0.034411336 	0.97463788
0.0032702517 	0.035579795 	-0.039402755 	0.97477166
0.0033006186 	0.039853862 	-0.043626843 	0.97438766
0.003330566 	0.04399335 	-0.04723871 	0.97348082
0.0033600998 	0.047784074 	-0.050443495 	0.97201429
0.0033892257 	0.051025514 	-0.053456966 	0.96995435
0.0034179494 	0.053547474 	-0.056476559 	0.9672904
0.0034462763 	0.055225816 	-0.0596575 	0.96403478
0.003474212 	0.05600124 	-0.063083608 	0.96018724
0.0035017619 	0.055895355 	-0.066721323 	0.95564823
0.0035289312 	0.055012689 	-0.070355588 	0.95009582
0.0035557253 	0.053513924 	-0.073533145 	0.94290424
0.0035821494 	0.051567043 	-0.075565123 	0.93323073
0.0036082084 	0.049289206 	-0.0756292 	0.92033001
0.0036339076 	0.046714243 	-0.072953817 	0.90396577
0.0036592518 	0.043795065 	-0.067009552 	0.88464188
0.003684246 	0.040432206 	-0.057664263 	0.86342864
0.003708895 	0.036519738 	-0.045342032 	0.841288
0.0037332035 	0.032022602 	-0.031225278 	0.81789576
0.0037571763 	0.027081592 	-0.017336029 	0.79037029
0.003780818 	0.022038735 	-0.0061339169 	0.7530968
0.0038041332 	0.017362854 	0.0005428913 	0.69988327
0.0038271264 	0.013478661 	0.0024547204 	0.62800443
0.0038498019 	0.010490208 	0.0010864392 	0.54073307
0.0038721643 	0.0081647826 	-0.0013207163 	0.44581837
0.0038942179 	0.006183472 	-0.0029942532 	0.3512917
0.0039159668 	0.0043461468 	-0.0031995006 	0.26226544
0.0039374154 	0.002625904 	-0.0020963827 	0.1803818
0.0039585677 	0.0011589022 	-0.00039692385 	0.10492217
0.0039794279 	0.0001725195 	0.00072682911 	0.034142632
0.004 	0.0001725195 	0.00072682911 	0.034142632
