0 	0.0040628956 	-0.023326208 	1.076885
2.0100503e-05 	0.0040628956 	-0.023326208 	1.076885
4.0201005e-05 	0.0040628956 	-0.023326208 	1.076885
6.0301508e-05 	0.013483444 	-0.019446955 	1.0724537
8.040201e-05 	0.013483444 	-0.019446955 	1.0724537
0.00010050251 	0.013483444 	-0.019446955 	1.0724537
0.00012060302 	0.014272338 	-0.018682549 	1.0678084
0.00014070352 	0.014272338 	-0.018682549 	1.0678084
0.00016080402 	0.014272338 	-0.018682549 	1.0678084
0.00018090452 	0.012908759 	-0.0196645 	1.0628952
0.00020100503 	0.012908759 	-0.0196645 	1.0628952
0.00022110553 	0.012908759 	-0.0196645 	1.0628952
0.00024120603 	0.010462402 	-0.02169314 	1.0575278
0.00026130653 	0.010462402 	-0.02169314 	1.0575278
0.00028140704 	0.0074720868 	-0.024259634 	1.0513567
0.00030150754 	0.0074720868 	-0.024259634 	1.0513567
0.00032160804 	0.0074720868 	-0.024259634 	1.0513567
0.00034170854 	0.004408086 	-0.026814674 	1.043951
0.00036180905 	0.004408086 	-0.026814674 	1.043951
0.00038190955 	0.004408086 	-0.026814674 	1.043951
0.00040201005 	0.0016491411 	-0.028809173 	1.0350262
0.00042211055 	0.0016491411 	-0.028809173 	1.0350262
0.00044221106 	0.0016491411 	-0.028809173 	1.0350262
0.00046231156 	-0.00063543355 	-0.029802513 	1.024744
0.00048241206 	-0.00063543355 	-0.029802513 	1.024744
0.00050251256 	-0.0025736946 	-0.029582474 	1.0138672
0.00052261307 	-0.0025736946 	-0.029582474 	1.0138672
0.00054271357 	-0.0025736946 	-0.029582474 	1.0138672
0.00056281407 	-0.0045131001 	-0.028187713 	1.0035887
0.00058291457 	-0.0045131001 	-0.028187713 	1.0035887
0.00060301508 	-0.0045131001 	-0.028187713 	1.0035887
0.00062311558 	-0.0068043768 	-0.025801274 	0.99508434
0.00064321608 	-0.0068043768 	-0.025801274 	0.99508434
0.00066331658 	-0.0068043768 	-0.025801274 	0.99508434
0.00068341709 	-0.0096107588 	-0.022592258 	0.98912079
0.00070351759 	-0.0096107588 	-0.022592258 	0.98912079
0.00072361809 	-0.012847012 	-0.018631536 	0.9859673
0.00074371859 	-0.012847012 	-0.018631536 	0.9859673
0.0007638191 	-0.012847012 	-0.018631536 	0.9859673
0.0007839196 	-0.01622704 	-0.013897131 	0.98549647
0.0008040201 	-0.01622704 	-0.013897131 	0.98549647
0.0008241206 	-0.01622704 	-0.013897131 	0.98549647
0.00084422111 	-0.019378076 	-0.0083376238 	0.98730049
0.00086432161 	-0.019378076 	-0.0083376238 	0.98730049
0.00088442211 	-0.019378076 	-0.0083376238 	0.98730049
0.00090452261 	-0.021958887 	-0.0019729227 	0.99074654
0.00092462312 	-0.021958887 	-0.0019729227 	0.99074654
0.00094472362 	-0.023675838 	0.0050286342 	0.99503572
0.00096482412 	-0.023675838 	0.0050286342 	0.99503572
0.00098492462 	-0.023675838 	0.0050286342 	0.99503572
0.0010050251 	-0.024393417 	0.012998765 	0.99957129
0.0010251256 	-0.024393417 	0.012998765 	0.99957129
0.0010452261 	-0.024393417 	0.012998765 	0.99957129
0.0010653266 	-0.023796329 	0.021534242 	1.0033322
0.0010854271 	-0.023796329 	0.021534242 	1.0033322
0.0011055276 	-0.023967627 	0.018006937 	1.0083944
0.0011256281 	-0.022781929 	0.026512141 	1.0105544
0.0011457286 	-0.022781929 	0.026512141 	1.0105544
0.0011658291 	-0.022781929 	0.026512141 	1.0105544
0.0011859296 	-0.020781364 	0.034541936 	1.0100788
0.0012060302 	-0.020781364 	0.034541936 	1.0100788
0.0012261307 	-0.020781364 	0.034541936 	1.0100788
0.0012462312 	-0.018203609 	0.041778537 	1.0066451
0.0012663317 	-0.018203609 	0.041778537 	1.0066451
0.0012864322 	-0.018203609 	0.041778537 	1.0066451
0.0013065327 	-0.015106554 	0.04789853 	0.99999247
0.0013266332 	-0.015106554 	0.04789853 	0.99999247
0.0013467337 	-0.015106554 	0.04789853 	0.99999247
0.0013668342 	-0.01147048 	0.05279581 	0.98994914
0.0013869347 	-0.01147048 	0.05279581 	0.98994914
0.0014070352 	-0.01147048 	0.05279581 	0.98994914
0.0014271357 	-0.0072872237 	0.056519433 	0.97671041
0.0014472362 	-0.0072872237 	0.056519433 	0.97671041
0.0014673367 	-0.0072872237 	0.056519433 	0.97671041
0.0014874372 	-0.0027167241 	0.059044778 	0.96109895
0.0015075377 	-0.0027167241 	0.059044778 	0.96109895
0.0015276382 	0.0018284845 	0.060146642 	0.94449912
0.0015477387 	0.0018284845 	0.060146642 	0.94449912
0.0015678392 	0.0018284845 	0.060146642 	0.94449912
0.0015879397 	0.0058275844 	0.059544235 	0.92843818
0.0016080402 	0.0058275844 	0.059544235 	0.92843818
0.0016281407 	0.0058275844 	0.059544235 	0.92843818
0.0016482412 	0.0088651357 	0.057100786 	0.91412357
0.0016683417 	0.0088651357 	0.057100786 	0.91412357
0.0016884422 	0.010706292 	0.052898204 	0.90221766
0.0017085427 	0.010706292 	0.052898204 	0.90221766
0.0017286432 	0.010706292 	0.052898204 	0.90221766
0.0017487437 	0.011315541 	0.047220079 	0.89285454
0.0017688442 	0.011315541 	0.047220079 	0.89285454
0.0017889447 	0.011315541 	0.047220079 	0.89285454
0.0018090452 	0.010839799 	0.040474008 	0.8857968
0.0018291457 	0.010839799 	0.040474008 	0.8857968
0.0018492462 	0.0095254685 	0.033112828 	0.88062231
0.0018693467 	0.0095254685 	0.033112828 	0.88062231
0.0018894472 	0.0095254685 	0.033112828 	0.88062231
0.0019095477 	0.0076334934 	0.025540502 	0.87686862
0.0019296482 	0.0076334934 	0.025540502 	0.87686862
0.0019497487 	0.0053702064 	0.018072623 	0.87410854
0.0019698492 	0.0053702064 	0.018072623 	0.87410854
0.0019899497 	0.0053702064 	0.018072623 	0.87410854
0.0020100503 	0.0029115019 	0.010936869 	0.87201036
0.0020301508 	0.0029115019 	0.010936869 	0.87201036
0.0020502513 	0.00042351999 	0.0042040665 	0.87035459
0.0020703518 	0.00042351999 	0.0042040665 	0.87035459
0.0020904523 	-0.0019841558 	-0.0021398789 	0.86900796
0.0021105528 	-0.0019841558 	-0.0021398789 	0.86900796
0.0021306533 	-0.0019841558 	-0.0021398789 	0.86900796
0.0021507538 	-0.0042401817 	-0.008159723 	0.86783495
0.0021708543 	-0.0042401817 	-0.008159723 	0.86783495
0.0021909548 	-0.0062961996 	-0.013926969 	0.8666577
0.0022110553 	-0.0062961996 	-0.013926969 	0.8666577
0.0022311558 	-0.0081106856 	-0.019485618 	0.86525775
0.0022512563 	-0.0081106856 	-0.019485618 	0.86525775
0.0022713568 	-0.0096374399 	-0.024829876 	0.86341924
0.0022914573 	-0.0096374399 	-0.024829876 	0.86341924
0.0023115578 	-0.0096374399 	-0.024829876 	0.86341924
0.0023316583 	-0.01084221 	-0.029894462 	0.86099234
0.0023517588 	-0.01084221 	-0.029894462 	0.86099234
0.0023718593 	-0.011698702 	-0.034563962 	0.85793193
0.0023919598 	-0.011698702 	-0.034563962 	0.85793193
0.0024120603 	-0.012183201 	-0.038702758 	0.85429382
0.0024321608 	-0.012183201 	-0.038702758 	0.85429382
0.0024522613 	-0.012275022 	-0.042189247 	0.85018422
0.0024723618 	-0.012275022 	-0.042189247 	0.85018422
0.0024924623 	-0.011962384 	-0.044940976 	0.84570101
0.0025125628 	-0.011962384 	-0.044940976 	0.84570101
0.0025326633 	-0.011257226 	-0.046923286 	0.8409027
0.0025527638 	-0.011257226 	-0.046923286 	0.8409027
0.0025728643 	-0.010215914 	-0.048155312 	0.83581289
0.0025929648 	-0.010215914 	-0.048155312 	0.83581289
0.0026130653 	-0.0089414867 	-0.048721752 	0.83044575
0.0026331658 	-0.0089414867 	-0.048721752 	0.83044575
0.0026532663 	-0.0075655099 	-0.048775331 	0.82482581
0.0026733668 	-0.0075655099 	-0.048775331 	0.82482581
0.0026934673 	-0.0062249705 	-0.048503672 	0.81899716
0.0027135678 	-0.0062249705 	-0.048503672 	0.81899716
0.0027336683 	-0.005035829 	-0.048063706 	0.81302213
0.0027537688 	-0.005035829 	-0.048063706 	0.81302213
0.0027738693 	-0.0040629124 	-0.047513167 	0.80697832
0.0027939698 	-0.0040629124 	-0.047513167 	0.80697832
0.0028140704 	-0.0033197495 	-0.04677679 	0.80097631
0.0028341709 	-0.0033197495 	-0.04677679 	0.80097631
0.0028542714 	-0.0027734495 	-0.045658336 	0.7951739
0.0028743719 	-0.0023639964 	-0.043895417 	0.78978414
0.0028944724 	-0.0023639964 	-0.043895417 	0.78978414
0.0029145729 	-0.0020428207 	-0.041233818 	0.78505363
0.0029346734 	-0.0020428207 	-0.041233818 	0.78505363
0.0029547739 	-0.0017760141 	-0.03750782 	0.78120974
0.0029748744 	-0.0017760141 	-0.03750782 	0.78120974
0.0029949749 	-0.0015261933 	-0.032687694 	0.77838838
0.0030150754 	-0.001236036 	-0.026883832 	0.77656751
0.0030351759 	-0.001236036 	-0.026883832 	0.77656751
0.0030552764 	-0.00086633122 	-0.020301745 	0.77554218
0.0030753769 	-0.00086633122 	-0.020301745 	0.77554218
0.0030954774 	-0.00031801322 	-0.013192625 	0.77494573
0.0031155779 	0.00058286524 	-0.0058019017 	0.77434178
0.0031356784 	0.00058286524 	-0.0058019017 	0.77434178
0.0031557789 	0.0018878116 	0.0016370711 	0.77332035
0.0031758794 	0.0018878116 	0.0016370711 	0.77332035
0.0031959799 	0.003654355 	0.0089355458 	0.77157612
0.0032160804 	0.0060020981 	0.015913438 	0.7689641
0.0032361809 	0.0060020981 	0.015913438 	0.7689641
0.0032562814 	0.0089599572 	0.022380551 	0.76551388
0.0032763819 	0.012463308 	0.028121833 	0.76141094
0.0032964824 	0.012463308 	0.028121833 	0.76141094
0.0033165829 	0.016366018 	0.032879224 	0.75697162
0.0033366834 	0.020445464 	0.036360363 	0.75260372
0.0033567839 	0.020445464 	0.036360363 	0.75260372
0.0033768844 	0.024419546 	0.038269259 	0.74875503
0.0033969849 	0.027974933 	0.038358504 	0.74587323
0.0034170854 	0.027974933 	0.038358504 	0.74587323
0.0034371859 	0.03079093 	0.036499952 	0.74445091
0.0034572864 	0.032557852 	0.032780694 	0.7451793
0.0034773869 	0.033006076 	0.027619107 	0.74902744
0.0034974874 	0.033006076 	0.027619107 	0.74902744
0.0035175879 	0.032036043 	0.021839508 	0.7568243
0.0035376884 	0.029934798 	0.01659616 	0.76815287
0.0035577889 	0.027533771 	0.013072227 	0.78022451
0.0035778894 	0.027533771 	0.013072227 	0.78022451
0.0035979899 	0.026063211 	0.012014521 	0.78802732
0.0036180905 	0.026587187 	0.013347502 	0.78632916
0.003638191 	0.029336593 	0.016127778 	0.77251405
0.0036582915 	0.029336593 	0.016127778 	0.77251405
0.003678392 	0.033403373 	0.018879082 	0.74850158
0.0036984925 	0.03702674 	0.02009363 	0.7206672
0.003718593 	0.038379207 	0.01865146 	0.69763203
0.0037386935 	0.036374787 	0.014033122 	0.68626857
0.003758794 	0.031240731 	0.006395374 	0.68726744
0.0037788945 	0.031240731 	0.006395374 	0.68726744
0.003798995 	0.024459513 	-0.0033131253 	0.69258572
0.0038190955 	0.018051547 	-0.013176492 	0.68658231
0.003839196 	0.013759961 	-0.020344143 	0.65142732
0.0038592965 	0.012209919 	-0.022015457 	0.57600747
0.003879397 	0.012480579 	-0.017593641 	0.46524114
0.0038994975 	0.012562003 	-0.0099479857 	0.34093824
0.003919598 	0.010776973 	-0.0032419018 	0.22785601
0.0039396985 	0.0070980389 	0.00026405764 	0.13822839
0.003959799 	0.0029978634 	0.00084698053 	0.070766354
0.0039798995 	0.00030962777 	7.7282761e-05 	0.019700323
0.004 	0.00030962777 	7.7282761e-05 	0.019700323
