0 	-0.022122622 	-0.046448894 	1.0186527
5.5555625e-05 	-0.039196506 	-0.033368581 	1.0190912
0.00011111111 	-0.041566686 	-0.03030771 	1.0196853
0.00016666667 	-0.041559346 	-0.030167202 	1.0204607
0.00022222222 	-0.040678002 	-0.031073764 	1.0214238
0.00027777778 	-0.039297189 	-0.032362956 	1.0225635
0.00033333333 	-0.037553346 	-0.033720941 	1.0238512
0.00038888889 	-0.035513575 	-0.034973137 	1.025245
0.00044444444 	-0.03322064 	-0.036013968 	1.0266986
0.0005 	-0.030708762 	-0.036778383 	1.0281708
0.00055555556 	-0.028013856 	-0.037228732 	1.0296291
0.00061111111 	-0.025183116 	-0.037346913 	1.0310518
0.00066666667 	-0.022278169 	-0.037125407 	1.0324351
0.00072222222 	-0.019371502 	-0.036554293 	1.0338066
0.00077777778 	-0.016544733 	-0.035612376 	1.0352372
0.00083333333 	-0.01388118 	-0.034269134 	1.0368337
0.00088888889 	-0.011460041 	-0.032489663 	1.0387092
0.00094444444 	-0.0093636139 	-0.030240319 	1.040942
0.001 	-0.0075104468 	-0.027361852 	1.0437249
0.0010617199 	-0.006076257 	-0.02391992 	1.0469272
0.0011225874 	-0.0053546401 	-0.020056581 	1.0500169
0.0011826143 	-0.0054409242 	-0.016079369 	1.0523325
0.0012418122 	-0.0063080762 	-0.012160061 	1.0529569
0.0013001926 	-0.0078255399 	-0.0082462833 	1.0507481
0.0013577668 	-0.0096236583 	-0.0039307972 	1.0447118
0.0014145458 	-0.011218522 	0.0014006308 	1.0348604
0.0014705407 	-0.012296692 	0.0081242872 	1.023037
0.0015257623 	-0.012930541 	0.015993596 	1.0124147
0.0015802213 	-0.013460582 	0.024183143 	1.0053639
0.0016339282 	-0.014197361 	0.031687772 	1.0019429
0.0016868934 	-0.015235674 	0.037692848 	1.00059
0.0017391271 	-0.016432918 	0.041672147 	0.99961929
0.0017906395 	-0.017496125 	0.043360388 	0.99798454
0.0018414404 	-0.018126432 	0.042757163 	0.9953024
0.0018915398 	-0.018119716 	0.040175528 	0.99164699
0.0019409473 	-0.017400705 	0.036197992 	0.98731984
0.0019896725 	-0.015972081 	0.031536265 	0.98267902
0.0020377248 	-0.01387424 	0.026838555 	0.97801711
0.0020851134 	-0.011156921 	0.022605054 	0.97349871
0.0021318476 	-0.0078813624 	0.019116767 	0.96912695
0.0021779364 	-0.0041303192 	0.016426767 	0.96475217
0.0022233887 	-2.1182223e-05 	0.014375229 	0.96012303
0.0022682133 	0.0042653747 	0.012634494 	0.95498792
0.0023124189 	0.0085137714 	0.010774562 	0.94916609
0.0023560139 	0.012509219 	0.0083208063 	0.94258185
0.0023990069 	0.016083185 	0.0048140682 	0.93528942
0.0024414062 	0.019144186 	-0.0001117975 	0.92748747
0.0024832199 	0.021666961 	-0.0065840228 	0.91954076
0.0025244562 	0.023680578 	-0.014361665 	0.91197946
0.002565123 	0.025190715 	-0.02277991 	0.90540953
0.0026052281 	0.026141787 	-0.030926717 	0.90030099
0.0026447794 	0.026470839 	-0.037933143 	0.89678362
0.0026837845 	0.026140846 	-0.043276067 	0.89458094
0.0027222509 	0.025188944 	-0.046921036 	0.89309351
0.0027601861 	0.023742067 	-0.049331098 	0.89152745
0.0027975974 	0.021967585 	-0.051211832 	0.88898832
0.002834492 	0.019974875 	-0.053090795 	0.88453665
0.0028708772 	0.017713484 	-0.054809225 	0.87727344
0.0029067598 	0.014934029 	-0.0553198 	0.86655647
0.0029421469 	0.01128284 	-0.053059501 	0.85237414
0.0029770452 	0.0064964522 	-0.046801572 	0.83563001
0.0030114616 	0.00060909161 	-0.03652511 	0.81797165
0.0030454028 	-0.0059059505 	-0.023682773 	0.80117513
0.0030788752 	-0.01223949 	-0.010547584 	0.78656253
0.0031118853 	-0.017601466 	0.00092460141 	0.77477617
0.0031444395 	-0.021594886 	0.0098176977 	0.76571407
0.0031765442 	-0.024059535 	0.016244647 	0.75865244
0.0032082055 	-0.025100801 	0.020885666 	0.75263223
0.0032394295 	-0.025101523 	0.024413287 	0.74683006
0.0032702223 	-0.024387456 	0.027284874 	0.74074608
0.0033005899 	-0.023225805 	0.029693731 	0.73416503
0.0033305381 	-0.021831192 	0.031612227 	0.72705073
0.0033600727 	-0.020363388 	0.03285416 	0.71942422
0.0033891994 	-0.018930257 	0.033145736 	0.71123339
0.0034179239 	-0.01759264 	0.032207482 	0.70224081
0.0034462517 	-0.016355686 	0.029839093 	0.69199817
0.0034741882 	-0.015175809 	0.025991592 	0.67994356
0.003501739 	-0.01399556 	0.020810189 	0.66558469
0.0035289093 	-0.01277597 	0.014636298 	0.64866927
0.0035557043 	-0.011511521 	0.0079610875 	0.62925827
0.0035821293 	-0.010220757 	0.0013375894 	0.60768227
0.0036081894 	-0.0089366867 	-0.0047140411 	0.58442407
0.0036338895 	-0.0076940392 	-0.0097719109 	0.55998243
0.0036592348 	-0.0065187791 	-0.013541703 	0.5347974
0.00368423 	-0.0054265566 	-0.015850541 	0.50922642
0.00370888 	-0.0044323144 	-0.016650647 	0.48352942
0.0037331896 	-0.0035533811 	-0.016020604 	0.45782092
0.0037571635 	-0.002803871 	-0.014153981 	0.43198471
0.0037808063 	-0.0021897567 	-0.011333822 	0.40559891
0.0038041226 	-0.0017068561 	-0.0079016358 	0.37792812
0.0038271169 	-0.0013408217 	-0.0042307952 	0.34801187
0.0038497936 	-0.0010673365 	-0.00070559951 	0.31483988
0.0038721572 	-0.00085147909 	0.0023007187 	0.27756956
0.0038942119 	-0.00066195403 	0.0044536746 	0.23571948
0.003915962 	-0.00047940875 	0.0054927622 	0.18928611
0.0039374118 	-0.00029767088 	0.0052791436 	0.13874975
0.0039585653 	-0.00013196012 	0.0038504648 	0.084955887
0.0039794267 	-1.8333955e-05 	0.0014622833 	0.02890398
0.004 	-1.8333955e-05 	0.0014622833 	0.02890398
