0 	0.01668659 	-0.0056569434 	1.0333386
2.0100503e-05 	-0.0038091607 	-0.017535601 	1.0216155
4.0201005e-05 	-0.0038091607 	-0.017535601 	1.0216155
6.0301508e-05 	-0.0097268989 	-0.016589022 	1.0096642
8.040201e-05 	-0.0097268989 	-0.016589022 	1.0096642
0.00010050251 	-0.0097268989 	-0.016589022 	1.0096642
0.00012060302 	-0.010769275 	-0.018012481 	0.99835768
0.00014070352 	-0.010769275 	-0.018012481 	0.99835768
0.00016080402 	-0.010769275 	-0.018012481 	0.99835768
0.00018090452 	-0.011642128 	-0.018678992 	0.98860178
0.00020100503 	-0.011642128 	-0.018678992 	0.98860178
0.00022110553 	-0.011642128 	-0.018678992 	0.98860178
0.00024120603 	-0.013068765 	-0.016822869 	0.98099584
0.00026130653 	-0.013068765 	-0.016822869 	0.98099584
0.00028140704 	-0.015046967 	-0.011998084 	0.97546064
0.00030150754 	-0.015046967 	-0.011998084 	0.97546064
0.00032160804 	-0.015046967 	-0.011998084 	0.97546064
0.00034170854 	-0.017205758 	-0.0051115424 	0.97104874
0.00036180905 	-0.017205758 	-0.0051115424 	0.97104874
0.00038190955 	-0.017205758 	-0.0051115424 	0.97104874
0.00040201005 	-0.019057943 	0.0021342952 	0.9662324
0.00042211055 	-0.019057943 	0.0021342952 	0.9662324
0.00044221106 	-0.019057943 	0.0021342952 	0.9662324
0.00046231156 	-0.020251506 	0.0083137011 	0.95974822
0.00048241206 	-0.020251506 	0.0083137011 	0.95974822
0.00050251256 	-0.020708499 	0.01307145 	0.95138173
0.00052261307 	-0.020708499 	0.01307145 	0.95138173
0.00054271357 	-0.020708499 	0.01307145 	0.95138173
0.00056281407 	-0.020665835 	0.016926435 	0.94193862
0.00058291457 	-0.020665835 	0.016926435 	0.94193862
0.00060301508 	-0.020665835 	0.016926435 	0.94193862
0.00062311558 	-0.020593213 	0.020318284 	0.93252408
0.00064321608 	-0.020593213 	0.020318284 	0.93252408
0.00066331658 	-0.020593213 	0.020318284 	0.93252408
0.00068341709 	-0.020970804 	0.023028912 	0.92391772
0.00070351759 	-0.020970804 	0.023028912 	0.92391772
0.00072361809 	-0.022126286 	0.02440209 	0.91650643
0.00074371859 	-0.022126286 	0.02440209 	0.91650643
0.0007638191 	-0.022126286 	0.02440209 	0.91650643
0.0007839196 	-0.024220914 	0.023926037 	0.91047303
0.0008040201 	-0.024220914 	0.023926037 	0.91047303
0.0008241206 	-0.024220914 	0.023926037 	0.91047303
0.00084422111 	-0.027106118 	0.021682816 	0.90574627
0.00086432161 	-0.027106118 	0.021682816 	0.90574627
0.00088442211 	-0.027106118 	0.021682816 	0.90574627
0.00090452261 	-0.030109606 	0.018349681 	0.90184881
0.00092462312 	-0.030109606 	0.018349681 	0.90184881
0.00094472362 	-0.032200861 	0.014619724 	0.89783739
0.00096482412 	-0.032200861 	0.014619724 	0.89783739
0.00098492462 	-0.032200861 	0.014619724 	0.89783739
0.0010050251 	-0.032453884 	0.0097464414 	0.89202363
0.0010251256 	-0.032453884 	0.0097464414 	0.89202363
0.0010452261 	-0.032453884 	0.0097464414 	0.89202363
0.0010653266 	-0.030154404 	0.0012430399 	0.88266845
0.0010854271 	-0.030154404 	0.0012430399 	0.88266845
0.0011055276 	-0.030154404 	0.0012430399 	0.88266845
0.0011256281 	-0.0256977 	-0.013337746 	0.87026293
0.0011457286 	-0.02371893 	-0.020468879 	0.86765969
0.0011658291 	-0.02371893 	-0.020468879 	0.86765969
0.0011859296 	-0.02127324 	-0.040163489 	0.85458442
0.0012060302 	-0.020503489 	-0.032908564 	0.8568522
0.0012261307 	-0.020503489 	-0.032908564 	0.8568522
0.0012462312 	-0.016438197 	-0.052787014 	0.84415328
0.0012663317 	-0.016438197 	-0.052787014 	0.84415328
0.0012864322 	-0.016438197 	-0.052787014 	0.84415328
0.0013065327 	-0.014389694 	-0.069075825 	0.83280548
0.0013266332 	-0.014389694 	-0.069075825 	0.83280548
0.0013467337 	-0.014389694 	-0.069075825 	0.83280548
0.0013668342 	-0.013943229 	-0.080926645 	0.82377663
0.0013869347 	-0.013943229 	-0.080926645 	0.82377663
0.0014070352 	-0.013943229 	-0.080926645 	0.82377663
0.0014271357 	-0.014253867 	-0.088563982 	0.81827448
0.0014472362 	-0.014253867 	-0.088563982 	0.81827448
0.0014673367 	-0.014253867 	-0.088563982 	0.81827448
0.0014874372 	-0.014648952 	-0.091380418 	0.81596315
0.0015075377 	-0.014648952 	-0.091380418 	0.81596315
0.0015276382 	-0.014957672 	-0.088289677 	0.81445976
0.0015477387 	-0.014957672 	-0.088289677 	0.81445976
0.0015678392 	-0.014957672 	-0.088289677 	0.81445976
0.0015879397 	-0.015438103 	-0.07958951 	0.81119139
0.0016080402 	-0.015438103 	-0.07958951 	0.81119139
0.0016281407 	-0.030994293 	-0.078515506 	0.80928272
0.0016482412 	-0.016430885 	-0.067232842 	0.80561851
0.0016683417 	-0.016430885 	-0.067232842 	0.80561851
0.0016884422 	-0.017757613 	-0.052392293 	0.7990129
0.0017085427 	-0.017757613 	-0.052392293 	0.7990129
0.0017286432 	-0.017757613 	-0.052392293 	0.7990129
0.0017487437 	-0.018845315 	-0.034230506 	0.79211711
0.0017688442 	-0.018845315 	-0.034230506 	0.79211711
0.0017889447 	-0.018845315 	-0.034230506 	0.79211711
0.0018090452 	-0.019610415 	-0.012397475 	0.7837651
0.0018291457 	-0.019610415 	-0.012397475 	0.7837651
0.0018492462 	-0.02049676 	0.010832218 	0.7715385
0.0018693467 	-0.02049676 	0.010832218 	0.7715385
0.0018894472 	-0.02049676 	0.010832218 	0.7715385
0.0019095477 	-0.021798234 	0.03188182 	0.75312302
0.0019296482 	-0.021798234 	0.03188182 	0.75312302
0.0019497487 	-0.023493835 	0.048149133 	0.72792573
0.0019698492 	-0.023493835 	0.048149133 	0.72792573
0.0019899497 	-0.025608506 	0.058774718 	0.69865592
0.0020100503 	-0.025608506 	0.058774718 	0.69865592
0.0020301508 	-0.025608506 	0.058774718 	0.69865592
0.0020502513 	-0.028132491 	0.064624579 	0.67099605
0.0020703518 	-0.028132491 	0.064624579 	0.67099605
0.0020904523 	-0.030717893 	0.06759897 	0.65028762
0.0021105528 	-0.030717893 	0.06759897 	0.65028762
0.0021306533 	-0.030717893 	0.06759897 	0.65028762
0.0021507538 	-0.032749176 	0.069554615 	0.63851572
0.0021708543 	-0.032749176 	0.069554615 	0.63851572
0.0021909548 	-0.033701813 	0.071567822 	0.63465964
0.0022110553 	-0.033701813 	0.071567822 	0.63465964
0.0022311558 	-0.033341129 	0.07382977 	0.63692551
0.0022512563 	-0.033341129 	0.07382977 	0.63692551
0.0022713568 	-0.031710547 	0.075900958 	0.64418079
0.0022914573 	-0.031710547 	0.075900958 	0.64418079
0.0023115578 	-0.031710547 	0.075900958 	0.64418079
0.0023316583 	-0.029048991 	0.077052442 	0.6560614
0.0023517588 	-0.029048991 	0.077052442 	0.6560614
0.0023718593 	-0.025704102 	0.076589605 	0.67260109
0.0023919598 	-0.025704102 	0.076589605 	0.67260109
0.0024120603 	-0.022037115 	0.074099467 	0.69391202
0.0024321608 	-0.022037115 	0.074099467 	0.69391202
0.0024522613 	-0.018332627 	0.069628907 	0.71981934
0.0024723618 	-0.018332627 	0.069628907 	0.71981934
0.0024924623 	-0.014734825 	0.063532865 	0.74941621
0.0025125628 	-0.014734825 	0.063532865 	0.74941621
0.0025326633 	-0.011207786 	0.055988407 	0.78085877
0.0025527638 	-0.011207786 	0.055988407 	0.78085877
0.0025728643 	-0.0075390078 	0.046643975 	0.81172532
0.0025929648 	-0.0075390078 	0.046643975 	0.81172532
0.0026130653 	-0.0034228232 	0.034835203 	0.83979459
0.0026331658 	-0.0034228232 	0.034835203 	0.83979459
0.0026532663 	0.0013232993 	0.020234439 	0.86370824
0.0026733668 	0.0013232993 	0.020234439 	0.86370824
0.0026934673 	0.0068556934 	0.0031874349 	0.88308629
0.0027135678 	0.0068556934 	0.0031874349 	0.88308629
0.0027336683 	0.012971391 	-0.015362061 	0.89830323
0.0027537688 	0.012971391 	-0.015362061 	0.89830323
0.0027738693 	0.019027024 	-0.034129477 	0.90990029
0.0027939698 	0.019027024 	-0.034129477 	0.90990029
0.0028140704 	0.024463124 	-0.051815687 	0.91831722
0.0028341709 	0.024463124 	-0.051815687 	0.91831722
0.0028542714 	0.028842435 	-0.067340286 	0.92386737
0.0028743719 	0.031794308 	-0.07996949 	0.9267357
0.0028944724 	0.031794308 	-0.07996949 	0.9267357
0.0029145729 	0.033054913 	-0.089178899 	0.92718684
0.0029346734 	0.033054913 	-0.089178899 	0.92718684
0.0029547739 	0.032557256 	-0.094773237 	0.92592962
0.0029748744 	0.032557256 	-0.094773237 	0.92592962
0.0029949749 	0.030483304 	-0.097119143 	0.92417808
0.0030150754 	0.027267793 	-0.097124104 	0.92324444
0.0030351759 	0.027267793 	-0.097124104 	0.92324444
0.0030552764 	0.02351868 	-0.095923317 	0.92391617
0.0030753769 	0.02351868 	-0.095923317 	0.92391617
0.0030954774 	0.019851741 	-0.094423238 	0.92604816
0.0031155779 	0.0167067 	-0.092961585 	0.9285921
0.0031356784 	0.0167067 	-0.092961585 	0.9285921
0.0031557789 	0.014251582 	-0.091290557 	0.93002946
0.0031758794 	0.014251582 	-0.091290557 	0.93002946
0.0031959799 	0.012424017 	-0.088821338 	0.9289869
0.0032160804 	0.011059582 	-0.084957376 	0.92475337
0.0032361809 	0.011059582 	-0.084957376 	0.92475337
0.0032562814 	0.01002467 	-0.079339146 	0.91748725
0.0032763819 	0.0092924948 	-0.071931201 	0.90806197
0.0032964824 	0.0092924948 	-0.071931201 	0.90806197
0.0033165829 	0.0089373842 	-0.062999122 	0.89766092
0.0033366834 	0.0090617058 	-0.053082697 	0.88732533
0.0033567839 	0.0090617058 	-0.053082697 	0.88732533
0.0033768844 	0.0096971284 	-0.043059778 	0.87763489
0.0033969849 	0.010702248 	-0.034266248 	0.86858456
0.0034170854 	0.010702248 	-0.034266248 	0.86858456
0.0034371859 	0.011729613 	-0.028472039 	0.85972723
0.0034572864 	0.012300132 	-0.027495854 	0.85039705
0.0034773869 	0.01196015 	-0.032452927 	0.83989625
0.0034974874 	0.01196015 	-0.032452927 	0.83989625
0.0035175879 	0.010482924 	-0.043024779 	0.82756147
0.0035376884 	0.0079950304 	-0.057317751 	0.81286241
0.0035577889 	0.0049451451 	-0.072521797 	0.79567913
0.0035778894 	0.0049451451 	-0.072521797 	0.79567913
0.0035979899 	0.0019369492 	-0.085884906 	0.7765624
0.0036180905 	-0.00046050302 	-0.095340474 	0.75665526
0.003638191 	-0.0019035768 	-0.099653417 	0.73727199
0.0036582915 	-0.0019035768 	-0.099653417 	0.73727199
0.003678392 	-0.0023190341 	-0.098372792 	0.71944638
0.0036984925 	-0.0018445234 	-0.091771319 	0.70365525
0.003718593 	-0.00077657191 	-0.08074336 	0.68968094
0.0037386935 	0.00052430362 	-0.066623569 	0.67649246
0.003758794 	0.0017321718 	-0.050954189 	0.66214597
0.0037788945 	0.0017321718 	-0.050954189 	0.66214597
0.003798995 	0.0026147564 	-0.035251373 	0.64383795
0.0038190955 	0.0030533951 	-0.020816082 	0.61823992
0.003839196 	0.0030438699 	-0.0086186663 	0.58212253
0.0038592965 	0.0026627374 	0.00074150915 	0.53311314
0.003879397 	0.0020439013 	0.0070257763 	0.47042037
0.0038994975 	0.001344216 	0.010289727 	0.39529696
0.003919598 	0.00071353038 	0.010815722 	0.31100538
0.0039396985 	0.00026510037 	0.0090615466 	0.22196496
0.003959799 	3.5932997e-05 	0.0056649255 	0.1321852
0.0039798995 	-8.0608371e-06 	0.0015860767 	0.043808056
0.004 	-8.0608371e-06 	0.0015860767 	0.043808056
