0 	-0.0012231349 	0.026098685 	1.052306
2.0100503e-05 	0.030176712 	0.00091457545 	1.0448576
4.0201005e-05 	0.030176712 	0.00091457545 	1.0448576
6.0301508e-05 	0.030319007 	-0.01469083 	1.0372096
8.040201e-05 	0.030319007 	-0.01469083 	1.0372096
0.00010050251 	0.030319007 	-0.01469083 	1.0372096
0.00012060302 	0.030254333 	-0.020082501 	1.029467
0.00014070352 	0.030254333 	-0.020082501 	1.029467
0.00016080402 	0.030254333 	-0.020082501 	1.029467
0.00018090452 	0.030370322 	-0.022492588 	1.0217707
0.00020100503 	0.030370322 	-0.022492588 	1.0217707
0.00022110553 	0.030370322 	-0.022492588 	1.0217707
0.00024120603 	0.030402748 	-0.022728137 	1.0142414
0.00026130653 	0.030402748 	-0.022728137 	1.0142414
0.00028140704 	0.030374644 	-0.020814726 	1.0069266
0.00030150754 	0.030374644 	-0.020814726 	1.0069266
0.00032160804 	0.030374644 	-0.020814726 	1.0069266
0.00034170854 	0.030428351 	-0.016719045 	0.99979601
0.00036180905 	0.030428351 	-0.016719045 	0.99979601
0.00038190955 	0.030428351 	-0.016719045 	0.99979601
0.00040201005 	0.030741051 	-0.010608034 	0.99282635
0.00042211055 	0.030741051 	-0.010608034 	0.99282635
0.00044221106 	0.030741051 	-0.010608034 	0.99282635
0.00046231156 	0.031458958 	-0.0030553727 	0.98613285
0.00048241206 	0.031458958 	-0.0030553727 	0.98613285
0.00050251256 	0.032640529 	0.0048646098 	0.98000959
0.00052261307 	0.032640529 	0.0048646098 	0.98000959
0.00054271357 	0.032640529 	0.0048646098 	0.98000959
0.00056281407 	0.034224021 	0.011717694 	0.97483342
0.00058291457 	0.034224021 	0.011717694 	0.97483342
0.00060301508 	0.034224021 	0.011717694 	0.97483342
0.00062311558 	0.036029694 	0.016113045 	0.97098315
0.00064321608 	0.036029694 	0.016113045 	0.97098315
0.00066331658 	0.036029694 	0.016113045 	0.97098315
0.00068341709 	0.037788953 	0.017193071 	0.9688197
0.00070351759 	0.037788953 	0.017193071 	0.9688197
0.00072361809 	0.039188495 	0.01498256 	0.96851523
0.00074371859 	0.039188495 	0.01498256 	0.96851523
0.0007638191 	0.039188495 	0.01498256 	0.96851523
0.0007839196 	0.039928747 	0.010402913 	0.96963155
0.0008040201 	0.039928747 	0.010402913 	0.96963155
0.0008241206 	0.039928747 	0.010402913 	0.96963155
0.00084422111 	0.039793291 	0.0049013329 	0.97081704
0.00086432161 	0.039793291 	0.0049013329 	0.97081704
0.00088442211 	0.039793291 	0.0049013329 	0.97081704
0.00090452261 	0.038697602 	-0.00012956689 	0.97013709
0.00092462312 	0.038697602 	-0.00012956689 	0.97013709
0.00094472362 	0.036808348 	-0.0038929997 	0.96582687
0.00096482412 	0.036808348 	-0.0038929997 	0.96582687
0.00098492462 	0.036808348 	-0.0038929997 	0.96582687
0.0010050251 	0.032723259 	-0.0081220181 	0.96039861
0.0010251256 	0.032723259 	-0.0081220181 	0.96039861
0.0010452261 	0.034278195 	-0.0061168676 	0.95611885
0.0010653266 	0.031358873 	-0.006896531 	0.9406689
0.0010854271 	0.031358873 	-0.006896531 	0.9406689
0.0011055276 	0.031358873 	-0.006896531 	0.9406689
0.0011256281 	0.028231071 	-0.007337004 	0.92261738
0.0011457286 	0.028231071 	-0.007337004 	0.92261738
0.0011658291 	0.026395026 	-0.0087768575 	0.92669667
0.0011859296 	0.023039292 	-0.0098296357 	0.90854508
0.0012060302 	0.024864149 	-0.008379256 	0.90439262
0.0012261307 	0.024864149 	-0.008379256 	0.90439262
0.0012462312 	0.021587133 	-0.0097303261 	0.88687314
0.0012663317 	0.021587133 	-0.0097303261 	0.88687314
0.0012864322 	0.021587133 	-0.0097303261 	0.88687314
0.0013065327 	0.01873376 	-0.010064808 	0.87082261
0.0013266332 	0.01873376 	-0.010064808 	0.87082261
0.0013467337 	0.01873376 	-0.010064808 	0.87082261
0.0013668342 	0.016304432 	-0.0077723235 	0.85831891
0.0013869347 	0.016304432 	-0.0077723235 	0.85831891
0.0014070352 	0.016304432 	-0.0077723235 	0.85831891
0.0014271357 	0.013805621 	-0.0022748528 	0.85056421
0.0014472362 	0.013805621 	-0.0022748528 	0.85056421
0.0014673367 	0.013805621 	-0.0022748528 	0.85056421
0.0014874372 	0.010663646 	0.00468584 	0.84545863
0.0015075377 	0.010663646 	0.00468584 	0.84545863
0.0015276382 	0.01351235 	0.0038184859 	0.84640183
0.0015477387 	0.0071609874 	0.010443542 	0.83976745
0.0015678392 	0.0071609874 	0.010443542 	0.83976745
0.0015879397 	0.0047856925 	0.01507335 	0.83247532
0.0016080402 	0.0047856925 	0.01507335 	0.83247532
0.0016281407 	0.01316942 	0.0053755551 	0.84211835
0.0016482412 	0.0044585201 	0.021413175 	0.82428101
0.0016683417 	0.0044585201 	0.021413175 	0.82428101
0.0016884422 	0.0053758306 	0.031413506 	0.81582035
0.0017085427 	0.0053758306 	0.031413506 	0.81582035
0.0017286432 	0.0053758306 	0.031413506 	0.81582035
0.0017487437 	0.0059449524 	0.044072617 	0.8070558
0.0017688442 	0.0059449524 	0.044072617 	0.8070558
0.0017889447 	0.0059449524 	0.044072617 	0.8070558
0.0018090452 	0.0047702877 	0.056576504 	0.79796439
0.0018291457 	0.0047702877 	0.056576504 	0.79796439
0.0018492462 	0.0013476539 	0.06648026 	0.78903024
0.0018693467 	0.0013476539 	0.06648026 	0.78903024
0.0018894472 	0.0013476539 	0.06648026 	0.78903024
0.0019095477 	-0.0039695848 	0.072613798 	0.78125595
0.0019296482 	-0.0039695848 	0.072613798 	0.78125595
0.0019497487 	-0.010239003 	0.07466895 	0.77593544
0.0019698492 	-0.010239003 	0.07466895 	0.77593544
0.0019899497 	-0.016548188 	0.072640343 	0.77402623
0.0020100503 	-0.016548188 	0.072640343 	0.77402623
0.0020301508 	-0.016548188 	0.072640343 	0.77402623
0.0020502513 	-0.022115886 	0.066881686 	0.77552585
0.0020703518 	-0.022115886 	0.066881686 	0.77552585
0.0020904523 	-0.026326883 	0.058160282 	0.77946835
0.0021105528 	-0.026326883 	0.058160282 	0.77946835
0.0021306533 	-0.026326883 	0.058160282 	0.77946835
0.0021507538 	-0.029070089 	0.047539569 	0.78437412
0.0021708543 	-0.029070089 	0.047539569 	0.78437412
0.0021909548 	-0.030617438 	0.036169442 	0.78890525
0.0022110553 	-0.030617438 	0.036169442 	0.78890525
0.0022311558 	-0.031316361 	0.02534754 	0.7928031
0.0022512563 	-0.031316361 	0.02534754 	0.7928031
0.0022713568 	-0.031589593 	0.016507738 	0.7970266
0.0022914573 	-0.031589593 	0.016507738 	0.7970266
0.0023115578 	-0.031589593 	0.016507738 	0.7970266
0.0023316583 	-0.032095095 	0.010803922 	0.80244644
0.0023517588 	-0.032095095 	0.010803922 	0.80244644
0.0023718593 	-0.033449942 	0.0083262909 	0.80884266
0.0023919598 	-0.033449942 	0.0083262909 	0.80884266
0.0024120603 	-0.035751658 	0.0078765078 	0.8157285
0.0024321608 	-0.035751658 	0.0078765078 	0.8157285
0.0024522613 	-0.038612555 	0.0078836228 	0.82318687
0.0024723618 	-0.038612555 	0.0078836228 	0.82318687
0.0024924623 	-0.041440964 	0.0073053818 	0.83163903
0.0025125628 	-0.041440964 	0.0073053818 	0.83163903
0.0025326633 	-0.043719268 	0.0057635943 	0.84126412
0.0025527638 	-0.043719268 	0.0057635943 	0.84126412
0.0025728643 	-0.045294353 	0.0032592061 	0.8518701
0.0025929648 	-0.045294353 	0.0032592061 	0.8518701
0.0026130653 	-0.046170467 	-4.544708e-05 	0.86308385
0.0026331658 	-0.046170467 	-4.544708e-05 	0.86308385
0.0026532663 	-0.046364147 	-0.0039221461 	0.87451735
0.0026733668 	-0.046364147 	-0.0039221461 	0.87451735
0.0026934673 	-0.04592953 	-0.0081386448 	0.8858024
0.0027135678 	-0.04592953 	-0.0081386448 	0.8858024
0.0027336683 	-0.044914228 	-0.012491032 	0.89658697
0.0027537688 	-0.044914228 	-0.012491032 	0.89658697
0.0027738693 	-0.043376615 	-0.016835309 	0.90654933
0.0027939698 	-0.043376615 	-0.016835309 	0.90654933
0.0028140704 	-0.041376335 	-0.021078323 	0.91542884
0.0028341709 	-0.041376335 	-0.021078323 	0.91542884
0.0028542714 	-0.038958039 	-0.025161296 	0.92305151
0.0028743719 	-0.036146503 	-0.029023879 	0.92932004
0.0028944724 	-0.036146503 	-0.029023879 	0.92932004
0.0029145729 	-0.032958066 	-0.032582662 	0.93420341
0.0029346734 	-0.032958066 	-0.032582662 	0.93420341
0.0029547739 	-0.029399942 	-0.035720617 	0.93771729
0.0029748744 	-0.029399942 	-0.035720617 	0.93771729
0.0029949749 	-0.025480146 	-0.038287236 	0.93989748
0.0030150754 	-0.021219086 	-0.040128876 	0.94077761
0.0030351759 	-0.021219086 	-0.040128876 	0.94077761
0.0030552764 	-0.016654047 	-0.041110229 	0.94037295
0.0030753769 	-0.016654047 	-0.041110229 	0.94037295
0.0030954774 	-0.01184846 	-0.041147979 	0.93867774
0.0031155779 	-0.0069008856 	-0.040236074 	0.93568691
0.0031356784 	-0.0069008856 	-0.040236074 	0.93568691
0.0031557789 	-0.0019500468 	-0.03845674 	0.93142993
0.0031758794 	-0.0019500468 	-0.03845674 	0.93142993
0.0031959799 	0.002849425 	-0.035976591 	0.92601523
0.0032160804 	0.0073361047 	-0.033031449 	0.91966124
0.0032361809 	0.0073361047 	-0.033031449 	0.91966124
0.0032562814 	0.011348399 	-0.029891522 	0.91270132
0.0032763819 	0.014751641 	-0.026827193 	0.90555055
0.0032964824 	0.014751641 	-0.026827193 	0.90555055
0.0033165829 	0.01744762 	-0.024076294 	0.89865282
0.0033366834 	0.019384944 	-0.021823336 	0.89240989
0.0033567839 	0.019384944 	-0.021823336 	0.89240989
0.0033768844 	0.020563134 	-0.020186563 	0.88710497
0.0033969849 	0.021035562 	-0.019209244 	0.8828328
0.0034170854 	0.021035562 	-0.019209244 	0.8828328
0.0034371859 	0.020909008 	-0.018853981 	0.87944938
0.0034572864 	0.02033737 	-0.019007471 	0.87655895
0.0034773869 	0.019506949 	-0.019492852 	0.8735494
0.0034974874 	0.019506949 	-0.019492852 	0.8735494
0.0035175879 	0.018612727 	-0.020098468 	0.86967517
0.0035376884 	0.017830345 	-0.020618481 	0.86417073
0.0035577889 	0.017288237 	-0.020892859 	0.85636859
0.0035778894 	0.017288237 	-0.020892859 	0.85636859
0.0035979899 	0.017045512 	-0.020842365 	0.84579551
0.0036180905 	0.017079474 	-0.020493859 	0.83222797
0.003638191 	0.017285242 	-0.019993779 	0.81569487
0.0036582915 	0.017285242 	-0.019993779 	0.81569487
0.003678392 	0.017488273 	-0.019609695 	0.79641967
0.0036984925 	0.017471436 	-0.019716006 	0.77469664
0.003718593 	0.017017735 	-0.020750371 	0.75070037
0.0037386935 	0.015967301 	-0.023112371 	0.72424284
0.003758794 	0.014277824 	-0.026977653 	0.69453634
0.0037788945 	0.014277824 	-0.026977653 	0.69453634
0.003798995 	0.012062337 	-0.032061576 	0.66010159
0.0038190955 	0.0095739644 	-0.037479813 	0.61899989
0.003839196 	0.0071265317 	-0.041893253 	0.56943784
0.0038592965 	0.0049843274 	-0.043967115 	0.51050349
0.003879397 	0.003282159 	-0.042908372 	0.44261058
0.0038994975 	0.0020207092 	-0.038731541 	0.36739894
0.003919598 	0.0011257492 	-0.032093432 	0.28722583
0.0039396985 	0.00051846308 	-0.023852342 	0.2045858
0.003959799 	0.00015111928 	-0.01467783 	0.12167016
0.0039798995 	4.0501095e-06 	-0.0049570174 	0.040055993
0.004 	4.0501095e-06 	-0.0049570174 	0.040055993
