0 	-6.8770377e-05 	0.023480015 	0.93666837
2.0100503e-05 	-6.8770377e-05 	0.023480015 	0.93666837
4.0201005e-05 	-6.8770377e-05 	0.023480015 	0.93666837
6.0301508e-05 	-0.0098308297 	0.019931002 	0.93838215
8.040201e-05 	-0.0098308297 	0.019931002 	0.93838215
0.00010050251 	-0.0098308297 	0.019931002 	0.93838215
0.00012060302 	-0.010843388 	0.017844581 	0.94082318
0.00014070352 	-0.010843388 	0.017844581 	0.94082318
0.00016080402 	-0.010843388 	0.017844581 	0.94082318
0.00018090452 	-0.016827036 	0.013870874 	0.94865517
0.00020100503 	-0.016827036 	0.013870874 	0.94865517
0.00022110553 	-0.016827036 	0.013870874 	0.94865517
0.00024120603 	-0.0092178406 	0.015999572 	0.94845256
0.00026130653 	-0.0092178406 	0.015999572 	0.94845256
0.00028140704 	-0.0084048774 	0.015418893 	0.95353708
0.00030150754 	-0.012997806 	0.013864549 	0.95817476
0.00032160804 	-0.012997806 	0.013864549 	0.95817476
0.00034170854 	-0.012103223 	0.013530219 	0.9631917
0.00036180905 	-0.012103223 	0.013530219 	0.9631917
0.00038190955 	-0.012103223 	0.013530219 	0.9631917
0.00040201005 	-0.00816224 	0.014681436 	0.9643646
0.00042211055 	-0.00816224 	0.014681436 	0.9643646
0.00044221106 	-0.00816224 	0.014681436 	0.9643646
0.00046231156 	-0.0089468457 	0.014549059 	0.96897124
0.00048241206 	-0.0089468457 	0.014549059 	0.96897124
0.00050251256 	-0.010464734 	0.014259024 	0.97223772
0.00052261307 	-0.010464734 	0.014259024 	0.97223772
0.00054271357 	-0.010464734 	0.014259024 	0.97223772
0.00056281407 	-0.012779206 	0.013173395 	0.97366456
0.00058291457 	-0.012779206 	0.013173395 	0.97366456
0.00060301508 	-0.012779206 	0.013173395 	0.97366456
0.00062311558 	-0.019515636 	0.007486959 	0.97468485
0.00064321608 	-0.019515636 	0.007486959 	0.97468485
0.00066331658 	-0.019515636 	0.007486959 	0.97468485
0.00068341709 	-0.023108707 	0.0021165571 	0.97278016
0.00070351759 	-0.023108707 	0.0021165571 	0.97278016
0.00072361809 	-0.026772305 	-0.0053305233 	0.9709596
0.00074371859 	-0.026772305 	-0.0053305233 	0.9709596
0.0007638191 	-0.023076619 	-0.0018000519 	0.96939747
0.0007839196 	-0.026500039 	-0.0105973 	0.96960661
0.0008040201 	-0.026500039 	-0.0105973 	0.96960661
0.0008241206 	-0.026500039 	-0.0105973 	0.96960661
0.00084422111 	-0.032701607 	-0.022312633 	0.9743844
0.00086432161 	-0.032701607 	-0.022312633 	0.9743844
0.00088442211 	-0.032701607 	-0.022312633 	0.9743844
0.00090452261 	-0.031287716 	-0.02726789 	0.98202529
0.00092462312 	-0.031287716 	-0.02726789 	0.98202529
0.00094472362 	-0.032630012 	-0.032811765 	0.99346505
0.00096482412 	-0.032630012 	-0.032811765 	0.99346505
0.00098492462 	-0.032630012 	-0.032811765 	0.99346505
0.0010050251 	-0.035561237 	-0.036346605 	1.0032388
0.0010251256 	-0.035561237 	-0.036346605 	1.0032388
0.0010452261 	-0.035561237 	-0.036346605 	1.0032388
0.0010653266 	-0.036215522 	-0.037093061 	1.0127687
0.0010854271 	-0.036215522 	-0.037093061 	1.0127687
0.0011055276 	-0.035849712 	-0.036986988 	1.0162949
0.0011256281 	-0.03903398 	-0.036611038 	1.021421
0.0011457286 	-0.03903398 	-0.036611038 	1.021421
0.0011658291 	-0.037626453 	-0.037115272 	1.0180222
0.0011859296 	-0.039833645 	-0.037485941 	1.0192337
0.0012060302 	-0.039833645 	-0.037485941 	1.0192337
0.0012261307 	-0.042992547 	-0.03670359 	1.0218486
0.0012462312 	-0.046841106 	-0.038599482 	1.0197406
0.0012663317 	-0.046841106 	-0.038599482 	1.0197406
0.0012864322 	-0.042142733 	-0.039122794 	1.0181659
0.0013065327 	-0.043634512 	-0.04185173 	1.0167796
0.0013266332 	-0.043634512 	-0.04185173 	1.0167796
0.0013467337 	-0.043634512 	-0.04185173 	1.0167796
0.0013668342 	-0.043359077 	-0.044326413 	1.0158648
0.0013869347 	-0.043359077 	-0.044326413 	1.0158648
0.0014070352 	-0.043359077 	-0.044326413 	1.0158648
0.0014271357 	-0.040674293 	-0.044715932 	1.0146297
0.0014472362 	-0.040674293 	-0.044715932 	1.0146297
0.0014673367 	-0.040674293 	-0.044715932 	1.0146297
0.0014874372 	-0.035227586 	-0.042110759 	1.0112676
0.0015075377 	-0.035227586 	-0.042110759 	1.0112676
0.0015276382 	-0.026470192 	-0.037529868 	1.0035856
0.0015477387 	-0.026470192 	-0.037529868 	1.0035856
0.0015678392 	-0.026470192 	-0.037529868 	1.0035856
0.0015879397 	-0.014022226 	-0.03329167 	0.99107447
0.0016080402 	-0.014022226 	-0.03329167 	0.99107447
0.0016281407 	-0.014022226 	-0.03329167 	0.99107447
0.0016482412 	0.0012891698 	-0.03060936 	0.97742868
0.0016683417 	0.0012891698 	-0.03060936 	0.97742868
0.0016884422 	0.016384074 	-0.028511317 	0.96652139
0.0017085427 	0.016384074 	-0.028511317 	0.96652139
0.0017286432 	0.016384074 	-0.028511317 	0.96652139
0.0017487437 	0.029057332 	-0.025880399 	0.95885938
0.0017688442 	0.029057332 	-0.025880399 	0.95885938
0.0017889447 	0.029057332 	-0.025880399 	0.95885938
0.0018090452 	0.03911569 	-0.022004118 	0.95422684
0.0018291457 	0.03911569 	-0.022004118 	0.95422684
0.0018492462 	0.046305117 	-0.017222776 	0.95163198
0.0018693467 	0.046305117 	-0.017222776 	0.95163198
0.0018894472 	0.046305117 	-0.017222776 	0.95163198
0.0019095477 	0.050568228 	-0.012243526 	0.9500531
0.0019296482 	0.050568228 	-0.012243526 	0.9500531
0.0019497487 	0.05200926 	-0.0078867499 	0.94892321
0.0019698492 	0.05200926 	-0.0078867499 	0.94892321
0.0019899497 	0.050546729 	-0.0050228162 	0.94825639
0.0020100503 	0.050546729 	-0.0050228162 	0.94825639
0.0020301508 	0.050546729 	-0.0050228162 	0.94825639
0.0020502513 	0.045975925 	-0.004408108 	0.94840484
0.0020703518 	0.045975925 	-0.004408108 	0.94840484
0.0020904523 	0.038474389 	-0.006381986 	0.94957036
0.0021105528 	0.038474389 	-0.006381986 	0.94957036
0.0021306533 	0.038474389 	-0.006381986 	0.94957036
0.0021507538 	0.028883963 	-0.010567892 	0.95103948
0.0021708543 	0.028883963 	-0.010567892 	0.95103948
0.0021909548 	0.018822413 	-0.015229748 	0.95034404
0.0022110553 	0.018822413 	-0.015229748 	0.95034404
0.0022311558 	0.010221033 	-0.01764304 	0.94350285
0.0022512563 	0.010221033 	-0.01764304 	0.94350285
0.0022713568 	0.0043308139 	-0.015987926 	0.92777677
0.0022914573 	0.0043308139 	-0.015987926 	0.92777677
0.0023115578 	0.0043308139 	-0.015987926 	0.92777677
0.0023316583 	0.00098174628 	-0.01084473 	0.90511001
0.0023517588 	0.00098174628 	-0.01084473 	0.90511001
0.0023718593 	-0.00086635113 	-0.0042439552 	0.88130688
0.0023919598 	-0.00086635113 	-0.0042439552 	0.88130688
0.0024120603 	-0.0020896321 	0.002181154 	0.8605933
0.0024321608 	-0.0020896321 	0.002181154 	0.8605933
0.0024522613 	-0.0032245549 	0.0077427572 	0.84216914
0.0024723618 	-0.0032245549 	0.0077427572 	0.84216914
0.0024924623 	-0.0046623096 	0.012458293 	0.82267957
0.0025125628 	-0.0046623096 	0.012458293 	0.82267957
0.0025326633 	-0.0065875285 	0.016964842 	0.80051394
0.0025527638 	-0.0065875285 	0.016964842 	0.80051394
0.0025728643 	-0.0089135197 	0.022222805 	0.77693113
0.0025929648 	-0.0089135197 	0.022222805 	0.77693113
0.0026130653 	-0.011489295 	0.028944673 	0.75406896
0.0026331658 	-0.011489295 	0.028944673 	0.75406896
0.0026532663 	-0.014191932 	0.03752023 	0.73318344
0.0026733668 	-0.014191932 	0.03752023 	0.73318344
0.0026934673 	-0.016766825 	0.04816886 	0.71462904
0.0027135678 	-0.016766825 	0.04816886 	0.71462904
0.0027336683 	-0.018714265 	0.060682078 	0.69838902
0.0027537688 	-0.018714265 	0.060682078 	0.69838902
0.0027738693 	-0.019331363 	0.073815071 	0.68416258
0.0027939698 	-0.019331363 	0.073815071 	0.68416258
0.0028140704 	-0.017968171 	0.085270655 	0.67158714
0.0028341709 	-0.017968171 	0.085270655 	0.67158714
0.0028542714 	-0.014401657 	0.09264044 	0.66098296
0.0028743719 	-0.008991478 	0.094497446 	0.65360971
0.0028944724 	-0.008991478 	0.094497446 	0.65360971
0.0029145729 	-0.0024476829 	0.090812067 	0.65085004
0.0029346734 	-0.0024476829 	0.090812067 	0.65085004
0.0029547739 	0.0044977043 	0.082606822 	0.65323039
0.0029748744 	0.0044977043 	0.082606822 	0.65323039
0.0029949749 	0.011306346 	0.071329102 	0.66023407
0.0030150754 	0.017636388 	0.058311446 	0.6707459
0.0030351759 	0.017636388 	0.058311446 	0.6707459
0.0030552764 	0.023257452 	0.044521176 	0.68356656
0.0030753769 	0.023257452 	0.044521176 	0.68356656
0.0030954774 	0.027993129 	0.030555187 	0.69765547
0.0031155779 	0.031673005 	0.016771912 	0.71213475
0.0031356784 	0.031673005 	0.016771912 	0.71213475
0.0031557789 	0.034155597 	0.0034347893 	0.72622722
0.0031758794 	0.034155597 	0.0034347893 	0.72622722
0.0031959799 	0.035488945 	-0.0091924703 	0.73920647
0.0032160804 	0.035811478 	-0.02085624 	0.75050332
0.0032361809 	0.035811478 	-0.02085624 	0.75050332
0.0032562814 	0.035170554 	-0.031345243 	0.75977422
0.0032763819 	0.033702365 	-0.040494305 	0.76705035
0.0032964824 	0.033702365 	-0.040494305 	0.76705035
0.0033165829 	0.031651902 	-0.048204193 	0.77278208
0.0033366834 	0.029251391 	-0.054415912 	0.77772951
0.0033567839 	0.029251391 	-0.054415912 	0.77772951
0.0033768844 	0.026670748 	-0.059108607 	0.78273468
0.0033969849 	0.024022475 	-0.062352057 	0.78842233
0.0034170854 	0.024022475 	-0.062352057 	0.78842233
0.0034371859 	0.021379905 	-0.064402726 	0.79493939
0.0034572864 	0.018807267 	-0.065758767 	0.80187058
0.0034773869 	0.01638753 	-0.067096548 	0.80838996
0.0034974874 	0.01638753 	-0.067096548 	0.80838996
0.0035175879 	0.014227346 	-0.069065838 	0.81355666
0.0035376884 	0.012426934 	-0.072050441 	0.81657659
0.0035577889 	0.011035569 	-0.076050037 	0.81691104
0.0035778894 	0.011035569 	-0.076050037 	0.81691104
0.0035979899 	0.010025031 	-0.08076025 	0.81422935
0.0036180905 	0.0092951811 	-0.085759282 	0.80828
0.003638191 	0.0087091087 	-0.090659733 	0.79876449
0.0036582915 	0.0087091087 	-0.090659733 	0.79876449
0.003678392 	0.0081415441 	-0.095102571 	0.78528501
0.0036984925 	0.0075132657 	-0.09858286 	0.76739635
0.003718593 	0.0067966947 	-0.10031061 	0.74471374
0.0037386935 	0.0059990862 	-0.099315114 	0.71694406
0.003758794 	0.0051438719 	-0.094865393 	0.68374976
0.0037788945 	0.0051438719 	-0.094865393 	0.68374976
0.003798995 	0.0042654271 	-0.086928878 	0.64459611
0.0038190955 	0.0034035135 	-0.076241548 	0.59889709
0.003839196 	0.0025868847 	-0.063909222 	0.54645043
0.0038592965 	0.0018275444 	-0.050961648 	0.48766677
0.003879397 	0.0011431595 	-0.038264351 	0.42327785
0.0038994975 	0.0005795089 	-0.026678412 	0.35391267
0.003919598 	0.0001956636 	-0.017069636 	0.28007314
0.0039396985 	1.3664831e-05 	-0.010008182 	0.20245035
0.003959799 	-1.4726703e-05 	-0.0053569922 	0.12213927
0.0039798995 	7.2007027e-06 	-0.0020223201 	0.0406171
0.004 	7.2007027e-06 	-0.0020223201 	0.0406171
