0 	-0.05575231 	-0.09749528 	0.99619429
5.5555556e-05 	-0.063184814 	0.094693696 	0.98532878
0.00011111111 	-0.050270863 	0.10159798 	0.98169585
0.00016666667 	-0.043651676 	0.10332986 	0.9794725
0.00022222222 	-0.039532609 	0.10309616 	0.97867032
0.00027777778 	-0.036771061 	0.10183745 	0.97914576
0.00033333333 	-0.034893332 	0.10004469 	0.98060297
0.00038888889 	-0.033646347 	0.098056318 	0.98263063
0.00044444444 	-0.032875615 	0.096121269 	0.98476072
0.0005 	-0.032488105 	0.094402013 	0.98654227
0.00055555556 	-0.032441431 	0.092966269 	0.98761934
0.00061111111 	-0.032738461 	0.091779804 	0.98779971
0.00066666667 	-0.033417489 	0.090715945 	0.98708772
0.00072222222 	-0.034533182 	0.089588496 	0.98566171
0.00077777778 	-0.036121596 	0.088204025 	0.98378975
0.00083333333 	-0.038177559 	0.086426525 	0.98171697
0.00088888889 	-0.040666001 	0.084219062 	0.97958737
0.00094444444 	-0.043435575 	0.081645982 	0.97743228
0.001 	-0.046470726 	0.078733181 	0.97504098
0.0010617451 	-0.049989731 	0.075543004 	0.97204766
0.0011226367 	-0.052759554 	0.072903732 	0.96922606
0.0011826866 	-0.054962796 	0.070785349 	0.96631687
0.0012419064 	-0.056119119 	0.069151734 	0.96337343
0.0013003077 	-0.056228063 	0.067681772 	0.96029821
0.0013579017 	-0.055221 	0.065998968 	0.95695854
0.0014146996 	-0.053193321 	0.063850158 	0.95317441
0.0014707124 	-0.050282499 	0.061145141 	0.94881231
0.0015259509 	-0.046708814 	0.057884884 	0.94392048
0.001580426 	-0.042744955 	0.054095928 	0.93873289
0.001634148 	-0.038612271 	0.049823507 	0.93363743
0.0016871274 	-0.034584629 	0.045147062 	0.92903047
0.0017393745 	-0.030792885 	0.040200019 	0.92525781
0.0017908994 	-0.027195342 	0.035094684 	0.92246006
0.0018417121 	-0.023794366 	0.02991789 	0.92059646
0.0018918224 	-0.02069547 	0.024665618 	0.91953467
0.0019412401 	-0.017944908 	0.019329597 	0.91908371
0.0019899746 	-0.015489017 	0.013889139 	0.91916087
0.0020380356 	-0.013356262 	0.0083254583 	0.91971
0.0020854322 	-0.011627509 	0.0026522528 	0.92068786
0.0021321736 	-0.010285142 	-0.0030406933 	0.92206064
0.002178269 	-0.0092769509 	-0.008651604 	0.92380552
0.0022237272 	-0.0085675424 	-0.014082679 	0.92589774
0.002268557 	-0.0080988858 	-0.01924207 	0.92830026
0.0023127672 	-0.007787022 	-0.024062943 	0.93096807
0.0023563662 	-0.0075414811 	-0.028492246 	0.93384626
0.0023993626 	-0.0072749912 	-0.032503512 	0.93686861
0.0024417647 	-0.0069126002 	-0.036089385 	0.93996161
0.0024835806 	-0.0064005042 	-0.039250091 	0.94304495
0.0025248186 	-0.0057077553 	-0.041982282 	0.94603563
0.0025654865 	-0.0048282381 	-0.044269193 	0.94884634
0.0026055923 	-0.0037770591 	-0.046077629 	0.95139189
0.0026451437 	-0.0025899469 	-0.047361054 	0.95358114
0.0026841484 	-0.0013141711 	-0.048068733 	0.95531299
0.002722614 	-3.7012749e-06 	-0.048151626 	0.95645946
0.0027605478 	0.0012872396 	-0.047570139 	0.95684507
0.0027979573 	0.0025066691 	-0.046298925 	0.95623224
0.0028348498 	0.0035998024 	-0.04433422 	0.95433144
0.0028712322 	0.004501559 	-0.041706563 	0.95083829
0.0029071118 	0.005129619 	-0.038504484 	0.9455172
0.0029424953 	0.0053860356 	-0.034899952 	0.93831629
0.0029773898 	0.0051709578 	-0.031167636 	0.92946741
0.003011802 	0.0044113486 	-0.027665348 	0.91950557
0.0030457385 	0.0031033325 	-0.02476434 	0.90916451
0.0030792059 	0.0013298329 	-0.022739114 	0.89917019
0.0031122107 	-0.00073184876 	-0.021668515 	0.89004667
0.0031447592 	-0.0028410839 	-0.021405007 	0.8819897
0.0031768579 	-0.0047460241 	-0.021632825 	0.87490315
0.0032085129 	-0.0062125175 	-0.02197571 	0.86851817
0.0032397303 	-0.0070689943 	-0.022101202 	0.86253131
0.0032705162 	-0.0072191657 	-0.021777275 	0.85670133
0.0033008765 	-0.0066368403 	-0.020881066 	0.85089009
0.0033308172 	-0.0053632572 	-0.019379418 	0.84506106
0.0033603441 	-0.0034891946 	-0.017305264 	0.83925833
0.0033894627 	-0.0011564152 	-0.014736251 	0.83358158
0.0034181789 	0.0014499929 	-0.011793147 	0.82815926
0.0034464982 	0.0041145412 	-0.0086461294 	0.82311796
0.003474426 	0.0065963818 	-0.0055183091 	0.81853762
0.0035019678 	0.0086608496 	-0.0026853938 	0.81439386
0.0035291288 	0.010115344 	-0.00044480028 	0.81046685
0.0035559144 	0.010847563 	0.00094401678 	0.80625627
0.0035823298 	0.010861806 	0.0013513435 	0.80092715
0.0036083801 	0.010285738 	0.00087486839 	0.79331821
0.0036340702 	0.0093396202 	-9.5374649e-05 	0.78202006
0.0036594053 	0.0082771235 	-0.0009030805 	0.7654825
0.0036843901 	0.0073277024 	-0.00078904457 	0.74213223
0.0037090296 	0.0066422335 	0.00079519705 	0.71055205
0.0037333285 	0.0062714374 	0.0038291916 	0.66989624
0.0037572915 	0.0061480159 	0.0075269149 	0.62052475
0.0037809233 	0.0060732689 	0.010555249 	0.56444202
0.0038042285 	0.0057899505 	0.011672709 	0.50488501
0.0038272115 	0.0051264636 	0.010393014 	0.44497346
0.0038498768 	0.0041020051 	0.0071909434 	0.3863549
0.0038722288 	0.0029071357 	0.0031732676 	0.32888947
0.0038942718 	0.0017903135 	-0.00046013891 	0.27142013
0.0039160102 	0.00093315701 	-0.0028316863 	0.21283817
0.003937448 	0.00039026773 	-0.0035678773 	0.15273993
0.0039585896 	0.00011224442 	-0.0027922091 	0.091547397
0.0039794389 	7.9581387e-06 	-0.0010160236 	0.030263302
0.004 	7.9581387e-06 	-0.0010160236 	0.030263302
