0 	0.047011067 	-0.027964834 	1.0601675
5.5555625e-05 	0.031825552 	-0.042349572 	1.0702632
0.00011111111 	0.029106411 	-0.041644921 	1.0808545
0.00016666667 	0.029635924 	-0.038050057 	1.0914005
0.00022222222 	0.031092151 	-0.032965464 	1.1012832
0.00027777778 	0.032525973 	-0.026846981 	1.1098518
0.00033333333 	0.033362692 	-0.020057262 	1.1164709
0.00038888889 	0.033204937 	-0.013004757 	1.1205776
0.00044444444 	0.031812857 	-0.0061568945 	1.1217463
0.0005 	0.029122674 	1.3808678e-06 	1.1197734
0.00055555556 	0.025259143 	0.0050244491 	1.1147562
0.00061111111 	0.020491902 	0.0085850121 	1.1071181
0.00066666667 	0.015151092 	0.01057788 	1.097532
0.00072222222 	0.0094976722 	0.011248194 	1.0867524
0.00077777778 	0.0036983645 	0.011246343 	1.0754413
0.00083333333 	-0.0021527695 	0.011361748 	1.0640959
0.00088888889 	-0.0079550339 	0.01219398 	1.0531214
0.00094444444 	-0.013300663 	0.013869293 	1.0430248
0.001 	-0.01836775 	0.015970815 	1.0340482
0.0010617199 	-0.022562722 	0.018379121 	1.0275512
0.0011225874 	-0.025563173 	0.020425405 	1.0248703
0.0011826143 	-0.027650694 	0.021783132 	1.025792
0.0012418122 	-0.029282222 	0.022285686 	1.0293961
0.0013001926 	-0.03103249 	0.021984732 	1.0347292
0.0013577668 	-0.033219673 	0.020996307 	1.041405
0.0014145458 	-0.035728132 	0.019263099 	1.0494611
0.0014705407 	-0.038266569 	0.016625835 	1.0586043
0.0015257623 	-0.040721964 	0.013137464 	1.0679077
0.0015802213 	-0.043135207 	0.0091579921 	1.0761919
0.0016339282 	-0.045565024 	0.0051094818 	1.0823531
0.0016868934 	-0.048044364 	0.0012615903 	1.085421
0.0017391271 	-0.050561856 	-0.0023183998 	1.0846103
0.0017906395 	-0.053046178 	-0.0057140947 	1.0794891
0.0018414404 	-0.055424476 	-0.0090267691 	1.0701529
0.0018915398 	-0.057662203 	-0.012183311 	1.0572865
0.0019409473 	-0.05970886 	-0.01480373 	1.0421101
0.0019896725 	-0.061467826 	-0.016228093 	1.026192
0.0020377248 	-0.062789149 	-0.01572217 	1.0110461
0.0020851134 	-0.063470121 	-0.012822275 	0.99750754
0.0021318476 	-0.063245455 	-0.0076080476 	0.98518239
0.0021779364 	-0.061811138 	-0.00070897937 	0.97244276
0.0022233887 	-0.059062308 	0.0069703645 	0.95717366
0.0022682133 	-0.055118475 	0.014632931 	0.9378773
0.0023124189 	-0.050153954 	0.021822756 	0.91443561
0.0023560139 	-0.044499767 	0.028562288 	0.88829009
0.0023990069 	-0.038487603 	0.035172589 	0.86180506
0.0024414062 	-0.032320359 	0.042008029 	0.83721037
0.0024832199 	-0.026171839 	0.049123074 	0.81606047
0.0025244562 	-0.020210505 	0.056164785 	0.79909236
0.002565123 	-0.014589131 	0.062542524 	0.78638472
0.0026052281 	-0.0094131753 	0.067668146 	0.77761792
0.0026447794 	-0.0047078678 	0.071130843 	0.77225921
0.0026837845 	-0.00052071279 	0.072753074 	0.76968353
0.0027222509 	0.0031291337 	0.072524829 	0.76928067
0.0027601861 	0.0063132487 	0.070547072 	0.77042241
0.0027975974 	0.0090754726 	0.066966151 	0.77263159
0.002834492 	0.011431023 	0.061956976 	0.7755325
0.0028708772 	0.013388875 	0.055732108 	0.778839
0.0029067598 	0.014950723 	0.048547899 	0.78232178
0.0029421469 	0.016091777 	0.04068691 	0.78579921
0.0029770452 	0.016740767 	0.032425532 	0.78919648
0.0030114616 	0.016781402 	0.024009823 	0.79265804
0.0030454028 	0.016056875 	0.015669968 	0.79658046
0.0030788752 	0.01443362 	0.0076921249 	0.80145084
0.0031118853 	0.01184504 	0.00047722202 	0.80740893
0.0031444395 	0.0083797827 	-0.0054801292 	0.81381099
0.0031765442 	0.0043634439 	-0.0097378419 	0.81900464
0.0032082055 	0.0003251619 	-0.012160142 	0.82043506
0.0032394295 	-0.0031401511 	-0.013095722 	0.81502981
0.0032702223 	-0.0055371372 	-0.013279802 	0.79997626
0.0033005899 	-0.0066575163 	-0.013481441 	0.7738916
0.0033305381 	-0.0067729526 	-0.014137086 	0.73769634
0.0033600727 	-0.0064940777 	-0.01510396 	0.69453013
0.0033891994 	-0.0063914629 	-0.015595737 	0.64881105
0.0034179239 	-0.0067303983 	-0.014592825 	0.60487706
0.0034462517 	-0.0074594443 	-0.011622696 	0.56566114
0.0034741882 	-0.0083450956 	-0.0071349555 	0.53209145
0.003501739 	-0.0091358671 	-0.0021421451 	0.50351075
0.0035289093 	-0.0096588342 	0.0024063274 	0.47854096
0.0035557043 	-0.0098294936 	0.0059654771 	0.45584439
0.0035821293 	-0.0096441025 	0.0083937939 	0.43447981
0.0036081894 	-0.0091560203 	0.0098003863 	0.41391731
0.0036338895 	-0.008444398 	0.010399538 	0.39389588
0.0036592348 	-0.0075882172 	0.010427607 	0.3742389
0.00368423 	-0.0066509397 	0.010103314 	0.3547444
0.00370888 	-0.0056786203 	0.0096101864 	0.33515024
0.0037331896 	-0.0047041675 	0.0090846784 	0.31514868
0.0037571635 	-0.0037543939 	0.0086195513 	0.29441902
0.0037808063 	-0.0028557603 	0.0082641009 	0.27266012
0.0038041226 	-0.0020359524 	0.008026604 	0.24961817
0.0038271169 	-0.0013227866 	0.0078800534 	0.22510935
0.0038497936 	-0.00074107468 	0.0077710348 	0.19903889
0.0038721572 	-0.00030804005 	0.0076291507 	0.17141588
0.0038942119 	-2.9164675e-05 	0.0073714303 	0.1423606
0.003915962 	0.00010390403 	0.0068941965 	0.11209666
0.0039374118 	0.00012067813 	0.0060457197 	0.080916193
0.0039585653 	7.096447e-05 	0.0045789772 	0.049096829
0.0039794267 	9.631016e-06 	0.0020886199 	0.016738705
0.004 	9.631016e-06 	0.0020886199 	0.016738705
