0 	-0.0078412704 	-0.056042221 	0.99480712
5.5555556e-05 	0.018318584 	-0.052924562 	1.0000314
0.00011111111 	0.025208888 	-0.047790024 	1.007181
0.00016666667 	0.028633509 	-0.041632361 	1.0165014
0.00022222222 	0.031174685 	-0.03380546 	1.0272272
0.00027777778 	0.033457418 	-0.024691157 	1.0377976
0.00033333333 	0.035479652 	-0.015340482 	1.0466443
0.00038888889 	0.036993107 	-0.0069843616 	1.0529985
0.00044444444 	0.037720944 	-0.00061333459 	1.0570771
0.0005 	0.037497211 	0.0032484605 	1.0596431
0.00055555556 	0.036333213 	0.0045882353 	1.0614401
0.00061111111 	0.034419612 	0.0038260746 	1.0629108
0.00066666667 	0.032064413 	0.0016509154 	1.0642338
0.00072222222 	0.029579474 	-0.0011633948 	1.0654836
0.00077777778 	0.027182816 	-0.0039338409 	1.0667547
0.00083333333 	0.024966648 	-0.0061856409 	1.0681872
0.00088888889 	0.022928818 	-0.0077149168 	1.0699251
0.00094444444 	0.021000391 	-0.0085612975 	1.0720823
0.001 	0.01905431 	-0.0089479946 	1.0747593
0.0010617199 	0.017141909 	-0.0089177745 	1.0779103
0.0011225874 	0.015444263 	-0.0085641039 	1.0811584
0.0011826143 	0.014131923 	-0.007866038 	1.0842052
0.0012418122 	0.013393804 	-0.0067443371 	1.0867482
0.0013001926 	0.01341544 	-0.0051183667 	1.0884922
0.0013577668 	0.014356086 	-0.0029398289 	1.0891462
0.0014145458 	0.016336434 	-0.00020440792 	1.0884585
0.0014705407 	0.01940885 	0.0029843882 	1.0863218
0.0015257623 	0.023459377 	0.0063731614 	1.0829664
0.0015802213 	0.02816788 	0.0095780706 	1.0790659
0.0016339282 	0.033078033 	0.01210499 	1.0755794
0.0016868934 	0.037743848 	0.013456593 	1.0732868
0.0017391271 	0.04185881 	0.013257961 	1.0724059
0.0017906395 	0.045272644 	0.01136111 	1.0726246
0.0018414404 	0.047896636 	0.0079452453 	1.0733972
0.0018915398 	0.049672354 	0.0034910915 	1.0742012
0.0019409473 	0.050527893 	-0.0013268367 	1.0745982
0.0019896725 	0.050448046 	-0.0057791203 	1.0742545
0.0020377248 	0.049457304 	-0.0091970294 	1.0729395
0.0020851134 	0.047636421 	-0.011109308 	1.0705633
0.0021318476 	0.045159411 	-0.011236806 	1.0671547
0.0021779364 	0.042203613 	-0.0095755162 	1.0627523
0.0022233887 	0.038989387 	-0.0063332778 	1.0572596
0.0022682133 	0.035744689 	-0.0018138934 	1.0504298
0.0023124189 	0.03266769 	0.0036906225 	1.0419906
0.0023560139 	0.029875314 	0.009944598 	1.0319284
0.0023990069 	0.027408234 	0.016765348 	1.0206343
0.0024414062 	0.02523112 	0.024012292 	1.0087194
0.0024832199 	0.023311465 	0.031463618 	0.99682024
0.0025244562 	0.0217495 	0.038847047 	0.98549791
0.002565123 	0.020678448 	0.045750006 	0.97545516
0.0026052281 	0.020072253 	0.051688787 	0.96743929
0.0026447794 	0.019760826 	0.056263732 	0.96200542
0.0026837845 	0.019530374 	0.05930051 	0.95923491
0.0027222509 	0.019178808 	0.060851714 	0.95883697
0.0027601861 	0.018482307 	0.061097044 	0.96033271
0.0027975974 	0.017313502 	0.060270774 	0.96317202
0.002834492 	0.01568923 	0.058591802 	0.96681716
0.0028708772 	0.01367167 	0.056218251 	0.97073432
0.0029067598 	0.011390038 	0.053204014 	0.97437628
0.0029421469 	0.0090460869 	0.049519006 	0.9771386
0.0029770452 	0.0068839677 	0.045091692 	0.97828832
0.0030114616 	0.0051619479 	0.039819599 	0.97694036
0.0030454028 	0.004088576 	0.033613395 	0.97217553
0.0030788752 	0.0037127744 	0.026313872 	0.96327808
0.0031118853 	0.0039710482 	0.017592575 	0.95017401
0.0031444395 	0.0048150328 	0.0069356683 	0.93387228
0.0031765442 	0.0059750308 	-0.0062345725 	0.91654697
0.0032082055 	0.0072693493 	-0.022074753 	0.90100833
0.0032394295 	0.0088362376 	-0.039956566 	0.88952429
0.0032702223 	0.010841129 	-0.058492105 	0.88223848
0.0033005899 	0.013414392 	-0.076103746 	0.87682797
0.0033305381 	0.016565483 	-0.091594708 	0.86959133
0.0033600727 	0.020067437 	-0.10405736 	0.85710173
0.0033891994 	0.023410709 	-0.11218691 	0.83766201
0.0034179239 	0.025791754 	-0.11381861 	0.81257404
0.0034462517 	0.026085594 	-0.10672017 	0.78731999
0.0034741882 	0.022955885 	-0.090691772 	0.77085797
0.003501739 	0.015449971 	-0.069035273 	0.77026964
0.0035289093 	0.004062815 	-0.047114262 	0.78277327
0.0035557043 	-0.0085978309 	-0.028852001 	0.79327121
0.0035821293 	-0.018904539 	-0.014303821 	0.78271375
0.0036081894 	-0.024224349 	-4.3484268e-06 	0.74124608
0.0036338895 	-0.024230615 	0.017533366 	0.67485761
0.0036592348 	-0.020829543 	0.038142845 	0.59897931
0.00368423 	-0.016381449 	0.057734502 	0.52735169
0.00370888 	-0.012414716 	0.071796954 	0.46713781
0.0037331896 	-0.0096305459 	0.078155168 	0.41953797
0.0037571635 	-0.0080701661 	0.077324154 	0.38222521
0.0037808063 	-0.0073838185 	0.071359104 	0.35138343
0.0038041226 	-0.0070947191 	0.062604393 	0.32316651
0.0038271169 	-0.0067961654 	0.052961475 	0.29465369
0.0038497936 	-0.0062461877 	0.043654233 	0.26419832
0.0038721572 	-0.0053716402 	0.035265526 	0.23123279
0.0038942119 	-0.004222081 	0.027882271 	0.19579363
0.003915962 	-0.002920455 	0.021272983 	0.15804072
0.0039374118 	-0.0016379907 	0.015069696 	0.117895
0.0039585653 	-0.00058359989 	0.0089543158 	0.074762766
0.0039794267 	-2.1074594e-05 	0.0028663815 	0.027268387
0.004 	-0.00010331532 	0.0045821412 	0.020823859
