0 	0.042005252 	-0.020939394 	0.99358001
5.5555556e-05 	0.034550322 	-0.038822255 	0.98707354
0.00011111111 	0.034494141 	-0.043432608 	0.98201319
0.00016666667 	0.035958903 	-0.044735653 	0.97872951
0.00022222222 	0.037677909 	-0.044456765 	0.97733126
0.00027777778 	0.039450765 	-0.043657747 	0.97769935
0.00033333333 	0.04143441 	-0.04316714 	0.97946244
0.00038888889 	0.043989649 	-0.04351034 	0.98198105
0.00044444444 	0.047564148 	-0.04465581 	0.9843678
0.0005 	0.052408185 	-0.045775741 	0.98552514
0.00055555556 	0.058174347 	-0.045218217 	0.98431594
0.00061111111 	0.063689957 	-0.041009456 	0.9801697
0.00066666667 	0.067339032 	-0.032030721 	0.97374776
0.00072222222 	0.06791701 	-0.018991181 	0.96663104
0.00077777778 	0.065271692 	-0.0042515199 	0.96022388
0.00083333333 	0.060228175 	0.0095447019 	0.95510398
0.00088888889 	0.054165241 	0.020712402 	0.95109352
0.00094444444 	0.047884998 	0.028780874 	0.94748183
0.001 	0.042309846 	0.034351923 	0.94401568
0.0010617199 	0.037471681 	0.038034297 	0.94028303
0.0011225874 	0.033595783 	0.040650578 	0.93657286
0.0011826143 	0.030306811 	0.042976642 	0.93310425
0.0012418122 	0.02749629 	0.045334689 	0.93002054
0.0013001926 	0.025094627 	0.047803389 	0.92736286
0.0013577668 	0.023076513 	0.05033694 	0.92511943
0.0014145458 	0.021443761 	0.052871656 	0.9232706
0.0014705407 	0.020222526 	0.055359222 	0.92183515
0.0015257623 	0.019467896 	0.057762559 	0.92090045
0.0015802213 	0.019223139 	0.060034875 	0.92058177
0.0016339282 	0.019483579 	0.062121925 	0.9209783
0.0016868934 	0.020176827 	0.063978406 	0.9221446
0.0017391271 	0.021172213 	0.065587787 	0.92407927
0.0017906395 	0.022285273 	0.066967727 	0.92672664
0.0018414404 	0.023308625 	0.068168774 	0.92998459
0.0018915398 	0.024024885 	0.069271001 	0.93371171
0.0019409473 	0.024236841 	0.070389117 	0.93775453
0.0019896725 	0.02379361 	0.071658041 	0.94193442
0.0020377248 	0.022610011 	0.073212648 	0.94604627
0.0020851134 	0.02068481 	0.075196257 	0.94985235
0.0021318476 	0.01817122 	0.077715974 	0.95307847
0.0021779364 	0.015319316 	0.080810211 	0.95539935
0.0022233887 	0.012492065 	0.08442631 	0.95646008
0.0022682133 	0.010167298 	0.088381216 	0.955893
0.0023124189 	0.0088241266 	0.092352178 	0.95335145
0.0023560139 	0.0088435793 	0.09588595 	0.94860383
0.0023990069 	0.010411681 	0.098471821 	0.9416378
0.0024414062 	0.013414497 	0.099601244 	0.93278349
0.0024832199 	0.017368582 	0.098893281 	0.92276847
0.0025244562 	0.021491135 	0.096183612 	0.91265174
0.002565123 	0.024841653 	0.091543986 	0.90357635
0.0026052281 	0.026570207 	0.085229375 	0.89639768
0.0026447794 	0.026159627 	0.077591825 	0.89135062
0.0026837845 	0.023556827 	0.069008012 	0.88799752
0.0027222509 	0.01910738 	0.059836932 	0.88550415
0.0027601861 	0.013377749 	0.050387843 	0.88308302
0.0027975974 	0.0069673207 	0.040919064 	0.88031956
0.002834492 	0.00039429689 	0.031658505 	0.87721049
0.0028708772 	-0.0059429725 	0.022857258 	0.87398265
0.0029067598 	-0.011744159 	0.014818347 	0.87087198
0.0029421469 	-0.016816422 	0.0078091995 	0.86795854
0.0029770452 	-0.021046771 	0.0019796611 	0.86514976
0.0030114616 	-0.02446102 	-0.0027142534 	0.8622307
0.0030454028 	-0.027261099 	-0.0065412207 	0.85892215
0.0030788752 	-0.029676481 	-0.0099221956 	0.85492416
0.0031118853 	-0.031854248 	-0.013309282 	0.84992356
0.0031444395 	-0.033846804 	-0.017011699 	0.84363556
0.0031765442 	-0.035603834 	-0.021093562 	0.83586028
0.0032082055 	-0.037002005 	-0.025354173 	0.8265548
0.0032394295 	-0.03789831 	-0.029420676 	0.81586002
0.0032702223 	-0.038178305 	-0.032893247 	0.80406681
0.0033005899 	-0.037778884 	-0.035468048 	0.79154684
0.0033305381 	-0.036694568 	-0.037001032 	0.77867497
0.0033600727 	-0.034971235 	-0.037507633 	0.76577033
0.0033891994 	-0.032694032 	-0.03712493 	0.75305916
0.0034179239 	-0.029975956 	-0.036061513 	0.74066198
0.0034462517 	-0.026945101 	-0.034550258 	0.72859623
0.0034741882 	-0.023734044 	-0.032809241 	0.71679154
0.003501739 	-0.020469042 	-0.031011496 	0.7051088
0.0035289093 	-0.017261139 	-0.029269377 	0.6933621
0.0035557043 	-0.01419866 	-0.027633605 	0.68133889
0.0035821293 	-0.011341234 	-0.026106156 	0.66881611
0.0036081894 	-0.0087188454 	-0.024663185 	0.65556803
0.0036338895 	-0.0063385733 	-0.023281666 	0.6413666
0.0036592348 	-0.0042002028 	-0.021958479 	0.62597266
0.00368423 	-0.0023120332 	-0.020723122 	0.60911682
0.00370888 	-0.00070128335 	-0.019636585 	0.59045989
0.0037331896 	0.00058116131 	-0.018786355 	0.56953818
0.0037571635 	0.0014842076 	-0.018278901 	0.54570846
0.0037808063 	0.0019789679 	-0.01822004 	0.51812399
0.0038041226 	0.002073638 	-0.018668964 	0.48577624
0.0038271169 	0.0018366668 	-0.019563192 	0.44764058
0.0038497936 	0.0013910152 	-0.020643807 	0.4029289
0.0038721572 	0.00088792862 	-0.021439107 	0.35139757
0.0038942119 	0.00046233996 	-0.021350316 	0.29358339
0.003915962 	0.00018734652 	-0.019818006 	0.23082397
0.0039374118 	5.9402591e-05 	-0.016482396 	0.16499781
0.0039585653 	2.3049394e-05 	-0.011248674 	0.098103432
0.0039794267 	4.3437272e-06 	-0.0042441787 	0.031970775
0.004 	4.3437272e-06 	-0.0042441787 	0.031970775
