0 	0.031021339 	-0.040178626 	1.0328773
2.0100503e-05 	0.029809308 	0.030630771 	1.0275354
4.0201005e-05 	0.029809308 	0.030630771 	1.0275354
6.0301508e-05 	0.002616078 	0.034643527 	1.0226273
8.040201e-05 	0.002616078 	0.034643527 	1.0226273
0.00010050251 	0.002616078 	0.034643527 	1.0226273
0.00012060302 	-0.011274467 	0.026739974 	1.018994
0.00014070352 	-0.011274467 	0.026739974 	1.018994
0.00016080402 	-0.011274467 	0.026739974 	1.018994
0.00018090452 	-0.021122659 	0.017399588 	1.0167591
0.00020100503 	-0.021122659 	0.017399588 	1.0167591
0.00022110553 	-0.021122659 	0.017399588 	1.0167591
0.00024120603 	-0.028648546 	0.0079836747 	1.0155744
0.00026130653 	-0.028648546 	0.0079836747 	1.0155744
0.00028140704 	-0.034406634 	-0.00084798473 	1.0147887
0.00030150754 	-0.034406634 	-0.00084798473 	1.0147887
0.00032160804 	-0.034406634 	-0.00084798473 	1.0147887
0.00034170854 	-0.038809539 	-0.0085623257 	1.0134558
0.00036180905 	-0.038809539 	-0.0085623257 	1.0134558
0.00038190955 	-0.038809539 	-0.0085623257 	1.0134558
0.00040201005 	-0.042354205 	-0.014783965 	1.010253
0.00042211055 	-0.042354205 	-0.014783965 	1.010253
0.00044221106 	-0.042354205 	-0.014783965 	1.010253
0.00046231156 	-0.045557929 	-0.019617778 	1.0036226
0.00048241206 	-0.045557929 	-0.019617778 	1.0036226
0.00050251256 	-0.048600956 	-0.023468851 	0.99259666
0.00052261307 	-0.048600956 	-0.023468851 	0.99259666
0.00054271357 	-0.048600956 	-0.023468851 	0.99259666
0.00056281407 	-0.051071034 	-0.026398567 	0.97826229
0.00058291457 	-0.051071034 	-0.026398567 	0.97826229
0.00060301508 	-0.051071034 	-0.026398567 	0.97826229
0.00062311558 	-0.052349211 	-0.027713705 	0.96394736
0.00064321608 	-0.052349211 	-0.027713705 	0.96394736
0.00066331658 	-0.056762741 	-0.030542222 	0.95219566
0.00068341709 	-0.055219653 	-0.026550313 	0.94541831
0.00070351759 	-0.055219653 	-0.026550313 	0.94541831
0.00072361809 	-0.052684979 	-0.0182674 	0.94124722
0.00074371859 	-0.052684979 	-0.0182674 	0.94124722
0.0007638191 	-0.052684979 	-0.0182674 	0.94124722
0.0007839196 	-0.049099547 	-0.005190229 	0.93763017
0.0008040201 	-0.049099547 	-0.005190229 	0.93763017
0.0008241206 	-0.049099547 	-0.005190229 	0.93763017
0.00084422111 	-0.044614896 	0.012198553 	0.93217165
0.00086432161 	-0.044614896 	0.012198553 	0.93217165
0.00088442211 	-0.044614896 	0.012198553 	0.93217165
0.00090452261 	-0.035940285 	0.023500365 	0.92386553
0.00092462312 	-0.035940285 	0.023500365 	0.92386553
0.00094472362 	-0.030588405 	0.043964305 	0.91056324
0.00096482412 	-0.030588405 	0.043964305 	0.91056324
0.00098492462 	-0.036373927 	0.050891526 	0.90625347
0.0010050251 	-0.027171927 	0.063607704 	0.88986698
0.0010251256 	-0.027171927 	0.063607704 	0.88986698
0.0010452261 	-0.027171927 	0.063607704 	0.88986698
0.0010653266 	-0.036523429 	0.081069968 	0.85325892
0.0010854271 	-0.036523429 	0.081069968 	0.85325892
0.0011055276 	-0.036523429 	0.081069968 	0.85325892
0.0011256281 	-0.039893482 	0.091879695 	0.8220417
0.0011457286 	-0.039893482 	0.091879695 	0.8220417
0.0011658291 	-0.039893482 	0.091879695 	0.8220417
0.0011859296 	-0.033839307 	0.10368163 	0.79761216
0.0012060302 	-0.043411351 	0.10238143 	0.79242149
0.0012261307 	-0.043411351 	0.10238143 	0.79242149
0.0012462312 	-0.045270255 	0.11141743 	0.7697393
0.0012663317 	-0.045270255 	0.11141743 	0.7697393
0.0012864322 	-0.045270255 	0.11141743 	0.7697393
0.0013065327 	-0.044690718 	0.11769797 	0.75961285
0.0013266332 	-0.044690718 	0.11769797 	0.75961285
0.0013467337 	-0.044690718 	0.11769797 	0.75961285
0.0013668342 	-0.042336033 	0.12245932 	0.76263886
0.0013869347 	-0.042336033 	0.12245932 	0.76263886
0.0014070352 	-0.042336033 	0.12245932 	0.76263886
0.0014271357 	-0.039710536 	0.12625847 	0.77263702
0.0014472362 	-0.033115574 	0.13111045 	0.76742258
0.0014673367 	-0.033115574 	0.13111045 	0.76742258
0.0014874372 	-0.037733742 	0.12855031 	0.78301612
0.0015075377 	-0.037733742 	0.12855031 	0.78301612
0.0015276382 	-0.036184685 	0.12982753 	0.79068935
0.0015477387 	-0.036184685 	0.12982753 	0.79068935
0.0015678392 	-0.036184685 	0.12982753 	0.79068935
0.0015879397 	-0.034651677 	0.13136311 	0.79510196
0.0016080402 	-0.034651677 	0.13136311 	0.79510196
0.0016281407 	-0.034651677 	0.13136311 	0.79510196
0.0016482412 	-0.033042643 	0.13386327 	0.79675125
0.0016683417 	-0.033042643 	0.13386327 	0.79675125
0.0016884422 	-0.031406432 	0.13718627 	0.79620359
0.0017085427 	-0.031406432 	0.13718627 	0.79620359
0.0017286432 	-0.031406432 	0.13718627 	0.79620359
0.0017487437 	-0.029805619 	0.14071323 	0.79368614
0.0017688442 	-0.029805619 	0.14071323 	0.79368614
0.0017889447 	-0.029805619 	0.14071323 	0.79368614
0.0018090452 	-0.028337801 	0.14361106 	0.78914498
0.0018291457 	-0.028337801 	0.14361106 	0.78914498
0.0018492462 	-0.027096035 	0.14499766 	0.78253045
0.0018693467 	-0.027096035 	0.14499766 	0.78253045
0.0018894472 	-0.027096035 	0.14499766 	0.78253045
0.0019095477 	-0.026232121 	0.14418404 	0.77411795
0.0019296482 	-0.026232121 	0.14418404 	0.77411795
0.0019497487 	-0.025877171 	0.14091018 	0.76464279
0.0019698492 	-0.025877171 	0.14091018 	0.76464279
0.0019899497 	-0.026030127 	0.13536476 	0.75516734
0.0020100503 	-0.026030127 	0.13536476 	0.75516734
0.0020301508 	-0.026030127 	0.13536476 	0.75516734
0.0020502513 	-0.026504914 	0.12800862 	0.74675747
0.0020703518 	-0.026504914 	0.12800862 	0.74675747
0.0020904523 	-0.027016298 	0.11936941 	0.74014124
0.0021105528 	-0.027016298 	0.11936941 	0.74014124
0.0021306533 	-0.027016298 	0.11936941 	0.74014124
0.0021507538 	-0.027425621 	0.11005013 	0.73559894
0.0021708543 	-0.027425621 	0.11005013 	0.73559894
0.0021909548 	-0.028036907 	0.10095795 	0.73329988
0.0022110553 	-0.028036907 	0.10095795 	0.73329988
0.0022311558 	-0.02972237 	0.093468641 	0.73401487
0.0022512563 	-0.02972237 	0.093468641 	0.73401487
0.0022713568 	-0.033438803 	0.088897867 	0.73942381
0.0022914573 	-0.033438803 	0.088897867 	0.73942381
0.0023115578 	-0.033438803 	0.088897867 	0.73942381
0.0023316583 	-0.039422368 	0.087469258 	0.75082626
0.0023517588 	-0.039422368 	0.087469258 	0.75082626
0.0023718593 	-0.046865876 	0.08812123 	0.76720292
0.0023919598 	-0.046865876 	0.08812123 	0.76720292
0.0024120603 	-0.054538522 	0.089387448 	0.7855714
0.0024321608 	-0.054538522 	0.089387448 	0.7855714
0.0024522613 	-0.061569354 	0.090103485 	0.80348156
0.0024723618 	-0.061569354 	0.090103485 	0.80348156
0.0024924623 	-0.067602296 	0.089706883 	0.82032977
0.0025125628 	-0.067602296 	0.089706883 	0.82032977
0.0025326633 	-0.072489168 	0.088158659 	0.83650109
0.0025527638 	-0.072489168 	0.088158659 	0.83650109
0.0025728643 	-0.076100223 	0.085509659 	0.85219083
0.0025929648 	-0.076100223 	0.085509659 	0.85219083
0.0026130653 	-0.078303132 	0.081607418 	0.86713044
0.0026331658 	-0.078303132 	0.081607418 	0.86713044
0.0026532663 	-0.079006621 	0.076235357 	0.88096013
0.0026733668 	-0.079006621 	0.076235357 	0.88096013
0.0026934673 	-0.078205194 	0.069397468 	0.89350758
0.0027135678 	-0.078205194 	0.069397468 	0.89350758
0.0027336683 	-0.076011783 	0.061463879 	0.90483554
0.0027537688 	-0.076011783 	0.061463879 	0.90483554
0.0027738693 	-0.072649523 	0.053101648 	0.91504655
0.0027939698 	-0.072649523 	0.053101648 	0.91504655
0.0028140704 	-0.068435465 	0.045083616 	0.92413636
0.0028341709 	-0.068435465 	0.045083616 	0.92413636
0.0028542714 	-0.063736248 	0.038093123 	0.93197067
0.0028743719 	-0.058915166 	0.032606618 	0.93832576
0.0028944724 	-0.058915166 	0.032606618 	0.93832576
0.0029145729 	-0.054302996 	0.028851242 	0.94295714
0.0029346734 	-0.054302996 	0.028851242 	0.94295714
0.0029547739 	-0.050158991 	0.02679831 	0.94566712
0.0029748744 	-0.050158991 	0.02679831 	0.94566712
0.0029949749 	-0.046631455 	0.026174029 	0.94634967
0.0030150754 	-0.043750696 	0.026473958 	0.94503821
0.0030351759 	-0.043750696 	0.026473958 	0.94503821
0.0030552764 	-0.041440145 	0.026964235 	0.94195845
0.0030753769 	-0.041440145 	0.026964235 	0.94195845
0.0030954774 	-0.039507419 	0.026733501 	0.93754673
0.0031155779 	-0.037685297 	0.02481881 	0.93240944
0.0031356784 	-0.037685297 	0.02481881 	0.93240944
0.0031557789 	-0.035666077 	0.020402814 	0.92721009
0.0031758794 	-0.035666077 	0.020402814 	0.92721009
0.0031959799 	-0.033126515 	0.012995382 	0.92248261
0.0032160804 	-0.029924061 	0.0025389859 	0.91844648
0.0032361809 	-0.029924061 	0.0025389859 	0.91844648
0.0032562814 	-0.025984224 	-0.010592289 	0.91491222
0.0032763819 	-0.021227889 	-0.025618652 	0.91124416
0.0032964824 	-0.021227889 	-0.025618652 	0.91124416
0.0033165829 	-0.015683658 	-0.041486516 	0.90645175
0.0033366834 	-0.0095170497 	-0.05700754 	0.89943145
0.0033567839 	-0.0095170497 	-0.05700754 	0.89943145
0.0033768844 	-0.0030332806 	-0.070985915 	0.88942406
0.0033969849 	0.0034380656 	-0.082336337 	0.87644199
0.0034170854 	0.0034380656 	-0.082336337 	0.87644199
0.0034371859 	0.0095913288 	-0.090238057 	0.8613803
0.0034572864 	0.015168432 	-0.094247305 	0.84565625
0.0034773869 	0.020041248 	-0.094318823 	0.83067114
0.0034974874 	0.020041248 	-0.094318823 	0.83067114
0.0035175879 	0.024186035 	-0.090721292 	0.8174608
0.0035376884 	0.027640465 	-0.083906326 	0.80660324
0.0035577889 	0.030459678 	-0.074399681 	0.7982673
0.0035778894 	0.030459678 	-0.074399681 	0.7982673
0.0035979899 	0.032684008 	-0.06274373 	0.79228165
0.0036180905 	0.03432166 	-0.049488403 	0.7881818
0.003638191 	0.035350992 	-0.035201824 	0.78523941
0.0036582915 	0.035350992 	-0.035201824 	0.78523941
0.003678392 	0.035744001 	-0.020470104 	0.78249064
0.0036984925 	0.03549301 	-0.0058690766 	0.77878705
0.003718593 	0.034544966 	0.0080874144 	0.77289463
0.0037386935 	0.032877913 	0.020970741 	0.7635222
0.003758794 	0.030512724 	0.032369657 	0.74924966
0.0037788945 	0.030512724 	0.032369657 	0.74924966
0.003798995 	0.027454489 	0.041677203 	0.72824114
0.0038190955 	0.023783613 	0.047947173 	0.69766749
0.003839196 	0.019706629 	0.05005396 	0.6535158
0.0038592965 	0.015544924 	0.04733606 	0.59176716
0.003879397 	0.011631152 	0.04040652 	0.51111633
0.0038994975 	0.0081711017 	0.031293635 	0.41539859
0.003919598 	0.0052137306 	0.022526419 	0.312959
0.0039396985 	0.0027730562 	0.015738212 	0.21281544
0.003959799 	0.00098251462 	0.01071441 	0.1208538
0.0039798995 	7.5236551e-05 	0.0051165525 	0.038390385
0.004 	7.5236551e-05 	0.0051165525 	0.038390385
