0 	0.012440052 	-0.020614803 	1.0387335
5.5555556e-05 	0.017098053 	0.022292387 	1.0419694
0.00011111111 	0.01632446 	0.025383269 	1.0431544
0.00016666667 	0.017059525 	0.027378954 	1.0438222
0.00022222222 	0.018481716 	0.028938911 	1.043884
0.00027777778 	0.020375324 	0.03025626 	1.0433874
0.00033333333 	0.022664598 	0.031452028 	1.0425359
0.00038888889 	0.025271534 	0.032595873 	1.0416666
0.00044444444 	0.02806715 	0.033660714 	1.0412002
0.0005 	0.030864845 	0.034503827 	1.041576
0.00055555556 	0.033430001 	0.03492276 	1.0431705
0.00061111111 	0.03550615 	0.034772948 	1.0461969
0.00066666667 	0.036871368 	0.034049415 	1.0506191
0.00072222222 	0.037414684 	0.032861293 	1.0561304
0.00077777778 	0.037194916 	0.031333259 	1.0622194
0.00083333333 	0.036412746 	0.02953786 	1.068295
0.00088888889 	0.03538924 	0.027524815 	1.0737968
0.00094444444 	0.034468552 	0.025361646 	1.0782727
0.001 	0.033878017 	0.02311431 	1.0816263
0.0010617451 	0.034063515 	0.021222614 	1.0832357
0.0011226367 	0.035216729 	0.020144484 	1.0828683
0.0011826866 	0.037487716 	0.020024695 	1.0805678
0.0012419064 	0.040915689 	0.020904829 	1.0763752
0.0013003077 	0.045412069 	0.02280801 	1.0703698
0.0013579017 	0.050733772 	0.025729736 	1.062751
0.0014146996 	0.056485798 	0.029547591 	1.053907
0.0014707124 	0.0621898 	0.033917816 	1.0443958
0.0015259509 	0.067350016 	0.038272493 	1.0348235
0.001580426 	0.071515491 	0.041914423 	1.0256635
0.001634148 	0.074351926 	0.044129874 	1.0170937
0.0016871274 	0.075664311 	0.044259478 	1.0089502
0.0017393745 	0.075365623 	0.04178043 	1.0008802
0.0017908994 	0.073447461 	0.036390096 	0.99262922
0.0018417121 	0.070000654 	0.028147397 	0.98419825
0.0018918224 	0.065322998 	0.017534809 	0.97572843
0.0019412401 	0.05989361 	0.0053557993 	0.96737384
0.0019899746 	0.054232839 	-0.0074350327 	0.95943265
0.0020380356 	0.048732874 	-0.019971486 	0.95255547
0.0020854322 	0.043527891 	-0.031668347 	0.9476486
0.0021321736 	0.038560911 	-0.042336556 	0.94546881
0.002178269 	0.033726696 	-0.052126708 	0.9462214
0.0022237272 	0.028967832 	-0.061328564 	0.94942937
0.002268557 	0.024312918 	-0.070140657 	0.95409083
0.0023127672 	0.019873488 	-0.078515748 	0.9589672
0.0023563662 	0.01579505 	-0.086113017 	0.96286797
0.0023993626 	0.012201436 	-0.092375865 	0.96487966
0.0024417647 	0.0091472489 	-0.09672905 	0.96451474
0.0024835806 	0.0066056702 	-0.098782906 	0.96175969
0.0025248186 	0.0045029832 	-0.098501367 	0.95700004
0.0025654865 	0.0027692456 	-0.096204983 	0.95085075
0.0026055923 	0.0013700804 	-0.092479777 	0.94395548
0.0026451437 	0.00030157272 	-0.088007096 	0.93681379
0.0026841484 	-0.00041367742 	-0.083428011 	0.92965865
0.002722614 	-0.00076788073 	-0.079237008 	0.92241965
0.0027605478 	-0.00078256415 	-0.075738282 	0.91480289
0.0027979573 	-0.00052544903 	-0.073026938 	0.90643154
0.0028348498 	-0.00011689301 	-0.070990424 	0.89701005
0.0028712322 	0.00029762689 	-0.069304334 	0.88641884
0.0029071118 	0.0005638182 	-0.067407332 	0.87472264
0.0029424953 	0.00052887967 	-0.064473889 	0.8620832
0.0029773898 	3.3532674e-05 	-0.059435738 	0.8485637
0.003011802 	-0.001082606 	-0.051198813 	0.83377552
0.0030457385 	-0.0029091281 	-0.039169902 	0.81639478
0.0030792059 	-0.0053834097 	-0.023961171 	0.79387669
0.0031122107 	-0.0082340177 	-0.0076698862 	0.76316005
0.0031447592 	-0.010993611 	0.0067980653 	0.72286485
0.0031768579 	-0.013337303 	0.016952124 	0.67568984
0.0032085129 	-0.015250855 	0.021714758 	0.6278604
0.0032397303 	-0.016873576 	0.021622556 	0.58533197
0.0032705162 	-0.018322501 	0.01830105 	0.55078941
0.0033008765 	-0.019597385 	0.013590265 	0.52371393
0.0033308172 	-0.020611852 	0.0088692509 	0.50214268
0.0033603441 	-0.021248689 	0.0048588446 	0.48415376
0.0033894627 	-0.021438245 	0.0017621794 	0.46847211
0.0034181789 	-0.021162978 	-0.00049532686 	0.45439838
0.0034464982 	-0.020441042 	-0.0021025836 	0.44154881
0.003474426 	-0.019338122 	-0.0032481848 	0.42963657
0.0035019678 	-0.017940753 	-0.0040670083 	0.41837372
0.0035291288 	-0.01633932 	-0.0046313665 	0.40746002
0.0035559144 	-0.01462104 	-0.0049656125 	0.39660742
0.0035823298 	-0.012865861 	-0.0050687592 	0.38556311
0.0036083801 	-0.0111427 	-0.0049347274 	0.37411767
0.0036340702 	-0.0095076198 	-0.0045676105 	0.36209791
0.0036594053 	-0.0079984632 	-0.0039904515 	0.34935262
0.0036843901 	-0.0066365575 	-0.0032474823 	0.33573803
0.0037090296 	-0.0054304748 	-0.002401844 	0.32110801
0.0037333285 	-0.0043745117 	-0.0015284295 	0.30531054
0.0037572915 	-0.0034548535 	-0.00070455399 	0.28818796
0.0037809233 	-0.0026563344 	-1.4644148e-06 	0.26957731
0.0038042285 	-0.0019637799 	0.00052263674 	0.24931041
0.0038272115 	-0.0013712771 	0.00083006523 	0.22721587
0.0038498768 	-0.00088510327 	0.00090989025 	0.20312609
0.0038722288 	-0.00051300884 	0.00078523462 	0.17690303
0.0038942718 	-0.00025756425 	0.00051733732 	0.14848195
0.0039160102 	-0.00010986438 	0.00020118201 	0.11792847
0.003937448 	-4.1759781e-05 	-5.2304766e-05 	0.085499258
0.0039585896 	-1.7112364e-05 	-0.0001512692 	0.051686396
0.0039794389 	-5.2592371e-06 	-7.5616027e-05 	0.017218962
0.004 	-5.1950577e-07 	-0.00031771802 	0.016073158
