0 	-0.023534109 	-0.0001556837 	0.98013265
2.0100503e-05 	-0.0017376053 	0.021739415 	0.97015027
4.0201005e-05 	-0.0017376053 	0.021739415 	0.97015027
6.0301508e-05 	0.0056003011 	0.018879778 	0.9616376
8.040201e-05 	0.0056003011 	0.018879778 	0.9616376
0.00010050251 	0.0056003011 	0.018879778 	0.9616376
0.00012060302 	0.0051568959 	0.016822258 	0.95468311
0.00014070352 	0.0051568959 	0.016822258 	0.95468311
0.00016080402 	0.0051568959 	0.016822258 	0.95468311
0.00018090452 	0.0036304883 	0.015575644 	0.94938019
0.00020100503 	0.0036304883 	0.015575644 	0.94938019
0.00022110553 	0.0036304883 	0.015575644 	0.94938019
0.00024120603 	0.0022628295 	0.015150294 	0.94576918
0.00026130653 	0.0022628295 	0.015150294 	0.94576918
0.00028140704 	0.0014212143 	0.015901298 	0.94376441
0.00030150754 	0.0014212143 	0.015901298 	0.94376441
0.00032160804 	0.0014212143 	0.015901298 	0.94376441
0.00034170854 	0.0010698003 	0.018209582 	0.94308647
0.00036180905 	0.0010698003 	0.018209582 	0.94308647
0.00038190955 	0.0010698003 	0.018209582 	0.94308647
0.00040201005 	0.00088472938 	0.022122159 	0.94320365
0.00042211055 	0.00088472938 	0.022122159 	0.94320365
0.00044221106 	0.00088472938 	0.022122159 	0.94320365
0.00046231156 	0.00045193095 	0.027043705 	0.94330492
0.00048241206 	0.00045193095 	0.027043705 	0.94330492
0.00050251256 	-0.00045225595 	0.031723691 	0.94232903
0.00052261307 	-0.00045225595 	0.031723691 	0.94232903
0.00054271357 	-0.00045225595 	0.031723691 	0.94232903
0.00056281407 	-0.0017261493 	0.034497604 	0.93913676
0.00058291457 	-0.0017261493 	0.034497604 	0.93913676
0.00060301508 	-0.0017261493 	0.034497604 	0.93913676
0.00062311558 	2.2358946e-05 	0.028325605 	0.93026939
0.00064321608 	2.2358946e-05 	0.028325605 	0.93026939
0.00066331658 	-0.0030432482 	0.033687823 	0.93293934
0.00068341709 	-0.0040117866 	0.028274993 	0.92389981
0.00070351759 	-0.0040117866 	0.028274993 	0.92389981
0.00072361809 	-0.0043494791 	0.018587137 	0.91329514
0.00074371859 	-0.0043494791 	0.018587137 	0.91329514
0.0007638191 	-0.0043494791 	0.018587137 	0.91329514
0.0007839196 	-0.0041375844 	0.0066581605 	0.90270123
0.0008040201 	-0.0041375844 	0.0066581605 	0.90270123
0.0008241206 	-0.0041375844 	0.0066581605 	0.90270123
0.00084422111 	-0.0040180023 	-0.0042310755 	0.89298192
0.00086432161 	-0.0040180023 	-0.0042310755 	0.89298192
0.00088442211 	-0.0040180023 	-0.0042310755 	0.89298192
0.00090452261 	-0.0047787261 	-0.011362162 	0.88438049
0.00092462312 	-0.0047787261 	-0.011362162 	0.88438049
0.00094472362 	-0.0042991576 	-0.017845523 	0.87656198
0.00096482412 	-0.0042991576 	-0.017845523 	0.87656198
0.00098492462 	-0.0042991576 	-0.017845523 	0.87656198
0.0010050251 	-0.0087859806 	-0.016413372 	0.87052687
0.0010251256 	-0.0087859806 	-0.016413372 	0.87052687
0.0010452261 	-0.0087859806 	-0.016413372 	0.87052687
0.0010653266 	-0.01078712 	-0.019666828 	0.86551739
0.0010854271 	-0.01078712 	-0.019666828 	0.86551739
0.0011055276 	-0.01078712 	-0.019666828 	0.86551739
0.0011256281 	-0.011569477 	-0.025206948 	0.86263581
0.0011457286 	-0.011569477 	-0.025206948 	0.86263581
0.0011658291 	-0.0087486707 	-0.026195816 	0.86342751
0.0011859296 	-0.0087299701 	-0.032572229 	0.86245846
0.0012060302 	-0.011273668 	-0.031961774 	0.86173771
0.0012261307 	-0.011273668 	-0.031961774 	0.86173771
0.0012462312 	-0.01013267 	-0.038594995 	0.86203942
0.0012663317 	-0.01013267 	-0.038594995 	0.86203942
0.0012864322 	-0.01013267 	-0.038594995 	0.86203942
0.0013065327 	-0.0084911575 	-0.044363558 	0.86253271
0.0013266332 	-0.0084911575 	-0.044363558 	0.86253271
0.0013467337 	-0.0084911575 	-0.044363558 	0.86253271
0.0013668342 	-0.0065970452 	-0.049149738 	0.86245732
0.0013869347 	-0.0065970452 	-0.049149738 	0.86245732
0.0014070352 	-0.0065970452 	-0.049149738 	0.86245732
0.0014271357 	-0.0045701676 	-0.053271283 	0.86144208
0.0014472362 	-0.0045701676 	-0.053271283 	0.86144208
0.0014673367 	-0.0045701676 	-0.053271283 	0.86144208
0.0014874372 	-0.0024433406 	-0.057197262 	0.85935926
0.0015075377 	-0.0024433406 	-0.057197262 	0.85935926
0.0015276382 	-0.0002249841 	-0.06129319 	0.85612881
0.0015477387 	-0.0002249841 	-0.06129319 	0.85612881
0.0015678392 	-0.0002249841 	-0.06129319 	0.85612881
0.0015879397 	0.0020519342 	-0.065660794 	0.85167998
0.0016080402 	0.0020519342 	-0.065660794 	0.85167998
0.0016281407 	0.0020519342 	-0.065660794 	0.85167998
0.0016482412 	0.004310782 	-0.070213764 	0.84611421
0.0016683417 	0.004310782 	-0.070213764 	0.84611421
0.0016884422 	0.0064508318 	-0.074827408 	0.83981796
0.0017085427 	0.0064508318 	-0.074827408 	0.83981796
0.0017286432 	0.0064508318 	-0.074827408 	0.83981796
0.0017487437 	0.0083728115 	-0.07936509 	0.83336289
0.0017688442 	0.0083728115 	-0.07936509 	0.83336289
0.0017889447 	0.0083728115 	-0.07936509 	0.83336289
0.0018090452 	0.0099701274 	-0.083640189 	0.82731344
0.0018291457 	0.0099701274 	-0.083640189 	0.82731344
0.0018492462 	0.011125945 	-0.087410592 	0.82211601
0.0018693467 	0.011125945 	-0.087410592 	0.82211601
0.0018894472 	0.011125945 	-0.087410592 	0.82211601
0.0019095477 	0.011742991 	-0.090427144 	0.81808292
0.0019296482 	0.011742991 	-0.090427144 	0.81808292
0.0019497487 	0.011769156 	-0.09248209 	0.81542294
0.0019698492 	0.011769156 	-0.09248209 	0.81542294
0.0019899497 	0.011227042 	-0.093437874 	0.81427074
0.0020100503 	0.011227042 	-0.093437874 	0.81427074
0.0020301508 	0.011227042 	-0.093437874 	0.81427074
0.0020502513 	0.010193866 	-0.093238019 	0.81469511
0.0020703518 	0.010193866 	-0.093238019 	0.81469511
0.0020904523 	0.0087718094 	-0.091942828 	0.81672409
0.0021105528 	0.0087718094 	-0.091942828 	0.81672409
0.0021306533 	0.0087718094 	-0.091942828 	0.81672409
0.0021507538 	0.0070881009 	-0.089735058 	0.82033052
0.0021708543 	0.0070881009 	-0.089735058 	0.82033052
0.0021909548 	0.005275687 	-0.08686918 	0.82544296
0.0022110553 	0.005275687 	-0.08686918 	0.82544296
0.0022311558 	0.0035011248 	-0.083583616 	0.83188752
0.0022512563 	0.0035011248 	-0.083583616 	0.83188752
0.0022713568 	0.0019022346 	-0.080045418 	0.83940827
0.0022914573 	0.0019022346 	-0.080045418 	0.83940827
0.0023115578 	0.0019022346 	-0.080045418 	0.83940827
0.0023316583 	0.00054272675 	-0.07641243 	0.84774418
0.0023517588 	0.00054272675 	-0.07641243 	0.84774418
0.0023718593 	-0.00057762709 	-0.072870344 	0.85673441
0.0023919598 	-0.00057762709 	-0.072870344 	0.85673441
0.0024120603 	-0.0014894411 	-0.06959414 	0.86631925
0.0024321608 	-0.0014894411 	-0.06959414 	0.86631925
0.0024522613 	-0.0022175281 	-0.066676272 	0.8765032
0.0024723618 	-0.0022175281 	-0.066676272 	0.8765032
0.0024924623 	-0.0027946886 	-0.064079804 	0.88732623
0.0025125628 	-0.0027946886 	-0.064079804 	0.88732623
0.0025326633 	-0.0032440834 	-0.061609726 	0.89887588
0.0025527638 	-0.0032440834 	-0.061609726 	0.89887588
0.0025728643 	-0.0035542163 	-0.058902381 	0.91131589
0.0025929648 	-0.0035542163 	-0.058902381 	0.91131589
0.0026130653 	-0.0037128882 	-0.055442352 	0.92486011
0.0026331658 	-0.0037128882 	-0.055442352 	0.92486011
0.0026532663 	-0.0037203122 	-0.050628715 	0.9396799
0.0026733668 	-0.0037203122 	-0.050628715 	0.9396799
0.0026934673 	-0.0036023629 	-0.043867272 	0.95579054
0.0027135678 	-0.0036023629 	-0.043867272 	0.95579054
0.0027336683 	-0.0034269603 	-0.03468826 	0.97294181
0.0027537688 	-0.0034269603 	-0.03468826 	0.97294181
0.0027738693 	-0.0032559689 	-0.02287021 	0.99051239
0.0027939698 	-0.0032559689 	-0.02287021 	0.99051239
0.0028140704 	-0.0030822086 	-0.0085844733 	1.0073599
0.0028341709 	-0.0030822086 	-0.0085844733 	1.0073599
0.0028542714 	-0.0027956491 	0.0074833516 	1.0217241
0.0028743719 	-0.0024875123 	0.023933087 	1.0311218
0.0028944724 	-0.0024875123 	0.023933087 	1.0311218
0.0029145729 	-0.0022102728 	0.03852181 	1.0326381
0.0029346734 	-0.0022102728 	0.03852181 	1.0326381
0.0029547739 	-0.0019160708 	0.048328477 	1.0238848
0.0029748744 	-0.0019160708 	0.048328477 	1.0238848
0.0029949749 	-0.0018500686 	0.050550174 	1.0037645
0.0030150754 	-0.0023348018 	0.043700998 	0.97281151
0.0030351759 	-0.0023348018 	0.043700998 	0.97281151
0.0030552764 	-0.0036643119 	0.028602277 	0.93271241
0.0030753769 	-0.0036643119 	0.028602277 	0.93271241
0.0030954774 	-0.0055525195 	0.0085670834 	0.88645591
0.0031155779 	-0.0073614444 	-0.011784364 	0.83811366
0.0031356784 	-0.0073614444 	-0.011784364 	0.83811366
0.0031557789 	-0.0087159713 	-0.028505191 	0.79208174
0.0031758794 	-0.0087159713 	-0.028505191 	0.79208174
0.0031959799 	-0.0095256051 	-0.039778504 	0.75175527
0.0032160804 	-0.0098239356 	-0.04589403 	0.71876702
0.0032361809 	-0.0098239356 	-0.04589403 	0.71876702
0.0032562814 	-0.0096805822 	-0.048296917 	0.69308725
0.0032763819 	-0.0091982271 	-0.048592773 	0.67368051
0.0032964824 	-0.0091982271 	-0.048592773 	0.67368051
0.0033165829 	-0.0085050165 	-0.048022015 	0.65908266
0.0033366834 	-0.0077510433 	-0.047328613 	0.6477696
0.0033567839 	-0.0077510433 	-0.047328613 	0.6477696
0.0033768844 	-0.0070778957 	-0.046860275 	0.63832646
0.0033969849 	-0.0065754178 	-0.04668638 	0.62949417
0.0034170854 	-0.0065754178 	-0.04668638 	0.62949417
0.0034371859 	-0.0062611619 	-0.046713444 	0.62017122
0.0034572864 	-0.0060877473 	-0.04675398 	0.60944576
0.0034773869 	-0.0059798359 	-0.046615695 	0.5965895
0.0034974874 	-0.0059798359 	-0.046615695 	0.5965895
0.0035175879 	-0.0058629747 	-0.04613106 	0.58103221
0.0035376884 	-0.0056770624 	-0.045175552 	0.56235215
0.0035577889 	-0.0053792824 	-0.043681785 	0.54029202
0.0035778894 	-0.0053792824 	-0.043681785 	0.54029202
0.0035979899 	-0.0049441404 	-0.041653707 	0.51481031
0.0036180905 	-0.0043672831 	-0.039177756 	0.48615371
0.003638191 	-0.0036735655 	-0.03642017 	0.45490978
0.0036582915 	-0.0036735655 	-0.03642017 	0.45490978
0.003678392 	-0.0029212957 	-0.033599859 	0.42198302
0.0036984925 	-0.002193022 	-0.030935781 	0.38845381
0.003718593 	-0.0015715185 	-0.028587538 	0.35534397
0.0037386935 	-0.0011116171 	-0.026616216 	0.32338246
0.003758794 	-0.00082354749 	-0.024981814 	0.29287902
0.0037788945 	-0.00082354749 	-0.024981814 	0.29287902
0.003798995 	-0.00067615187 	-0.023572201 	0.26375016
0.0038190955 	-0.00061539453 	-0.022244843 	0.23565696
0.003839196 	-0.00058621031 	-0.020863236 	0.20817285
0.0038592965 	-0.00054796966 	-0.019319635 	0.18091587
0.003879397 	-0.00048047355 	-0.017542735 	0.15362142
0.0038994975 	-0.00038229351 	-0.015490549 	0.12616163
0.003919598 	-0.00026567392 	-0.013125308 	0.098524718
0.0039396985 	-0.00015046008 	-0.010365041 	0.070757409
0.003959799 	-5.8125653e-05 	-0.0070177732 	0.042860636
0.0039798995 	-9.1286837e-06 	-0.0027530621 	0.014637486
0.004 	-9.1286837e-06 	-0.0027530621 	0.014637486
