0 	-0.014033086 	0.059504118 	1.0131546
5.5555556e-05 	0.054710052 	-0.0098282404 	1.0157372
0.00011111111 	0.051951097 	-0.015647851 	1.0172401
0.00016666667 	0.050330162 	-0.018527474 	1.018913
0.00022222222 	0.049161618 	-0.020938675 	1.0206671
0.00027777778 	0.047979641 	-0.02352976 	1.0222096
0.00033333333 	0.046508836 	-0.026459727 	1.0229609
0.00038888889 	0.04459719 	-0.029464902 	1.0223509
0.00044444444 	0.042014434 	-0.031955254 	1.0204989
0.0005 	0.038331358 	-0.033625234 	1.0182867
0.00055555556 	0.033169552 	-0.035129029 	1.0161194
0.00061111111 	0.026576239 	-0.037968542 	1.0129263
0.00066666667 	0.019008032 	-0.043303988 	1.0070479
0.00072222222 	0.010906633 	-0.050166367 	0.99741597
0.00077777778 	0.0023570659 	-0.054595245 	0.98347109
0.00083333333 	-0.0067705042 	-0.051800097 	0.96542466
0.00088888889 	-0.016414578 	-0.039931796 	0.94553624
0.00094444444 	-0.026463128 	-0.022203858 	0.92805168
0.001 	-0.037481889 	-0.0037356 	0.91617954
0.0010617224 	-0.048783934 	0.0088120688 	0.91223269
0.0011225923 	-0.058355401 	0.010787933 	0.91379485
0.0011826215 	-0.064798887 	0.00254822 	0.91777953
0.0012418217 	-0.068988034 	-0.010711257 	0.92262573
0.0013002041 	-0.07263155 	-0.022398041 	0.92704449
0.0013577803 	-0.076190372 	-0.028777404 	0.93074746
0.0014145612 	-0.079074895 	-0.029027748 	0.93521713
0.0014705579 	-0.080787151 	-0.023976428 	0.941876
0.0015257812 	-0.08116769 	-0.015775404 	0.95066513
0.0015802418 	-0.080291108 	-0.0069311841 	0.96034027
0.0016339502 	-0.078277382 	0.00049175117 	0.96939985
0.0016869168 	-0.075191182 	0.0051818832 	0.97670631
0.0017391518 	-0.071147771 	0.0068119601 	0.98169073
0.0017906654 	-0.066389146 	0.0058134786 	0.98424804
0.0018414676 	-0.061046262 	0.0029984021 	0.98466497
0.0018915681 	-0.055062488 	-0.00082181894 	0.98363122
0.0019409766 	-0.048424409 	-0.0050489373 	0.98206079
0.0019897027 	-0.041148134 	-0.0093438917 	0.98073665
0.0020377558 	-0.033233797 	-0.013499854 	0.98010489
0.0020851453 	-0.024717049 	-0.017359329 	0.98025203
0.0021318802 	-0.015704345 	-0.020759313 	0.98109877
0.0021779697 	-0.006437238 	-0.023554741 	0.98255845
0.0022234225 	0.0028387371 	-0.025602806 	0.98460967
0.0022682477 	0.011899028 	-0.026775183 	0.98721472
0.0023124537 	0.020476975 	-0.026953559 	0.99029641
0.0023560491 	0.028389797 	-0.026083314 	0.99372344
0.0023990425 	0.035513833 	-0.024210512 	0.99725888
0.002441442 	0.041738649 	-0.021473369 	1.0006544
0.002483256 	0.046981157 	-0.018076375 	1.0036587
0.0025244924 	0.051183603 	-0.014262978 	1.0060569
0.0025651593 	0.054288576 	-0.010272244 	1.0076976
0.0026052645 	0.056253452 	-0.0063170373 	1.0084791
0.0026448158 	0.056998505 	-0.0025665887 	1.0083661
0.0026838209 	0.05642602 	0.00086559184 	1.0073634
0.0027222872 	0.05451434 	0.0038717203 	1.0055256
0.0027602223 	0.051289463 	0.0063929074 	1.0029428
0.0027976334 	0.046818597 	0.0083670702 	0.99972084
0.0028345278 	0.041247773 	0.0097213388 	0.99595464
0.0028709126 	0.034755415 	0.010357988 	0.99166362
0.002906795 	0.027595711 	0.01014828 	0.98664694
0.0029421817 	0.020137745 	0.0090025875 	0.98031949
0.0029770797 	0.012788151 	0.0069150827 	0.97155488
0.0030114957 	0.0059457997 	0.0039261913 	0.95871211
0.0030454363 	-7.4453726e-05 	4.5758005e-05 	0.93990912
0.0030789082 	-0.0050829682 	-0.0047247832 	0.9134816
0.0031119178 	-0.0088914571 	-0.0099802419 	0.87837635
0.0031444715 	-0.011095224 	-0.014215893 	0.83443242
0.0031765755 	-0.011183146 	-0.014930177 	0.78281247
0.0032082362 	-0.0090611267 	-0.010296368 	0.7265592
0.0032394596 	-0.0054351137 	-0.00085902234 	0.67036672
0.0032702517 	-0.0014609981 	0.010705192 	0.61907931
0.0033006186 	0.001705905 	0.021150288 	0.57616871
0.003330566 	0.0032506555 	0.027820296 	0.54322133
0.0033600998 	0.0029622156 	0.029284818 	0.52015713
0.0033892257 	0.0010707462 	0.025640964 	0.50545405
0.0034179494 	-0.0020304884 	0.018311289 	0.49657861
0.0034462763 	-0.0059009083 	0.0092875562 	0.49078862
0.003474212 	-0.010091031 	0.00026164339 	0.48586552
0.0035017619 	-0.014165531 	-0.0078360971 	0.48042766
0.0035289312 	-0.017731103 	-0.014775359 	0.47384205
0.0035557253 	-0.020546948 	-0.020657707 	0.46579538
0.0035821494 	-0.022443099 	-0.025598293 	0.45605801
0.0036082084 	-0.023310281 	-0.029594755 	0.44436309
0.0036339076 	-0.023151508 	-0.032550509 	0.43050218
0.0036592518 	-0.02206128 	-0.034348619 	0.41441782
0.003684246 	-0.020202933 	-0.034923297 	0.39624681
0.003708895 	-0.017787447 	-0.034292934 	0.37629583
0.0037332035 	-0.015053024 	-0.032566565 	0.35496471
0.0037571763 	-0.012241103 	-0.029934917 	0.33263437
0.003780818 	-0.0095684194 	-0.026650534 	0.30953892
0.0038041332 	-0.0071990141 	-0.022997173 	0.28565889
0.0038271264 	-0.0052256165 	-0.019251659 	0.26068668
0.0038498019 	-0.0036683086 	-0.015648135 	0.23409432
0.0038721643 	-0.0024894965 	-0.012349658 	0.20528583
0.0038942179 	-0.0016185781 	-0.0094424428 	0.17377796
0.0039159668 	-0.00097873602 	-0.0069380341 	0.13934748
0.0039374154 	-0.00051055341 	-0.004789508 	0.1021033
0.0039585677 	-0.00018743986 	-0.0029000994 	0.062476898
0.0039794279 	-1.5851057e-05 	-0.0010866336 	0.021164191
0.004 	-1.5851057e-05 	-0.0010866336 	0.021164191
