0 	-0.0191697 	-0.01449176 	1.056083
5.5555556e-05 	-0.0056341769 	0.015627352 	1.0577401
0.00011111111 	-0.0041145958 	0.011277062 	1.0594161
0.00016666667 	-0.0036265877 	0.006098014 	1.0613602
0.00022222222 	-0.0032318159 	0.00059307918 	1.0632922
0.00027777778 	-0.0028160789 	-0.0048826349 	1.06503
0.00033333333 	-0.0024996666 	-0.010050764 	1.0665457
0.00038888889 	-0.0024553298 	-0.014750615 	1.0679565
0.00044444444 	-0.0028223063 	-0.018933728 	1.0694558
0.0005 	-0.0036701069 	-0.0226309 	1.071219
0.00055555556 	-0.0049626549 	-0.025925266 	1.0733221
0.00061111111 	-0.0065382479 	-0.028969495 	1.0757044
0.00066666667 	-0.0081178171 	-0.03199834 	1.078186
0.00072222222 	-0.0093485533 	-0.035307224 	1.0804942
0.00077777778 	-0.009917174 	-0.03915768 	1.0822963
0.00083333333 	-0.0096320597 	-0.043642939 	1.0832605
0.00088888889 	-0.0085035695 	-0.048663715 	1.0831334
0.00094444444 	-0.0067011693 	-0.053871519 	1.0818438
0.001 	-0.0041967834 	-0.059024465 	1.0793786
0.0010617224 	-0.0012243357 	-0.063323501 	1.0758244
0.0011225923 	0.0018455942 	-0.065929079 	1.0715425
0.0011826215 	0.0047870866 	-0.066553651 	1.0666108
0.0012418217 	0.0074477629 	-0.065121024 	1.0610986
0.0013002041 	0.0095286623 	-0.061904454 	1.0552222
0.0013577803 	0.01055667 	-0.057618489 	1.0495881
0.0014145612 	0.009902791 	-0.053273873 	1.0453023
0.0014705579 	0.0070859812 	-0.049726592 	1.0435833
0.0015257812 	0.0021349477 	-0.047127482 	1.044895
0.0015802418 	-0.0042375819 	-0.04485648 	1.048347
0.0016339502 	-0.010957801 	-0.042065746 	1.0521811
0.0016869168 	-0.017134186 	-0.038259899 	1.0547968
0.0017391518 	-0.022230482 	-0.03349776 	1.055435
0.0017906654 	-0.026019797 	-0.028137963 	1.0541537
0.0018414676 	-0.028441285 	-0.022553047 	1.05148
0.0018915681 	-0.029523692 	-0.017036107 	1.0480674
0.0019409766 	-0.029333087 	-0.011859633 	1.044491
0.0019897027 	-0.027912155 	-0.0072877127 	1.04118
0.0020377558 	-0.025322303 	-0.0035933076 	1.0383907
0.0020851453 	-0.021655281 	-0.00096845629 	1.0361921
0.0021318802 	-0.01700913 	0.00045156047 	1.0345174
0.0021779697 	-0.011561921 	0.00064040469 	1.0332377
0.0022234225 	-0.0055424009 	-0.0002960175 	1.0322849
0.0022682477 	0.00068081705 	-0.0021485416 	1.0317567
0.0023124537 	0.0067060976 	-0.0045851086 	1.0319063
0.0023560491 	0.01219577 	-0.0072330934 	1.0330004
0.0023990425 	0.016867241 	-0.0097075373 	1.0351414
0.002441442 	0.020658879 	-0.011695175 	1.0381146
0.002483256 	0.023693453 	-0.012977357 	1.0413698
0.0025244924 	0.026166416 	-0.013429166 	1.0441568
0.0025651593 	0.028269312 	-0.012999626 	1.045701
0.0026052645 	0.030087221 	-0.011673178 	1.0453949
0.0026448158 	0.031678039 	-0.0094728043 	1.0428571
0.0026838209 	0.033040658 	-0.0064229514 	1.0379601
0.0027222872 	0.034038672 	-0.0025907403 	1.0307891
0.0027602223 	0.034539089 	0.0019160215 	1.0216289
0.0027976334 	0.034431369 	0.0069291436 	1.0109241
0.0028345278 	0.033664646 	0.012230158 	0.9992484
0.0028709126 	0.03227686 	0.017571149 	0.98722789
0.002906795 	0.030373108 	0.022709815 	0.97546126
0.0029421817 	0.028094242 	0.027432998 	0.96442782
0.0029770797 	0.025594531 	0.031573105 	0.95444641
0.0030114957 	0.023018328 	0.035016423 	0.9456642
0.0030454363 	0.020480274 	0.037696904 	0.93807768
0.0030789082 	0.018044574 	0.039594087 	0.9315767
0.0031119178 	0.015733214 	0.040723856 	0.92599015
0.0031444715 	0.013537788 	0.041134186 	0.92109228
0.0031765755 	0.011437482 	0.040897011 	0.91664126
0.0032082362 	0.009405207 	0.040101809 	0.91235315
0.0032394596 	0.0074135285 	0.038865026 	0.90790395
0.0032702517 	0.005449461 	0.037342518 	0.90294032
0.0033006186 	0.003512933 	0.035752425 	0.89711954
0.003330566 	0.0016190585 	0.034383429 	0.89018565
0.0033600998 	-0.00020373143 	0.033579412 	0.88205833
0.0033892257 	-0.0019055433 	0.033681741 	0.87289774
0.0034179494 	-0.0034343903 	0.034942193 	0.86307288
0.0034462763 	-0.0047544198 	0.037437074 	0.852988
0.003474212 	-0.005851868 	0.041016616 	0.84280417
0.0035017619 	-0.0067527793 	0.04530698 	0.83216495
0.0035289312 	-0.0074997801 	0.049763662 	0.8200739
0.0035557253 	-0.008123374 	0.053761989 	0.80506097
0.0035821494 	-0.0086226615 	0.056692766 	0.78565897
0.0036082084 	-0.0089671038 	0.05808779 	0.76103024
0.0036339076 	-0.0091301785 	0.057751062 	0.7314182
0.0036592518 	-0.0091153183 	0.05581419 	0.69810737
0.003684246 	-0.0089443188 	0.052710972 	0.66285038
0.003708895 	-0.0086101658 	0.049055918 	0.62705819
0.0037332035 	-0.0080501013 	0.045461508 	0.59122913
0.0037571763 	-0.0071853571 	0.042355356 	0.55491639
0.003780818 	-0.0060075161 	0.039812733 	0.51714469
0.0038041332 	-0.0046368171 	0.03754018 	0.47692055
0.0038271264 	-0.003288403 	0.035021918 	0.4335179
0.0038498019 	-0.0021673443 	0.031765452 	0.38648873
0.0038721643 	-0.0013725548 	0.027538267 	0.33558485
0.0038942179 	-0.00087347383 	0.022485943 	0.2807707
0.0039159668 	-0.00056388993 	0.017067099 	0.22231787
0.0039374154 	-0.00034093163 	0.011828078 	0.16084734
0.0039585677 	-0.00015763572 	0.0071050171 	0.097255769
0.0039794279 	-2.7475338e-05 	0.0026890994 	0.032582514
0.004 	-2.7475338e-05 	0.0026890994 	0.032582514
