0 	-0.016324894 	-0.076126982 	0.98704684
2.0100503e-05 	-0.016324894 	-0.076126982 	0.98704684
4.0201005e-05 	-0.016324894 	-0.076126982 	0.98704684
6.0301508e-05 	-0.046356347 	-0.063031846 	0.98616967
8.040201e-05 	-0.046356347 	-0.063031846 	0.98616967
0.00010050251 	-0.046356347 	-0.063031846 	0.98616967
0.00012060302 	-0.05184963 	-0.058595352 	0.98553424
0.00014070352 	-0.05184963 	-0.058595352 	0.98553424
0.00016080402 	-0.05184963 	-0.058595352 	0.98553424
0.00018090452 	-0.053290049 	-0.056762188 	0.98502584
0.00020100503 	-0.053290049 	-0.056762188 	0.98502584
0.00022110553 	-0.053290049 	-0.056762188 	0.98502584
0.00024120603 	-0.053563883 	-0.055485473 	0.98454219
0.00026130653 	-0.053563883 	-0.055485473 	0.98454219
0.00028140704 	-0.053475467 	-0.05412304 	0.98394915
0.00030150754 	-0.053475467 	-0.05412304 	0.98394915
0.00032160804 	-0.053475467 	-0.05412304 	0.98394915
0.00034170854 	-0.053332512 	-0.052458667 	0.98303106
0.00036180905 	-0.053332512 	-0.052458667 	0.98303106
0.00038190955 	-0.053332512 	-0.052458667 	0.98303106
0.00040201005 	-0.053270353 	-0.050438462 	0.98147724
0.00042211055 	-0.053270353 	-0.050438462 	0.98147724
0.00044221106 	-0.053270353 	-0.050438462 	0.98147724
0.00046231156 	-0.053368019 	-0.048083647 	0.97892745
0.00048241206 	-0.053368019 	-0.048083647 	0.97892745
0.00050251256 	-0.053724216 	-0.045463365 	0.97507994
0.00052261307 	-0.053724216 	-0.045463365 	0.97507994
0.00054271357 	-0.053724216 	-0.045463365 	0.97507994
0.00056281407 	-0.05450972 	-0.042699527 	0.96984273
0.00058291457 	-0.05450972 	-0.042699527 	0.96984273
0.00060301508 	-0.05450972 	-0.042699527 	0.96984273
0.00062311558 	-0.055976203 	-0.039982533 	0.96348513
0.00064321608 	-0.055976203 	-0.039982533 	0.96348513
0.00066331658 	-0.055976203 	-0.039982533 	0.96348513
0.00068341709 	-0.058399374 	-0.037545411 	0.95671539
0.00070351759 	-0.058399374 	-0.037545411 	0.95671539
0.00072361809 	-0.061941718 	-0.035569386 	0.95061757
0.00074371859 	-0.061941718 	-0.035569386 	0.95061757
0.0007638191 	-0.061941718 	-0.035569386 	0.95061757
0.0007839196 	-0.066499917 	-0.03403625 	0.94639557
0.0008040201 	-0.066371822 	-0.02407323 	0.94156894
0.0008241206 	-0.066371822 	-0.02407323 	0.94156894
0.00084422111 	-0.071897673 	-0.022981196 	0.93800853
0.00086432161 	-0.071897673 	-0.022981196 	0.93800853
0.00088442211 	-0.071897673 	-0.022981196 	0.93800853
0.00090452261 	-0.076582417 	-0.030761484 	0.94646231
0.00092462312 	-0.077655753 	-0.022060562 	0.93791839
0.00094472362 	-0.08275162 	-0.020743076 	0.94100229
0.00096482412 	-0.08275162 	-0.020743076 	0.94100229
0.00098492462 	-0.08275162 	-0.020743076 	0.94100229
0.0010050251 	-0.083361953 	-0.023820552 	0.9557984
0.0010251256 	-0.083361953 	-0.023820552 	0.9557984
0.0010452261 	-0.083361953 	-0.023820552 	0.9557984
0.0010653266 	-0.084079246 	-0.018199819 	0.96197855
0.0010854271 	-0.084079246 	-0.018199819 	0.96197855
0.0011055276 	-0.084079246 	-0.018199819 	0.96197855
0.0011256281 	-0.083361706 	-0.011938192 	0.96737121
0.0011457286 	-0.083361706 	-0.011938192 	0.96737121
0.0011658291 	-0.083361706 	-0.011938192 	0.96737121
0.0011859296 	-0.081531082 	-0.0057274104 	0.97181542
0.0012060302 	-0.081531082 	-0.0057274104 	0.97181542
0.0012261307 	-0.081531082 	-0.0057274104 	0.97181542
0.0012462312 	-0.079188723 	5.3476419e-05 	0.97533261
0.0012663317 	-0.079188723 	5.3476419e-05 	0.97533261
0.0012864322 	-0.079188723 	5.3476419e-05 	0.97533261
0.0013065327 	-0.076565161 	0.0051802414 	0.97807224
0.0013266332 	-0.076565161 	0.0051802414 	0.97807224
0.0013467337 	-0.076565161 	0.0051802414 	0.97807224
0.0013668342 	-0.073836784 	0.0095471586 	0.98011343
0.0013869347 	-0.073836784 	0.0095471586 	0.98011343
0.0014070352 	-0.073836784 	0.0095471586 	0.98011343
0.0014271357 	-0.071062315 	0.013108676 	0.98148909
0.0014472362 	-0.071062315 	0.013108676 	0.98148909
0.0014673367 	-0.071062315 	0.013108676 	0.98148909
0.0014874372 	-0.068270843 	0.015859632 	0.98222453
0.0015075377 	-0.068270843 	0.015859632 	0.98222453
0.0015276382 	-0.065471014 	0.017837924 	0.98237317
0.0015477387 	-0.065471014 	0.017837924 	0.98237317
0.0015678392 	-0.065471014 	0.017837924 	0.98237317
0.0015879397 	-0.062671642 	0.019119637 	0.9820471
0.0016080402 	-0.062671642 	0.019119637 	0.9820471
0.0016281407 	-0.062671642 	0.019119637 	0.9820471
0.0016482412 	-0.059884424 	0.019783179 	0.98138104
0.0016683417 	-0.059884424 	0.019783179 	0.98138104
0.0016884422 	-0.057125783 	0.019900768 	0.9805029
0.0017085427 	-0.057125783 	0.019900768 	0.9805029
0.0017286432 	-0.057125783 	0.019900768 	0.9805029
0.0017487437 	-0.054404459 	0.019559617 	0.97953258
0.0017688442 	-0.054404459 	0.019559617 	0.97953258
0.0017889447 	-0.054404459 	0.019559617 	0.97953258
0.0018090452 	-0.051718851 	0.018840762 	0.9785694
0.0018291457 	-0.051718851 	0.018840762 	0.9785694
0.0018492462 	-0.049052414 	0.017839172 	0.97767894
0.0018693467 	-0.049052414 	0.017839172 	0.97767894
0.0018894472 	-0.049052414 	0.017839172 	0.97767894
0.0019095477 	-0.046365955 	0.016642444 	0.9768884
0.0019296482 	-0.046365955 	0.016642444 	0.9768884
0.0019497487 	-0.043582458 	0.01532504 	0.97619837
0.0019698492 	-0.043582458 	0.01532504 	0.97619837
0.0019899497 	-0.040630877 	0.013954212 	0.97559197
0.0020100503 	-0.040630877 	0.013954212 	0.97559197
0.0020301508 	-0.040630877 	0.013954212 	0.97559197
0.0020502513 	-0.037460682 	0.012576108 	0.97504
0.0020703518 	-0.037460682 	0.012576108 	0.97504
0.0020904523 	-0.034041754 	0.011247493 	0.97452438
0.0021105528 	-0.034041754 	0.011247493 	0.97452438
0.0021306533 	-0.034041754 	0.011247493 	0.97452438
0.0021507538 	-0.030394973 	0.01004249 	0.97405669
0.0021708543 	-0.030394973 	0.01004249 	0.97405669
0.0021909548 	-0.026599754 	0.0090631949 	0.97370506
0.0022110553 	-0.026599754 	0.0090631949 	0.97370506
0.0022311558 	-0.022768242 	0.0084122438 	0.97354019
0.0022512563 	-0.022768242 	0.0084122438 	0.97354019
0.0022713568 	-0.019017192 	0.0081612985 	0.97362915
0.0022914573 	-0.019017192 	0.0081612985 	0.97362915
0.0023115578 	-0.019017192 	0.0081612985 	0.97362915
0.0023316583 	-0.015457229 	0.008312473 	0.9740068
0.0023517588 	-0.015457229 	0.008312473 	0.9740068
0.0023718593 	-0.012169063 	0.0087976795 	0.97469371
0.0023919598 	-0.012169063 	0.0087976795 	0.97469371
0.0024120603 	-0.0092149399 	0.0094995507 	0.97571803
0.0024321608 	-0.0092149399 	0.0094995507 	0.97571803
0.0024522613 	-0.0066793391 	0.010285436 	0.97713685
0.0024723618 	-0.0066793391 	0.010285436 	0.97713685
0.0024924623 	-0.0046245392 	0.011028492 	0.97902256
0.0025125628 	-0.0046245392 	0.011028492 	0.97902256
0.0025326633 	-0.0030970047 	0.011627586 	0.98143047
0.0025527638 	-0.0030970047 	0.011627586 	0.98143047
0.0025728643 	-0.0021164944 	0.012029004 	0.98437774
0.0025929648 	-0.0021164944 	0.012029004 	0.98437774
0.0026130653 	-0.001660119 	0.012212334 	0.98780492
0.0026331658 	-0.001660119 	0.012212334 	0.98780492
0.0026532663 	-0.0016544597 	0.012185692 	0.99155709
0.0026733668 	-0.0016544597 	0.012185692 	0.99155709
0.0026934673 	-0.0019547931 	0.011956428 	0.99540468
0.0027135678 	-0.0019547931 	0.011956428 	0.99540468
0.0027336683 	-0.0024314572 	0.011447453 	0.99898956
0.0027537688 	-0.0024314572 	0.011447453 	0.99898956
0.0027738693 	-0.0029287358 	0.010461094 	1.0018958
0.0027939698 	-0.0029287358 	0.010461094 	1.0018958
0.0028140704 	-0.0032463336 	0.0086633813 	1.003693
0.0028341709 	-0.0032463336 	0.0086633813 	1.003693
0.0028542714 	-0.0031616853 	0.005653213 	1.0040254
0.0028743719 	-0.0025487255 	0.0011104639 	1.00265
0.0028944724 	-0.0025487255 	0.0011104639 	1.00265
0.0029145729 	-0.0014829072 	-0.0049937477 	0.99936662
0.0029346734 	-0.0014829072 	-0.0049937477 	0.99936662
0.0029547739 	-0.00017246864 	-0.012264137 	0.99387578
0.0029748744 	-0.00017246864 	-0.012264137 	0.99387578
0.0029949749 	0.001101008 	-0.020004426 	0.98562076
0.0030150754 	0.0021048281 	-0.027574658 	0.97374694
0.0030351759 	0.0021048281 	-0.027574658 	0.97374694
0.0030552764 	0.0027996671 	-0.034781207 	0.95726704
0.0030753769 	0.0027996671 	-0.034781207 	0.95726704
0.0030954774 	0.0033736187 	-0.041998346 	0.93533648
0.0031155779 	0.0041409264 	-0.049871892 	0.90747567
0.0031356784 	0.0041409264 	-0.049871892 	0.90747567
0.0031557789 	0.005360632 	-0.058781177 	0.87374695
0.0031758794 	0.005360632 	-0.058781177 	0.87374695
0.0031959799 	0.00707594 	-0.068467668 	0.83496405
0.0032160804 	0.0090820316 	-0.078031678 	0.79283836
0.0032361809 	0.0090820316 	-0.078031678 	0.79283836
0.0032562814 	0.011047824 	-0.08624829 	0.74978215
0.0032763819 	0.012682334 	-0.092117005 	0.70835263
0.0032964824 	0.012682334 	-0.092117005 	0.70835263
0.0033165829 	0.013800188 	-0.095393806 	0.67073055
0.0033366834 	0.014297034 	-0.096676247 	0.63848117
0.0033567839 	0.014297034 	-0.096676247 	0.63848117
0.0033768844 	0.014159869 	-0.096897494 	0.61243139
0.0033969849 	0.01352542 	-0.096633533 	0.59256917
0.0034170854 	0.01352542 	-0.096633533 	0.59256917
0.0034371859 	0.012666375 	-0.09572016 	0.5781362
0.0034572864 	0.011876822 	-0.093387396 	0.56790103
0.0034773869 	0.011352752 	-0.088829041 	0.56029724
0.0034974874 	0.011352752 	-0.088829041 	0.56029724
0.0035175879 	0.011104108 	-0.081955351 	0.55351154
0.0035376884 	0.010821561 	-0.073595592 	0.54630999
0.0035577889 	0.0097553325 	-0.064407746 	0.53954555
0.0035778894 	0.0097553325 	-0.064407746 	0.53954555
0.0035979899 	0.0069568279 	-0.053298848 	0.53599808
0.0036180905 	0.0019412725 	-0.037506278 	0.53685197
0.003638191 	-0.0045250813 	-0.015102292 	0.53787983
0.0036582915 	-0.0045250813 	-0.015102292 	0.53787983
0.003678392 	-0.011060729 	0.012136295 	0.53106143
0.0036984925 	-0.016691783 	0.039151942 	0.51054957
0.003718593 	-0.020951808 	0.060970231 	0.4769645
0.0037386935 	-0.023789342 	0.075481127 	0.43520146
0.003758794 	-0.02506226 	0.083391725 	0.38969626
0.0037788945 	-0.02506226 	0.083391725 	0.38969626
0.003798995 	-0.024563486 	0.086411041 	0.34253411
0.0038190955 	-0.022356211 	0.085844213 	0.29481856
0.003839196 	-0.018955318 	0.082411452 	0.24829402
0.0038592965 	-0.015106784 	0.076639288 	0.20507067
0.003879397 	-0.011413738 	0.069038664 	0.16628627
0.0038994975 	-0.0081679207 	0.059963849 	0.13161199
0.003919598 	-0.0054219651 	0.049499202 	0.09988158
0.0039396985 	-0.0031452817 	0.037484951 	0.069944675
0.003959799 	-0.0013642918 	0.023693348 	0.04115407
0.0039798995 	-0.00021284211 	0.0081795297 	0.013405632
0.004 	-0.00021284211 	0.0081795297 	0.013405632
