0 	0.014928447 	-0.036945451 	1.1135008
5.5555625e-05 	0.028692221 	-0.02447415 	1.113262
0.00011111111 	0.030000062 	-0.018642923 	1.1130702
0.00016666667 	0.029282264 	-0.014709662 	1.1129105
0.00022222222 	0.027881597 	-0.011525641 	1.112749
0.00027777778 	0.026170001 	-0.0088726421 	1.1125454
0.00033333333 	0.024314688 	-0.0067902583 	1.1122815
0.00038888889 	0.022429017 	-0.0053588626 	1.1119738
0.00044444444 	0.020622123 	-0.0046024776 	1.1116763
0.0005 	0.019005846 	-0.0044363436 	1.1114634
0.00055555556 	0.017691499 	-0.0046551865 	1.111397
0.00061111111 	0.016771802 	-0.0049566149 	1.1114826
0.00066666667 	0.016295391 	-0.0050097421 	1.1116181
0.00072222222 	0.016251632 	-0.0045494521 	1.1115564
0.00077777778 	0.016586832 	-0.0034566869 	1.1109101
0.00083333333 	0.017199134 	-0.0017631808 	1.109262
0.00088888889 	0.018075788 	0.00040661052 	1.1063223
0.00094444444 	0.019107442 	0.0029307911 	1.1021056
0.001 	0.020347565 	0.0059444776 	1.0965983
0.0010617224 	0.021766206 	0.0090051661 	1.0904296
0.0011225923 	0.02348483 	0.011810413 	1.0847603
0.0011826215 	0.025503233 	0.014094661 	1.080122
0.0012418217 	0.027930175 	0.015591212 	1.0767372
0.0013002041 	0.030934645 	0.016128329 	1.0745624
0.0013577803 	0.034649304 	0.015472011 	1.07338
0.0014145612 	0.03906964 	0.013309798 	1.0729211
0.0014705579 	0.043973602 	0.0094389978 	1.0729791
0.0015257812 	0.048965799 	0.0039927165 	1.0734401
0.0015802418 	0.053619225 	-0.0024928898 	1.0742187
0.0016339502 	0.057584919 	-0.0092233852 	1.075173
0.0016869168 	0.060582797 	-0.015328489 	1.0760876
0.0017391518 	0.062402275 	-0.020091987 	1.0767472
0.0017906654 	0.062956516 	-0.022956849 	1.0769785
0.0018414676 	0.062270483 	-0.023642529 	1.0766437
0.0018915681 	0.0604859 	-0.022163626 	1.0756043
0.0019409766 	0.057846891 	-0.018782548 	1.0736947
0.0019897027 	0.054648115 	-0.013900195 	1.0707125
0.0020377558 	0.051186782 	-0.008012967 	1.0665361
0.0020851453 	0.047634067 	-0.0016903562 	1.0613497
0.0021318802 	0.043938814 	0.0043186366 	1.0558752
0.0021779697 	0.039832165 	0.0089341646 	1.0513404
0.0022234225 	0.034950331 	0.010966854 	1.0488085
0.0022682477 	0.029060754 	0.0097291986 	1.048221
0.0023124537 	0.02231338 	0.0055440231 	1.0480094
0.0023560491 	0.01510857 	-0.00050380858 	1.0458667
0.0023990425 	0.0077808155 	-0.0071006146 	1.0400568
0.002441442 	0.00081205381 	-0.013366097 	1.030289
0.002483256 	-0.0053434812 	-0.019191005 	1.0173933
0.0025244924 	-0.010236493 	-0.025093963 	1.0021277
0.0025651593 	-0.01325753 	-0.031590906 	0.98449551
0.0026052645 	-0.01395864 	-0.038815708 	0.96417576
0.0026448158 	-0.012173885 	-0.046441391 	0.94154114
0.0026838209 	-0.0081393065 	-0.053691228 	0.91801325
0.0027222872 	-0.0024424585 	-0.059544655 	0.89547013
0.0027602223 	0.0041191425 	-0.063004918 	0.8754279
0.0027976334 	0.010731896 	-0.063316002 	0.85881636
0.0028345278 	0.016719661 	-0.060267151 	0.84602601
0.0028709126 	0.021529756 	-0.054377925 	0.83696297
0.002906795 	0.024850153 	-0.046746771 	0.83115492
0.0029421817 	0.026597077 	-0.038504132 	0.8282066
0.0029770797 	0.026684157 	-0.030440685 	0.82811105
0.0030114957 	0.024866752 	-0.023092824 	0.83106228
0.0030454363 	0.020969121 	-0.016818544 	0.83707331
0.0030789082 	0.015000424 	-0.011659589 	0.84587779
0.0031119178 	0.007120076 	-0.0073982792 	0.85676569
0.0031444715 	-0.0023673373 	-0.0037139191 	0.86858228
0.0031765755 	-0.012915624 	-0.00032263626 	0.87970123
0.0032082362 	-0.023702563 	0.0030362305 	0.8880198
0.0032394596 	-0.033817561 	0.0069182312 	0.89078746
0.0032702517 	-0.042504817 	0.012367494 	0.88481467
0.0033006186 	-0.049217627 	0.020615129 	0.86751819
0.003330566 	-0.053819921 	0.032281228 	0.838525
0.0033600998 	-0.05687801 	0.046604732 	0.80040911
0.0033892257 	-0.059177276 	0.061499233 	0.75744613
0.0034179494 	-0.061129381 	0.074593188 	0.71325539
0.0034462763 	-0.062698917 	0.084284931 	0.66963676
0.003474212 	-0.063772585 	0.090050508 	0.62716704
0.0035017619 	-0.064483139 	0.091991782 	0.58627255
0.0035289312 	-0.065222376 	0.090338949 	0.54778955
0.0035557253 	-0.066393733 	0.085302186 	0.51285942
0.0035821494 	-0.06802352 	0.077110795 	0.48243265
0.0036082084 	-0.069545731 	0.06600676 	0.45680612
0.0036339076 	-0.070004782 	0.052476095 	0.43539668
0.0036592518 	-0.068633892 	0.037748532 	0.41662163
0.003684246 	-0.065368299 	0.024183631 	0.39797562
0.003708895 	-0.060556674 	0.014092674 	0.37735077
0.0037332035 	-0.05467838 	0.0086963844 	0.35370961
0.0037571763 	-0.04807189 	0.0077319503 	0.32745213
0.003780818 	-0.041109046 	0.010017327 	0.2996884
0.0038041332 	-0.034170103 	0.014149489 	0.27138433
0.0038271264 	-0.027584171 	0.018873885 	0.24298038
0.0038498019 	-0.021571191 	0.023188945 	0.21442227
0.0038721643 	-0.016231837 	0.026392211 	0.18541238
0.0038942179 	-0.011574098 	0.028075113 	0.1556428
0.0039159668 	-0.0075696934 	0.028028379 	0.12488747
0.0039374154 	-0.0042249712 	0.025963153 	0.092874064
0.0039585677 	-0.0016439547 	0.0209653 	0.058955385
0.0039794279 	-0.00016533449 	0.010566056 	0.021679607
0.004 	0.00023426136 	0.0032164339 	0.022484356
