0 	-0.012327665 	-0.011582483 	1.0777396
2.0100503e-05 	-0.012327665 	-0.011582483 	1.0777396
4.0201005e-05 	-0.012327665 	-0.011582483 	1.0777396
6.0301508e-05 	-0.016342008 	-0.029451907 	1.0806823
8.040201e-05 	-0.016342008 	-0.029451907 	1.0806823
0.00010050251 	-0.016342008 	-0.029451907 	1.0806823
0.00012060302 	-0.022626135 	-0.046599292 	1.074321
0.00014070352 	-0.022626135 	-0.046599292 	1.074321
0.00016080402 	-0.022626135 	-0.046599292 	1.074321
0.00018090452 	-0.029736192 	-0.059915438 	1.060112
0.00020100503 	-0.029736192 	-0.059915438 	1.060112
0.00022110553 	-0.029736192 	-0.059915438 	1.060112
0.00024120603 	-0.035908483 	-0.068935256 	1.0419201
0.00026130653 	-0.035908483 	-0.068935256 	1.0419201
0.00028140704 	-0.04010309 	-0.074068453 	1.0221767
0.00030150754 	-0.04010309 	-0.074068453 	1.0221767
0.00032160804 	-0.04010309 	-0.074068453 	1.0221767
0.00034170854 	-0.042950034 	-0.074740057 	1.0032841
0.00036180905 	-0.042950034 	-0.074740057 	1.0032841
0.00038190955 	-0.042950034 	-0.074740057 	1.0032841
0.00040201005 	-0.04554912 	-0.070426346 	0.98832713
0.00042211055 	-0.04554912 	-0.070426346 	0.98832713
0.00044221106 	-0.04554912 	-0.070426346 	0.98832713
0.00046231156 	-0.048430828 	-0.061439583 	0.97922107
0.00048241206 	-0.048430828 	-0.061439583 	0.97922107
0.00050251256 	-0.051698625 	-0.048374804 	0.97575114
0.00052261307 	-0.051698625 	-0.048374804 	0.97575114
0.00054271357 	-0.051698625 	-0.048374804 	0.97575114
0.00056281407 	-0.055329057 	-0.031761386 	0.97618569
0.00058291457 	-0.055329057 	-0.031761386 	0.97618569
0.00060301508 	-0.055329057 	-0.031761386 	0.97618569
0.00062311558 	-0.059377491 	-0.011947916 	0.97865416
0.00064321608 	-0.059377491 	-0.011947916 	0.97865416
0.00066331658 	-0.059377491 	-0.011947916 	0.97865416
0.00068341709 	-0.063944785 	0.010724355 	0.98214307
0.00070351759 	-0.063944785 	0.010724355 	0.98214307
0.00072361809 	-0.068774856 	0.035573635 	0.98646405
0.00074371859 	-0.068774856 	0.035573635 	0.98646405
0.0007638191 	-0.068774856 	0.035573635 	0.98646405
0.0007839196 	-0.073404097 	0.061184239 	0.99140258
0.0008040201 	-0.073404097 	0.061184239 	0.99140258
0.0008241206 	-0.073404097 	0.061184239 	0.99140258
0.00084422111 	-0.077493482 	0.085080798 	0.99608013
0.00086432161 	-0.077493482 	0.085080798 	0.99608013
0.00088442211 	-0.077493482 	0.085080798 	0.99608013
0.00090452261 	-0.080864546 	0.10382529 	0.99844723
0.00092462312 	-0.080864546 	0.10382529 	0.99844723
0.00094472362 	-0.083545516 	0.11443552 	0.9955787
0.00096482412 	-0.083545516 	0.11443552 	0.9955787
0.00098492462 	-0.083545516 	0.11443552 	0.9955787
0.0010050251 	-0.088858316 	0.1136474 	0.98732428
0.0010251256 	-0.088858316 	0.1136474 	0.98732428
0.0010452261 	-0.088858316 	0.1136474 	0.98732428
0.0010653266 	-0.094021655 	0.11217181 	0.97186919
0.0010854271 	-0.094021655 	0.11217181 	0.97186919
0.0011055276 	-0.094021655 	0.11217181 	0.97186919
0.0011256281 	-0.097314632 	0.11092075 	0.96434938
0.0011457286 	-0.097314632 	0.11092075 	0.96434938
0.0011658291 	-0.097314632 	0.11092075 	0.96434938
0.0011859296 	-0.098655745 	0.10880312 	0.96807472
0.0012060302 	-0.098655745 	0.10880312 	0.96807472
0.0012261307 	-0.098655745 	0.10880312 	0.96807472
0.0012462312 	-0.099442984 	0.1043757 	0.96855796
0.0012663317 	-0.099442984 	0.1043757 	0.96855796
0.0012864322 	-0.099442984 	0.1043757 	0.96855796
0.0013065327 	-0.1007188 	0.098569176 	0.9520904
0.0013266332 	-0.1007188 	0.098569176 	0.9520904
0.0013467337 	-0.1007188 	0.098569176 	0.9520904
0.0013668342 	-0.10164459 	0.092925076 	0.9196752
0.0013869347 	-0.10164459 	0.092925076 	0.9196752
0.0014070352 	-0.10164459 	0.092925076 	0.9196752
0.0014271357 	-0.10168996 	0.089030656 	0.8837754
0.0014472362 	-0.10168996 	0.089030656 	0.8837754
0.0014673367 	-0.10168996 	0.089030656 	0.8837754
0.0014874372 	-0.10120456 	0.087296161 	0.8585903
0.0015075377 	-0.10120456 	0.087296161 	0.8585903
0.0015276382 	-0.10035906 	0.086523954 	0.84931618
0.0015477387 	-0.10035906 	0.086523954 	0.84931618
0.0015678392 	-0.10035906 	0.086523954 	0.84931618
0.0015879397 	-0.099384856 	0.086078006 	0.84917183
0.0016080402 	-0.099384856 	0.086078006 	0.84917183
0.0016281407 	-0.099384856 	0.086078006 	0.84917183
0.0016482412 	-0.098832163 	0.085996968 	0.84997132
0.0016683417 	-0.098832163 	0.085996968 	0.84997132
0.0016884422 	-0.098748182 	0.085564397 	0.85032554
0.0017085427 	-0.098748182 	0.085564397 	0.85032554
0.0017286432 	-0.098748182 	0.085564397 	0.85032554
0.0017487437 	-0.098541565 	0.083499653 	0.85252564
0.0017688442 	-0.098541565 	0.083499653 	0.85252564
0.0017889447 	-0.098541565 	0.083499653 	0.85252564
0.0018090452 	-0.097518879 	0.078731196 	0.85726518
0.0018291457 	-0.097518879 	0.078731196 	0.85726518
0.0018492462 	-0.095256036 	0.070504994 	0.8627282
0.0018693467 	-0.095256036 	0.070504994 	0.8627282
0.0018894472 	-0.095256036 	0.070504994 	0.8627282
0.0019095477 	-0.091634236 	0.058384825 	0.8665093
0.0019296482 	-0.091634236 	0.058384825 	0.8665093
0.0019497487 	-0.086818451 	0.04260409 	0.86735319
0.0019698492 	-0.086818451 	0.04260409 	0.86735319
0.0019899497 	-0.086818451 	0.04260409 	0.86735319
0.0020100503 	-0.081314358 	0.024194286 	0.8655708
0.0020301508 	-0.081314358 	0.024194286 	0.8655708
0.0020502513 	-0.075877007 	0.0045941438 	0.86273741
0.0020703518 	-0.075877007 	0.0045941438 	0.86273741
0.0020904523 	-0.071015815 	-0.014861977 	0.86119381
0.0021105528 	-0.071015815 	-0.014861977 	0.86119381
0.0021306533 	-0.071015815 	-0.014861977 	0.86119381
0.0021507538 	-0.066746949 	-0.03304204 	0.86345923
0.0021708543 	-0.066746949 	-0.03304204 	0.86345923
0.0021909548 	-0.062988945 	-0.049275172 	0.8715065
0.0022110553 	-0.062988945 	-0.049275172 	0.8715065
0.0022311558 	-0.059706657 	-0.063104487 	0.88605828
0.0022512563 	-0.059706657 	-0.063104487 	0.88605828
0.0022713568 	-0.05692245 	-0.0740342 	0.90572835
0.0022914573 	-0.05692245 	-0.0740342 	0.90572835
0.0023115578 	-0.05692245 	-0.0740342 	0.90572835
0.0023316583 	-0.054873349 	-0.081600268 	0.92688329
0.0023517588 	-0.054873349 	-0.081600268 	0.92688329
0.0023718593 	-0.053826739 	-0.085733254 	0.94510884
0.0023919598 	-0.053826739 	-0.085733254 	0.94510884
0.0024120603 	-0.053688286 	-0.087061091 	0.95755723
0.0024321608 	-0.053688286 	-0.087061091 	0.95755723
0.0024522613 	-0.053891495 	-0.086818148 	0.96412243
0.0024723618 	-0.053891495 	-0.086818148 	0.96412243
0.0024924623 	-0.053723192 	-0.086310656 	0.96661744
0.0025125628 	-0.053723192 	-0.086310656 	0.96661744
0.0025326633 	-0.052721788 	-0.086361199 	0.96720502
0.0025527638 	-0.052721788 	-0.086361199 	0.96720502
0.0025728643 	-0.050838538 	-0.087109543 	0.96742491
0.0025929648 	-0.050838538 	-0.087109543 	0.96742491
0.0026130653 	-0.04835728 	-0.088213254 	0.96805711
0.0026331658 	-0.04835728 	-0.088213254 	0.96805711
0.0026532663 	-0.04572751 	-0.089202449 	0.96936566
0.0026733668 	-0.04572751 	-0.089202449 	0.96936566
0.0026934673 	-0.04341841 	-0.089744054 	0.9713288
0.0027135678 	-0.04341841 	-0.089744054 	0.9713288
0.0027336683 	-0.0418149 	-0.08973962 	0.97374866
0.0027537688 	-0.0418149 	-0.08973962 	0.97374866
0.0027738693 	-0.041158678 	-0.089303912 	0.97628132
0.0027939698 	-0.041158678 	-0.089303912 	0.97628132
0.0028140704 	-0.041519232 	-0.088673835 	0.9784468
0.0028341709 	-0.041519232 	-0.088673835 	0.9784468
0.0028542714 	-0.042781038 	-0.088066627 	0.97964682
0.0028743719 	-0.044644403 	-0.087512432 	0.97918727
0.0028944724 	-0.044644403 	-0.087512432 	0.97918727
0.0029145729 	-0.046648567 	-0.086724107 	0.97630666
0.0029346734 	-0.046648567 	-0.086724107 	0.97630666
0.0029547739 	-0.048230422 	-0.085078984 	0.97021851
0.0029748744 	-0.048230422 	-0.085078984 	0.97021851
0.0029949749 	-0.048825331 	-0.081769644 	0.96020514
0.0030150754 	-0.048001212 	-0.076093893 	0.94576675
0.0030351759 	-0.048001212 	-0.076093893 	0.94576675
0.0030552764 	-0.045572933 	-0.067775157 	0.92678587
0.0030753769 	-0.045572933 	-0.067775157 	0.92678587
0.0030954774 	-0.041660752 	-0.057150678 	0.90364393
0.0031155779 	-0.036650073 	-0.045124388 	0.87722658
0.0031356784 	-0.036650073 	-0.045124388 	0.87722658
0.0031557789 	-0.031079374 	-0.032893565 	0.84881343
0.0031758794 	-0.031079374 	-0.032893565 	0.84881343
0.0031959799 	-0.025494092 	-0.021576014 	0.81988555
0.0032160804 	-0.020327551 	-0.011914067 	0.7919
0.0032361809 	-0.020327551 	-0.011914067 	0.7919
0.0032562814 	-0.015826723 	-0.0041624167 	0.76606062
0.0032763819 	-0.012143616 	0.0018212533 	0.7431503
0.0032964824 	-0.012143616 	0.0018212533 	0.7431503
0.0033165829 	-0.0092803942 	0.0063781598 	0.72346759
0.0033366834 	-0.0070758466 	0.0098890786 	0.70690522
0.0033567839 	-0.0070758466 	0.0098890786 	0.70690522
0.0033768844 	-0.005359845 	0.012675612 	0.69306382
0.0033969849 	-0.0039708538 	0.014981688 	0.68141571
0.0034170854 	-0.0039708538 	0.014981688 	0.68141571
0.0034371859 	-0.0027778928 	0.016992346 	0.67144368
0.0034572864 	-0.0016886542 	0.018870499 	0.66273093
0.0034773869 	-0.0006459219 	0.020785512 	0.65500025
0.0034974874 	-0.0006459219 	0.020785512 	0.65500025
0.0035175879 	0.00037809902 	0.022928174 	0.64811094
0.0035376884 	0.0013915889 	0.025510911 	0.6420221
0.0035577889 	0.0023954668 	0.028750986 	0.63672655
0.0035778894 	0.0023954668 	0.028750986 	0.63672655
0.0035979899 	0.0033989095 	0.032833718 	0.63215504
0.0036180905 	0.0044360584 	0.037854786 	0.62804666
0.003638191 	0.0055686402 	0.043751645 	0.62383635
0.0036582915 	0.0055686402 	0.043751645 	0.62383635
0.003678392 	0.0068562718 	0.050253147 	0.61861595
0.0036984925 	0.0082996193 	0.056878118 	0.61122594
0.003718593 	0.0097889372 	0.062995662 	0.60045029
0.0037386935 	0.011097106 	0.067927916 	0.58521241
0.003758794 	0.01193663 	0.071055019 	0.56469376
0.0037788945 	0.01193663 	0.071055019 	0.56469376
0.003798995 	0.01206706 	0.07189074 	0.53837873
0.0038190955 	0.011395679 	0.070120169 	0.50605234
0.003839196 	0.010015477 	0.065638452 	0.46772846
0.0038592965 	0.0081645249 	0.058617912 	0.42349757
0.003879397 	0.0061335271 	0.049571241 	0.37336904
0.0038994975 	0.0041814967 	0.039341753 	0.3172494
0.003919598 	0.0024971014 	0.02895625 	0.25512642
0.0039396985 	0.0012014624 	0.01934546 	0.18736287
0.003959799 	0.00036093293 	0.011014554 	0.11488534
0.0039798995 	5.8127417e-06 	0.0037484067 	0.039079289
0.004 	5.8127417e-06 	0.0037484067 	0.039079289
