0 	0.031684654 	0.036586731 	0.91377219
2.0100503e-05 	0.031684654 	0.036586731 	0.91377219
4.0201005e-05 	0.031684654 	0.036586731 	0.91377219
6.0301508e-05 	0.049569867 	0.023610148 	0.9179173
8.040201e-05 	0.049569867 	0.023610148 	0.9179173
0.00010050251 	0.049569867 	0.023610148 	0.9179173
0.00012060302 	0.05782736 	0.02119683 	0.92128676
0.00014070352 	0.05782736 	0.02119683 	0.92128676
0.00016080402 	0.05782736 	0.02119683 	0.92128676
0.00018090452 	0.064614568 	0.020687043 	0.92337644
0.00020100503 	0.064614568 	0.020687043 	0.92337644
0.00022110553 	0.064614568 	0.020687043 	0.92337644
0.00024120603 	0.070296806 	0.020091988 	0.92373559
0.00026130653 	0.070296806 	0.020091988 	0.92373559
0.00028140704 	0.074598555 	0.018739015 	0.92200229
0.00030150754 	0.074598555 	0.018739015 	0.92200229
0.00032160804 	0.074598555 	0.018739015 	0.92200229
0.00034170854 	0.077199494 	0.016345036 	0.91799749
0.00036180905 	0.077199494 	0.016345036 	0.91799749
0.00038190955 	0.077199494 	0.016345036 	0.91799749
0.00040201005 	0.077830326 	0.012803927 	0.91190722
0.00042211055 	0.077830326 	0.012803927 	0.91190722
0.00044221106 	0.077830326 	0.012803927 	0.91190722
0.00046231156 	0.07626733 	0.0080550292 	0.90450171
0.00048241206 	0.07626733 	0.0080550292 	0.90450171
0.00050251256 	0.072330315 	0.0021845622 	0.89721742
0.00052261307 	0.072330315 	0.0021845622 	0.89721742
0.00054271357 	0.072330315 	0.0021845622 	0.89721742
0.00056281407 	0.066046875 	-0.0046357245 	0.89228655
0.00058291457 	0.066046875 	-0.0046357245 	0.89228655
0.00060301508 	0.066046875 	-0.0046357245 	0.89228655
0.00062311558 	0.059785831 	-0.0086626348 	0.88989055
0.00064321608 	0.059785831 	-0.0086626348 	0.88989055
0.00066331658 	0.059785831 	-0.0086626348 	0.88989055
0.00068341709 	0.049687005 	-0.014166029 	0.90084407
0.00070351759 	0.049687005 	-0.014166029 	0.90084407
0.00072361809 	0.040939261 	-0.018389996 	0.92413504
0.00074371859 	0.040939261 	-0.018389996 	0.92413504
0.0007638191 	0.040939261 	-0.018389996 	0.92413504
0.0007839196 	0.035135999 	-0.018110866 	0.95395572
0.0008040201 	0.035135999 	-0.018110866 	0.95395572
0.0008241206 	0.035135999 	-0.018110866 	0.95395572
0.00084422111 	0.031924056 	-0.011218326 	0.97964842
0.00086432161 	0.031924056 	-0.011218326 	0.97964842
0.00088442211 	0.031924056 	-0.011218326 	0.97964842
0.00090452261 	0.029643035 	0.00081171979 	0.99516957
0.00092462312 	0.029643035 	0.00081171979 	0.99516957
0.00094472362 	0.027027628 	0.013974154 	1.0025931
0.00096482412 	0.027027628 	0.013974154 	1.0025931
0.00098492462 	0.027027628 	0.013974154 	1.0025931
0.0010050251 	0.023362236 	0.024803235 	1.007971
0.0010251256 	0.02150772 	0.024395684 	1.009527
0.0010452261 	0.02150772 	0.024395684 	1.009527
0.0010653266 	0.015792781 	0.027722886 	1.0188389
0.0010854271 	0.015792781 	0.027722886 	1.0188389
0.0011055276 	0.015792781 	0.027722886 	1.0188389
0.0011256281 	0.0091636352 	0.024413631 	1.0277578
0.0011457286 	0.0091636352 	0.024413631 	1.0277578
0.0011658291 	0.0091636352 	0.024413631 	1.0277578
0.0011859296 	0.0019645808 	0.017873678 	1.0335833
0.0012060302 	0.0019645808 	0.017873678 	1.0335833
0.0012261307 	0.0019645808 	0.017873678 	1.0335833
0.0012462312 	-0.0053528939 	0.011485247 	1.0351562
0.0012663317 	-0.0053528939 	0.011485247 	1.0351562
0.0012864322 	-0.0053528939 	0.011485247 	1.0351562
0.0013065327 	-0.01273249 	0.0066142759 	1.0328684
0.0013266332 	-0.01273249 	0.0066142759 	1.0328684
0.0013467337 	-0.01273249 	0.0066142759 	1.0328684
0.0013668342 	-0.020293402 	0.0029083635 	1.0285188
0.0013869347 	-0.020293402 	0.0029083635 	1.0285188
0.0014070352 	-0.020293402 	0.0029083635 	1.0285188
0.0014271357 	-0.02784771 	-2.3747091e-05 	1.0250657
0.0014472362 	-0.02784771 	-2.3747091e-05 	1.0250657
0.0014673367 	-0.02784771 	-2.3747091e-05 	1.0250657
0.0014874372 	-0.034746062 	-0.0023267741 	1.0249453
0.0015075377 	-0.034746062 	-0.0023267741 	1.0249453
0.0015276382 	-0.040054968 	-0.0044488209 	1.027851
0.0015477387 	-0.040054968 	-0.0044488209 	1.027851
0.0015678392 	-0.040054968 	-0.0044488209 	1.027851
0.0015879397 	-0.04305936 	-0.0068585116 	1.030892
0.0016080402 	-0.04305936 	-0.0068585116 	1.030892
0.0016281407 	-0.04305936 	-0.0068585116 	1.030892
0.0016482412 	-0.043504381 	-0.0093396479 	1.0310625
0.0016683417 	-0.043504381 	-0.0093396479 	1.0310625
0.0016884422 	-0.041651902 	-0.010989458 	1.0273144
0.0017085427 	-0.041651902 	-0.010989458 	1.0273144
0.0017286432 	-0.041651902 	-0.010989458 	1.0273144
0.0017487437 	-0.0382049 	-0.010856583 	1.0206173
0.0017688442 	-0.0382049 	-0.010856583 	1.0206173
0.0017889447 	-0.0382049 	-0.010856583 	1.0206173
0.0018090452 	-0.033749176 	-0.0087188109 	1.0120421
0.0018291457 	-0.033749176 	-0.0087188109 	1.0120421
0.0018492462 	-0.028217954 	-0.0048651146 	1.0011272
0.0018693467 	-0.028217954 	-0.0048651146 	1.0011272
0.0018894472 	-0.028217954 	-0.0048651146 	1.0011272
0.0019095477 	-0.021968376 	0.0010376366 	0.98711167
0.0019296482 	-0.021968376 	0.0010376366 	0.98711167
0.0019497487 	-0.015984563 	0.0096060363 	0.96943194
0.0019698492 	-0.015984563 	0.0096060363 	0.96943194
0.0019899497 	-0.011022447 	0.019229982 	0.94583283
0.0020100503 	-0.011022447 	0.019229982 	0.94583283
0.0020301508 	-0.011022447 	0.019229982 	0.94583283
0.0020502513 	-0.0066909622 	0.023189442 	0.91278079
0.0020703518 	-0.0066909622 	0.023189442 	0.91278079
0.0020904523 	-0.001483369 	0.010771411 	0.87161532
0.0021105528 	-0.001483369 	0.010771411 	0.87161532
0.0021306533 	-0.001483369 	0.010771411 	0.87161532
0.0021507538 	0.003629331 	-0.019499387 	0.83482574
0.0021708543 	0.003629331 	-0.019499387 	0.83482574
0.0021909548 	0.0044592047 	-0.054533475 	0.81460166
0.0022110553 	0.0044592047 	-0.054533475 	0.81460166
0.0022311558 	0.0012407066 	-0.084542102 	0.80835441
0.0022512563 	0.0012407066 	-0.084542102 	0.80835441
0.0022713568 	-0.0018456049 	-0.10887567 	0.80808787
0.0022914573 	-0.0018456049 	-0.10887567 	0.80808787
0.0023115578 	-0.0018456049 	-0.10887567 	0.80808787
0.0023316583 	-0.0015416177 	-0.12834325 	0.80869497
0.0023517588 	-0.0015416177 	-0.12834325 	0.80869497
0.0023718593 	0.0026420427 	-0.14374824 	0.80773275
0.0023919598 	0.0026420427 	-0.14374824 	0.80773275
0.0024120603 	0.0097366858 	-0.15614083 	0.80394492
0.0024321608 	0.0097366858 	-0.15614083 	0.80394492
0.0024522613 	0.018008429 	-0.16616805 	0.79718106
0.0024723618 	0.018008429 	-0.16616805 	0.79718106
0.0024924623 	0.025507753 	-0.1739416 	0.78941307
0.0025125628 	0.025507753 	-0.1739416 	0.78941307
0.0025326633 	0.031131959 	-0.17928085 	0.78369161
0.0025527638 	0.031131959 	-0.17928085 	0.78369161
0.0025728643 	0.034750179 	-0.18164628 	0.78215001
0.0025929648 	0.034750179 	-0.18164628 	0.78215001
0.0026130653 	0.036808603 	-0.18057188 	0.78535561
0.0026331658 	0.036808603 	-0.18057188 	0.78535561
0.0026532663 	0.038021014 	-0.17585404 	0.79253629
0.0026733668 	0.038021014 	-0.17585404 	0.79253629
0.0026934673 	0.039195339 	-0.16735241 	0.80207263
0.0027135678 	0.039195339 	-0.16735241 	0.80207263
0.0027336683 	0.040897425 	-0.15483636 	0.81198833
0.0027537688 	0.040897425 	-0.15483636 	0.81198833
0.0027738693 	0.043466493 	-0.13788995 	0.82059672
0.0027939698 	0.043466493 	-0.13788995 	0.82059672
0.0028140704 	0.047016955 	-0.11621283 	0.82700791
0.0028341709 	0.047016955 	-0.11621283 	0.82700791
0.0028542714 	0.051212276 	-0.090396672 	0.83132349
0.0028743719 	0.055624562 	-0.061920823 	0.83441248
0.0028944724 	0.055624562 	-0.061920823 	0.83441248
0.0029145729 	0.060007604 	-0.032581057 	0.8375666
0.0029346734 	0.060007604 	-0.032581057 	0.8375666
0.0029547739 	0.064079708 	-0.0038961633 	0.84200408
0.0029748744 	0.064079708 	-0.0038961633 	0.84200408
0.0029949749 	0.067612567 	0.023264829 	0.84847291
0.0030150754 	0.070414233 	0.048657314 	0.85707325
0.0030351759 	0.070414233 	0.048657314 	0.85707325
0.0030552764 	0.072349917 	0.072277185 	0.86746746
0.0030753769 	0.072349917 	0.072277185 	0.86746746
0.0030954774 	0.073344918 	0.094149827 	0.87925439
0.0031155779 	0.073252086 	0.11412233 	0.89231261
0.0031356784 	0.073252086 	0.11412233 	0.89231261
0.0031557789 	0.071862167 	0.13187133 	0.90683379
0.0031758794 	0.071862167 	0.13187133 	0.90683379
0.0031959799 	0.069001147 	0.14704267 	0.92305116
0.0032160804 	0.06455001 	0.1593544 	0.94090185
0.0032361809 	0.06455001 	0.1593544 	0.94090185
0.0032562814 	0.058521556 	0.16858265 	0.95992385
0.0032763819 	0.051067112 	0.17445299 	0.97935532
0.0032964824 	0.051067112 	0.17445299 	0.97935532
0.0033165829 	0.042460402 	0.17651044 	0.99823523
0.0033366834 	0.033102214 	0.17412243 	1.015354
0.0033567839 	0.033102214 	0.17412243 	1.015354
0.0033768844 	0.023482542 	0.166717 	1.0291977
0.0033969849 	0.01406574 	0.15423741 	1.0381756
0.0034170854 	0.01406574 	0.15423741 	1.0381756
0.0034371859 	0.0051283635 	0.13762632 	1.04124
0.0034572864 	-0.0033239597 	0.11909071 	1.0385073
0.0034773869 	-0.011431539 	0.10177103 	1.0311553
0.0034974874 	-0.011431539 	0.10177103 	1.0311553
0.0035175879 	-0.019163397 	0.088705457 	1.020213
0.0035376884 	-0.026018215 	0.081461085 	1.004843
0.0035577889 	-0.031046895 	0.079278805 	0.98159408
0.0035778894 	-0.031046895 	0.079278805 	0.98159408
0.0035979899 	-0.033299665 	0.079461551 	0.94574427
0.0036180905 	-0.0324323 	0.078889542 	0.89424316
0.003638191 	-0.029004664 	0.075659396 	0.8282403
0.0036582915 	-0.029004664 	0.075659396 	0.8282403
0.003678392 	-0.024224631 	0.069681365 	0.75323008
0.0036984925 	-0.01932654 	0.061945853 	0.67657685
0.003718593 	-0.015074691 	0.053394117 	0.60435653
0.0037386935 	-0.011693228 	0.044464721 	0.53967828
0.003758794 	-0.0090891905 	0.035380693 	0.48287562
0.0037788945 	-0.0090891905 	0.035380693 	0.48287562
0.003798995 	-0.0070774668 	0.026516954 	0.4325552
0.0038190955 	-0.0054891389 	0.018433547 	0.38663559
0.003839196 	-0.0042014532 	0.011667265 	0.34308646
0.0038592965 	-0.0031354697 	0.0065400168 	0.30033361
0.003879397 	-0.0022476805 	0.0031065202 	0.25736414
0.0038994975 	-0.0015235558 	0.0012273534 	0.2136241
0.003919598 	-0.0009474642 	0.0006577511 	0.16884158
0.0039396985 	-0.00049498051 	0.0010660596 	0.12286346
0.003959799 	-0.00016400097 	0.0018708508 	0.075490382
0.0039798995 	-3.1523411e-06 	0.0018053274 	0.026232261
0.004 	-3.1523411e-06 	0.0018053274 	0.026232261
