0 	-0.015122958 	-0.059963435 	1.0014865
5.5555556e-05 	0.055159556 	0.014562453 	1.0164321
0.00011111111 	0.050127865 	0.019860113 	1.0245223
0.00016666667 	0.046770992 	0.02033886 	1.0318069
0.00022222222 	0.044826602 	0.019071133 	1.037521
0.00027777778 	0.044092985 	0.016990434 	1.0412811
0.00033333333 	0.044320156 	0.01444354 	1.0430544
0.00038888889 	0.045212769 	0.011557954 	1.0430048
0.00044444444 	0.046477786 	0.008355548 	1.0413449
0.0005 	0.04784705 	0.0048464883 	1.0382706
0.00055555556 	0.049122664 	0.0011000092 	1.0339831
0.00061111111 	0.050168291 	-0.0027463202 	1.0287755
0.00066666667 	0.050860891 	-0.0064570835 	1.0230942
0.00072222222 	0.05104649 	-0.0096900231 	1.0175736
0.00077777778 	0.050531101 	-0.012034015 	1.0130145
0.00083333333 	0.049002381 	-0.013088209 	1.0103358
0.00088888889 	0.046055018 	-0.012670636 	1.0103235
0.00094444444 	0.041091111 	-0.01098615 	1.0132215
0.001 	0.03389562 	-0.0078269836 	1.0181985
0.0010617451 	0.02608195 	-0.0019255565 	1.0230363
0.0011226367 	0.020232369 	0.0070776141 	1.0256483
0.0011826866 	0.016745717 	0.017620699 	1.0255922
0.0012419064 	0.014926199 	0.027325109 	1.0230829
0.0013003077 	0.014398165 	0.035328012 	1.018299
0.0013579017 	0.015347497 	0.042275555 	1.0109505
0.0014146996 	0.01794183 	0.049113246 	1.0004494
0.0014707124 	0.021625731 	0.056129828 	0.98730258
0.0015259509 	0.024911579 	0.06294081 	0.97438304
0.001580426 	0.026264521 	0.069074636 	0.96554855
0.001634148 	0.025170202 	0.074713996 	0.96307005
0.0016871274 	0.021997422 	0.080362391 	0.96683601
0.0017393745 	0.017579365 	0.085922675 	0.97506747
0.0017908994 	0.012811211 	0.090640945 	0.98555416
0.0018417121 	0.008432081 	0.093850071 	0.99648778
0.0018918224 	0.0049151535 	0.095344956 	1.0065437
0.0019412401 	0.0025070098 	0.095235849 	1.0148612
0.0019899746 	0.0014423658 	0.093592503 	1.021016
0.0020380356 	0.0018723298 	0.090372979 	1.0248536
0.0020854322 	0.0038513676 	0.085343592 	1.0263355
0.0021321736 	0.0073961995 	0.07820156 	1.0254022
0.002178269 	0.012375514 	0.068780894 	1.0219018
0.0022237272 	0.018504757 	0.057196847 	1.0156038
0.002268557 	0.025320073 	0.043934122 	1.0063218
0.0023127672 	0.032153784 	0.029825614 	0.99416817
0.0023563662 	0.038194067 	0.015836683 	0.97973328
0.0023993626 	0.042707462 	0.0028772564 	0.96412862
0.0024417647 	0.045094264 	-0.0084398975 	0.94866831
0.0024835806 	0.045038974 	-0.017761811 	0.93453043
0.0025248186 	0.042753908 	-0.024993709 	0.92244383
0.0025654865 	0.038649352 	-0.030279 	0.9126181
0.0026055923 	0.033153803 	-0.033816215 	0.90482437
0.0026451437 	0.02669757 	-0.035869072 	0.89868228
0.0026841484 	0.019719834 	-0.03673812 	0.89377216
0.002722614 	0.012709569 	-0.036774737 	0.88982614
0.0027605478 	0.0060352413 	-0.036227671 	0.88663374
0.0027979573 	9.1778434e-05 	-0.035221358 	0.88405887
0.0028348498 	-0.004912023 	-0.033629998 	0.8818847
0.0028712322 	-0.008907017 	-0.031100232 	0.8796258
0.0029071118 	-0.011939023 	-0.027134639 	0.87629081
0.0029424953 	-0.013977391 	-0.021160939 	0.87023075
0.0029773898 	-0.014630506 	-0.012490813 	0.85928128
0.003011802 	-0.013181986 	-0.00036489241 	0.84162208
0.0030457385 	-0.009363806 	0.015503031 	0.8169259
0.0030792059 	-0.0031771772 	0.034160408 	0.78712292
0.0031122107 	0.0051769358 	0.053182328 	0.75585403
0.0031447592 	0.014808932 	0.069608889 	0.72668453
0.0031768579 	0.024711072 	0.081137073 	0.70182736
0.0032085129 	0.034166507 	0.086685479 	0.68177767
0.0032397303 	0.042677837 	0.086229114 	0.66591169
0.0032705162 	0.049561941 	0.080333233 	0.65405092
0.0033008765 	0.053648939 	0.069797608 	0.64800504
0.0033308172 	0.053543496 	0.055951411 	0.65062164
0.0033603441 	0.048416021 	0.041232851 	0.66236371
0.0033894627 	0.038844026 	0.028359421 	0.67999654
0.0034181789 	0.026145374 	0.018383152 	0.69969256
0.0034464982 	0.011671322 	0.010222532 	0.71968159
0.003474426 	-0.0030685494 	0.0023483533 	0.73896687
0.0035019678 	-0.016548807 	-0.0058115334 	0.75515385
0.0035291288 	-0.027350675 	-0.014196099 	0.7645543
0.0035559144 	-0.034446087 	-0.022868332 	0.76355821
0.0035823298 	-0.037329767 	-0.032127809 	0.74979577
0.0036083801 	-0.035988539 	-0.042227304 	0.72251107
0.0036340702 	-0.030924954 	-0.053047051 	0.68261776
0.0036594053 	-0.023085681 	-0.063959899 	0.63253916
0.0036843901 	-0.013740997 	-0.073931387 	0.575917
0.0037090296 	-0.0042051113 	-0.081786156 	0.51711478
0.0037333285 	0.0040181835 	-0.086553665 	0.46044708
0.0037572915 	0.0099849067 	-0.087783495 	0.4093119
0.0037809233 	0.013511533 	-0.085674024 	0.36542211
0.0038042285 	0.014706027 	-0.080901204 	0.32866279
0.0038272115 	0.014154534 	-0.074333577 	0.29747866
0.0038498768 	0.012556649 	-0.066763771 	0.26957066
0.0038722288 	0.01050294 	-0.058764133 	0.24250521
0.0038942718 	0.008357587 	-0.050628966 	0.21397444
0.0039160102 	0.0062435257 	-0.042353877 	0.18168859
0.003937448 	0.0041458677 	-0.0335812 	0.14308923
0.0039585896 	0.002116617 	-0.023435387 	0.095256246
0.0039794389 	0.00039553598 	-0.010106934 	0.035654063
0.004 	0.0001554432 	-0.012558933 	0.036690407
