0 	-0.048092874 	-0.016714849 	1.1212479
5.5555556e-05 	-0.035755359 	-0.037094572 	1.1194266
0.00011111111 	-0.031012997 	-0.040436175 	1.1150805
0.00016666667 	-0.028844179 	-0.040525422 	1.1085495
0.00022222222 	-0.027590925 	-0.039340325 	1.1004423
0.00027777778 	-0.02680529 	-0.037186244 	1.0914787
0.00033333333 	-0.026587764 	-0.033943311 	1.0823016
0.00038888889 	-0.027323844 	-0.02959388 	1.0732855
0.00044444444 	-0.029452109 	-0.024588645 	1.0644181
0.0005 	-0.03320407 	-0.019982018 	1.055382
0.00055555556 	-0.038325312 	-0.017069985 	1.0459417
0.00061111111 	-0.043971797 	-0.016630217 	1.0365854
0.00066666667 	-0.049008718 	-0.018484277 	1.0287848
0.00072222222 	-0.052634986 	-0.021801643 	1.0241492
0.00077777778 	-0.054760324 	-0.025611767 	1.0230389
0.00083333333 	-0.055795652 	-0.029137966 	1.0242966
0.00088888889 	-0.056322583 	-0.032078184 	1.0263838
0.00094444444 	-0.056856005 	-0.034590914 	1.0283718
0.001 	-0.057746501 	-0.036957414 	1.0299314
0.0010617199 	-0.05916413 	-0.039145 	1.0304603
0.0011225874 	-0.060824274 	-0.041004443 	1.0286284
0.0011826143 	-0.061988483 	-0.041976587 	1.0237032
0.0012418122 	-0.061907707 	-0.041537075 	1.0156015
0.0013001926 	-0.060075838 	-0.039550889 	1.0053781
0.0013577668 	-0.056665795 	-0.036673939 	0.99482225
0.0014145458 	-0.052436692 	-0.034074269 	0.98550081
0.0014705407 	-0.048233972 	-0.032756306 	0.97808257
0.0015257623 	-0.044601849 	-0.033153642 	0.97245481
0.0015802213 	-0.041747795 	-0.035158701 	0.96817234
0.0016339282 	-0.039617682 	-0.038363242 	0.96476227
0.0016868934 	-0.037959474 	-0.042291935 	0.96176666
0.0017391271 	-0.03637413 	-0.046498965 	0.95869522
0.0017906395 	-0.03438479 	-0.050573156 	0.95506562
0.0018414404 	-0.03154421 	-0.054124616 	0.95051174
0.0018915398 	-0.027551163 	-0.056783869 	0.94484355
0.0019409473 	-0.022353646 	-0.058207052 	0.93803224
0.0019896725 	-0.016160598 	-0.058096646 	0.93019163
0.0020377248 	-0.0094240564 	-0.05624905 	0.92156943
0.0020851134 	-0.0028388788 	-0.052637524 	0.9125988
0.0021318476 	0.0028235848 	-0.047458922 	0.90386601
0.0021779364 	0.0068589037 	-0.041085222 	0.89609659
0.0022233887 	0.0086957706 	-0.034043558 	0.88995613
0.0022682133 	0.0081680227 	-0.026883719 	0.88576315
0.0023124189 	0.0057380138 	-0.02001189 	0.88306294
0.0023560139 	0.002430955 	-0.01361025 	0.88065914
0.0023990069 	-0.00064766221 	-0.0077671466 	0.87742106
0.0024414062 	-0.0028706923 	-0.002592039 	0.87326376
0.0024832199 	-0.0041488933 	0.0020035882 	0.86912494
0.0025244562 	-0.0047698318 	0.0066212195 	0.86598317
0.002565123 	-0.0049342206 	0.012023656 	0.86408597
0.0026052281 	-0.0044612459 	0.018685568 	0.86282932
0.0026447794 	-0.0029957927 	0.026607394 	0.86115732
0.0026837845 	-0.00021908385 	0.03529663 	0.85819915
0.0027222509 	0.0040532269 	0.043851905 	0.85376652
0.0027601861 	0.009563744 	0.051261242 	0.84841337
0.0027975974 	0.015787441 	0.056786929 	0.84292716
0.002834492 	0.022327155 	0.060139958 	0.83786559
0.0028708772 	0.028861887 	0.061360174 	0.83344429
0.0029067598 	0.035205818 	0.060608378 	0.82966227
0.0029421469 	0.041280474 	0.058018408 	0.82644862
0.0029770452 	0.047053656 	0.053667019 	0.82374844
0.0030114616 	0.052492528 	0.047622825 	0.82156217
0.0030454028 	0.057539669 	0.040004583 	0.81996564
0.0030788752 	0.06211038 	0.031017831 	0.8191261
0.0031118853 	0.066079287 	0.020967642 	0.81929653
0.0031444395 	0.069355522 	0.010248214 	0.820782
0.0031765442 	0.071767862 	-0.00062758789 	0.82398298
0.0032082055 	0.073204115 	-0.011083466 	0.82917228
0.0032394295 	0.07346882 	-0.020510902 	0.83638126
0.0032702223 	0.072409532 	-0.028308763 	0.84535251
0.0033005899 	0.070054269 	-0.033923701 	0.8554807
0.0033305381 	0.066538944 	-0.036990239 	0.86582695
0.0033600727 	0.062092164 	-0.037498481 	0.87528698
0.0033891994 	0.057012486 	-0.035907734 	0.88289982
0.0034179239 	0.051623587 	-0.033070918 	0.88816162
0.0034462517 	0.046238203 	-0.029949553 	0.89114213
0.0034741882 	0.04113371 	-0.027275003 	0.89232285
0.003501739 	0.036535861 	-0.025342175 	0.89227188
0.0035289093 	0.032607577 	-0.02401287 	0.89134465
0.0035557043 	0.029444494 	-0.02287495 	0.88952559
0.0035821293 	0.027073411 	-0.021457847 	0.88642666
0.0036081894 	0.025450096 	-0.019416405 	0.88140927
0.0036338895 	0.024447925 	-0.016612537 	0.87380279
0.0036592348 	0.02383889 	-0.013060101 	0.86315029
0.00368423 	0.023284973 	-0.0087833555 	0.84928156
0.00370888 	0.022367544 	-0.0037614027 	0.83191541
0.0037331896 	0.020736911 	0.0018546302 	0.80978366
0.0037571635 	0.018289757 	0.0072879772 	0.78000124
0.0037808063 	0.015249246 	0.010908682 	0.73900398
0.0038041226 	0.012026361 	0.010883444 	0.68476954
0.0038271169 	0.0089928838 	0.0065642096 	0.6183495
0.0038497936 	0.0063842619 	-0.00059814113 	0.54301123
0.0038721572 	0.0042891997 	-0.0077001598 	0.46214114
0.0038942119 	0.0026993592 	-0.012115301 	0.37816138
0.003915962 	0.0015516761 	-0.012810246 	0.29269998
0.0039374118 	0.00074385242 	-0.010356799 	0.20702729
0.0039585653 	0.00020983198 	-0.0061124961 	0.12233054
0.0039794267 	-1.5718271e-05 	-0.0015802597 	0.039877232
0.004 	3.3536393e-05 	-0.0031843436 	0.034499063
