0 	-0.01643749 	-0.027728301 	1.0816431
2.0100503e-05 	-0.01643749 	-0.027728301 	1.0816431
4.0201005e-05 	-0.01643749 	-0.027728301 	1.0816431
6.0301508e-05 	-0.031442907 	-0.017994831 	1.0760083
8.040201e-05 	-0.031442907 	-0.017994831 	1.0760083
0.00010050251 	-0.031442907 	-0.017994831 	1.0760083
0.00012060302 	-0.03692896 	-0.014022745 	1.0698141
0.00014070352 	-0.03692896 	-0.014022745 	1.0698141
0.00016080402 	-0.041359094 	0.0051950489 	1.0689472
0.00018090452 	-0.04319218 	0.003936459 	1.0620813
0.00020100503 	-0.04319218 	0.003936459 	1.0620813
0.00022110553 	-0.04319218 	0.003936459 	1.0620813
0.00024120603 	-0.040702405 	-0.010277562 	1.0551348
0.00026130653 	-0.040702405 	-0.010277562 	1.0551348
0.00028140704 	-0.039589235 	-0.0093874957 	1.0475882
0.00030150754 	-0.039589235 	-0.0093874957 	1.0475882
0.00032160804 	-0.039589235 	-0.0093874957 	1.0475882
0.00034170854 	-0.036711848 	-0.0092523834 	1.0412724
0.00036180905 	-0.036711848 	-0.0092523834 	1.0412724
0.00038190955 	-0.036711848 	-0.0092523834 	1.0412724
0.00040201005 	-0.035116607 	-0.0016322261 	1.0376214
0.00042211055 	-0.035116607 	-0.0016322261 	1.0376214
0.00044221106 	-0.035116607 	-0.0016322261 	1.0376214
0.00046231156 	-0.030912908 	-0.0039693266 	1.034333
0.00048241206 	-0.030912908 	-0.0039693266 	1.034333
0.00050251256 	-0.026713855 	-0.0063821674 	1.0309765
0.00052261307 	-0.026713855 	-0.0063821674 	1.0309765
0.00054271357 	-0.026713855 	-0.0063821674 	1.0309765
0.00056281407 	-0.022846464 	-0.0089031211 	1.0261003
0.00058291457 	-0.022846464 	-0.0089031211 	1.0261003
0.00060301508 	-0.018598328 	-0.014682816 	1.0296357
0.00062311558 	-0.014916907 	-0.017031446 	1.0243823
0.00064321608 	-0.014916907 	-0.017031446 	1.0243823
0.00066331658 	-0.014916907 	-0.017031446 	1.0243823
0.00068341709 	-0.012136235 	-0.020219123 	1.015237
0.00070351759 	-0.017225258 	-0.015469687 	1.0059982
0.00072361809 	-0.015862028 	-0.020061291 	0.98942228
0.00074371859 	-0.015862028 	-0.020061291 	0.98942228
0.0007638191 	-0.015862028 	-0.020061291 	0.98942228
0.0007839196 	-0.015580119 	-0.025466891 	0.96987371
0.0008040201 	-0.015580119 	-0.025466891 	0.96987371
0.0008241206 	-0.015580119 	-0.025466891 	0.96987371
0.00084422111 	-0.01639913 	-0.031498223 	0.94998418
0.00086432161 	-0.01639913 	-0.031498223 	0.94998418
0.00088442211 	-0.01639913 	-0.031498223 	0.94998418
0.00090452261 	-0.018196031 	-0.03816034 	0.93236022
0.00092462312 	-0.018196031 	-0.03816034 	0.93236022
0.00094472362 	-0.02059687 	-0.045507851 	0.91848632
0.00096482412 	-0.02059687 	-0.045507851 	0.91848632
0.00098492462 	-0.012376153 	-0.049996993 	0.93051255
0.0010050251 	-0.01395303 	-0.056901204 	0.91790764
0.0010251256 	-0.01395303 	-0.056901204 	0.91790764
0.0010452261 	-0.01395303 	-0.056901204 	0.91790764
0.0010653266 	-0.014833411 	-0.062299012 	0.90914347
0.0010854271 	-0.014833411 	-0.062299012 	0.90914347
0.0011055276 	-0.014833411 	-0.062299012 	0.90914347
0.0011256281 	-0.014981742 	-0.063870486 	0.90364198
0.0011457286 	-0.014981742 	-0.063870486 	0.90364198
0.0011658291 	-0.014981742 	-0.063870486 	0.90364198
0.0011859296 	-0.014736494 	-0.059749046 	0.89931628
0.0012060302 	-0.014736494 	-0.059749046 	0.89931628
0.0012261307 	-0.014736494 	-0.059749046 	0.89931628
0.0012462312 	-0.015044771 	-0.048996849 	0.89420346
0.0012663317 	-0.015044771 	-0.048996849 	0.89420346
0.0012864322 	-0.015044771 	-0.048996849 	0.89420346
0.0013065327 	-0.016894873 	-0.03252881 	0.88724566
0.0013266332 	-0.016894873 	-0.03252881 	0.88724566
0.0013467337 	-0.016894873 	-0.03252881 	0.88724566
0.0013668342 	-0.02108084 	-0.013447358 	0.879119
0.0013869347 	-0.02108084 	-0.013447358 	0.879119
0.0014070352 	-0.02108084 	-0.013447358 	0.879119
0.0014271357 	-0.027917254 	0.0040978481 	0.87123595
0.0014472362 	-0.027917254 	0.0040978481 	0.87123595
0.0014673367 	-0.027917254 	0.0040978481 	0.87123595
0.0014874372 	-0.036834198 	0.017344302 	0.86458861
0.0015075377 	-0.036834198 	0.017344302 	0.86458861
0.0015276382 	-0.04661059 	0.026290746 	0.86016871
0.0015477387 	-0.04661059 	0.026290746 	0.86016871
0.0015678392 	-0.04661059 	0.026290746 	0.86016871
0.0015879397 	-0.056115842 	0.03285464 	0.85885186
0.0016080402 	-0.056115842 	0.03285464 	0.85885186
0.0016281407 	-0.056115842 	0.03285464 	0.85885186
0.0016482412 	-0.064933233 	0.039176628 	0.85975753
0.0016683417 	-0.064933233 	0.039176628 	0.85975753
0.0016884422 	-0.073689828 	0.046418768 	0.85935412
0.0017085427 	-0.073689828 	0.046418768 	0.85935412
0.0017286432 	-0.073689828 	0.046418768 	0.85935412
0.0017487437 	-0.083386928 	0.054510626 	0.85332517
0.0017688442 	-0.083386928 	0.054510626 	0.85332517
0.0017889447 	-0.083386928 	0.054510626 	0.85332517
0.0018090452 	-0.093776851 	0.062729745 	0.83961603
0.0018291457 	-0.093776851 	0.062729745 	0.83961603
0.0018492462 	-0.10294466 	0.070248848 	0.81919482
0.0018693467 	-0.10294466 	0.070248848 	0.81919482
0.0018894472 	-0.10294466 	0.070248848 	0.81919482
0.0019095477 	-0.10861338 	0.076337591 	0.79527155
0.0019296482 	-0.10861338 	0.076337591 	0.79527155
0.0019497487 	-0.1096283 	0.080819336 	0.77329946
0.0019698492 	-0.1096283 	0.080819336 	0.77329946
0.0019899497 	-0.10621432 	0.084215456 	0.75933468
0.0020100503 	-0.10621432 	0.084215456 	0.75933468
0.0020301508 	-0.10621432 	0.084215456 	0.75933468
0.0020502513 	-0.099314075 	0.087127154 	0.75604399
0.0020703518 	-0.099314075 	0.087127154 	0.75604399
0.0020904523 	-0.090549753 	0.089976998 	0.76023839
0.0021105528 	-0.090549753 	0.089976998 	0.76023839
0.0021306533 	-0.090549753 	0.089976998 	0.76023839
0.0021507538 	-0.082126603 	0.093455723 	0.76467315
0.0021708543 	-0.082126603 	0.093455723 	0.76467315
0.0021909548 	-0.075517977 	0.097622051 	0.76394536
0.0022110553 	-0.075517977 	0.097622051 	0.76394536
0.0022311558 	-0.070662049 	0.10139227 	0.75889753
0.0022512563 	-0.070662049 	0.10139227 	0.75889753
0.0022713568 	-0.066930912 	0.10437845 	0.75306844
0.0022914573 	-0.066930912 	0.10437845 	0.75306844
0.0023115578 	-0.066930912 	0.10437845 	0.75306844
0.0023316583 	-0.064033394 	0.10721865 	0.74753876
0.0023517588 	-0.064033394 	0.10721865 	0.74753876
0.0023718593 	-0.061875315 	0.11015323 	0.74199614
0.0023919598 	-0.061875315 	0.11015323 	0.74199614
0.0024120603 	-0.060343161 	0.11300301 	0.73663298
0.0024321608 	-0.060343161 	0.11300301 	0.73663298
0.0024522613 	-0.059321912 	0.1156242 	0.73179024
0.0024723618 	-0.059321912 	0.1156242 	0.73179024
0.0024924623 	-0.058656207 	0.11785728 	0.72772569
0.0025125628 	-0.058656207 	0.11785728 	0.72772569
0.0025326633 	-0.058155026 	0.11948 	0.72466392
0.0025527638 	-0.058155026 	0.11948 	0.72466392
0.0025728643 	-0.057633526 	0.12025539 	0.72280296
0.0025929648 	-0.057633526 	0.12025539 	0.72280296
0.0026130653 	-0.056950636 	0.11998725 	0.72233577
0.0026331658 	-0.056950636 	0.11998725 	0.72233577
0.0026532663 	-0.056027133 	0.11855587 	0.72348444
0.0026733668 	-0.056027133 	0.11855587 	0.72348444
0.0026934673 	-0.054843182 	0.11592757 	0.7265151
0.0027135678 	-0.054843182 	0.11592757 	0.7265151
0.0027336683 	-0.053410271 	0.1121378 	0.7317019
0.0027537688 	-0.053410271 	0.1121378 	0.7317019
0.0027738693 	-0.05173795 	0.10725517 	0.73923989
0.0027939698 	-0.05173795 	0.10725517 	0.73923989
0.0028140704 	-0.049817418 	0.10134349 	0.74914799
0.0028341709 	-0.049817418 	0.10134349 	0.74914799
0.0028542714 	-0.047623665 	0.094437774 	0.76121358
0.0028743719 	-0.04513437 	0.086548755 	0.7750023
0.0028944724 	-0.04513437 	0.086548755 	0.7750023
0.0029145729 	-0.042350821 	0.077705852 	0.78991689
0.0029346734 	-0.042350821 	0.077705852 	0.78991689
0.0029547739 	-0.039311213 	0.067987988 	0.80530844
0.0029748744 	-0.039311213 	0.067987988 	0.80530844
0.0029949749 	-0.036086079 	0.057557204 	0.8205546
0.0030150754 	-0.032757047 	0.046652373 	0.8351358
0.0030351759 	-0.032757047 	0.046652373 	0.8351358
0.0030552764 	-0.029414186 	0.035575537 	0.84864147
0.0030753769 	-0.029414186 	0.035575537 	0.84864147
0.0030954774 	-0.026148734 	0.024660918 	0.86076177
0.0031155779 	-0.023040816 	0.014247095 	0.87124464
0.0031356784 	-0.023040816 	0.014247095 	0.87124464
0.0031557789 	-0.020172479 	0.0046334823 	0.87987021
0.0031758794 	-0.020172479 	0.0046334823 	0.87987021
0.0031959799 	-0.017609754 	-0.0039338451 	0.88641975
0.0032160804 	-0.015375208 	-0.011293428 	0.89067532
0.0032361809 	-0.015375208 	-0.011293428 	0.89067532
0.0032562814 	-0.013456415 	-0.017385557 	0.89241931
0.0032763819 	-0.011813052 	-0.022251492 	0.89147701
0.0032964824 	-0.011813052 	-0.022251492 	0.89147701
0.0033165829 	-0.010387422 	-0.026017432 	0.88777547
0.0033366834 	-0.0091249586 	-0.028869163 	0.88141023
0.0033567839 	-0.0091249586 	-0.028869163 	0.88141023
0.0033768844 	-0.0079911049 	-0.031026041 	0.87269355
0.0033969849 	-0.0069795592 	-0.032710223 	0.86215721
0.0034170854 	-0.0069795592 	-0.032710223 	0.86215721
0.0034371859 	-0.0061046861 	-0.034113686 	0.85049005
0.0034572864 	-0.005385989 	-0.035366596 	0.83841426
0.0034773869 	-0.0048285881 	-0.036516317 	0.8265318
0.0034974874 	-0.0048285881 	-0.036516317 	0.8265318
0.0035175879 	-0.0044067325 	-0.03752382 	0.81518755
0.0035376884 	-0.0040584637 	-0.038276647 	0.80439277
0.0035577889 	-0.003692596 	-0.038616521 	0.79383404
0.0035778894 	-0.003692596 	-0.038616521 	0.79383404
0.0035979899 	-0.0032069418 	-0.038360535 	0.78297062
0.0036180905 	-0.002513733 	-0.03732337 	0.77119981
0.003638191 	-0.0015618812 	-0.035340434 	0.7580437
0.0036582915 	-0.0015618812 	-0.035340434 	0.7580437
0.003678392 	-0.00035453717 	-0.032308932 	0.74328641
0.0036984925 	0.0010542197 	-0.028246962 	0.72699347
0.003718593 	0.0025710871 	-0.023363695 	0.70938054
0.0037386935 	0.0040708372 	-0.018103428 	0.69057668
0.003758794 	0.0054021474 	-0.013119676 	0.67035262
0.0037788945 	0.0054021474 	-0.013119676 	0.67035262
0.003798995 	0.0063921321 	-0.0091400202 	0.64786495
0.0038190955 	0.0068726564 	-0.0067505979 	0.62142655
0.003839196 	0.0067442637 	-0.006147191 	0.58838438
0.0038592965 	0.0060276055 	-0.0069800362 	0.54537086
0.003879397 	0.004876766 	-0.0084175233 	0.48923528
0.0038994975 	0.0035380483 	-0.0094557818 	0.41852394
0.003919598 	0.0022514078 	-0.0093352897 	0.33462334
0.0039396985 	0.0011813152 	-0.0077917634 	0.24156242
0.003959799 	0.00042170447 	-0.0050274984 	0.14444539
0.0039798995 	3.3929956e-05 	-0.0015851081 	0.047539617
0.004 	3.3929956e-05 	-0.0015851081 	0.047539617
