0 	0.024170355 	-0.0027508349 	1.0366918
2.0100503e-05 	0.024170355 	-0.0027508349 	1.0366918
4.0201005e-05 	0.024170355 	-0.0027508349 	1.0366918
6.0301508e-05 	0.023154478 	0.012658226 	1.0427387
8.040201e-05 	0.023154478 	0.012658226 	1.0427387
0.00010050251 	0.023154478 	0.012658226 	1.0427387
0.00012060302 	0.021918839 	0.019364516 	1.0489424
0.00014070352 	0.021918839 	0.019364516 	1.0489424
0.00016080402 	0.021918839 	0.019364516 	1.0489424
0.00018090452 	0.02199178 	0.0239036 	1.0548047
0.00020100503 	0.02199178 	0.0239036 	1.0548047
0.00022110553 	0.02199178 	0.0239036 	1.0548047
0.00024120603 	0.023363485 	0.02713859 	1.0599553
0.00026130653 	0.023363485 	0.02713859 	1.0599553
0.00028140704 	0.02608835 	0.029191495 	1.0640942
0.00030150754 	0.02608835 	0.029191495 	1.0640942
0.00032160804 	0.02608835 	0.029191495 	1.0640942
0.00034170854 	0.030116364 	0.030106234 	1.0668999
0.00036180905 	0.030116364 	0.030106234 	1.0668999
0.00038190955 	0.030116364 	0.030106234 	1.0668999
0.00040201005 	0.035178999 	0.03005801 	1.0680982
0.00042211055 	0.035178999 	0.03005801 	1.0680982
0.00044221106 	0.035178999 	0.03005801 	1.0680982
0.00046231156 	0.040831295 	0.029381284 	1.0676138
0.00048241206 	0.040831295 	0.029381284 	1.0676138
0.00050251256 	0.046604492 	0.028451908 	1.0656512
0.00052261307 	0.046604492 	0.028451908 	1.0656512
0.00054271357 	0.046604492 	0.028451908 	1.0656512
0.00056281407 	0.052148236 	0.027520316 	1.0626852
0.00058291457 	0.052148236 	0.027520316 	1.0626852
0.00060301508 	0.052148236 	0.027520316 	1.0626852
0.00062311558 	0.057255922 	0.026579187 	1.0593725
0.00064321608 	0.057255922 	0.026579187 	1.0593725
0.00066331658 	0.057255922 	0.026579187 	1.0593725
0.00068341709 	0.061804268 	0.025422407 	1.0563582
0.00070351759 	0.061804268 	0.025422407 	1.0563582
0.00072361809 	0.06576185 	0.023832963 	1.054045
0.00074371859 	0.06576185 	0.023832963 	1.054045
0.0007638191 	0.06576185 	0.023832963 	1.054045
0.0007839196 	0.069136558 	0.021681134 	1.0524891
0.0008040201 	0.069136558 	0.021681134 	1.0524891
0.0008241206 	0.069136558 	0.021681134 	1.0524891
0.00084422111 	0.072006116 	0.019045705 	1.0515247
0.00086432161 	0.072006116 	0.019045705 	1.0515247
0.00088442211 	0.072006116 	0.019045705 	1.0515247
0.00090452261 	0.07440959 	0.016001542 	1.0509114
0.00092462312 	0.07440959 	0.016001542 	1.0509114
0.00094472362 	0.076330817 	0.01275362 	1.0504446
0.00096482412 	0.076330817 	0.01275362 	1.0504446
0.00098492462 	0.076330817 	0.01275362 	1.0504446
0.0010050251 	0.076739677 	0.014786509 	1.0404367
0.0010251256 	0.076739677 	0.014786509 	1.0404367
0.0010452261 	0.076739677 	0.014786509 	1.0404367
0.0010653266 	0.078011879 	0.011132025 	1.0405829
0.0010854271 	0.078011879 	0.011132025 	1.0405829
0.0011055276 	0.079128758 	0.0051524773 	1.0503203
0.0011256281 	0.079756416 	0.0010219722 	1.0504828
0.0011457286 	0.078867703 	0.0072777205 	1.0409352
0.0011658291 	0.078867703 	0.0072777205 	1.0409352
0.0011859296 	0.079376556 	0.0032966765 	1.0415412
0.0012060302 	0.079376556 	0.0032966765 	1.0415412
0.0012261307 	0.080024838 	-0.0031376824 	1.0509018
0.0012462312 	0.079614935 	-0.00079228247 	1.0425148
0.0012663317 	0.079614935 	-0.00079228247 	1.0425148
0.0012864322 	0.079614935 	-0.00079228247 	1.0425148
0.0013065327 	0.079712603 	-0.004927997 	1.0439504
0.0013266332 	0.079712603 	-0.004927997 	1.0439504
0.0013467337 	0.079712603 	-0.004927997 	1.0439504
0.0013668342 	0.079776827 	-0.0090200882 	1.0458444
0.0013869347 	0.079776827 	-0.0090200882 	1.0458444
0.0014070352 	0.079776827 	-0.0090200882 	1.0458444
0.0014271357 	0.079896718 	-0.01297096 	1.0481093
0.0014472362 	0.079896718 	-0.01297096 	1.0481093
0.0014673367 	0.079896718 	-0.01297096 	1.0481093
0.0014874372 	0.080110454 	-0.016655206 	1.0506229
0.0015075377 	0.080110454 	-0.016655206 	1.0506229
0.0015276382 	0.080369491 	-0.019959874 	1.0532902
0.0015477387 	0.080369491 	-0.019959874 	1.0532902
0.0015678392 	0.080369491 	-0.019959874 	1.0532902
0.0015879397 	0.080526119 	-0.022843676 	1.0560669
0.0016080402 	0.080526119 	-0.022843676 	1.0560669
0.0016281407 	0.080526119 	-0.022843676 	1.0560669
0.0016482412 	0.080354412 	-0.025405032 	1.0589261
0.0016683417 	0.080354412 	-0.025405032 	1.0589261
0.0016884422 	0.07962599 	-0.027873217 	1.0617806
0.0017085427 	0.07962599 	-0.027873217 	1.0617806
0.0017286432 	0.07962599 	-0.027873217 	1.0617806
0.0017487437 	0.078203087 	-0.030509596 	1.0644055
0.0017688442 	0.078203087 	-0.030509596 	1.0644055
0.0017889447 	0.078203087 	-0.030509596 	1.0644055
0.0018090452 	0.076106668 	-0.033477121 	1.0664303
0.0018291457 	0.076106668 	-0.033477121 	1.0664303
0.0018492462 	0.073493784 	-0.036754469 	1.0674342
0.0018693467 	0.073493784 	-0.036754469 	1.0674342
0.0018894472 	0.073493784 	-0.036754469 	1.0674342
0.0019095477 	0.070591521 	-0.040197983 	1.0670935
0.0019296482 	0.070591521 	-0.040197983 	1.0670935
0.0019497487 	0.067642228 	-0.043678693 	1.0652937
0.0019698492 	0.067642228 	-0.043678693 	1.0652937
0.0019899497 	0.064877426 	-0.047162129 	1.0621495
0.0020100503 	0.064877426 	-0.047162129 	1.0621495
0.0020301508 	0.064877426 	-0.047162129 	1.0621495
0.0020502513 	0.06251362 	-0.050701861 	1.0579382
0.0020703518 	0.06251362 	-0.050701861 	1.0579382
0.0020904523 	0.060698316 	-0.054367545 	1.052983
0.0021105528 	0.060698316 	-0.054367545 	1.052983
0.0021306533 	0.060698316 	-0.054367545 	1.052983
0.0021507538 	0.059528096 	-0.058175405 	1.0475333
0.0021708543 	0.059528096 	-0.058175405 	1.0475333
0.0021909548 	0.059059201 	-0.06205077 	1.0417048
0.0022110553 	0.059059201 	-0.06205077 	1.0417048
0.0022311558 	0.059315058 	-0.065822216 	1.0354538
0.0022512563 	0.059315058 	-0.065822216 	1.0354538
0.0022713568 	0.060337984 	-0.069211214 	1.0285784
0.0022914573 	0.060337984 	-0.069211214 	1.0285784
0.0023115578 	0.060337984 	-0.069211214 	1.0285784
0.0023316583 	0.0622079 	-0.07182705 	1.0207302
0.0023517588 	0.0622079 	-0.07182705 	1.0207302
0.0023718593 	0.064975322 	-0.073204781 	1.0115254
0.0023919598 	0.064975322 	-0.073204781 	1.0115254
0.0024120603 	0.068542969 	-0.072828452 	1.0008509
0.0024321608 	0.068542969 	-0.072828452 	1.0008509
0.0024522613 	0.072504963 	-0.070197748 	0.98928639
0.0024723618 	0.072504963 	-0.070197748 	0.98928639
0.0024924623 	0.076028148 	-0.064975514 	0.9783884
0.0025125628 	0.076028148 	-0.064975514 	0.9783884
0.0025326633 	0.078131214 	-0.057254929 	0.9703549
0.0025527638 	0.078131214 	-0.057254929 	0.9703549
0.0025728643 	0.078134214 	-0.047797866 	0.96708485
0.0025929648 	0.078134214 	-0.047797866 	0.96708485
0.0026130653 	0.075813333 	-0.037783213 	0.96927924
0.0026331658 	0.075813333 	-0.037783213 	0.96927924
0.0026532663 	0.071533775 	-0.028287085 	0.97616061
0.0026733668 	0.071533775 	-0.028287085 	0.97616061
0.0026934673 	0.065970661 	-0.019836421 	0.98550178
0.0027135678 	0.065970661 	-0.019836421 	0.98550178
0.0027336683 	0.059895031 	-0.012456077 	0.9938235
0.0027537688 	0.059895031 	-0.012456077 	0.9938235
0.0027738693 	0.05418029 	-0.0060865153 	0.99682215
0.0027939698 	0.05418029 	-0.0060865153 	0.99682215
0.0028140704 	0.049565287 	-0.00075602432 	0.99024073
0.0028341709 	0.049565287 	-0.00075602432 	0.99024073
0.0028542714 	0.046349876 	0.0033287424 	0.9713991
0.0028743719 	0.04435421 	0.006049332 	0.94054207
0.0028944724 	0.04435421 	0.006049332 	0.94054207
0.0029145729 	0.042922349 	0.0076003699 	0.90138642
0.0029346734 	0.042922349 	0.0076003699 	0.90138642
0.0029547739 	0.041243948 	0.0080159781 	0.85977753
0.0029748744 	0.041243948 	0.0080159781 	0.85977753
0.0029949749 	0.039054701 	0.0066091117 	0.82103823
0.0030150754 	0.036748891 	0.0023341506 	0.78784019
0.0030351759 	0.036748891 	0.0023341506 	0.78784019
0.0030552764 	0.034888295 	-0.0051773713 	0.75970267
0.0030753769 	0.034888295 	-0.0051773713 	0.75970267
0.0030954774 	0.033964136 	-0.015323707 	0.73403164
0.0031155779 	0.033974323 	-0.026925941 	0.70850293
0.0031356784 	0.033974323 	-0.026925941 	0.70850293
0.0031557789 	0.034297987 	-0.038325044 	0.68273493
0.0031758794 	0.034297987 	-0.038325044 	0.68273493
0.0031959799 	0.034165228 	-0.047670118 	0.65815165
0.0032160804 	0.032895121 	-0.053548069 	0.63669149
0.0032361809 	0.032895121 	-0.053548069 	0.63669149
0.0032562814 	0.030069066 	-0.055435326 	0.61984637
0.0032763819 	0.02559132 	-0.053645646 	0.60815739
0.0032964824 	0.02559132 	-0.053645646 	0.60815739
0.0033165829 	0.019712239 	-0.048935328 	0.60116701
0.0033366834 	0.012930245 	-0.042198138 	0.59766626
0.0033567839 	0.012930245 	-0.042198138 	0.59766626
0.0033768844 	0.0059791718 	-0.034350372 	0.59607678
0.0033969849 	-0.00046779588 	-0.026349183 	0.59482805
0.0034170854 	-0.00046779588 	-0.026349183 	0.59482805
0.0034371859 	-0.0059770465 	-0.019114236 	0.59259918
0.0034572864 	-0.01026381 	-0.013356262 	0.5885367
0.0034773869 	-0.013319653 	-0.009396422 	0.58238975
0.0034974874 	-0.013319653 	-0.009396422 	0.58238975
0.0035175879 	-0.015360502 	-0.0070892396 	0.57450899
0.0035376884 	-0.016725463 	-0.0059113632 	0.56567947
0.0035577889 	-0.017757292 	-0.0051675047 	0.55682837
0.0035778894 	-0.017757292 	-0.0051675047 	0.55682837
0.0035979899 	-0.018710593 	-0.0042069699 	0.5487011
0.0036180905 	-0.019694234 	-0.0025749367 	0.5416454
0.003638191 	-0.020668909 	-6.9717245e-05 	0.53550343
0.0036582915 	-0.020668909 	-6.9717245e-05 	0.53550343
0.003678392 	-0.021466717 	0.0032658668 	0.52966045
0.0036984925 	-0.021841176 	0.0071962131 	0.52308213
0.003718593 	-0.021580625 	0.011351596 	0.51453927
0.0037386935 	-0.020601567 	0.015288847 	0.50273353
0.003758794 	-0.018921819 	0.018617662 	0.48667669
0.0037788945 	-0.018921819 	0.018617662 	0.48667669
0.003798995 	-0.016707434 	0.02106038 	0.46562394
0.0038190955 	-0.014224469 	0.022501268 	0.43911869
0.003839196 	-0.011713642 	0.022955789 	0.40694948
0.0038592965 	-0.0093339875 	0.022476018 	0.36902422
0.003879397 	-0.0071532604 	0.02107363 	0.32530866
0.0038994975 	-0.0051826522 	0.018718717 	0.27588247
0.003919598 	-0.0034257321 	0.015407393 	0.22106493
0.0039396985 	-0.0019187957 	0.011252013 	0.16153223
0.003959799 	-0.0007561214 	0.0065660439 	0.098368541
0.0039798995 	-8.2466381e-05 	0.0019260214 	0.033034608
0.004 	-8.2466381e-05 	0.0019260214 	0.033034608
