0 	0.0016220612 	0.047009407 	1.0282133
5.5555625e-05 	-0.018452585 	0.043952804 	1.0279743
0.00011111111 	-0.023281517 	0.04252327 	1.0271344
0.00016666667 	-0.025591197 	0.042561958 	1.0258383
0.00022222222 	-0.027208938 	0.043633938 	1.0243041
0.00027777778 	-0.028533523 	0.045798389 	1.022696
0.00033333333 	-0.029629673 	0.049189959 	1.0210349
0.00038888889 	-0.030463731 	0.053793172 	1.0192442
0.00044444444 	-0.030971931 	0.059358127 	1.01731
0.0005 	-0.031082601 	0.065477095 	1.0154122
0.00055555556 	-0.030737433 	0.071735126 	1.0138839
0.00061111111 	-0.029922941 	0.077795016 	1.0129851
0.00066666667 	-0.028681138 	0.083399479 	1.0126524
0.00072222222 	-0.027069707 	0.088382067 	1.0124238
0.00077777778 	-0.025097062 	0.092709127 	1.011602
0.00083333333 	-0.022699212 	0.096498943 	1.0095236
0.00088888889 	-0.01974381 	0.099972802 	1.0057221
0.00094444444 	-0.016214044 	0.10325595 	0.99991736
0.001 	-0.01160966 	0.10670176 	0.99147418
0.0010617451 	-0.0059770582 	0.10987431 	0.97970884
0.0011226367 	0.00039662381 	0.11212094 	0.96532524
0.0011826866 	0.0071125892 	0.11334523 	0.94893832
0.0012419064 	0.013914875 	0.113616 	0.93162173
0.0013003077 	0.020400422 	0.11327665 	0.91460358
0.0013579017 	0.026354167 	0.11267868 	0.89892953
0.0014146996 	0.031766352 	0.11189587 	0.88528341
0.0014707124 	0.03672539 	0.11055242 	0.8740929
0.0015259509 	0.041234573 	0.10784369 	0.86578181
0.001580426 	0.045195834 	0.10284954 	0.86089862
0.001634148 	0.048423382 	0.094909723 	0.86000653
0.0016871274 	0.050703983 	0.083936 	0.86343671
0.0017393745 	0.051893478 	0.07044164 	0.8710635
0.0017908994 	0.051937034 	0.055408164 	0.88211747
0.0018417121 	0.050916146 	0.040005682 	0.89533263
0.0018918224 	0.049060825 	0.025307144 	0.90926518
0.0019412401 	0.046676312 	0.012077582 	0.92260956
0.0019899746 	0.044081894 	0.00071564267 	0.93437503
0.0020380356 	0.041541823 	-0.0086852735 	0.94390373
0.0020854322 	0.039248394 	-0.016184638 	0.95082123
0.0021321736 	0.037298541 	-0.021889063 	0.95499156
0.002178269 	0.035687001 	-0.025906972 	0.95650216
0.0022237272 	0.034320932 	-0.02835638 	0.95566733
0.002268557 	0.033032753 	-0.029404299 	0.95301138
0.0023127672 	0.03161481 	-0.029309022 	0.94922071
0.0023563662 	0.029865153 	-0.028430655 	0.9450258
0.0023993626 	0.027617151 	-0.027192037 	0.94106664
0.0024417647 	0.024771678 	-0.026000461 	0.93778575
0.0024835806 	0.021319509 	-0.025166879 	0.9353807
0.0025248186 	0.017337896 	-0.024871486 	0.93383882
0.0025654865 	0.012976446 	-0.025162844 	0.93301421
0.0026055923 	0.0084268838 	-0.025992544 	0.93271192
0.0026451437 	0.0038895821 	-0.027257047 	0.93274893
0.0026841484 	-0.00045065327 	-0.028831893 	0.93298421
0.002722614 	-0.0044418098 	-0.030598278 	0.93332412
0.0027605478 	-0.0079700136 	-0.032458502 	0.93371408
0.0027979573 	-0.010960676 	-0.034345274 	0.93412596
0.0028348498 	-0.013377947 	-0.036222421 	0.93454644
0.0028712322 	-0.015223512 	-0.03807976 	0.93496695
0.0029071118 	-0.016534317 	-0.03992563 	0.93537525
0.0029424953 	-0.017376866 	-0.04177952 	0.93574811
0.0029773898 	-0.017836255 	-0.043665064 	0.93604682
0.003011802 	-0.018005067 	-0.04560651 	0.93621344
0.0030457385 	-0.017969076 	-0.047620745 	0.93617222
0.0030792059 	-0.017797758 	-0.049709871 	0.93583065
0.0031122107 	-0.017537831 	-0.051852982 	0.93507966
0.0031447592 	-0.01721255 	-0.053999475 	0.93379246
0.0031768579 	-0.016825527 	-0.056065876 	0.93182383
0.0032085129 	-0.016368993 	-0.057938762 	0.92901541
0.0032397303 	-0.015834842 	-0.059485681 	0.92521134
0.0032705162 	-0.015226482 	-0.060573152 	0.9202838
0.0033008765 	-0.014565747 	-0.06108702 	0.91415838
0.0033308172 	-0.013889437 	-0.06094493 	0.90681649
0.0033603441 	-0.013231576 	-0.060091598 	0.89824972
0.0033894627 	-0.012594472 	-0.058474625 	0.88835976
0.0034181789 	-0.011921817 	-0.056014325 	0.87684289
0.0034464982 	-0.011093814 	-0.052593094 	0.86314191
0.003474426 	-0.0099566978 	-0.04808796 	0.84654256
0.0035019678 	-0.0083821397 	-0.04244192 	0.8264095
0.0035291288 	-0.006327045 	-0.035754799 	0.80245509
0.0035559144 	-0.0038716396 	-0.028338444 	0.77489417
0.0035823298 	-0.0012183325 	-0.020711233 	0.74442503
0.0036083801 	0.0013510806 	-0.013524584 	0.71203723
0.0036340702 	0.0035578072 	-0.0074423415 	0.67877127
0.0036594053 	0.005175437 	-0.0030040523 	0.6454686
0.0036843901 	0.0060611028 	-0.00050108023 	0.61252928
0.0037090296 	0.0062067378 	9.1284879e-05 	0.57978478
0.0037333285 	0.005735676 	-0.00089778153 	0.54653241
0.0037572915 	0.0048533529 	-0.0029285956 	0.51176021
0.0037809233 	0.0037947274 	-0.0053889173 	0.47448927
0.0038042285 	0.0027585805 	-0.0077334041 	0.43407991
0.0038272115 	0.0018780552 	-0.0095698546 	0.39038932
0.0038498768 	0.0012171687 	-0.010686443 	0.34372267
0.0038722288 	0.0007726342 	-0.011026821 	0.29465362
0.0038942718 	0.00049963544 	-0.010637341 	0.24380741
0.0039160102 	0.00033639328 	-0.0096037239 	0.19168025
0.003937448 	0.00022341595 	-0.007981263 	0.138525
0.0039585896 	0.0001219518 	-0.0057061907 	0.084312245
0.0039794389 	2.3605658e-05 	-0.0024687446 	0.028775097
0.004 	8.2007833e-06 	-0.002621173 	0.024246529
