0 	0.0060253666 	1.3717942e-05 	1.0938838
2.0100503e-05 	0.0060253666 	1.3717942e-05 	1.0938838
4.0201005e-05 	0.0060253666 	1.3717942e-05 	1.0938838
6.0301508e-05 	-0.00034776489 	0.00088263062 	1.0788316
8.040201e-05 	-0.00034776489 	0.00088263062 	1.0788316
0.00010050251 	-0.00034776489 	0.00088263062 	1.0788316
0.00012060302 	-0.0065295777 	0.0048026436 	1.0585375
0.00014070352 	-0.0065295777 	0.0048026436 	1.0585375
0.00016080402 	-0.0065295777 	0.0048026436 	1.0585375
0.00018090452 	-0.012931284 	0.0089429292 	1.0361911
0.00020100503 	-0.012931284 	0.0089429292 	1.0361911
0.00022110553 	-0.010259257 	0.015031824 	1.0461228
0.00024120603 	-0.016878806 	0.020050833 	1.0226912
0.00026130653 	-0.016878806 	0.020050833 	1.0226912
0.00028140704 	-0.023329005 	0.025772928 	1.0000628
0.00030150754 	-0.023329005 	0.025772928 	1.0000628
0.00032160804 	-0.023329005 	0.025772928 	1.0000628
0.00034170854 	-0.029234646 	0.032767212 	0.97938584
0.00036180905 	-0.029234646 	0.032767212 	0.97938584
0.00038190955 	-0.031890218 	0.025565107 	0.97362066
0.00040201005 	-0.037775395 	0.033444421 	0.9571894
0.00042211055 	-0.037775395 	0.033444421 	0.9571894
0.00044221106 	-0.037775395 	0.033444421 	0.9571894
0.00046231156 	-0.043285914 	0.041175983 	0.94418391
0.00048241206 	-0.043285914 	0.041175983 	0.94418391
0.00050251256 	-0.048161778 	0.047316837 	0.93487217
0.00052261307 	-0.048161778 	0.047316837 	0.93487217
0.00054271357 	-0.048161778 	0.047316837 	0.93487217
0.00056281407 	-0.052012583 	0.050836777 	0.92913847
0.00058291457 	-0.052012583 	0.050836777 	0.92913847
0.00060301508 	-0.052012583 	0.050836777 	0.92913847
0.00062311558 	-0.054464785 	0.051392902 	0.92672633
0.00064321608 	-0.054464785 	0.051392902 	0.92672633
0.00066331658 	-0.047308107 	0.056161205 	0.93227101
0.00068341709 	-0.047602999 	0.052843883 	0.93419115
0.00070351759 	-0.047602999 	0.052843883 	0.93419115
0.00072361809 	-0.046347716 	0.04737992 	0.93978558
0.00074371859 	-0.046347716 	0.04737992 	0.93978558
0.0007638191 	-0.046347716 	0.04737992 	0.93978558
0.0007839196 	-0.051266024 	0.038855383 	0.93985192
0.0008040201 	-0.051266024 	0.038855383 	0.93985192
0.0008241206 	-0.051266024 	0.038855383 	0.93985192
0.00084422111 	-0.046893139 	0.032396213 	0.95094522
0.00086432161 	-0.046893139 	0.032396213 	0.95094522
0.00088442211 	-0.046893139 	0.032396213 	0.95094522
0.00090452261 	-0.034461974 	0.026901988 	0.97436696
0.00092462312 	-0.034461974 	0.026901988 	0.97436696
0.00094472362 	-0.029075543 	0.022101521 	0.98724834
0.00096482412 	-0.029075543 	0.022101521 	0.98724834
0.00098492462 	-0.029075543 	0.022101521 	0.98724834
0.0010050251 	-0.023334006 	0.018903033 	0.99887163
0.0010251256 	-0.030107164 	0.01996428 	0.98798119
0.0010452261 	-0.030107164 	0.01996428 	0.98798119
0.0010653266 	-0.024744583 	0.01905898 	0.99631464
0.0010854271 	-0.024744583 	0.01905898 	0.99631464
0.0011055276 	-0.024744583 	0.01905898 	0.99631464
0.0011256281 	-0.019891708 	0.01904759 	1.0009987
0.0011457286 	-0.019891708 	0.01904759 	1.0009987
0.0011658291 	-0.019891708 	0.01904759 	1.0009987
0.0011859296 	-0.015594102 	0.019759542 	1.0019971
0.0012060302 	-0.015594102 	0.019759542 	1.0019971
0.0012261307 	-0.015594102 	0.019759542 	1.0019971
0.0012462312 	-0.011427313 	0.021307386 	0.99967015
0.0012663317 	-0.011427313 	0.021307386 	0.99967015
0.0012864322 	-0.011427313 	0.021307386 	0.99967015
0.0013065327 	-0.0070909514 	0.023819704 	0.99454101
0.0013266332 	-0.0070909514 	0.023819704 	0.99454101
0.0013467337 	-0.0070909514 	0.023819704 	0.99454101
0.0013668342 	-0.0023707627 	0.027065084 	0.98742222
0.0013869347 	-0.0023707627 	0.027065084 	0.98742222
0.0014070352 	-0.0023707627 	0.027065084 	0.98742222
0.0014271357 	0.0026504176 	0.03034723 	0.97947593
0.0014472362 	0.0026504176 	0.03034723 	0.97947593
0.0014673367 	0.0026504176 	0.03034723 	0.97947593
0.0014874372 	0.0076278757 	0.032647155 	0.97203013
0.0015075377 	0.0076278757 	0.032647155 	0.97203013
0.0015276382 	0.012111045 	0.033020955 	0.96610696
0.0015477387 	0.012111045 	0.033020955 	0.96610696
0.0015678392 	0.012111045 	0.033020955 	0.96610696
0.0015879397 	0.015757772 	0.030996665 	0.96213538
0.0016080402 	0.015757772 	0.030996665 	0.96213538
0.0016281407 	0.015757772 	0.030996665 	0.96213538
0.0016482412 	0.018422702 	0.026650488 	0.96010965
0.0016683417 	0.018422702 	0.026650488 	0.96010965
0.0016884422 	0.020071175 	0.020343131 	0.9598642
0.0017085427 	0.020071175 	0.020343131 	0.9598642
0.0017286432 	0.020071175 	0.020343131 	0.9598642
0.0017487437 	0.020760898 	0.012492034 	0.96120775
0.0017688442 	0.020760898 	0.012492034 	0.96120775
0.0017889447 	0.020760898 	0.012492034 	0.96120775
0.0018090452 	0.02041317 	0.0035002182 	0.96392216
0.0018291457 	0.02041317 	0.0035002182 	0.96392216
0.0018492462 	0.01902896 	-0.006091158 	0.96774722
0.0018693467 	0.01902896 	-0.006091158 	0.96774722
0.0018894472 	0.01902896 	-0.006091158 	0.96774722
0.0019095477 	0.017036582 	-0.015585985 	0.9720246
0.0019296482 	0.017036582 	-0.015585985 	0.9720246
0.0019497487 	0.014707452 	-0.024210292 	0.97594592
0.0019698492 	0.014707452 	-0.024210292 	0.97594592
0.0019899497 	0.012200281 	-0.031215249 	0.97883494
0.0020100503 	0.012200281 	-0.031215249 	0.97883494
0.0020301508 	0.012200281 	-0.031215249 	0.97883494
0.0020502513 	0.0098034961 	-0.036199722 	0.98028781
0.0020703518 	0.0098034961 	-0.036199722 	0.98028781
0.0020904523 	0.0077325419 	-0.039244755 	0.98031405
0.0021105528 	0.0077325419 	-0.039244755 	0.98031405
0.0021306533 	0.0077325419 	-0.039244755 	0.98031405
0.0021507538 	0.0060400102 	-0.040850476 	0.97923442
0.0021708543 	0.0060400102 	-0.040850476 	0.97923442
0.0021909548 	0.0046375721 	-0.041691978 	0.97749838
0.0022110553 	0.0046375721 	-0.041691978 	0.97749838
0.0022311558 	0.003380304 	-0.042323974 	0.97545232
0.0022512563 	0.003380304 	-0.042323974 	0.97545232
0.0022713568 	0.0021422115 	-0.043048119 	0.97315299
0.0022914573 	0.0021422115 	-0.043048119 	0.97315299
0.0023115578 	0.0021422115 	-0.043048119 	0.97315299
0.0023316583 	0.00085393849 	-0.043960502 	0.97034987
0.0023517588 	0.00085393849 	-0.043960502 	0.97034987
0.0023718593 	-0.00047868716 	-0.045066819 	0.96665018
0.0023919598 	-0.00047868716 	-0.045066819 	0.96665018
0.0024120603 	-0.0017906399 	-0.046349523 	0.96177012
0.0024321608 	-0.0017906399 	-0.046349523 	0.96177012
0.0024522613 	-0.0029907129 	-0.047758282 	0.95571241
0.0024723618 	-0.0029907129 	-0.047758282 	0.95571241
0.0024924623 	-0.0040004006 	-0.049181294 	0.94877635
0.0025125628 	-0.0040004006 	-0.049181294 	0.94877635
0.0025326633 	-0.0047779443 	-0.050475169 	0.94142617
0.0025527638 	-0.0047779443 	-0.050475169 	0.94142617
0.0025728643 	-0.0053337465 	-0.05157028 	0.93412982
0.0025929648 	-0.0053337465 	-0.05157028 	0.93412982
0.0026130653 	-0.0057273811 	-0.052586565 	0.92726335
0.0026331658 	-0.0057273811 	-0.052586565 	0.92726335
0.0026532663 	-0.006058252 	-0.053840621 	0.9210973
0.0026733668 	-0.006058252 	-0.053840621 	0.9210973
0.0026934673 	-0.0064487151 	-0.055720025 	0.91579928
0.0027135678 	-0.0064487151 	-0.055720025 	0.91579928
0.0027336683 	-0.0069932639 	-0.05848382 	0.91141266
0.0027537688 	-0.0069932639 	-0.05848382 	0.91141266
0.0027738693 	-0.0077193234 	-0.062121151 	0.90784169
0.0027939698 	-0.0077193234 	-0.062121151 	0.90784169
0.0028140704 	-0.0085837353 	-0.066349635 	0.90488226
0.0028341709 	-0.0085837353 	-0.066349635 	0.90488226
0.0028542714 	-0.0094814994 	-0.070737061 	0.90227259
0.0028743719 	-0.01025977 	-0.07484385 	0.89969584
0.0028944724 	-0.01025977 	-0.07484385 	0.89969584
0.0029145729 	-0.010750304 	-0.078283712 	0.8967236
0.0029346734 	-0.010750304 	-0.078283712 	0.8967236
0.0029547739 	-0.010795249 	-0.08069276 	0.89280651
0.0029748744 	-0.010795249 	-0.08069276 	0.89280651
0.0029949749 	-0.010270571 	-0.081680171 	0.88741479
0.0030150754 	-0.0091112567 	-0.080854663 	0.88028321
0.0030351759 	-0.0091112567 	-0.080854663 	0.88028321
0.0030552764 	-0.0073327325 	-0.077935487 	0.87157616
0.0030753769 	-0.0073327325 	-0.077935487 	0.87157616
0.0030954774 	-0.0050429676 	-0.072880809 	0.86182373
0.0031155779 	-0.0024289184 	-0.065976819 	0.85165992
0.0031356784 	-0.0024289184 	-0.065976819 	0.85165992
0.0031557789 	0.0002892282 	-0.057812186 	0.8415244
0.0031758794 	0.0002892282 	-0.057812186 	0.8415244
0.0031959799 	0.002915945 	-0.049186976 	0.83149493
0.0032160804 	0.0053181517 	-0.040941732 	0.82132171
0.0032361809 	0.0053181517 	-0.040941732 	0.82132171
0.0032562814 	0.0074289846 	-0.033815058 	0.81062041
0.0032763819 	0.0092166132 	-0.028328149 	0.79911061
0.0032964824 	0.0092166132 	-0.028328149 	0.79911061
0.0033165829 	0.010645036 	-0.024715152 	0.78679893
0.0033366834 	0.011666584 	-0.022912396 	0.77400766
0.0033567839 	0.011666584 	-0.022912396 	0.77400766
0.0033768844 	0.01223144 	-0.022567246 	0.7612468
0.0033969849 	0.0123317 	-0.023081427 	0.749013
0.0034170854 	0.0123317 	-0.023081427 	0.749013
0.0034371859 	0.012048678 	-0.023706357 	0.73759883
0.0034572864 	0.011548365 	-0.023687262 	0.72700226
0.0034773869 	0.011038059 	-0.022428546 	0.71696735
0.0034974874 	0.011038059 	-0.022428546 	0.71696735
0.0035175879 	0.010706145 	-0.019614189 	0.7070918
0.0035376884 	0.010663503 	-0.015232953 	0.6969145
0.0035577889 	0.010884241 	-0.0095221187 	0.68596489
0.0035778894 	0.010884241 	-0.0095221187 	0.68596489
0.0035979899 	0.011215043 	-0.002875799 	0.67374878
0.0036180905 	0.011429117 	0.0041929823 	0.659706
0.003638191 	0.011264511 	0.010968306 	0.64314881
0.0036582915 	0.011264511 	0.010968306 	0.64314881
0.003678392 	0.010529827 	0.016421233 	0.62313312
0.0036984925 	0.0092103209 	0.019289986 	0.59837431
0.003718593 	0.0074807967 	0.018597944 	0.56748854
0.0037386935 	0.0056329456 	0.014386072 	0.52969924
0.003758794 	0.0038963859 	0.0079842987 	0.48558739
0.0037788945 	0.0038963859 	0.0079842987 	0.48558739
0.003798995 	0.0023970095 	0.0014124874 	0.43717497
0.0038190955 	0.0012125496 	-0.0036360053 	0.3870917
0.003839196 	0.0003748711 	-0.0064191942 	0.33745954
0.0038592965 	-0.00011684857 	-0.0070637661 	0.28932968
0.003879397 	-0.00032653832 	-0.0061446726 	0.24279064
0.0038994975 	-0.00035195151 	-0.0043392161 	0.1973747
0.003919598 	-0.00027789472 	-0.0022679765 	0.15249608
0.0039396985 	-0.0001756921 	-0.00045035538 	0.10783009
0.003959799 	-8.5299938e-05 	0.0006752586 	0.063590778
0.0039798995 	-1.5195222e-05 	0.0007117709 	0.020562756
0.004 	-1.5195222e-05 	0.0007117709 	0.020562756
