0 	-0.024604639 	-0.023170551 	1.0868851
5.5555556e-05 	0.032983221 	-0.0076005871 	1.0959447
0.00011111111 	0.033203017 	-0.0028761824 	1.1003506
0.00016666667 	0.032245022 	-0.0014266323 	1.1046761
0.00022222222 	0.030717274 	-0.0016420781 	1.1089363
0.00027777778 	0.028862594 	-0.0028781231 	1.1130813
0.00033333333 	0.026929885 	-0.0047654273 	1.116927
0.00038888889 	0.0251852 	-0.007064956 	1.1201542
0.00044444444 	0.023869722 	-0.009606569 	1.1223871
0.0005 	0.023181171 	-0.012226723 	1.1233198
0.00055555556 	0.023253522 	-0.014756177 	1.122832
0.00061111111 	0.02415388 	-0.017072795 	1.1210364
0.00066666667 	0.025883503 	-0.01917356 	1.1182298
0.00072222222 	0.028322042 	-0.021162595 	1.1147724
0.00077777778 	0.031386026 	-0.02320761 	1.1109223
0.00083333333 	0.034745777 	-0.02530558 	1.1067654
0.00088888889 	0.038480975 	-0.027467902 	1.1021493
0.00094444444 	0.041863932 	-0.029243172 	1.0970451
0.001 	0.045553135 	-0.031078795 	1.0911166
0.0010617451 	0.048826674 	-0.032655137 	1.0849229
0.0011226367 	0.051197023 	-0.034217246 	1.0793154
0.0011826866 	0.052905414 	-0.035967688 	1.0745943
0.0012419064 	0.054283718 	-0.037992785 	1.0706106
0.0013003077 	0.055596139 	-0.040165955 	1.0668356
0.0013579017 	0.056975666 	-0.042065376 	1.0626681
0.0014146996 	0.058268784 	-0.043094909 	1.0577529
0.0014707124 	0.059036314 	-0.042755196 	1.0520729
0.0015259509 	0.058695828 	-0.040874801 	1.045812
0.001580426 	0.056674086 	-0.03764629 	1.0393067
0.001634148 	0.05273848 	-0.033522147 	1.0331017
0.0016871274 	0.047173153 	-0.028955647 	1.0279682
0.0017393745 	0.040647703 	-0.024053655 	1.0246841
0.0017908994 	0.033933375 	-0.018750163 	1.0236264
0.0018417121 	0.027570856 	-0.013216216 	1.0244863
0.0018918224 	0.021806082 	-0.0080299916 	1.0262358
0.0019412401 	0.016759214 	-0.0039216533 	1.0273822
0.0019899746 	0.012470785 	-0.0012280369 	1.0264409
0.0020380356 	0.0089776559 	0.0003670843 	1.0224869
0.0020854322 	0.0063420772 	0.0017285153 	1.0155588
0.0021321736 	0.0045418079 	0.0037698304 	1.0065545
0.002178269 	0.0034568341 	0.0067852629 	0.99660669
0.0022237272 	0.0029229356 	0.0101875 	0.98631477
0.002268557 	0.0027650529 	0.012997569 	0.97553577
0.0023127672 	0.0028544941 	0.014545978 	0.96395596
0.0023563662 	0.0032261174 	0.014710651 	0.95173255
0.0023993626 	0.0039335029 	0.013727154 	0.93952901
0.0024417647 	0.0050366061 	0.011966847 	0.92811987
0.0024835806 	0.006649989 	0.0098674326 	0.91806785
0.0025248186 	0.0088985827 	0.0078347088 	0.90957398
0.0025654865 	0.011868994 	0.0061801241 	0.90253237
0.0026055923 	0.015572462 	0.0050658457 	0.89672653
0.0026451437 	0.019943295 	0.0045188569 	0.89190403
0.0026841484 	0.024790562 	0.0044563303 	0.88784515
0.002722614 	0.029866685 	0.0047899347 	0.88439686
0.0027605478 	0.03489513 	0.0054361613 	0.88147931
0.0027979573 	0.039603082 	0.0063247159 	0.87908848
0.0028348498 	0.043747516 	0.0074211315 	0.87725627
0.0028712322 	0.047132032 	0.0087137437 	0.87599999
0.0029071118 	0.049630057 	0.010209257 	0.87528613
0.0029424953 	0.051203111 	0.01192237 	0.87501252
0.0029773898 	0.051862518 	0.013877015 	0.87499422
0.003011802 	0.05164257 	0.016089124 	0.87493905
0.0030457385 	0.050621865 	0.018553427 	0.87435866
0.0030792059 	0.048938368 	0.02122104 	0.87241587
0.0031122107 	0.046825531 	0.02396456 	0.86776072
0.0031447592 	0.044594988 	0.026553999 	0.85853154
0.0031768579 	0.042516749 	0.028678207 	0.84283102
0.0032085129 	0.040629325 	0.0299927 	0.81982298
0.0032397303 	0.038634124 	0.030114898 	0.79104555
0.0032705162 	0.036017255 	0.028531607 	0.76087487
0.0033008765 	0.032358377 	0.024597797 	0.73524571
0.0033308172 	0.02753468 	0.017751751 	0.71921583
0.0033603441 	0.021640074 	0.0077916513 	0.71481878
0.0033894627 	0.015015091 	-0.0049367696 	0.72069892
0.0034181789 	0.0079331563 	-0.019787551 	0.73307238
0.0034464982 	0.00063283367 	-0.036055399 	0.7478359
0.003474426 	-0.0065794446 	-0.053042614 	0.76192598
0.0035019678 	-0.013441074 	-0.070127714 	0.77343213
0.0035291288 	-0.01974304 	-0.086791206 	0.78117262
0.0035559144 	-0.025321978 	-0.10260203 	0.78432589
0.0035823298 	-0.030079373 	-0.11717143 	0.78233181
0.0036083801 	-0.033910084 	-0.13010327 	0.77486065
0.0036340702 	-0.036698605 	-0.14096141 	0.76174896
0.0036594053 	-0.038331038 	-0.14927092 	0.74288774
0.0036843901 	-0.038725852 	-0.15455689 	0.71811085
0.0037090296 	-0.037860082 	-0.15641512 	0.6871196
0.0037333285 	-0.035784894 	-0.15459935 	0.6495023
0.0037572915 	-0.032634872 	-0.14909656 	0.60489963
0.0037809233 	-0.028619389 	-0.14016167 	0.55325244
0.0038042285 	-0.023999239 	-0.12831929 	0.49506939
0.0038272115 	-0.019092036 	-0.11435541 	0.4318199
0.0038498768 	-0.014302275 	-0.09925128 	0.36624295
0.0038722288 	-0.010057366 	-0.083951467 	0.3017078
0.0038942718 	-0.0066322636 	-0.069057641 	0.2405965
0.0039160102 	-0.0040556317 	-0.054670129 	0.18330474
0.003937448 	-0.0021935762 	-0.040414929 	0.12880657
0.0039585896 	-0.000904407 	-0.025558481 	0.075972277
0.0039794389 	-0.00012786463 	-0.009223482 	0.024590929
0.004 	-6.8346343e-05 	-0.004531082 	0.023217666
