0 	-0.084991757 	-0.00017449062 	1.0213472
5.5555556e-05 	-0.070705035 	-0.036043735 	1.0179882
0.00011111111 	-0.060638734 	-0.041341628 	1.0145312
0.00016666667 	-0.053759404 	-0.041758534 	1.0118967
0.00022222222 	-0.048590941 	-0.041496383 	1.0106096
0.00027777778 	-0.044467947 	-0.041593951 	1.0105602
0.00033333333 	-0.040971054 	-0.042101581 	1.011223
0.00038888889 	-0.037845518 	-0.042664969 	1.011966
0.00044444444 	-0.035018065 	-0.042805173 	1.0122086
0.0005 	-0.03258936 	-0.042138849 	1.0114736
0.00055555556 	-0.030796842 	-0.040498191 	1.0094153
0.00061111111 	-0.029959722 	-0.037884954 	1.0058088
0.00066666667 	-0.030384949 	-0.034314763 	1.0005314
0.00072222222 	-0.032202618 	-0.029764072 	0.99362591
0.00077777778 	-0.035146076 	-0.024418164 	0.98539936
0.00083333333 	-0.038555762 	-0.019008252 	0.97639715
0.00088888889 	-0.041431863 	-0.014804693 	0.96711026
0.00094444444 	-0.042777626 	-0.012859054 	0.95777769
0.001 	-0.042033524 	-0.013365616 	0.9481317
0.0010617199 	-0.038608317 	-0.016005184 	0.93913088
0.0011225874 	-0.03294713 	-0.018624608 	0.93339482
0.0011826143 	-0.026486922 	-0.019945408 	0.93219205
0.0012418122 	-0.020419677 	-0.019485543 	0.93569778
0.0013001926 	-0.01580493 	-0.017615142 	0.94312503
0.0013577668 	-0.01337648 	-0.015410031 	0.95289964
0.0014145458 	-0.013794801 	-0.014323329 	0.96268908
0.0014705407 	-0.017691384 	-0.014929798 	0.96987378
0.0015257623 	-0.025299328 	-0.015797214 	0.97185342
0.0015802213 	-0.036282553 	-0.014794098 	0.96425142
0.0016339282 	-0.050337652 	-0.012685322 	0.93919612
0.0016868934 	-0.066987777 	-0.012487639 	0.89511863
0.0017391271 	-0.084094147 	-0.013906787 	0.85135525
0.0017906395 	-0.097744143 	-0.01412764 	0.83296328
0.0018414404 	-0.10447354 	-0.012045925 	0.84195385
0.0018915398 	-0.1050521 	-0.0089990747 	0.86140645
0.0019409473 	-0.10369178 	-0.0076372878 	0.87766851
0.0019896725 	-0.10276002 	-0.0087692979 	0.88887322
0.0020377248 	-0.1017161 	-0.011111836 	0.89950669
0.0020851134 	-0.10012039 	-0.013861317 	0.91176856
0.0021318476 	-0.098517618 	-0.016877013 	0.92372079
0.0021779364 	-0.097145872 	-0.019299706 	0.93386093
0.0022233887 	-0.095810666 	-0.020028514 	0.94226231
0.0022682133 	-0.094453888 	-0.018833986 	0.94878592
0.0023124189 	-0.092999539 	-0.016259247 	0.95328308
0.0023560139 	-0.091379593 	-0.013037835 	0.95594408
0.0023990069 	-0.08954641 	-0.009626254 	0.95697363
0.0024414062 	-0.08731188 	-0.0060769209 	0.95655868
0.0024832199 	-0.084535327 	-0.0022740504 	0.95493875
0.0025244562 	-0.081108947 	0.0018896708 	0.95240432
0.002565123 	-0.07694741 	0.0063978122 	0.94916655
0.0026052281 	-0.072131357 	0.011076905 	0.94538243
0.0026447794 	-0.066784215 	0.015732632 	0.94117583
0.0026837845 	-0.061051536 	0.020223736 	0.93669985
0.0027222509 	-0.05516409 	0.024433263 	0.93211335
0.0027601861 	-0.049350636 	0.02826228 	0.92757105
0.0027975974 	-0.043807624 	0.031616525 	0.92314006
0.002834492 	-0.038673343 	0.034394156 	0.91869454
0.0028708772 	-0.034023317 	0.036482272 	0.91381879
0.0029067598 	-0.02987063 	0.037757282 	0.90776534
0.0029421469 	-0.026187437 	0.03807456 	0.89951192
0.0029770452 	-0.022931593 	0.037255569 	0.8879545
0.0030114616 	-0.020069687 	0.035062916 	0.87223853
0.0030454028 	-0.017601452 	0.031201107 	0.85216392
0.0030788752 	-0.015571246 	0.025387507 	0.82848579
0.0031118853 	-0.014059473 	0.017489346 	0.80289366
0.0031444395 	-0.013119529 	0.0077098876 	0.77763988
0.0031765442 	-0.0127228 	-0.0033466347 	0.75489468
0.0032082055 	-0.012801059 	-0.014732038 	0.73612593
0.0032394295 	-0.013232061 	-0.025376279 	0.72187088
0.0032702223 	-0.013789422 	-0.034369504 	0.71183689
0.0033005899 	-0.014188841 	-0.041156084 	0.70519635
0.0033305381 	-0.01419305 	-0.045562836 	0.70093045
0.0033600727 	-0.0136222 	-0.04770166 	0.69811439
0.0033891994 	-0.012350218 	-0.047870841 	0.69605426
0.0034179239 	-0.010331427 	-0.046480803 	0.69430792
0.0034462517 	-0.0076017311 	-0.04400477 	0.69263994
0.0034741882 	-0.0042581675 	-0.040942201 	0.69098724
0.003501739 	-0.0004605391 	-0.037763102 	0.68940787
0.0035289093 	0.0035830385 	-0.03482038 	0.6880081
0.0035557043 	0.0076468735 	-0.032301261 	0.68685854
0.0035821293 	0.011498606 	-0.030217721 	0.68594239
0.0036081894 	0.014896048 	-0.02843862 	0.68510296
0.0036338895 	0.017576597 	-0.026721955 	0.68400877
0.0036592348 	0.019322343 	-0.024760859 	0.68211249
0.00368423 	0.019985931 	-0.022241519 	0.67865535
0.00370888 	0.019524778 	-0.018928281 	0.67255807
0.0037331896 	0.01806294 	-0.014771355 	0.66232489
0.0037571635 	0.015880897 	-0.010034985 	0.64600855
0.0037808063 	0.013335773 	-0.0053671286 	0.62140697
0.0038041226 	0.010746301 	-0.0017300736 	0.58653218
0.0038271169 	0.0083478946 	-9.0883967e-05 	0.54026238
0.0038497936 	0.0062730765 	-0.00089324501 	0.48289979
0.0038721572 	0.0045448229 	-0.0035921316 	0.41628447
0.0038942119 	0.0031245959 	-0.0066849196 	0.34332536
0.003915962 	0.0019648477 	-0.0083977522 	0.26713843
0.0039374118 	0.0010512947 	-0.0076383347 	0.1902349
0.0039585653 	0.00040289479 	-0.0046094276 	0.11397844
0.0039794267 	4.42435e-05 	-0.00088979463 	0.038378095
0.004 	7.0186492e-05 	-0.005162184 	0.039762427
