0 	0.0438653 	0.040714352 	0.99759555
5.5555625e-05 	0.059334385 	0.013983873 	0.99962993
0.00011111111 	0.062122797 	0.0043953236 	1.0032546
0.00016666667 	0.06328683 	-0.00044442696 	1.0078515
0.00022222222 	0.063607424 	-0.00334533 	1.0127328
0.00027777778 	0.063195407 	-0.0054428273 	1.0172557
0.00033333333 	0.062158524 	-0.0073737243 	1.0209086
0.00038888889 	0.060686791 	-0.0095252045 	1.0234089
0.00044444444 	0.059024252 	-0.012078634 	1.0247498
0.0005 	0.057352174 	-0.014959825 	1.0251036
0.00055555556 	0.055676368 	-0.017824781 	1.0246478
0.00061111111 	0.05386413 	-0.020269062 	1.0235414
0.00066666667 	0.051839678 	-0.022189659 	1.0220962
0.00072222222 	0.049769357 	-0.02400104 	1.0208998
0.00077777778 	0.048038206 	-0.026454889 	1.0206796
0.00083333333 	0.047025732 	-0.030183125 	1.0220026
0.00088888889 	0.046949719 	-0.035338626 	1.0250344
0.00094444444 	0.0476536 	-0.041509522 	1.0295609
0.001 	0.04896215 	-0.04833034 	1.0354179
0.0010617199 	0.050358003 	-0.055183918 	1.041945
0.0011225874 	0.051471404 	-0.061281126 	1.0480718
0.0011826143 	0.052121563 	-0.066821273 	1.0530605
0.0012418122 	0.052402169 	-0.072408388 	1.0561332
0.0013001926 	0.052490522 	-0.078572949 	1.0563662
0.0013577668 	0.052326683 	-0.085338349 	1.0530499
0.0014145458 	0.051513939 	-0.091996148 	1.0465167
0.0014705407 	0.049556555 	-0.097396299 	1.0386509
0.0015257623 	0.046383593 	-0.10053818 	1.0318987
0.0015802213 	0.042599297 	-0.10126265 	1.0265843
0.0016339282 	0.039012941 	-0.1007452 	1.018391
0.0016868934 	0.035927204 	-0.10038555 	1.0002771
0.0017391271 	0.032957826 	-0.099089199 	0.96960985
0.0017906395 	0.029246562 	-0.092891519 	0.93155828
0.0018414404 	0.023905215 	-0.078580754 	0.89438947
0.0018915398 	0.016608192 	-0.057211569 	0.86421731
0.0019409473 	0.0078228718 	-0.033587684 	0.84217295
0.0019896725 	-0.0014559976 	-0.013289188 	0.82406927
0.0020377248 	-0.010305328 	0.00010133537 	0.80535688
0.0020851134 	-0.018285979 	0.0059109158 	0.78744116
0.0021318476 	-0.024740949 	0.0047609194 	0.77500986
0.0021779364 	-0.029249197 	-0.0025717096 	0.76933201
0.0022233887 	-0.032024326 	-0.014238339 	0.76799645
0.0022682133 	-0.033849623 	-0.027264367 	0.767936
0.0023124189 	-0.035810279 	-0.039131337 	0.7671624
0.0023560139 	-0.038555599 	-0.049065701 	0.76480412
0.0023990069 	-0.042047141 	-0.057392529 	0.76089817
0.0024414062 	-0.045705865 	-0.064324692 	0.75646885
0.0024832199 	-0.048851746 	-0.069429687 	0.75339398
0.0025244562 	-0.05116033 	-0.071919776 	0.75346312
0.002565123 	-0.052639313 	-0.071231606 	0.75751342
0.0026052281 	-0.053364737 	-0.06721949 	0.76540824
0.0026447794 	-0.053297407 	-0.060167374 	0.77638758
0.0026837845 	-0.052391292 	-0.050618732 	0.78945372
0.0027222509 	-0.050633303 	-0.039278498 	0.80364515
0.0027601861 	-0.048089866 	-0.026993886 	0.81812237
0.0027975974 	-0.044758968 	-0.014656969 	0.8321159
0.002834492 	-0.040684109 	-0.0030786616 	0.84490669
0.0028708772 	-0.035815274 	0.007056716 	0.85583622
0.0029067598 	-0.030170421 	0.015283732 	0.86449483
0.0029421469 	-0.023990511 	0.021444232 	0.8708563
0.0029770452 	-0.017511109 	0.025640606 	0.87536571
0.0030114616 	-0.011000264 	0.028193106 	0.87867724
0.0030454028 	-0.0047014699 	0.029597729 	0.88141331
0.0030788752 	0.0012483213 	0.030432888 	0.88375927
0.0031118853 	0.006875947 	0.031256056 	0.88527
0.0031444395 	0.012308925 	0.032418337 	0.88499171
0.0031765442 	0.017640747 	0.033996517 	0.88189536
0.0032082055 	0.022823918 	0.035729446 	0.87543921
0.0032394295 	0.027563089 	0.037135962 	0.86606437
0.0032702223 	0.031319389 	0.037839192 	0.85530958
0.0033005899 	0.033458164 	0.038020854 	0.84527349
0.0033305381 	0.033544074 	0.038657355 	0.8373649
0.0033600727 	0.031652737 	0.041070468 	0.83085808
0.0033891994 	0.028464727 	0.045779241 	0.8224119
0.0034179239 	0.025012203 	0.051555143 	0.80752086
0.0034462517 	0.022204388 	0.055786635 	0.78334869
0.0034741882 	0.020451258 	0.05606287 	0.75074646
0.003501739 	0.019617007 	0.051579823 	0.7136892
0.0035289093 	0.0192584 	0.043312704 	0.67681312
0.0035557043 	0.01891285 	0.033203257 	0.6432272
0.0035821293 	0.018276932 	0.023234481 	0.61383879
0.0036081894 	0.017241497 	0.014811777 	0.58788132
0.0036338895 	0.01585192 	0.0085583562 	0.56379889
0.0036592348 	0.014256837 	0.0044196143 	0.53993101
0.00368423 	0.012629061 	0.0019213146 	0.51488474
0.00370888 	0.011086064 	0.00045378306 	0.48766998
0.0037331896 	0.0096888325 	-0.00050205874 	0.45778004
0.0037571635 	0.008451073 	-0.0012623495 	0.42512728
0.0037808063 	0.0073482346 	-0.0019381294 	0.38991871
0.0038041226 	0.0063411888 	-0.0025063916 	0.35251192
0.0038271169 	0.0053936977 	-0.0029001551 	0.31330032
0.0038497936 	0.0044807888 	-0.0030734729 	0.27266004
0.0038721572 	0.0035901789 	-0.0030238244 	0.23095229
0.0038942119 	0.0027208317 	-0.0027805674 	0.18854488
0.003915962 	0.0018836117 	-0.0023813691 	0.14581826
0.0039374118 	0.0011097737 	-0.0018572708 	0.10315247
0.0039585653 	0.00046666803 	-0.0012313734 	0.060939144
0.0039794267 	5.7768944e-05 	-0.00050150569 	0.019713436
0.004 	5.7768944e-05 	-0.00050150569 	0.019713436
