0 	-0.0060075576 	0.013426572 	1.0369848
5.5555556e-05 	0.0090206923 	0.011827339 	1.0346129
0.00011111111 	0.0083782866 	0.017273938 	1.0331906
0.00016666667 	0.0076511874 	0.022828418 	1.0317018
0.00022222222 	0.0068372444 	0.027553026 	1.030142
0.00027777778 	0.0059285671 	0.03111607 	1.028522
0.00033333333 	0.0049757683 	0.033446013 	1.0269221
0.00038888889 	0.0040743033 	0.034577278 	1.0255174
0.00044444444 	0.0033452016 	0.034562835 	1.0245847
0.0005 	0.0029220446 	0.03344259 	1.0245093
0.00055555556 	0.0029441102 	0.031252216 	1.0257807
0.00061111111 	0.0035401509 	0.028057822 	1.0289258
0.00066666667 	0.0047823173 	0.024002555 	1.0343296
0.00072222222 	0.0066003732 	0.019375338 	1.04196
0.00077777778 	0.008687403 	0.014656018 	1.051184
0.00083333333 	0.010505969 	0.010466152 	1.0609601
0.00088888889 	0.01152285 	0.0074053409 	1.0703495
0.00094444444 	0.011394765 	0.0058261384 	1.0788274
0.001 	0.0099827289 	0.005958802 	1.0865423
0.0010617199 	0.0071942521 	0.0079904065 	1.0927671
0.0011225874 	0.0034447781 	0.011292914 	1.0965919
0.0011826143 	-0.00077817826 	0.014864509 	1.0975098
0.0012418122 	-0.005003958 	0.017637304 	1.0951328
0.0013001926 	-0.0088284919 	0.018729664 	1.0892736
0.0013577668 	-0.011849885 	0.017741365 	1.0800078
0.0014145458 	-0.013764397 	0.014857781 	1.0677971
0.0014705407 	-0.014507896 	0.010681651 	1.0535468
0.0015257623 	-0.014227247 	0.0060065302 	1.0384611
0.0015802213 	-0.013280057 	0.0015141384 	1.0237289
0.0016339282 	-0.012119928 	-0.0023624896 	1.010221
0.0016868934 	-0.011208338 	-0.005460496 	0.99834713
0.0017391271 	-0.010873315 	-0.0078597902 	0.98811088
0.0017906395 	-0.011241865 	-0.0098167333 	0.97932581
0.0018414404 	-0.012195338 	-0.01170364 	0.97180043
0.0018915398 	-0.013413614 	-0.013937134 	0.96542405
0.0019409473 	-0.014514211 	-0.016817202 	0.96018099
0.0019896725 	-0.015154012 	-0.020474716 	0.95609785
0.0020377248 	-0.015114797 	-0.024822911 	0.95320923
0.0020851134 	-0.014329547 	-0.029553863 	0.95154364
0.0021318476 	-0.012829237 	-0.034259137 	0.95110338
0.0021779364 	-0.010715856 	-0.038538433 	0.95182606
0.0022233887 	-0.0080498742 	-0.042056717 	0.95353556
0.0022682133 	-0.0048194967 	-0.044587986 	0.95595048
0.0023124189 	-0.0010000704 	-0.046006249 	0.95869787
0.0023560139 	0.0034602833 	-0.046260477 	0.96137956
0.0023990069 	0.0085932797 	-0.045335885 	0.96362939
0.0024414062 	0.014372803 	-0.043230903 	0.96516957
0.0024832199 	0.020712765 	-0.039933575 	0.9658096
0.0025244562 	0.027472018 	-0.035430836 	0.96544485
0.002565123 	0.034456923 	-0.029729031 	0.96406886
0.0026052281 	0.041434127 	-0.022875794 	0.96176585
0.0026447794 	0.048115584 	-0.014988109 	0.95869896
0.0026837845 	0.054204454 	-0.0062750461 	0.95508594
0.0027222509 	0.059473248 	0.0029748518 	0.95116312
0.0027601861 	0.063765822 	0.012432837 	0.94713776
0.0027975974 	0.066978413 	0.021764827 	0.94313865
0.002834492 	0.069123721 	0.030698052 	0.9392307
0.0028708772 	0.070331905 	0.039027981 	0.93539541
0.0029067598 	0.07077815 	0.046614347 	0.93156184
0.0029421469 	0.070667077 	0.053381103 	0.92765945
0.0029770452 	0.070181928 	0.059296503 	0.92367085
0.0030114616 	0.069452285 	0.06436534 	0.91965541
0.0030454028 	0.068546838 	0.068623453 	0.9157515
0.0030788752 	0.067470979 	0.072134 	0.91215085
0.0031118853 	0.066185174 	0.074984955 	0.90906169
0.0031444395 	0.064633373 	0.0772792 	0.9066726
0.0031765442 	0.062782543 	0.079120603 	0.90512548
0.0032082055 	0.060663328 	0.080589457 	0.90446632
0.0032394295 	0.058413248 	0.081714807 	0.90455341
0.0032702223 	0.056286511 	0.082427059 	0.90498336
0.0033005899 	0.054605376 	0.082509324 	0.90514179
0.0033305381 	0.053643618 	0.081608128 	0.90443896
0.0033600727 	0.053467036 	0.079364171 	0.90260596
0.0033891994 	0.053864389 	0.075593098 	0.8998458
0.0034179239 	0.054413439 	0.070392044 	0.89674911
0.0034462517 	0.054671493 	0.064097484 	0.89403741
0.0034741882 	0.054345646 	0.057148935 	0.89219841
0.003501739 	0.05336745 	0.049911704 	0.89118068
0.0035289093 	0.051855389 	0.042541688 	0.89033371
0.0035557043 	0.050004405 	0.034971196 	0.88863337
0.0035821293 	0.047987723 	0.027008926 	0.8850714
0.0036081894 	0.045863274 	0.018471771 	0.87896128
0.0036338895 	0.043503946 	0.0092283073 	0.87001918
0.0036592348 	0.040732881 	-0.00070348322 	0.85834931
0.00368423 	0.037364295 	-0.011014575 	0.84447244
0.00370888 	0.033152835 	-0.020989607 	0.82915093
0.0037331896 	0.027896496 	-0.029515045 	0.81176712
0.0037571635 	0.02181536 	-0.035227387 	0.78766417
0.0037808063 	0.015729272 	-0.036828263 	0.74835479
0.0038041226 	0.010561892 	-0.033661322 	0.68747148
0.0038271169 	0.0067316575 	-0.026471887 	0.60732495
0.0038497936 	0.0040637525 	-0.017269082 	0.51740015
0.0038721572 	0.0022227292 	-0.0083696525 	0.42672869
0.0038942119 	0.001025313 	-0.0016878694 	0.33953371
0.003915962 	0.00037079372 	0.0016258783 	0.25658789
0.0039374118 	9.9372079e-05 	0.0015331789 	0.17779067
0.0039585653 	5.6275318e-06 	-0.00064236422 	0.10315868
0.0039794267 	-1.6121001e-05 	-0.0020512407 	0.032884237
0.004 	-1.6121001e-05 	-0.0020512407 	0.032884237
