0 	0.0014573216 	-0.042611317 	1.0248545
5.5555556e-05 	0.021038462 	-0.038510473 	1.0169429
0.00011111111 	0.025879734 	-0.037169849 	1.007665
0.00016666667 	0.028030542 	-0.037622594 	0.99764101
0.00022222222 	0.029635914 	-0.038747218 	0.98776913
0.00027777778 	0.031567263 	-0.040115157 	0.97894072
0.00033333333 	0.034325879 	-0.041922012 	0.97195669
0.00038888889 	0.038123403 	-0.044884107 	0.96751945
0.00044444444 	0.042972792 	-0.049406389 	0.96563414
0.0005 	0.048952229 	-0.054669737 	0.96518538
0.00055555556 	0.056027351 	-0.059402098 	0.96505162
0.00061111111 	0.063584263 	-0.063306241 	0.96517117
0.00066666667 	0.070560862 	-0.066650257 	0.96602941
0.00072222222 	0.076105606 	-0.069167953 	0.96818677
0.00077777778 	0.079527104 	-0.070406757 	0.97209825
0.00083333333 	0.080193704 	-0.070807024 	0.97784191
0.00088888889 	0.077578962 	-0.071341607 	0.98507579
0.00094444444 	0.071492452 	-0.073007853 	0.99330833
0.001 	0.061759224 	-0.075588294 	1.0021772
0.0010617199 	0.04829752 	-0.076955684 	1.0101399
0.0011225874 	0.033287195 	-0.073501757 	1.0144922
0.0011826143 	0.01840438 	-0.06279884 	1.0128014
0.0012418122 	0.0047804243 	-0.045118655 	1.0038165
0.0013001926 	-0.0073056938 	-0.023094937 	0.98909547
0.0013577668 	-0.018391174 	0.00054191035 	0.97226847
0.0014145458 	-0.029266428 	0.024035605 	0.95622135
0.0014705407 	-0.040229406 	0.045822613 	0.94215429
0.0015257623 	-0.050476458 	0.063813211 	0.93079865
0.0015802213 	-0.058538075 	0.075396899 	0.92245856
0.0016339282 	-0.06309776 	0.078894409 	0.91652018
0.0016868934 	-0.063673347 	0.074631596 	0.9116571
0.0017391271 	-0.060762655 	0.064607828 	0.90651209
0.0017906395 	-0.055451993 	0.051262844 	0.90002054
0.0018414404 	-0.048908513 	0.03648105 	0.89107873
0.0018915398 	-0.042014414 	0.021136098 	0.87806922
0.0019409473 	-0.03501122 	0.0049660915 	0.85909209
0.0019896725 	-0.02751108 	-0.012819547 	0.83339072
0.0020377248 	-0.019352649 	-0.032182144 	0.80302554
0.0020851134 	-0.011197182 	-0.051506637 	0.77262969
0.0021318476 	-0.0039732218 	-0.068531028 	0.74635379
0.0021779364 	0.001860231 	-0.081559828 	0.72588104
0.0022233887 	0.0063149231 	-0.089841296 	0.71077531
0.0022682133 	0.0095518599 	-0.09342235 	0.69984695
0.0023124189 	0.011758779 	-0.092817408 	0.69206656
0.0023560139 	0.013108131 	-0.088784891 	0.68686566
0.0023990069 	0.013767204 	-0.082165322 	0.68404933
0.0024414062 	0.013903468 	-0.073741836 	0.68363037
0.0024832199 	0.013681517 	-0.064158734 	0.68567296
0.0025244562 	0.01324416 	-0.053906034 	0.69018106
0.002565123 	0.012702272 	-0.043349162 	0.69702681
0.0026052281 	0.012104464 	-0.032782545 	0.70593457
0.0026447794 	0.011412652 	-0.022484369 	0.71653288
0.0026837845 	0.010499713 	-0.012747115 	0.72843468
0.0027222509 	0.0092140012 	-0.0038741968 	0.74129307
0.0027601861 	0.007475962 	0.0038653398 	0.75484806
0.0027975974 	0.005306878 	0.010307207 	0.76886538
0.002834492 	0.002793674 	0.015464137 	0.78311036
0.0028708772 	0.00010702927 	0.019502454 	0.79733722
0.0029067598 	-0.0025359721 	0.022712093 	0.81125649
0.0029421469 	-0.0049584712 	0.025387638 	0.8244927
0.0029770452 	-0.0070474054 	0.027772629 	0.83659877
0.0030114616 	-0.0087821069 	0.030033922 	0.84711085
0.0030454028 	-0.010186573 	0.032261267 	0.85561753
0.0030788752 	-0.011286456 	0.034474728 	0.86180064
0.0031118853 	-0.012092431 	0.036629144 	0.86544186
0.0031444395 	-0.012597663 	0.038621888 	0.86640562
0.0031765442 	-0.012785929 	0.040318133 	0.8646205
0.0032082055 	-0.01264165 	0.041600827 	0.86008086
0.0032394295 	-0.012160001 	0.042430217 	0.85287085
0.0032702223 	-0.011360777 	0.042882699 	0.84319216
0.0033005899 	-0.010299028 	0.043149292 	0.83136597
0.0033305381 	-0.0090677388 	0.043492463 	0.81779362
0.0033600727 	-0.0077913349 	0.044178821 	0.80288642
0.0033891994 	-0.006609027 	0.045409645 	0.78698844
0.0034179239 	-0.0056499574 	0.047265918 	0.77030811
0.0034462517 	-0.0050049855 	0.049677702 	0.75286851
0.0034741882 	-0.0047010219 	0.05242374 	0.734492
0.003501739 	-0.004688101 	0.055162663 	0.71484741
0.0035289093 	-0.0048490186 	0.05748382 	0.6935806
0.0035557043 	-0.0050338515 	0.058973979 	0.67050637
0.0035821293 	-0.0051073395 	0.059285357 	0.64578139
0.0036081894 	-0.0049886558 	0.058200859 	0.61995362
0.0036338895 	-0.0046647694 	0.055683925 	0.59383213
0.0036592348 	-0.0041747205 	0.051895245 	0.56821856
0.00368423 	-0.003578276 	0.047164802 	0.54361845
0.00370888 	-0.0029292062 	0.041925927 	0.52005494
0.0037331896 	-0.0022649022 	0.036632316 	0.49704288
0.0037571635 	-0.0016118933 	0.031678324 	0.4737004
0.0037808063 	-0.00099707767 	0.027337793 	0.44892566
0.0038041226 	-0.00045438551 	0.023732059 	0.42156663
0.0038271169 	-2.0206981e-05 	0.020819972 	0.39054658
0.0038497936 	0.00027598672 	0.018441373 	0.35494563
0.0038721572 	0.00042428451 	0.016372749 	0.31406691
0.0038942119 	0.0004383122 	0.014388495 	0.26750915
0.003915962 	0.00035244629 	0.01229778 	0.21526562
0.0039374118 	0.00021694731 	0.0099238401 	0.15783526
0.0039585653 	8.6730506e-05 	0.0070038746 	0.096306449
0.0039794267 	8.6055603e-06 	0.0030180492 	0.032349562
0.004 	1.1203763e-05 	0.003358018 	0.029346487
