0 	0.02488998 	-0.03091518 	1.0730447
2.0100503e-05 	0.02488998 	-0.03091518 	1.0730447
4.0201005e-05 	0.02488998 	-0.03091518 	1.0730447
6.0301508e-05 	0.011172447 	-0.037285697 	1.0714929
8.040201e-05 	0.011172447 	-0.037285697 	1.0714929
0.00010050251 	0.011172447 	-0.037285697 	1.0714929
0.00012060302 	0.0084586811 	-0.036489938 	1.0717434
0.00014070352 	0.0084586811 	-0.036489938 	1.0717434
0.00016080402 	0.0084586811 	-0.036489938 	1.0717434
0.00018090452 	0.0076808662 	-0.034386076 	1.0733906
0.00020100503 	0.0076808662 	-0.034386076 	1.0733906
0.00022110553 	-0.0017878034 	-0.03474656 	1.0675754
0.00024120603 	0.00022254579 	-0.032285514 	1.0705243
0.00026130653 	0.00022254579 	-0.032285514 	1.0705243
0.00028140704 	0.0014890847 	-0.028948549 	1.0732223
0.00030150754 	0.0014890847 	-0.028948549 	1.0732223
0.00032160804 	0.0014890847 	-0.028948549 	1.0732223
0.00034170854 	0.0023494291 	-0.024704795 	1.074402
0.00036180905 	0.0023494291 	-0.024704795 	1.074402
0.00038190955 	0.0066750673 	-0.022908982 	1.0777751
0.00040201005 	0.0064051349 	-0.017770889 	1.0761205
0.00042211055 	0.0064051349 	-0.017770889 	1.0761205
0.00044221106 	0.0064051349 	-0.017770889 	1.0761205
0.00046231156 	0.0060025026 	-0.012430302 	1.0724277
0.00048241206 	0.0060025026 	-0.012430302 	1.0724277
0.00050251256 	0.0052630501 	-0.0070958253 	1.0670805
0.00052261307 	0.0052630501 	-0.0070958253 	1.0670805
0.00054271357 	0.0052630501 	-0.0070958253 	1.0670805
0.00056281407 	0.0040636097 	-0.0017114732 	1.0605005
0.00058291457 	0.0040636097 	-0.0017114732 	1.0605005
0.00060301508 	0.0040636097 	-0.0017114732 	1.0605005
0.00062311558 	0.0024558912 	0.0040683996 	1.0528165
0.00064321608 	0.0024558912 	0.0040683996 	1.0528165
0.00066331658 	-0.0017932481 	0.0065815475 	1.04657
0.00068341709 	-0.0042904343 	0.014416451 	1.0359414
0.00070351759 	-0.0042904343 	0.014416451 	1.0359414
0.00072361809 	-0.0068335057 	0.02318549 	1.0236219
0.00074371859 	-0.0068335057 	0.02318549 	1.0236219
0.0007638191 	-0.0068335057 	0.02318549 	1.0236219
0.0007839196 	-0.0042242006 	0.028844839 	1.0225913
0.0008040201 	-0.0042242006 	0.028844839 	1.0225913
0.0008241206 	-0.0042242006 	0.028844839 	1.0225913
0.00084422111 	-0.007486536 	0.040567746 	1.0115787
0.00086432161 	-0.007486536 	0.040567746 	1.0115787
0.00088442211 	-0.007486536 	0.040567746 	1.0115787
0.00090452261 	-0.014720458 	0.055053539 	0.98789889
0.00092462312 	-0.014720458 	0.055053539 	0.98789889
0.00094472362 	-0.016067014 	0.06465974 	0.9792251
0.00096482412 	-0.016067014 	0.06465974 	0.9792251
0.00098492462 	-0.016067014 	0.06465974 	0.9792251
0.0010050251 	-0.015286897 	0.071975708 	0.97146759
0.0010251256 	-0.014396105 	0.075975158 	0.9807632
0.0010452261 	-0.014396105 	0.075975158 	0.9807632
0.0010653266 	-0.012614289 	0.082829333 	0.97030718
0.0010854271 	-0.012614289 	0.082829333 	0.97030718
0.0011055276 	-0.012614289 	0.082829333 	0.97030718
0.0011256281 	-0.008588366 	0.085696676 	0.96062618
0.0011457286 	-0.008588366 	0.085696676 	0.96062618
0.0011658291 	-0.008588366 	0.085696676 	0.96062618
0.0011859296 	-0.0033640368 	0.085890658 	0.95190909
0.0012060302 	-0.0033640368 	0.085890658 	0.95190909
0.0012261307 	-0.0033640368 	0.085890658 	0.95190909
0.0012462312 	0.0017200843 	0.084859578 	0.94410871
0.0012663317 	0.0017200843 	0.084859578 	0.94410871
0.0012864322 	0.0017200843 	0.084859578 	0.94410871
0.0013065327 	0.0056744949 	0.083172668 	0.93711944
0.0013266332 	0.0056744949 	0.083172668 	0.93711944
0.0013467337 	0.0056744949 	0.083172668 	0.93711944
0.0013668342 	0.0080193894 	0.080610195 	0.9307824
0.0013869347 	0.0080193894 	0.080610195 	0.9307824
0.0014070352 	0.0080193894 	0.080610195 	0.9307824
0.0014271357 	0.0088874667 	0.076669139 	0.9246784
0.0014472362 	0.0088874667 	0.076669139 	0.9246784
0.0014673367 	0.0088874667 	0.076669139 	0.9246784
0.0014874372 	0.0087752066 	0.071102376 	0.91821343
0.0015075377 	0.0087752066 	0.071102376 	0.91821343
0.0015276382 	0.0081858902 	0.064084311 	0.91103551
0.0015477387 	0.0081858902 	0.064084311 	0.91103551
0.0015678392 	0.0081858902 	0.064084311 	0.91103551
0.0015879397 	0.0073722939 	0.056219507 	0.90332522
0.0016080402 	0.0073722939 	0.056219507 	0.90332522
0.0016281407 	0.0073722939 	0.056219507 	0.90332522
0.0016482412 	0.0062788146 	0.048398672 	0.89563779
0.0016683417 	0.0062788146 	0.048398672 	0.89563779
0.0016884422 	0.0045551978 	0.041654519 	0.88847587
0.0017085427 	0.0045551978 	0.041654519 	0.88847587
0.0017286432 	0.0045551978 	0.041654519 	0.88847587
0.0017487437 	0.0016675729 	0.037022465 	0.88189141
0.0017688442 	0.0016675729 	0.037022465 	0.88189141
0.0017889447 	0.0016675729 	0.037022465 	0.88189141
0.0018090452 	-0.0029358135 	0.035106413 	0.87538353
0.0018291457 	-0.0029358135 	0.035106413 	0.87538353
0.0018492462 	-0.0097335973 	0.035367699 	0.86794675
0.0018693467 	-0.0097335973 	0.035367699 	0.86794675
0.0018894472 	-0.0097335973 	0.035367699 	0.86794675
0.0019095477 	-0.01874557 	0.035822566 	0.85859353
0.0019296482 	-0.01874557 	0.035822566 	0.85859353
0.0019497487 	-0.029246792 	0.033977318 	0.84753218
0.0019698492 	-0.029246792 	0.033977318 	0.84753218
0.0019899497 	-0.040084373 	0.02845528 	0.83729408
0.0020100503 	-0.040084373 	0.02845528 	0.83729408
0.0020301508 	-0.040084373 	0.02845528 	0.83729408
0.0020502513 	-0.050033069 	0.019915461 	0.83149054
0.0020703518 	-0.050033069 	0.019915461 	0.83149054
0.0020904523 	-0.058111338 	0.010319597 	0.83148539
0.0021105528 	-0.058111338 	0.010319597 	0.83148539
0.0021306533 	-0.058111338 	0.010319597 	0.83148539
0.0021507538 	-0.063743222 	0.0015329377 	0.83508231
0.0021708543 	-0.063743222 	0.0015329377 	0.83508231
0.0021909548 	-0.067081047 	-0.0055784874 	0.83852876
0.0022110553 	-0.067081047 	-0.0055784874 	0.83852876
0.0022311558 	-0.06883696 	-0.011828757 	0.83929133
0.0022512563 	-0.06883696 	-0.011828757 	0.83929133
0.0022713568 	-0.069847173 	-0.018807119 	0.83816775
0.0022914573 	-0.069847173 	-0.018807119 	0.83816775
0.0023115578 	-0.069847173 	-0.018807119 	0.83816775
0.0023316583 	-0.071029594 	-0.026546394 	0.83863577
0.0023517588 	-0.071029594 	-0.026546394 	0.83863577
0.0023718593 	-0.073111681 	-0.032590531 	0.84253542
0.0023919598 	-0.073111681 	-0.032590531 	0.84253542
0.0024120603 	-0.076327114 	-0.034662594 	0.84786365
0.0024321608 	-0.076327114 	-0.034662594 	0.84786365
0.0024522613 	-0.080481299 	-0.0335171 	0.85268557
0.0024723618 	-0.080481299 	-0.0335171 	0.85268557
0.0024924623 	-0.085087002 	-0.031744904 	0.85750853
0.0025125628 	-0.085087002 	-0.031744904 	0.85750853
0.0025326633 	-0.089168272 	-0.031323375 	0.86219648
0.0025527638 	-0.089168272 	-0.031323375 	0.86219648
0.0025728643 	-0.091604534 	-0.032842567 	0.86497029
0.0025929648 	-0.091604534 	-0.032842567 	0.86497029
0.0026130653 	-0.091802204 	-0.035603925 	0.86451836
0.0026331658 	-0.091802204 	-0.035603925 	0.86451836
0.0026532663 	-0.089763605 	-0.038548512 	0.86073771
0.0026733668 	-0.089763605 	-0.038548512 	0.86073771
0.0026934673 	-0.085968915 	-0.041145737 	0.85438431
0.0027135678 	-0.085968915 	-0.041145737 	0.85438431
0.0027336683 	-0.081178524 	-0.04337111 	0.84689276
0.0027537688 	-0.081178524 	-0.04337111 	0.84689276
0.0027738693 	-0.076149271 	-0.045344116 	0.8397064
0.0027939698 	-0.076149271 	-0.045344116 	0.8397064
0.0028140704 	-0.071502851 	-0.047146708 	0.83374545
0.0028341709 	-0.071502851 	-0.047146708 	0.83374545
0.0028542714 	-0.067686866 	-0.048828366 	0.82919952
0.0028743719 	-0.064963659 	-0.05048953 	0.82540542
0.0028944724 	-0.064963659 	-0.05048953 	0.82540542
0.0029145729 	-0.063421371 	-0.052347651 	0.82107431
0.0029346734 	-0.063421371 	-0.052347651 	0.82107431
0.0029547739 	-0.062981486 	-0.054679848 	0.81477172
0.0029748744 	-0.062981486 	-0.054679848 	0.81477172
0.0029949749 	-0.063455273 	-0.057688124 	0.80539598
0.0030150754 	-0.064591959 	-0.061420723 	0.79245495
0.0030351759 	-0.064591959 	-0.061420723 	0.79245495
0.0030552764 	-0.066131577 	-0.065741468 	0.77603725
0.0030753769 	-0.066131577 	-0.065741468 	0.77603725
0.0030954774 	-0.067808959 	-0.070358012 	0.75661484
0.0031155779 	-0.069341283 	-0.074838262 	0.73485097
0.0031356784 	-0.069341283 	-0.074838262 	0.73485097
0.0031557789 	-0.070428266 	-0.078634561 	0.71150898
0.0031758794 	-0.070428266 	-0.078634561 	0.71150898
0.0031959799 	-0.070796463 	-0.081123957 	0.68746037
0.0032160804 	-0.070280065 	-0.081661841 	0.66373802
0.0032361809 	-0.070280065 	-0.081661841 	0.66373802
0.0032562814 	-0.068915352 	-0.079706138 	0.64152307
0.0032763819 	-0.066935852 	-0.074966669 	0.62200708
0.0032964824 	-0.066935852 	-0.074966669 	0.62200708
0.0033165829 	-0.064692904 	-0.067538496 	0.60610273
0.0033366834 	-0.062555876 	-0.057914964 	0.59411208
0.0033567839 	-0.062555876 	-0.057914964 	0.59411208
0.0033768844 	-0.060814055 	-0.046885721 	0.58555816
0.0033969849 	-0.059588407 	-0.035314615 	0.57927843
0.0034170854 	-0.059588407 	-0.035314615 	0.57927843
0.0034371859 	-0.058817995 	-0.023943477 	0.57371263
0.0034572864 	-0.058334231 	-0.013293522 	0.56725289
0.0034773869 	-0.05793891 	-0.0036685535 	0.55857375
0.0034974874 	-0.05793891 	-0.0036685535 	0.55857375
0.0035175879 	-0.057447456 	0.0047769278 	0.54680136
0.0035376884 	-0.056735614 	0.011973267 	0.53161617
0.0035577889 	-0.055655401 	0.017881305 	0.51314168
0.0035778894 	-0.055655401 	0.017881305 	0.51314168
0.0035979899 	-0.054031741 	0.022529494 	0.49184697
0.0036180905 	-0.05176187 	0.025950314 	0.46824903
0.003638191 	-0.04882538 	0.028198029 	0.44287257
0.0036582915 	-0.04882538 	0.028198029 	0.44287257
0.003678392 	-0.045268588 	0.029355991 	0.41621784
0.0036984925 	-0.041215562 	0.029543163 	0.38875769
0.003718593 	-0.036846961 	0.028918301 	0.36093029
0.0037386935 	-0.032356093 	0.027664982 	0.33310082
0.003758794 	-0.027906987 	0.025953709 	0.30550723
0.0037788945 	-0.027906987 	0.025953709 	0.30550723
0.003798995 	-0.023613602 	0.02389973 	0.278228
0.0038190955 	-0.019544446 	0.02154166 	0.25119986
0.003839196 	-0.01574089 	0.018855624 	0.22427269
0.0038592965 	-0.012236165 	0.015796581 	0.19726321
0.003879397 	-0.0090674276 	0.012353312 	0.16997812
0.0038994975 	-0.0062824743 	0.0086081258 	0.14219903
0.003919598 	-0.0039275414 	0.0048024509 	0.11363154
0.0039396985 	-0.0020489818 	0.001400136 	0.083841868
0.003959799 	-0.00072877944 	-0.00088590619 	0.052240204
0.0039798995 	-7.0250426e-05 	-0.0011999545 	0.01826717
0.004 	-7.0250426e-05 	-0.0011999545 	0.01826717
