0 	-0.027831537 	-0.014590496 	0.99627315
2.0100503e-05 	0.01339621 	-0.029118803 	0.9909439
4.0201005e-05 	0.01339621 	-0.029118803 	0.9909439
6.0301508e-05 	0.024825392 	-0.022118625 	0.9866816
8.040201e-05 	0.024825392 	-0.022118625 	0.9866816
0.00010050251 	0.024825392 	-0.022118625 	0.9866816
0.00012060302 	0.026812034 	-0.020766566 	0.9869039
0.00014070352 	0.026812034 	-0.020766566 	0.9869039
0.00016080402 	0.026812034 	-0.020766566 	0.9869039
0.00018090452 	0.025888882 	-0.020426464 	0.99366405
0.00020100503 	0.025888882 	-0.020426464 	0.99366405
0.00022110553 	0.025888882 	-0.020426464 	0.99366405
0.00024120603 	0.022551481 	-0.019685428 	1.005946
0.00026130653 	0.022551481 	-0.019685428 	1.005946
0.00028140704 	0.017309801 	-0.018203814 	1.020362
0.00030150754 	0.017309801 	-0.018203814 	1.020362
0.00032160804 	0.017309801 	-0.018203814 	1.020362
0.00034170854 	0.010994057 	-0.016243441 	1.0335644
0.00036180905 	0.010994057 	-0.016243441 	1.0335644
0.00038190955 	0.010994057 	-0.016243441 	1.0335644
0.00040201005 	0.0045596539 	-0.014237924 	1.0439077
0.00042211055 	0.0045596539 	-0.014237924 	1.0439077
0.00044221106 	0.0045596539 	-0.014237924 	1.0439077
0.00046231156 	-0.0011183923 	-0.012496743 	1.0514137
0.00048241206 	-0.0011183923 	-0.012496743 	1.0514137
0.00050251256 	-0.0053888504 	-0.011112521 	1.0568624
0.00052261307 	-0.0053888504 	-0.011112521 	1.0568624
0.00054271357 	-0.0053888504 	-0.011112521 	1.0568624
0.00056281407 	-0.0078883015 	-0.0099498436 	1.061129
0.00058291457 	-0.0078883015 	-0.0099498436 	1.061129
0.00060301508 	-0.0078883015 	-0.0099498436 	1.061129
0.00062311558 	-0.0085524532 	-0.0087369634 	1.064934
0.00064321608 	-0.0085524532 	-0.0087369634 	1.064934
0.00066331658 	-0.0085524532 	-0.0087369634 	1.064934
0.00068341709 	-0.0076243513 	-0.0071401706 	1.0687571
0.00070351759 	-0.0076243513 	-0.0071401706 	1.0687571
0.00072361809 	-0.0056312307 	-0.0050101598 	1.0727772
0.00074371859 	-0.0056312307 	-0.0050101598 	1.0727772
0.0007638191 	-0.0056312307 	-0.0050101598 	1.0727772
0.0007839196 	-0.0032650651 	-0.002469696 	1.0768392
0.0008040201 	-0.0032650651 	-0.002469696 	1.0768392
0.0008241206 	-0.0032650651 	-0.002469696 	1.0768392
0.00084422111 	-0.0011853155 	1.7987268e-05 	1.0805673
0.00086432161 	-0.0011853155 	1.7987268e-05 	1.0805673
0.00088442211 	-0.0011853155 	1.7987268e-05 	1.0805673
0.00090452261 	0.00024188125 	0.0018819919 	1.0835901
0.00092462312 	0.00024188125 	0.0018819919 	1.0835901
0.00094472362 	0.00086876243 	0.0026781311 	1.0857783
0.00096482412 	0.00086876243 	0.0026781311 	1.0857783
0.00098492462 	0.00086876243 	0.0026781311 	1.0857783
0.0010050251 	0.00090988095 	0.0020586073 	1.0872105
0.0010251256 	0.00090988095 	0.0020586073 	1.0872105
0.0010452261 	0.00090988095 	0.0020586073 	1.0872105
0.0010653266 	0.00054558681 	-2.758109e-05 	1.08828
0.0010854271 	-0.0047378944 	-0.0007295168 	1.0875138
0.0011055276 	-0.0047378944 	-0.0007295168 	1.0875138
0.0011256281 	-0.0052613954 	-0.0048998067 	1.0868915
0.0011457286 	-0.0052613954 	-0.0048998067 	1.0868915
0.0011658291 	-0.0052613954 	-0.0048998067 	1.0868915
0.0011859296 	-0.005662366 	-0.0095598404 	1.0865966
0.0012060302 	-0.005662366 	-0.0095598404 	1.0865966
0.0012261307 	-0.005662366 	-0.0095598404 	1.0865966
0.0012462312 	-0.0056937623 	-0.014461909 	1.0864233
0.0012663317 	-0.0056937623 	-0.014461909 	1.0864233
0.0012864322 	-0.0056937623 	-0.014461909 	1.0864233
0.0013065327 	-0.0051693316 	-0.019393001 	1.0859934
0.0013266332 	-0.0051693316 	-0.019393001 	1.0859934
0.0013467337 	-0.0051693316 	-0.019393001 	1.0859934
0.0013668342 	-0.0039419341 	-0.024011017 	1.0848454
0.0013869347 	-0.0039419341 	-0.024011017 	1.0848454
0.0014070352 	-0.0039419341 	-0.024011017 	1.0848454
0.0014271357 	-0.0018569666 	-0.027769265 	1.0824706
0.0014472362 	-0.0018569666 	-0.027769265 	1.0824706
0.0014673367 	-0.0018569666 	-0.027769265 	1.0824706
0.0014874372 	0.0012074938 	-0.029903292 	1.0783637
0.0015075377 	0.0012074938 	-0.029903292 	1.0783637
0.0015276382 	0.0052704338 	-0.029576498 	1.0721773
0.0015477387 	0.0052704338 	-0.029576498 	1.0721773
0.0015678392 	0.0052704338 	-0.029576498 	1.0721773
0.0015879397 	0.010170905 	-0.026061968 	1.063955
0.0016080402 	0.010170905 	-0.026061968 	1.063955
0.0016281407 	0.010170905 	-0.026061968 	1.063955
0.0016482412 	0.015531083 	-0.019090419 	1.0542884
0.0016683417 	0.015531083 	-0.019090419 	1.0542884
0.0016884422 	0.020830128 	-0.0091140668 	1.0441699
0.0017085427 	0.020830128 	-0.0091140668 	1.0441699
0.0017286432 	0.020830128 	-0.0091140668 	1.0441699
0.0017487437 	0.025582018 	0.0027236811 	1.034518
0.0017688442 	0.025582018 	0.0027236811 	1.034518
0.0017889447 	0.025582018 	0.0027236811 	1.034518
0.0018090452 	0.029549594 	0.015084521 	1.0255922
0.0018291457 	0.029549594 	0.015084521 	1.0255922
0.0018492462 	0.03297568 	0.027235415 	1.0166694
0.0018693467 	0.03297568 	0.027235415 	1.0166694
0.0018894472 	0.03297568 	0.027235415 	1.0166694
0.0019095477 	0.036622559 	0.039390837 	1.0064028
0.0019296482 	0.036622559 	0.039390837 	1.0064028
0.0019497487 	0.041290411 	0.052441251 	0.99383822
0.0019698492 	0.041290411 	0.052441251 	0.99383822
0.0019899497 	0.041290411 	0.052441251 	0.99383822
0.0020100503 	0.046978015 	0.066654053 	0.97950649
0.0020301508 	0.046978015 	0.066654053 	0.97950649
0.0020502513 	0.052332086 	0.08033242 	0.9655098
0.0020703518 	0.052332086 	0.08033242 	0.9655098
0.0020904523 	0.055115629 	0.089803208 	0.95396268
0.0021105528 	0.055115629 	0.089803208 	0.95396268
0.0021306533 	0.055115629 	0.089803208 	0.95396268
0.0021507538 	0.053587477 	0.091109149 	0.94451058
0.0021708543 	0.053587477 	0.091109149 	0.94451058
0.0021909548 	0.047634063 	0.082391591 	0.93319597
0.0022110553 	0.047634063 	0.082391591 	0.93319597
0.0022311558 	0.038724942 	0.065448047 	0.91479004
0.0022512563 	0.038724942 	0.065448047 	0.91479004
0.0022713568 	0.028860547 	0.045178079 	0.88743486
0.0022914573 	0.028860547 	0.045178079 	0.88743486
0.0023115578 	0.028860547 	0.045178079 	0.88743486
0.0023316583 	0.019456877 	0.026872415 	0.85503381
0.0023517588 	0.019456877 	0.026872415 	0.85503381
0.0023718593 	0.010961396 	0.013330527 	0.82455045
0.0023919598 	0.010961396 	0.013330527 	0.82455045
0.0024120603 	0.0032213601 	0.0042905451 	0.80112854
0.0024321608 	0.0032213601 	0.0042905451 	0.80112854
0.0024522613 	-0.0040010277 	-0.0018489656 	0.78584013
0.0024723618 	-0.0040010277 	-0.0018489656 	0.78584013
0.0024924623 	-0.010903716 	-0.0062884214 	0.77691313
0.0025125628 	-0.010903716 	-0.0062884214 	0.77691313
0.0025326633 	-0.017606916 	-0.0093744715 	0.7718523
0.0025527638 	-0.017606916 	-0.0093744715 	0.7718523
0.0025728643 	-0.024176729 	-0.010924992 	0.768818
0.0025929648 	-0.024176729 	-0.010924992 	0.768818
0.0026130653 	-0.030547808 	-0.010720417 	0.76696207
0.0026331658 	-0.030547808 	-0.010720417 	0.76696207
0.0026532663 	-0.036519603 	-0.0087781679 	0.76619883
0.0026733668 	-0.036519603 	-0.0087781679 	0.76619883
0.0026934673 	-0.041870656 	-0.0053111192 	0.76669011
0.0027135678 	-0.041870656 	-0.0053111192 	0.76669011
0.0027336683 	-0.046461257 	-0.00073962525 	0.76841452
0.0027537688 	-0.046461257 	-0.00073962525 	0.76841452
0.0027738693 	-0.050143633 	0.0044200044 	0.77100816
0.0027939698 	-0.050143633 	0.0044200044 	0.77100816
0.0028140704 	-0.052871965 	0.0096860384 	0.77384676
0.0028341709 	-0.052871965 	0.0096860384 	0.77384676
0.0028542714 	-0.054783786 	0.014634114 	0.77632408
0.0028743719 	-0.055956461 	0.018948689 	0.77801771
0.0028944724 	-0.055956461 	0.018948689 	0.77801771
0.0029145729 	-0.056448804 	0.022422497 	0.77875485
0.0029346734 	-0.056448804 	0.022422497 	0.77875485
0.0029547739 	-0.05628385 	0.024938617 	0.77858008
0.0029748744 	-0.05628385 	0.024938617 	0.77858008
0.0029949749 	-0.055459606 	0.026438309 	0.77768175
0.0030150754 	-0.053965449 	0.026908708 	0.77630575
0.0030351759 	-0.053965449 	0.026908708 	0.77630575
0.0030552764 	-0.051795889 	0.026375627 	0.77469177
0.0030753769 	-0.051795889 	0.026375627 	0.77469177
0.0030954774 	-0.048973884 	0.024901364 	0.77303996
0.0031155779 	-0.045556785 	0.02257049 	0.77150572
0.0031356784 	-0.045556785 	0.02257049 	0.77150572
0.0031557789 	-0.041635944 	0.019467436 	0.7702034
0.0031758794 	-0.041635944 	0.019467436 	0.7702034
0.0031959799 	-0.037336379 	0.015648544 	0.76922105
0.0032160804 	-0.032796661 	0.011130133 	0.76861852
0.0032361809 	-0.032796661 	0.011130133 	0.76861852
0.0032562814 	-0.028131185 	0.0058937576 	0.76841825
0.0032763819 	-0.023444336 	-8.9413743e-05 	0.76858856
0.0032964824 	-0.023444336 	-8.9413743e-05 	0.76858856
0.0033165829 	-0.018845005 	-0.00681341 	0.76902413
0.0033366834 	-0.014418657 	-0.014209569 	0.76955333
0.0033567839 	-0.014418657 	-0.014209569 	0.76955333
0.0033768844 	-0.010286055 	-0.022119481 	0.76992528
0.0033969849 	-0.006480221 	-0.030288845 	0.76985542
0.0034170854 	-0.006480221 	-0.030288845 	0.76985542
0.0034371859 	-0.002965084 	-0.038385882 	0.76898246
0.0034572864 	0.00029154352 	-0.045984043 	0.76684969
0.0034773869 	0.003332852 	-0.052674666 	0.76293074
0.0034974874 	0.003332852 	-0.052674666 	0.76293074
0.0035175879 	0.0062136136 	-0.058083257 	0.756643
0.0035376884 	0.0089717856 	-0.061923736 	0.74738634
0.0035577889 	0.011611285 	-0.064001824 	0.73464748
0.0035778894 	0.011611285 	-0.064001824 	0.73464748
0.0035979899 	0.014077129 	-0.064178639 	0.71821404
0.0036180905 	0.016230523 	-0.062324552 	0.69846471
0.003638191 	0.017848604 	-0.058321962 	0.6765231
0.0036582915 	0.017848604 	-0.058321962 	0.6765231
0.003678392 	0.018663602 	-0.052193605 	0.6539802
0.0036984925 	0.018482259 	-0.044307015 	0.63209076
0.003718593 	0.017323053 	-0.035477498 	0.6108672
0.0037386935 	0.015459597 	-0.026777871 	0.58880004
0.003758794 	0.013302612 	-0.019092172 	0.56352722
0.0037788945 	0.013302612 	-0.019092172 	0.56352722
0.003798995 	0.011194191 	-0.01269179 	0.53299417
0.0038190955 	0.0092763105 	-0.0071132531 	0.49627563
0.003839196 	0.0075167019 	-0.0015065631 	0.45357959
0.0038592965 	0.0058353253 	0.0046690137 	0.40563578
0.003879397 	0.0042374327 	0.011077659 	0.35303126
0.0038994975 	0.0028097331 	0.016519437 	0.29601371
0.003919598 	0.0016439765 	0.019488349 	0.23480125
0.0039396985 	0.0007961818 	0.018832218 	0.16995311
0.003959799 	0.00026286068 	0.014094992 	0.1024702
0.0039798995 	1.4658198e-05 	0.0055536618 	0.033839839
0.004 	1.4658198e-05 	0.0055536618 	0.033839839
