0 	0.021146633 	-0.0165131 	1.0664856
5.5555556e-05 	-0.0063464269 	0.027180032 	1.0806576
0.00011111111 	-0.014731071 	0.025871236 	1.0868595
0.00016666667 	-0.020174639 	0.023842882 	1.0922066
0.00022222222 	-0.023891925 	0.02128997 	1.0957041
0.00027777778 	-0.026467108 	0.018517044 	1.0963359
0.00033333333 	-0.02835522 	0.016080411 	1.0933377
0.00038888889 	-0.029926385 	0.014697717 	1.0862382
0.00044444444 	-0.031458062 	0.014992048 	1.0748941
0.0005 	-0.033158027 	0.017106486 	1.0596081
0.00055555556 	-0.035186863 	0.020348851 	1.0412124
0.00061111111 	-0.037618955 	0.023202914 	1.0209693
0.00066666667 	-0.040377529 	0.0239951 	1.0003314
0.00072222222 	-0.043282182 	0.021994646 	0.98076666
0.00077777778 	-0.046170528 	0.018002238 	0.96370658
0.00083333333 	-0.048862107 	0.013518731 	0.95025972
0.00088888889 	-0.051036509 	0.0092513472 	0.94063296
0.00094444444 	-0.052339761 	0.004806426 	0.9341138
0.001 	-0.052516402 	-0.0006989732 	0.92941668
0.0010617199 	-0.051135965 	-0.0075707633 	0.92589248
0.0011225874 	-0.04897948 	-0.015515826 	0.9225227
0.0011826143 	-0.046617947 	-0.023653011 	0.9186867
0.0012418122 	-0.045247089 	-0.031331631 	0.9148496
0.0013001926 	-0.045787841 	-0.038169949 	0.91248634
0.0013577668 	-0.048624217 	-0.044454005 	0.91314566
0.0014145458 	-0.053222268 	-0.051016862 	0.91739708
0.0014705407 	-0.058373695 	-0.058851165 	0.92427884
0.0015257623 	-0.062705305 	-0.068380109 	0.93179387
0.0015802213 	-0.065215964 	-0.078571583 	0.93812743
0.0016339282 	-0.06550979 	-0.086832409 	0.94263663
0.0016868934 	-0.063705043 	-0.090208364 	0.94562302
0.0017391271 	-0.060176062 	-0.087180119 	0.94721146
0.0017906395 	-0.055318314 	-0.078422383 	0.94674286
0.0018414404 	-0.049515185 	-0.065999133 	0.9434305
0.0018915398 	-0.043287037 	-0.051955205 	0.93766248
0.0019409473 	-0.037165903 	-0.037475902 	0.93091531
0.0019896725 	-0.031633947 	-0.023002082 	0.92467905
0.0020377248 	-0.027239139 	-0.0090492084 	0.91918012
0.0020851134 	-0.024351386 	0.0032817999 	0.91337184
0.0021318476 	-0.023134904 	0.012629723 	0.90614027
0.0021779364 	-0.023477427 	0.018340067 	0.89738209
0.0022233887 	-0.024983987 	0.020943235 	0.88829349
0.0022682133 	-0.027166576 	0.021714311 	0.88057515
0.0023124189 	-0.029516794 	0.021803962 	0.8752559
0.0023560139 	-0.031496139 	0.021932349 	0.87237744
0.0023990069 	-0.032632366 	0.022503863 	0.8715547
0.0024414062 	-0.032570379 	0.023785102 	0.87260893
0.0024832199 	-0.031124358 	0.025884257 	0.87567245
0.0025244562 	-0.02837594 	0.028645891 	0.88091308
0.002565123 	-0.024694336 	0.031763099 	0.88829713
0.0026052281 	-0.020668235 	0.035067864 	0.89750393
0.0026447794 	-0.016916069 	0.03864904 	0.90787642
0.0026837845 	-0.013848934 	0.04264179 	0.91848771
0.0027222509 	-0.011537562 	0.04689446 	0.9284127
0.0027601861 	-0.0098097022 	0.050935433 	0.93703273
0.0027975974 	-0.0083938676 	0.054319805 	0.94406236
0.002834492 	-0.0070267216 	0.056912736 	0.94934141
0.0028708772 	-0.0055199496 	0.058877588 	0.95276871
0.0029067598 	-0.0037759043 	0.060534981 	0.95430841
0.0029421469 	-0.0018093827 	0.062184279 	0.95403358
0.0029770452 	0.00027640968 	0.064037189 	0.9521343
0.0030114616 	0.0023364129 	0.066199063 	0.94889511
0.0030454028 	0.0042211568 	0.068717008 	0.94464405
0.0030788752 	0.0057917148 	0.071603576 	0.93971656
0.0031118853 	0.0069599422 	0.07483749 	0.93441641
0.0031444395 	0.0076821397 	0.078373425 	0.92896182
0.0031765442 	0.0079347536 	0.08213893 	0.92345803
0.0032082055 	0.007736479 	0.086044751 	0.91786113
0.0032394295 	0.0071312767 	0.089979595 	0.9119919
0.0032702223 	0.0061610484 	0.093784065 	0.90558167
0.0033005899 	0.0048956181 	0.097209616 	0.89835573
0.0033305381 	0.00343643 	0.099873051 	0.8901391
0.0033600727 	0.0018848477 	0.10125229 	0.88091879
0.0033891994 	0.00035512475 	0.10073232 	0.87085311
0.0034179239 	-0.001009403 	0.097710964 	0.86018341
0.0034462517 	-0.0020666417 	0.091721545 	0.84910904
0.0034741882 	-0.0027127101 	0.082516449 	0.83772512
0.003501739 	-0.0028987948 	0.070085756 	0.82607764
0.0035289093 	-0.0026708524 	0.054641659 	0.81429753
0.0035557043 	-0.0021887662 	0.03662698 	0.8026079
0.0035821293 	-0.0016741631 	0.016771794 	0.79100596
0.0036081894 	-0.0013206652 	-0.0038577295 	0.77859787
0.0036338895 	-0.0014854735 	-0.023850395 	0.76296152
0.0036592348 	-0.0022192961 	-0.041596742 	0.74023897
0.00368423 	-0.0031205875 	-0.05569884 	0.70633826
0.00370888 	-0.003863238 	-0.065282059 	0.65915575
0.0037331896 	-0.004320874 	-0.069960241 	0.60058882
0.0037571635 	-0.0046470859 	-0.069593158 	0.53655048
0.0037808063 	-0.0051933544 	-0.064367961 	0.47445156
0.0038041226 	-0.0062357149 	-0.055202689 	0.41966446
0.0038271169 	-0.0076708134 	-0.043763198 	0.37340072
0.0038497936 	-0.00899912 	-0.031864684 	0.33311748
0.0038721572 	-0.0095878196 	-0.020950221 	0.2944721
0.0038942119 	-0.0089929304 	-0.012088047 	0.25323632
0.003915962 	-0.0071889124 	-0.0060522162 	0.20649009
0.0039374118 	-0.0045913422 	-0.0030178924 	0.15333039
0.0039585653 	-0.0019620425 	-0.0021370211 	0.09461273
0.0039794267 	-0.00022505337 	-0.0014875209 	0.032178987
0.004 	-0.00010980283 	0.010556626 	0.054212193
