0 	-0.032649136 	-0.0021936906 	1.0444414
5.5555556e-05 	0.010187988 	-0.028708175 	1.0310033
0.00011111111 	0.011203632 	-0.02695494 	1.025471
0.00016666667 	0.010891778 	-0.025944799 	1.0207709
0.00022222222 	0.010685175 	-0.025106995 	1.0166824
0.00027777778 	0.010911209 	-0.024097848 	1.0129446
0.00033333333 	0.011530627 	-0.022634365 	1.0092905
0.00038888889 	0.012373133 	-0.02047454 	1.005478
0.00044444444 	0.013288591 	-0.017470229 	1.0014277
0.0005 	0.014205416 	-0.013690429 	0.99738491
0.00055555556 	0.01509481 	-0.0095232804 	0.99393158
0.00061111111 	0.015908558 	-0.0056122035 	0.99176594
0.00066666667 	0.016558412 	-0.0025954569 	0.99141961
0.00072222222 	0.016949374 	-0.00084247119 	0.99312531
0.00077777778 	0.017029653 	-0.00036938904 	0.99688053
0.00083333333 	0.016795919 	-0.00096527437 	1.0025837
0.00088888889 	0.016282344 	-0.0023906427 	1.0101287
0.00094444444 	0.015692717 	-0.0045130334 	1.0193783
0.001 	0.014845737 	-0.0073252287 	1.0310561
0.0010617451 	0.014114767 	-0.011421232 	1.0447184
0.0011226367 	0.014292745 	-0.016540855 	1.0586334
0.0011826866 	0.015624653 	-0.022557108 	1.0714935
0.0012419064 	0.018101573 	-0.028931584 	1.0820722
0.0013003077 	0.02131858 	-0.034867857 	1.0897343
0.0013579017 	0.024594475 	-0.039557303 	1.094716
0.0014146996 	0.027305721 	-0.042453899 	1.0979359
0.0014707124 	0.029101584 	-0.043444097 	1.1004426
0.0015259509 	0.030056231 	-0.042803207 	1.1028496
0.001580426 	0.030580269 	-0.0410057 	1.1051048
0.001634148 	0.031179416 	-0.038455682 	1.1066383
0.0016871274 	0.032217954 	-0.035350832 	1.1067466
0.0017393745 	0.033738535 	-0.031774184 	1.1049882
0.0017908994 	0.035428971 	-0.027877263 	1.1014972
0.0018417121 	0.036823331 	-0.023900274 	1.0971381
0.0018918224 	0.037371836 	-0.02005749 	1.093415
0.0019412401 	0.036469155 	-0.016053733 	1.091537
0.0019899746 	0.034003566 	-0.010958996 	1.0908956
0.0020380356 	0.030379046 	-0.0033843969 	1.0886193
0.0020854322 	0.026761904 	0.007442145 	1.0806351
0.0021321736 	0.024463548 	0.020953328 	1.0639029
0.002178269 	0.023871524 	0.035238424 	1.0379819
0.0022237272 	0.024758256 	0.047936575 	1.0050044
0.002268557 	0.026645274 	0.057404922 	0.96866794
0.0023127672 	0.028814709 	0.063162621 	0.93292684
0.0023563662 	0.030536808 	0.065612582 	0.90091556
0.0023993626 	0.031324487 	0.065487041 	0.87431747
0.0024417647 	0.030939098 	0.063467929 	0.85322905
0.0024835806 	0.029398899 	0.060084234 	0.83655139
0.0025248186 	0.026928729 	0.055873809 	0.82283578
0.0025654865 	0.02386464 	0.051559561 	0.81114479
0.0026055923 	0.020590115 	0.048135958 	0.80127063
0.0026451437 	0.017431426 	0.046723931 	0.79329647
0.0026841484 	0.014613436 	0.04815765 	0.7871624
0.002722614 	0.012238051 	0.052696233 	0.78262208
0.0027605478 	0.010244264 	0.060005611 	0.77940024
0.0027979573 	0.0084537457 	0.069368687 	0.77731203
0.0028348498 	0.0066438433 	0.079924215 	0.77628104
0.0028712322 	0.0046189223 	0.09083506 	0.77629844
0.0029071118 	0.0022514853 	0.10139145 	0.77735903
0.0029424953 	-0.00049473098 	0.11104457 	0.77939191
0.0029773898 	-0.0035748821 	0.11941936 	0.78220341
0.003011802 	-0.0068779461 	0.12630596 	0.78545516
0.0030457385 	-0.010248072 	0.13164389 	0.78868618
0.0030792059 	-0.013506722 	0.13548139 	0.79136901
0.0031122107 	-0.016478285 	0.13791317 	0.79297413
0.0031447592 	-0.018997825 	0.13901157 	0.79302356
0.0031768579 	-0.020925661 	0.13878373 	0.79112003
0.0032085129 	-0.022165841 	0.13717001 	0.78697187
0.0032397303 	-0.02268401 	0.13407569 	0.78043511
0.0032705162 	-0.022533043 	0.1294135 	0.77156338
0.0033008765 	-0.021860693 	0.12315697 	0.76062877
0.0033308172 	-0.020883279 	0.11539837 	0.74808954
0.0033603441 	-0.019838105 	0.10638419 	0.73450005
0.0033894627 	-0.018944266 	0.096496274 	0.72038964
0.0034181789 	-0.018346392 	0.086201962 	0.70619427
0.0034464982 	-0.018078977 	0.075971676 	0.69220225
0.003474426 	-0.018057526 	0.066196804 	0.67853393
0.0035019678 	-0.018112124 	0.057134187 	0.66514859
0.0035291288 	-0.018052174 	0.048893947 	0.65187926
0.0035559144 	-0.017735085 	0.04145964 	0.63847026
0.0035823298 	-0.017103311 	0.034735926 	0.62460898
0.0036083801 	-0.016175987 	0.028580463 	0.609925
0.0036340702 	-0.015014953 	0.022848954 	0.59395659
0.0036594053 	-0.013701051 	0.017444693 	0.57613223
0.0036843901 	-0.012330273 	0.01233695 	0.55580017
0.0037090296 	-0.010954416 	0.0075915157 	0.53225485
0.0037333285 	-0.0095848875 	0.0033339166 	0.50489063
0.0037572915 	-0.0082630137 	-0.00030889714 	0.47335432
0.0037809233 	-0.0070492007 	-0.0032681807 	0.4376796
0.0038042285 	-0.0059765682 	-0.0055472274 	0.39829929
0.0038272115 	-0.0050418188 	-0.0071713654 	0.35590866
0.0038498768 	-0.0042194888 	-0.0081169008 	0.31126754
0.0038722288 	-0.0034517095 	-0.0082771647 	0.26504398
0.0038942718 	-0.0026781632 	-0.0075060894 	0.21774672
0.0039160102 	-0.0018855558 	-0.0057387227 	0.16974027
0.003937448 	-0.0011221245 	-0.0031584491 	0.1212881
0.0039585896 	-0.00047730056 	-0.00040300195 	0.072618792
0.0039794389 	-6.0584892e-05 	0.0011355495 	0.02405685
0.004 	3.7681372e-05 	0.0029524958 	0.020833857
