0 	0.0065172032 	0.0089006549 	1.0453057
2.0100503e-05 	0.0097053502 	-0.0078807363 	1.0336753
4.0201005e-05 	0.0097053502 	-0.0078807363 	1.0336753
6.0301508e-05 	0.0040975449 	-0.011980569 	1.0253789
8.040201e-05 	0.0040975449 	-0.011980569 	1.0253789
0.00010050251 	0.0040975449 	-0.011980569 	1.0253789
0.00012060302 	0.0001721327 	-0.011292363 	1.0209348
0.00014070352 	0.0001721327 	-0.011292363 	1.0209348
0.00016080402 	0.0001721327 	-0.011292363 	1.0209348
0.00018090452 	-0.0035735679 	-0.0085445429 	1.0194433
0.00020100503 	-0.0035735679 	-0.0085445429 	1.0194433
0.00022110553 	-0.0035735679 	-0.0085445429 	1.0194433
0.00024120603 	-0.0068010454 	-0.0046197029 	1.0194067
0.00026130653 	-0.0068010454 	-0.0046197029 	1.0194067
0.00028140704 	-0.008964131 	-0.00031264631 	1.0195148
0.00030150754 	-0.008964131 	-0.00031264631 	1.0195148
0.00032160804 	-0.008964131 	-0.00031264631 	1.0195148
0.00034170854 	-0.0096707412 	0.0037318518 	1.018921
0.00036180905 	-0.0096707412 	0.0037318518 	1.018921
0.00038190955 	-0.0096707412 	0.0037318518 	1.018921
0.00040201005 	-0.0087662489 	0.0070024291 	1.0171398
0.00042211055 	-0.0087662489 	0.0070024291 	1.0171398
0.00044221106 	-0.0087662489 	0.0070024291 	1.0171398
0.00046231156 	-0.0062742649 	0.0090110004 	1.0139298
0.00048241206 	-0.0062742649 	0.0090110004 	1.0139298
0.00050251256 	-0.0022985968 	0.0093142594 	1.009248
0.00052261307 	-0.0022985968 	0.0093142594 	1.009248
0.00054271357 	-0.0022985968 	0.0093142594 	1.009248
0.00056281407 	0.0029293572 	0.0075910384 	1.0032552
0.00058291457 	0.0029293572 	0.0075910384 	1.0032552
0.00060301508 	0.0029293572 	0.0075910384 	1.0032552
0.00062311558 	0.0090407623 	0.0037084562 	0.99632174
0.00064321608 	0.0090407623 	0.0037084562 	0.99632174
0.00066331658 	0.0090407623 	0.0037084562 	0.99632174
0.00068341709 	0.015519229 	-0.0021511758 	0.98902263
0.00070351759 	0.015519229 	-0.0021511758 	0.98902263
0.00072361809 	0.021710222 	-0.0094913418 	0.98203798
0.00074371859 	0.021710222 	-0.0094913418 	0.98203798
0.0007638191 	0.021710222 	-0.0094913418 	0.98203798
0.0007839196 	0.026932493 	-0.01757133 	0.97596428
0.0008040201 	0.026932493 	-0.01757133 	0.97596428
0.0008241206 	0.026932493 	-0.01757133 	0.97596428
0.00084422111 	0.030611289 	-0.025493483 	0.97110108
0.00086432161 	0.030611289 	-0.025493483 	0.97110108
0.00088442211 	0.030611289 	-0.025493483 	0.97110108
0.00090452261 	0.032231481 	-0.032289117 	0.96728085
0.00092462312 	0.032231481 	-0.032289117 	0.96728085
0.00094472362 	0.031593105 	-0.037080843 	0.96379861
0.00096482412 	0.031593105 	-0.037080843 	0.96379861
0.00098492462 	0.031593105 	-0.037080843 	0.96379861
0.0010050251 	0.028473618 	-0.03945197 	0.9592992
0.0010251256 	0.028473618 	-0.03945197 	0.9592992
0.0010452261 	0.028473618 	-0.03945197 	0.9592992
0.0010653266 	0.022925814 	-0.03955369 	0.95247933
0.0010854271 	0.022925814 	-0.03955369 	0.95247933
0.0011055276 	0.015933691 	-0.035099836 	0.95060104
0.0011256281 	0.0089378442 	-0.033527281 	0.94350951
0.0011457286 	0.0089378442 	-0.033527281 	0.94350951
0.0011658291 	0.0089378442 	-0.033527281 	0.94350951
0.0011859296 	0.0015040802 	-0.033418634 	0.93816457
0.0012060302 	0.0084680381 	-0.0400296 	0.93728127
0.0012261307 	0.0084680381 	-0.0400296 	0.93728127
0.0012462312 	0.00049944443 	-0.041326189 	0.93417693
0.0012663317 	0.00049944443 	-0.041326189 	0.93417693
0.0012864322 	0.00049944443 	-0.041326189 	0.93417693
0.0013065327 	-0.0078250738 	-0.041009959 	0.93547893
0.0013266332 	-0.0078250738 	-0.041009959 	0.93547893
0.0013467337 	-0.0078250738 	-0.041009959 	0.93547893
0.0013668342 	-0.016252965 	-0.037277867 	0.94001165
0.0013869347 	-0.016252965 	-0.037277867 	0.94001165
0.0014070352 	-0.016252965 	-0.037277867 	0.94001165
0.0014271357 	-0.024312153 	-0.02999115 	0.94619225
0.0014472362 	-0.024312153 	-0.02999115 	0.94619225
0.0014673367 	-0.024312153 	-0.02999115 	0.94619225
0.0014874372 	-0.031469656 	-0.020487498 	0.9526422
0.0015075377 	-0.031469656 	-0.020487498 	0.9526422
0.0015276382 	-0.037356859 	-0.010550893 	0.95817408
0.0015477387 	-0.037356859 	-0.010550893 	0.95817408
0.0015678392 	-0.037356859 	-0.010550893 	0.95817408
0.0015879397 	-0.041787025 	-0.0014716632 	0.96190042
0.0016080402 	-0.041787025 	-0.0014716632 	0.96190042
0.0016281407 	-0.041787025 	-0.0014716632 	0.96190042
0.0016482412 	-0.048129279 	0.017021592 	0.96208577
0.0016683417 	-0.044812431 	0.0060820569 	0.96344833
0.0016884422 	-0.046666486 	0.012054564 	0.96301955
0.0017085427 	-0.046666486 	0.012054564 	0.96301955
0.0017286432 	-0.046666486 	0.012054564 	0.96301955
0.0017487437 	-0.047512404 	0.016554281 	0.96120996
0.0017688442 	-0.047512404 	0.016554281 	0.96120996
0.0017889447 	-0.047512404 	0.016554281 	0.96120996
0.0018090452 	-0.047498868 	0.019753177 	0.95870888
0.0018291457 	-0.047498868 	0.019753177 	0.95870888
0.0018492462 	-0.046761557 	0.021880458 	0.95602613
0.0018693467 	-0.046761557 	0.021880458 	0.95602613
0.0018894472 	-0.046761557 	0.021880458 	0.95602613
0.0019095477 	-0.045351925 	0.023087975 	0.95335285
0.0019296482 	-0.045351925 	0.023087975 	0.95335285
0.0019497487 	-0.043291397 	0.023472079 	0.9506215
0.0019698492 	-0.043291397 	0.023472079 	0.9506215
0.0019899497 	-0.040546529 	0.023085296 	0.94769301
0.0020100503 	-0.040546529 	0.023085296 	0.94769301
0.0020301508 	-0.040546529 	0.023085296 	0.94769301
0.0020502513 	-0.037157386 	0.02194702 	0.9444732
0.0020703518 	-0.037157386 	0.02194702 	0.9444732
0.0020904523 	-0.033271594 	0.020177216 	0.94096689
0.0021105528 	-0.033271594 	0.020177216 	0.94096689
0.0021306533 	-0.033271594 	0.020177216 	0.94096689
0.0021507538 	-0.028994519 	0.017958601 	0.93729368
0.0021708543 	-0.028994519 	0.017958601 	0.93729368
0.0021909548 	-0.024453347 	0.015476395 	0.93359374
0.0022110553 	-0.024453347 	0.015476395 	0.93359374
0.0022311558 	-0.019906387 	0.012842281 	0.92997412
0.0022512563 	-0.019906387 	0.012842281 	0.92997412
0.0022713568 	-0.015617373 	0.0099891571 	0.92650283
0.0022914573 	-0.015617373 	0.0099891571 	0.92650283
0.0023115578 	-0.015617373 	0.0099891571 	0.92650283
0.0023316583 	-0.011715655 	0.0067404084 	0.92322664
0.0023517588 	-0.011715655 	0.0067404084 	0.92322664
0.0023718593 	-0.0081497432 	0.0028339284 	0.92019509
0.0023919598 	-0.0081497432 	0.0028339284 	0.92019509
0.0024120603 	-0.0047175324 	-0.0020766216 	0.91744051
0.0024321608 	-0.0047175324 	-0.0020766216 	0.91744051
0.0024522613 	-0.0010131479 	-0.0083434405 	0.91485268
0.0024723618 	-0.0010131479 	-0.0083434405 	0.91485268
0.0024924623 	0.003442501 	-0.016215385 	0.91202558
0.0025125628 	0.003442501 	-0.016215385 	0.91202558
0.0025326633 	0.0091226646 	-0.025704378 	0.90828111
0.0025527638 	0.0091226646 	-0.025704378 	0.90828111
0.0025728643 	0.016381148 	-0.036503508 	0.90303023
0.0025929648 	0.016381148 	-0.036503508 	0.90303023
0.0026130653 	0.025182517 	-0.048059668 	0.89604897
0.0026331658 	0.025182517 	-0.048059668 	0.89604897
0.0026532663 	0.035175025 	-0.059681112 	0.88749127
0.0026733668 	0.035175025 	-0.059681112 	0.88749127
0.0026934673 	0.04580884 	-0.070668635 	0.87773028
0.0027135678 	0.04580884 	-0.070668635 	0.87773028
0.0027336683 	0.056500607 	-0.080425529 	0.86720731
0.0027537688 	0.056500607 	-0.080425529 	0.86720731
0.0027738693 	0.066753048 	-0.088517525 	0.85634152
0.0027939698 	0.066753048 	-0.088517525 	0.85634152
0.0028140704 	0.07618162 	-0.094663928 	0.84555744
0.0028341709 	0.07618162 	-0.094663928 	0.84555744
0.0028542714 	0.084480775 	-0.098717907 	0.83530955
0.0028743719 	0.091407742 	-0.10066219 	0.82603667
0.0028944724 	0.091407742 	-0.10066219 	0.82603667
0.0029145729 	0.096773554 	-0.10057561 	0.81817055
0.0029346734 	0.096773554 	-0.10057561 	0.81817055
0.0029547739 	0.10044179 	-0.098653017 	0.8120328
0.0029748744 	0.10044179 	-0.098653017 	0.8120328
0.0029949749 	0.10234825 	-0.095180055 	0.80784755
0.0030150754 	0.10250752 	-0.090538793 	0.80571355
0.0030351759 	0.10250752 	-0.090538793 	0.80571355
0.0030552764 	0.10101373 	-0.085191793 	0.80554994
0.0030753769 	0.10101373 	-0.085191793 	0.80554994
0.0030954774 	0.098034507 	-0.079650266 	0.80703345
0.0031155779 	0.093774193 	-0.074437126 	0.80957558
0.0031356784 	0.093774193 	-0.074437126 	0.80957558
0.0031557789 	0.088459044 	-0.070032683 	0.81238988
0.0031758794 	0.088459044 	-0.070032683 	0.81238988
0.0031959799 	0.082316689 	-0.066804601 	0.81470659
0.0032160804 	0.07554521 	-0.064950469 	0.81611501
0.0032361809 	0.07554521 	-0.064950469 	0.81611501
0.0032562814 	0.068323817 	-0.064454166 	0.81671805
0.0032763819 	0.060849999 	-0.06506254 	0.8169834
0.0032964824 	0.060849999 	-0.06506254 	0.8169834
0.0033165829 	0.053377556 	-0.066308795 	0.81741286
0.0033366834 	0.046188311 	-0.067592593 	0.81827474
0.0033567839 	0.046188311 	-0.067592593 	0.81827474
0.0033768844 	0.039550437 	-0.068378123 	0.81958706
0.0033969849 	0.033686954 	-0.068382728 	0.8211552
0.0034170854 	0.033686954 	-0.068382728 	0.8211552
0.0034371859 	0.028717193 	-0.067590445 	0.82249985
0.0034572864 	0.024633103 	-0.066143817 	0.82278241
0.0034773869 	0.021319519 	-0.064137523 	0.8209466
0.0034974874 	0.021319519 	-0.064137523 	0.8209466
0.0035175879 	0.018615852 	-0.061455028 	0.81611276
0.0035376884 	0.016377988 	-0.057709846 	0.80794365
0.0035577889 	0.014515233 	-0.052312106 	0.79673816
0.0035778894 	0.014515233 	-0.052312106 	0.79673816
0.0035979899 	0.012968533 	-0.044664118 	0.78329851
0.0036180905 	0.011647419 	-0.034383261 	0.76876445
0.003638191 	0.010394678 	-0.021478148 	0.75449201
0.0036582915 	0.010394678 	-0.021478148 	0.75449201
0.003678392 	0.0089827396 	-0.0063528732 	0.74190909
0.0036984925 	0.0073380161 	0.010302117 	0.73211663
0.003718593 	0.005473921 	0.027637789 	0.72519968
0.0037386935 	0.0034522736 	0.044616996 	0.71962282
0.003758794 	0.0015469038 	0.059845434 	0.71209266
0.0037788945 	0.0015469038 	0.059845434 	0.71209266
0.003798995 	9.0904999e-05 	0.071570964 	0.69816421
0.0038190955 	-0.00064862627 	0.078052033 	0.67334678
0.003839196 	-0.00067719373 	0.078280238 	0.63387591
0.0038592965 	-0.00027689247 	0.072720504 	0.57694186
0.003879397 	0.00027340839 	0.063403326 	0.50143815
0.0038994975 	0.00073233395 	0.052878316 	0.41013165
0.003919598 	0.00088201417 	0.042646397 	0.31073766
0.0039396985 	0.00065724138 	0.032523415 	0.21277415
0.003959799 	0.00025703344 	0.021328222 	0.12244492
0.0039798995 	3.4577955e-06 	0.0079107474 	0.040072028
0.004 	3.4577955e-06 	0.0079107474 	0.040072028
