0 	-0.0015323626 	-0.02843551 	1.0591305
2.0100503e-05 	0.032445873 	0.0013182493 	1.06002
4.0201005e-05 	0.032445873 	0.0013182493 	1.06002
6.0301508e-05 	0.030023779 	0.019655679 	1.0601185
8.040201e-05 	0.030023779 	0.019655679 	1.0601185
0.00010050251 	0.030023779 	0.019655679 	1.0601185
0.00012060302 	0.028274768 	0.027044855 	1.059607
0.00014070352 	0.028274768 	0.027044855 	1.059607
0.00016080402 	0.028274768 	0.027044855 	1.059607
0.00018090452 	0.027697309 	0.032243528 	1.0586686
0.00020100503 	0.027697309 	0.032243528 	1.0586686
0.00022110553 	0.027697309 	0.032243528 	1.0586686
0.00024120603 	0.028054527 	0.036692795 	1.0574779
0.00026130653 	0.028054527 	0.036692795 	1.0574779
0.00028140704 	0.029267776 	0.040795366 	1.0561958
0.00030150754 	0.029267776 	0.040795366 	1.0561958
0.00032160804 	0.029267776 	0.040795366 	1.0561958
0.00034170854 	0.031247522 	0.044650992 	1.0549477
0.00036180905 	0.031247522 	0.044650992 	1.0549477
0.00038190955 	0.031247522 	0.044650992 	1.0549477
0.00040201005 	0.033855541 	0.048216541 	1.0538176
0.00042211055 	0.033855541 	0.048216541 	1.0538176
0.00044221106 	0.033855541 	0.048216541 	1.0538176
0.00046231156 	0.036897961 	0.051387656 	1.0528446
0.00048241206 	0.036897961 	0.051387656 	1.0528446
0.00050251256 	0.040141883 	0.054078777 	1.0520365
0.00052261307 	0.040141883 	0.054078777 	1.0520365
0.00054271357 	0.040141883 	0.054078777 	1.0520365
0.00056281407 	0.043348598 	0.056279692 	1.0513871
0.00058291457 	0.043348598 	0.056279692 	1.0513871
0.00060301508 	0.043348598 	0.056279692 	1.0513871
0.00062311558 	0.046305301 	0.058075067 	1.0508855
0.00064321608 	0.046305301 	0.058075067 	1.0508855
0.00066331658 	0.046305301 	0.058075067 	1.0508855
0.00068341709 	0.04889538 	0.05965316 	1.0505283
0.00070351759 	0.04889538 	0.05965316 	1.0505283
0.00072361809 	0.051101805 	0.061274279 	1.0503232
0.00074371859 	0.051101805 	0.061274279 	1.0503232
0.0007638191 	0.051101805 	0.061274279 	1.0503232
0.0007839196 	0.053080728 	0.063369402 	1.050303
0.0008040201 	0.053080728 	0.063369402 	1.050303
0.0008241206 	0.053080728 	0.063369402 	1.050303
0.00084422111 	0.054986736 	0.066357286 	1.050411
0.00086432161 	0.054986736 	0.066357286 	1.050411
0.00088442211 	0.054986736 	0.066357286 	1.050411
0.00090452261 	0.057248361 	0.07104753 	1.0506044
0.00092462312 	0.057248361 	0.07104753 	1.0506044
0.00094472362 	0.060042537 	0.077434931 	1.0505261
0.00096482412 	0.060042537 	0.077434931 	1.0505261
0.00098492462 	0.060042537 	0.077434931 	1.0505261
0.0010050251 	0.0593343 	0.10040663 	1.0566866
0.0010251256 	0.0593343 	0.10040663 	1.0566866
0.0010452261 	0.0593343 	0.10040663 	1.0566866
0.0010653266 	0.063734697 	0.11364364 	1.0568996
0.0010854271 	0.063734697 	0.11364364 	1.0568996
0.0011055276 	0.063734697 	0.11364364 	1.0568996
0.0011256281 	0.06795134 	0.1265336 	1.0566658
0.0011457286 	0.06795134 	0.1265336 	1.0566658
0.0011658291 	0.06795134 	0.1265336 	1.0566658
0.0011859296 	0.070217277 	0.13590228 	1.0551526
0.0012060302 	0.070217277 	0.13590228 	1.0551526
0.0012261307 	0.070217277 	0.13590228 	1.0551526
0.0012462312 	0.068797244 	0.13921494 	1.0523472
0.0012663317 	0.068797244 	0.13921494 	1.0523472
0.0012864322 	0.068797244 	0.13921494 	1.0523472
0.0013065327 	0.062540512 	0.13532744 	1.0493338
0.0013266332 	0.062540512 	0.13532744 	1.0493338
0.0013467337 	0.062540512 	0.13532744 	1.0493338
0.0013668342 	0.051018202 	0.12464748 	1.0476834
0.0013869347 	0.051018202 	0.12464748 	1.0476834
0.0014070352 	0.051018202 	0.12464748 	1.0476834
0.0014271357 	0.035244705 	0.10919341 	1.0481107
0.0014472362 	0.035244705 	0.10919341 	1.0481107
0.0014673367 	0.035244705 	0.10919341 	1.0481107
0.0014874372 	0.01858274 	0.093012719 	1.0496629
0.0015075377 	0.01858274 	0.093012719 	1.0496629
0.0015276382 	0.0056602969 	0.081334666 	1.0510929
0.0015477387 	0.0056602969 	0.081334666 	1.0510929
0.0015678392 	0.0056602969 	0.081334666 	1.0510929
0.0015879397 	-0.00096217924 	0.077126982 	1.052219
0.0016080402 	-0.00096217924 	0.077126982 	1.052219
0.0016281407 	-0.00096217924 	0.077126982 	1.052219
0.0016482412 	-0.0023374036 	0.079447709 	1.0526526
0.0016683417 	-0.0023374036 	0.079447709 	1.0526526
0.0016884422 	-0.0010399916 	0.08455113 	1.0499653
0.0017085427 	-0.0010399916 	0.08455113 	1.0499653
0.0017286432 	-0.0010399916 	0.08455113 	1.0499653
0.0017487437 	0.00093674129 	0.087751359 	1.0412796
0.0017688442 	0.00093674129 	0.087751359 	1.0412796
0.0017889447 	0.00093674129 	0.087751359 	1.0412796
0.0018090452 	0.0024387783 	0.08576177 	1.0256529
0.0018291457 	0.0024387783 	0.08576177 	1.0256529
0.0018492462 	0.0032897007 	0.078295122 	1.0049424
0.0018693467 	0.0032897007 	0.078295122 	1.0049424
0.0018894472 	0.0032897007 	0.078295122 	1.0049424
0.0019095477 	0.0034632168 	0.066876659 	0.98293705
0.0019296482 	0.0034632168 	0.066876659 	0.98293705
0.0019497487 	0.0025335162 	0.052759084 	0.96374351
0.0019698492 	0.0025335162 	0.052759084 	0.96374351
0.0019899497 	0.0025335162 	0.052759084 	0.96374351
0.0020100503 	0.00031296546 	0.035841354 	0.95004756
0.0020301508 	0.00031296546 	0.035841354 	0.95004756
0.0020502513 	-0.0029615963 	0.015372836 	0.94243881
0.0020703518 	-0.0029615963 	0.015372836 	0.94243881
0.0020904523 	-0.0066399603 	-0.008590393 	0.94009564
0.0021105528 	-0.0066399603 	-0.008590393 	0.94009564
0.0021306533 	-0.0066399603 	-0.008590393 	0.94009564
0.0021507538 	-0.0098030484 	-0.034235355 	0.94176857
0.0021708543 	-0.0098030484 	-0.034235355 	0.94176857
0.0021909548 	-0.011561229 	-0.058432805 	0.94626324
0.0022110553 	-0.011561229 	-0.058432805 	0.94626324
0.0022311558 	-0.011432034 	-0.077919213 	0.95254713
0.0022512563 	-0.011432034 	-0.077919213 	0.95254713
0.0022713568 	-0.0097111544 	-0.090770681 	0.95979338
0.0022914573 	-0.0097111544 	-0.090770681 	0.95979338
0.0023115578 	-0.0097111544 	-0.090770681 	0.95979338
0.0023316583 	-0.0072423038 	-0.09739557 	0.96741685
0.0023517588 	-0.0072423038 	-0.09739557 	0.96741685
0.0023718593 	-0.0047922257 	-0.099943151 	0.97504172
0.0023919598 	-0.0047922257 	-0.099943151 	0.97504172
0.0024120603 	-0.002734502 	-0.10074911 	0.98234647
0.0024321608 	-0.002734502 	-0.10074911 	0.98234647
0.0024522613 	-0.0010802981 	-0.10134761 	0.98897897
0.0024723618 	-0.0010802981 	-0.10134761 	0.98897897
0.0024924623 	0.00037036497 	-0.10233809 	0.99457629
0.0025125628 	0.00037036497 	-0.10233809 	0.99457629
0.0025326633 	0.0018914016 	-0.10369066 	0.99883139
0.0025527638 	0.0018914016 	-0.10369066 	0.99883139
0.0025728643 	0.0037186988 	-0.1050738 	1.0015388
0.0025929648 	0.0037186988 	-0.1050738 	1.0015388
0.0026130653 	0.0060362533 	-0.10609791 	1.0025994
0.0026331658 	0.0060362533 	-0.10609791 	1.0025994
0.0026532663 	0.0089582783 	-0.10645348 	1.0019419
0.0026733668 	0.0089582783 	-0.10645348 	1.0019419
0.0026934673 	0.012461361 	-0.10597102 	0.99947656
0.0027135678 	0.012461361 	-0.10597102 	0.99947656
0.0027336683 	0.016383987 	-0.10462399 	0.99509844
0.0027537688 	0.016383987 	-0.10462399 	0.99509844
0.0027738693 	0.020435504 	-0.1025197 	0.98873191
0.0027939698 	0.020435504 	-0.1025197 	0.98873191
0.0028140704 	0.024228507 	-0.099936268 	0.98047166
0.0028341709 	0.024228507 	-0.099936268 	0.98047166
0.0028542714 	0.027404823 	-0.097335578 	0.97073374
0.0028743719 	0.02978254 	-0.095278763 	0.96040961
0.0028944724 	0.02978254 	-0.095278763 	0.96040961
0.0029145729 	0.031312121 	-0.094173533 	0.95075899
0.0029346734 	0.031312121 	-0.094173533 	0.95075899
0.0029547739 	0.032117302 	-0.094010055 	0.94308336
0.0029748744 	0.032117302 	-0.094010055 	0.94308336
0.0029949749 	0.032424696 	-0.094282411 	0.93835607
0.0030150754 	0.032479429 	-0.094127286 	0.93700872
0.0030351759 	0.032479429 	-0.094127286 	0.93700872
0.0030552764 	0.032462917 	-0.09258023 	0.93897791
0.0030753769 	0.032462917 	-0.09258023 	0.93897791
0.0030954774 	0.03238012 	-0.088831463 	0.94385021
0.0031155779 	0.032070982 	-0.082472401 	0.9510201
0.0031356784 	0.032070982 	-0.082472401 	0.9510201
0.0031557789 	0.031283408 	-0.073670039 	0.95976034
0.0031758794 	0.031283408 	-0.073670039 	0.95976034
0.0031959799 	0.029770329 	-0.063154403 	0.96927005
0.0032160804 	0.027390012 	-0.051997265 	0.97875197
0.0032361809 	0.027390012 	-0.051997265 	0.97875197
0.0032562814 	0.024141634 	-0.041257882 	0.98749014
0.0032763819 	0.020161459 	-0.031691772 	0.99488155
0.0032964824 	0.020161459 	-0.031691772 	0.99488155
0.0033165829 	0.015688496 	-0.023693409 	1.0003452
0.0033366834 	0.011044282 	-0.017430722 	1.0032022
0.0033567839 	0.011044282 	-0.017430722 	1.0032022
0.0033768844 	0.0066012873 	-0.013017027 	1.0025896
0.0033969849 	0.0027383545 	-0.010589623 	0.99749498
0.0034170854 	0.0027383545 	-0.010589623 	0.99749498
0.0034371859 	-0.00019733067 	-0.010258173 	0.9869186
0.0034572864 	-0.0019624667 	-0.011945138 	0.97009782
0.0034773869 	-0.0024748106 	-0.015232225 	0.94671005
0.0034974874 	-0.0024748106 	-0.015232225 	0.94671005
0.0035175879 	-0.0018139428 	-0.019289859 	0.91700836
0.0035376884 	-0.00024811715 	-0.022928496 	0.88185427
0.0035577889 	0.0018175086 	-0.024798974 	0.84262986
0.0035778894 	0.0018175086 	-0.024798974 	0.84262986
0.0035979899 	0.003900365 	-0.023707806 	0.80101383
0.0036180905 	0.0054896029 	-0.019000213 	0.75858768
0.003638191 	0.0062389873 	-0.0108138 	0.7163582
0.0036582915 	0.0062389873 	-0.0108138 	0.7163582
0.003678392 	0.0060678879 	-0.00023758847 	0.67433781
0.0036984925 	0.0052287788 	0.01090303 	0.63147752
0.003718593 	0.0041007769 	0.020548964 	0.58631414
0.0037386935 	0.0030363443 	0.027031578 	0.53799959
0.003758794 	0.002290471 	0.029569922 	0.48698938
0.0037788945 	0.002290471 	0.029569922 	0.48698938
0.003798995 	0.0018759704 	0.028375304 	0.43488274
0.0038190955 	0.0016716895 	0.024427847 	0.38346759
0.003839196 	0.0015550069 	0.019082289 	0.33381016
0.0038592965 	0.0014634818 	0.013653011 	0.28604207
0.003879397 	0.0013651034 	0.0090890493 	0.23978102
0.0038994975 	0.001230389 	0.0058199223 	0.1946167
0.003919598 	0.0010254319 	0.0037930295 	0.15026685
0.0039396985 	0.000733345 	0.0026458378 	0.10650467
0.003959799 	0.00038664507 	0.0018982767 	0.06318118
0.0039798995 	6.7836538e-05 	0.0010004428 	0.020540758
0.004 	6.7836538e-05 	0.0010004428 	0.020540758
