0 	-0.0099784208 	0.03281349 	1.0043318
5.5555625e-05 	0.0049477882 	0.032298517 	1.0037573
0.00011111111 	0.0079301105 	0.030624961 	1.003583
0.00016666667 	0.0086144456 	0.03018112 	1.0036299
0.00022222222 	0.0086243909 	0.030814898 	1.0037723
0.00027777778 	0.0084531949 	0.032256338 	1.0039258
0.00033333333 	0.0083031548 	0.034125342 	1.0040417
0.00038888889 	0.0082569497 	0.036013526 	1.0041256
0.00044444444 	0.0083262725 	0.037601235 	1.0042554
0.0005 	0.0084656514 	0.038739779 	1.0045626
0.00055555556 	0.0085856801 	0.039455331 	1.0051861
0.00061111111 	0.0085702302 	0.039884725 	1.0062248
0.00066666667 	0.0082931053 	0.040198275 	1.007723
0.00072222222 	0.0076321845 	0.040552043 	1.0096808
0.00077777778 	0.0064808205 	0.041094384 	1.012049
0.00083333333 	0.0047877798 	0.042021813 	1.0146642
0.00088888889 	0.0025510324 	0.04361879 	1.0171521
0.00094444444 	-0.00013765018 	0.046301807 	1.0188876
0.001 	-0.0033685861 	0.050338481 	1.0192151
0.0010617199 	-0.0070434575 	0.055308709 	1.0177286
0.0011225874 	-0.010754252 	0.058817139 	1.0155321
0.0011826143 	-0.014410055 	0.059176401 	1.0140013
0.0012418122 	-0.017952603 	0.056328658 	1.0134632
0.0013001926 	-0.021462523 	0.051300674 	1.0133062
0.0013577668 	-0.025057757 	0.045058587 	1.0127717
0.0014145458 	-0.028749191 	0.038290901 	1.0113173
0.0014705407 	-0.03237053 	0.031699685 	1.0086989
0.0015257623 	-0.035569663 	0.026192279 	1.0049711
0.0015802213 	-0.03784029 	0.022816897 	1.0003103
0.0016339282 	-0.038605846 	0.0224867 	0.99480493
0.0016868934 	-0.037369906 	0.025609128 	0.98847674
0.0017391271 	-0.03391234 	0.031835173 	0.98147863
0.0017906395 	-0.028378767 	0.040040487 	0.97424639
0.0018414404 	-0.021280649 	0.048654421 	0.967492
0.0018915398 	-0.013357653 	0.056155091 	0.96194173
0.0019409473 	-0.0053387227 	0.061507106 	0.9580582
0.0019896725 	0.0022244956 	0.064330923 	0.95588735
0.0020377248 	0.0090368922 	0.064785816 	0.95514463
0.0020851134 	0.015052071 	0.063305284 	0.95537192
0.0021318476 	0.02038323 	0.060354068 	0.9560473
0.0021779364 	0.025199957 	0.056290204 	0.9566813
0.0022233887 	0.029577869 	0.051332149 	0.95704944
0.0022682133 	0.033438174 	0.045529876 	0.95735605
0.0023124189 	0.036560047 	0.038845666 	0.95816949
0.0023560139 	0.038667294 	0.031280848 	0.96005692
0.0023990069 	0.039559862 	0.023121662 	0.96318414
0.0024414062 	0.039033905 	0.014801738 	0.96720701
0.0024832199 	0.037032381 	0.0066118242 	0.97137817
0.0025244562 	0.033663373 	-0.0016758907 	0.97456292
0.002565123 	0.029137723 	-0.010689173 	0.97516763
0.0026052281 	0.023723663 	-0.020999986 	0.97136841
0.0026447794 	0.017595292 	-0.032721206 	0.96195811
0.0026837845 	0.010744831 	-0.045435334 	0.94751207
0.0027222509 	0.0029550146 	-0.058464533 	0.93060886
0.0027601861 	-0.0060243211 	-0.071261255 	0.91429407
0.0027975974 	-0.01618166 	-0.083666089 	0.89987378
0.002834492 	-0.027075954 	-0.095873368 	0.88638906
0.0028708772 	-0.037893419 	-0.10799463 	0.87234303
0.0029067598 	-0.047824874 	-0.11966673 	0.85759225
0.0029421469 	-0.056386775 	-0.13009949 	0.8433756
0.0029770452 	-0.063364032 	-0.13819784 	0.83093887
0.0030114616 	-0.068852205 	-0.14255731 	0.82070712
0.0030454028 	-0.073236693 	-0.14159439 	0.81244424
0.0030788752 	-0.076945365 	-0.13407121 	0.80559606
0.0031118853 	-0.080408655 	-0.11963249 	0.79921536
0.0031444395 	-0.083969049 	-0.099094428 	0.79193449
0.0031765442 	-0.087601745 	-0.074288501 	0.78229306
0.0032082055 	-0.09077733 	-0.04747568 	0.76922039
0.0032394295 	-0.092662268 	-0.02083928 	0.75226231
0.0032702223 	-0.09252166 	0.0035988089 	0.73183317
0.0033005899 	-0.090214371 	0.023751564 	0.70931471
0.0033305381 	-0.085888507 	0.037632845 	0.68665182
0.0033600727 	-0.079935705 	0.043455065 	0.66540028
0.0033891994 	-0.073151237 	0.040632463 	0.64683508
0.0034179239 	-0.06624518 	0.030385124 	0.63191349
0.0034462517 	-0.059796761 	0.015156039 	0.6203853
0.0034741882 	-0.054003618 	-0.0021785263 	0.61022866
0.003501739 	-0.048788328 	-0.018931114 	0.59855367
0.0035289093 	-0.044291895 	-0.033267422 	0.58342855
0.0035557043 	-0.040496618 	-0.044633043 	0.56478825
0.0035821293 	-0.037185329 	-0.053372261 	0.54401223
0.0036081894 	-0.03422626 	-0.060166957 	0.52278961
0.0036338895 	-0.031474373 	-0.065472676 	0.50207038
0.0036592348 	-0.028777058 	-0.069354163 	0.48178688
0.00368423 	-0.026000919 	-0.071609791 	0.46115356
0.00370888 	-0.02306644 	-0.071989591 	0.4391368
0.0037331896 	-0.019967758 	-0.070366824 	0.41481615
0.0037571635 	-0.016770704 	-0.066819155 	0.38757154
0.0037808063 	-0.01359256 	-0.061630886 	0.35714785
0.0038041226 	-0.01057378 	-0.055240175 	0.32366061
0.0038271169 	-0.0078479446 	-0.048155717 	0.28756464
0.0038497936 	-0.005515637 	-0.040868735 	0.24957306
0.0038721572 	-0.003628809 	-0.033787925 	0.21051464
0.0038942119 	-0.0021900273 	-0.027209885 	0.17115566
0.003915962 	-0.0011652217 	-0.021301718 	0.13205008
0.0039374118 	-0.00049990664 	-0.016029685 	0.093483661
0.0039585653 	-0.00013110472 	-0.010935993 	0.055539461
0.0039794267 	1.8088938e-06 	-0.0047672294 	0.018268903
0.004 	1.8088938e-06 	-0.0047672294 	0.018268903
