0 	-0.011707076 	0.0051150165 	1.0812686
5.5555556e-05 	0.0059472875 	-0.0074951843 	1.091149
0.00011111111 	0.0080723468 	-0.0039353747 	1.0945816
0.00016666667 	0.0086379004 	-0.00097259786 	1.0969754
0.00022222222 	0.0082404717 	0.001481978 	1.0983482
0.00027777778 	0.0070362592 	0.0035417587 	1.0986695
0.00033333333 	0.0050675991 	0.0052751139 	1.0978755
0.00038888889 	0.0023832562 	0.0066389839 	1.0959699
0.00044444444 	-0.00087334172 	0.0074219454 	1.0931828
0.0005 	-0.0044146628 	0.0072951957 	1.0900944
0.00055555556 	-0.0078423262 	0.0060071857 	1.0875848
0.00061111111 	-0.01075647 	0.003660917 	1.0865673
0.00066666667 	-0.012859363 	0.00080421252 	1.0875976
0.00072222222 	-0.013965543 	-0.0018404002 	1.09056
0.00077777778 	-0.013980161 	-0.0038360136 	1.094615
0.00083333333 	-0.012874834 	-0.0052706828 	1.0984561
0.00088888889 	-0.010704718 	-0.0065503348 	1.1007378
0.00094444444 	-0.007658231 	-0.008103682 	1.1004846
0.001 	-0.0035977964 	-0.010249319 	1.0970269
0.0010617224 	0.0012782702 	-0.012831821 	1.0896058
0.0011225923 	0.0062855036 	-0.015440256 	1.0789684
0.0011826215 	0.010914982 	-0.017867576 	1.0657117
0.0012418217 	0.014515804 	-0.020308134 	1.0505887
0.0013002041 	0.016561086 	-0.02335681 	1.0345487
0.0013577803 	0.016842722 	-0.027866628 	1.0185056
0.0014145612 	0.015583448 	-0.034660181 	1.0029673
0.0014705579 	0.013269714 	-0.043981005 	0.9878674
0.0015257812 	0.010266633 	-0.054947393 	0.97302627
0.0015802418 	0.0066360509 	-0.065805366 	0.95901545
0.0016339502 	0.0024524094 	-0.075103645 	0.94727326
0.0016869168 	-0.0018931819 	-0.082527031 	0.93914867
0.0017391518 	-0.0057959656 	-0.088543221 	0.93510476
0.0017906654 	-0.0087738382 	-0.093521376 	0.93471971
0.0018414676 	-0.010711704 	-0.097357542 	0.93706598
0.0018915681 	-0.011809702 	-0.099709611 	0.94099352
0.0019409766 	-0.012410486 	-0.10041185 	0.94537971
0.0019897027 	-0.012842282 	-0.099632564 	0.94936116
0.0020377558 	-0.013306765 	-0.097758682 	0.95246165
0.0020851453 	-0.013850428 	-0.095226646 	0.95458796
0.0021318802 	-0.01436709 	-0.092442634 	0.95590524
0.0021779697 	-0.014613742 	-0.089754051 	0.95663757
0.0022234225 	-0.014250168 	-0.087404473 	0.95690567
0.0022682477 	-0.012932725 	-0.085457162 	0.95673072
0.0023124537 	-0.010453433 	-0.083782877 	0.95619116
0.0023560491 	-0.0068260038 	-0.08213732 	0.95557137
0.0023990425 	-0.002286863 	-0.080282995 	0.95535696
0.002441442 	0.0027912697 	-0.078094317 	0.95605846
0.002483256 	0.0080206005 	-0.075604565 	0.9579726
0.0025244924 	0.013079351 	-0.072956309 	0.96102612
0.0025651593 	0.01778443 	-0.070227325 	0.96484028
0.0026052645 	0.022060628 	-0.067269847 	0.96895447
0.0026448158 	0.02583899 	-0.063747186 	0.97302607
0.0026838209 	0.029026558 	-0.059330677 	0.97688307
0.0027222872 	0.03150984 	-0.053864718 	0.98045575
0.0027602223 	0.033144343 	-0.047415005 	0.98370302
0.0027976334 	0.033774412 	-0.040266629 	0.98657329
0.0028345278 	0.0332238 	-0.032892194 	0.98894996
0.0028709126 	0.031338694 	-0.025813841 	0.99056147
0.002906795 	0.028150548 	-0.019336277 	0.99089625
0.0029421817 	0.024071597 	-0.013205896 	0.98915929
0.0029770797 	0.019961734 	-0.0064440775 	0.98446662
0.0030114957 	0.016762694 	0.0023347605 	0.97624449
0.0030454363 	0.014956319 	0.014118774 	0.96462865
0.0030789082 	0.014744251 	0.028682292 	0.95048063
0.0031119178 	0.016146164 	0.044542178 	0.93505814
0.0031444715 	0.018788487 	0.059505647 	0.91939396
0.0031765755 	0.022139228 	0.071443265 	0.90402982
0.0032082362 	0.025658092 	0.07889061 	0.88905702
0.0032394596 	0.028851185 	0.081261505 	0.87441885
0.0032702517 	0.03128594 	0.078736405 	0.8603825
0.0033006186 	0.032571889 	0.072064807 	0.84789204
0.003330566 	0.032372638 	0.062453549 	0.83838204
0.0033600998 	0.030489115 	0.05148213 	0.83300878
0.0033892257 	0.026963468 	0.040906198 	0.83168494
0.0034179494 	0.022136027 	0.032363116 	0.83251519
0.0034462763 	0.0165736 	0.027056509 	0.83213676
0.003474212 	0.010930893 	0.025547357 	0.82689323
0.0035017619 	0.0058326067 	0.027678601 	0.81422039
0.0035289312 	0.0016409356 	0.032610737 	0.79354864
0.0035557253 	-0.0014324368 	0.038993366 	0.76634611
0.0035821494 	-0.003361661 	0.045187031 	0.73537015
0.0036082084 	-0.0043980299 	0.04957875 	0.70352421
0.0036339076 	-0.0048138807 	0.050989439 	0.67294535
0.0036592518 	-0.0048190486 	0.048999371 	0.64453986
0.003684246 	-0.0045446168 	0.044003502 	0.61786472
0.003708895 	-0.0040604047 	0.03699423 	0.59127266
0.0037332035 	-0.0033924397 	0.029233126 	0.56236657
0.0037571763 	-0.0025604578 	0.02193201 	0.52877538
0.003780818 	-0.0016352176 	0.015976004 	0.48903638
0.0038041332 	-0.00073800088 	0.011734242 	0.44317329
0.0038271264 	9.3741979e-06 	0.009043599 	0.39258532
0.0038498019 	0.00052336227 	0.0073886035 	0.33931944
0.0038721643 	0.00076502975 	0.0061795797 	0.28519775
0.0038942179 	0.00074919757 	0.0049847167 	0.23132214
0.0039159668 	0.00054701453 	0.0036390366 	0.17810257
0.0039374154 	0.00026757572 	0.0022408227 	0.12563816
0.0039585677 	3.7333556e-05 	0.0010604148 	0.074134988
0.0039794279 	-2.5971026e-05 	0.00031603198 	0.024123005
0.004 	-3.4097798e-05 	-0.00025032382 	0.025482231
