0 	-0.0094905637 	-0.021190623 	1.0138463
2.0100503e-05 	-0.0094905637 	-0.021190623 	1.0138463
4.0201005e-05 	-0.0094905637 	-0.021190623 	1.0138463
6.0301508e-05 	-0.016146316 	-0.010063656 	1.0179168
8.040201e-05 	-0.016146316 	-0.010063656 	1.0179168
0.00010050251 	-0.016146316 	-0.010063656 	1.0179168
0.00012060302 	-0.015440484 	-0.0038242073 	1.0224819
0.00014070352 	-0.015440484 	-0.0038242073 	1.0224819
0.00016080402 	-0.015440484 	-0.0038242073 	1.0224819
0.00018090452 	-0.014200352 	0.00058229364 	1.0271245
0.00020100503 	-0.014200352 	0.00058229364 	1.0271245
0.00022110553 	-0.014200352 	0.00058229364 	1.0271245
0.00024120603 	-0.013245186 	0.0038985444 	1.0314887
0.00026130653 	-0.013245186 	0.0038985444 	1.0314887
0.00028140704 	-0.012667132 	0.0063972909 	1.035356
0.00030150754 	-0.012667132 	0.0063972909 	1.035356
0.00032160804 	-0.012667132 	0.0063972909 	1.035356
0.00034170854 	-0.012372818 	0.0082253737 	1.0386453
0.00036180905 	-0.012372818 	0.0082253737 	1.0386453
0.00038190955 	-0.012372818 	0.0082253737 	1.0386453
0.00040201005 	-0.012234133 	0.0094439504 	1.0413557
0.00042211055 	-0.012234133 	0.0094439504 	1.0413557
0.00044221106 	-0.012234133 	0.0094439504 	1.0413557
0.00046231156 	-0.012136708 	0.01005905 	1.0435007
0.00048241206 	-0.012136708 	0.01005905 	1.0435007
0.00050251256 	-0.011988305 	0.010075075 	1.0450792
0.00052261307 	-0.011988305 	0.010075075 	1.0450792
0.00054271357 	-0.011988305 	0.010075075 	1.0450792
0.00056281407 	-0.011709032 	0.0095313653 	1.0461031
0.00058291457 	-0.011709032 	0.0095313653 	1.0461031
0.00060301508 	-0.011709032 	0.0095313653 	1.0461031
0.00062311558 	-0.011248993 	0.0085194062 	1.0466264
0.00064321608 	-0.011248993 	0.0085194062 	1.0466264
0.00066331658 	-0.011248993 	0.0085194062 	1.0466264
0.00068341709 	-0.010596419 	0.0071903155 	1.0467556
0.00070351759 	-0.010596419 	0.0071903155 	1.0467556
0.00072361809 	-0.0097767995 	0.0057223395 	1.0466402
0.00074371859 	-0.0097767995 	0.0057223395 	1.0466402
0.0007638191 	-0.0097767995 	0.0057223395 	1.0466402
0.0007839196 	-0.0088366445 	0.0042702692 	1.0464236
0.0008040201 	-0.0088366445 	0.0042702692 	1.0464236
0.0008241206 	-0.0088366445 	0.0042702692 	1.0464236
0.00084422111 	-0.0078497893 	0.0029356553 	1.0462367
0.00086432161 	-0.0078497893 	0.0029356553 	1.0462367
0.00088442211 	-0.0078497893 	0.0029356553 	1.0462367
0.00090452261 	-0.0070550948 	0.0035084019 	1.0394355
0.00092462312 	-0.0070550948 	0.0035084019 	1.0394355
0.00094472362 	-0.0063921389 	0.0027512631 	1.040382
0.00096482412 	-0.0063921389 	0.0027512631 	1.040382
0.00098492462 	-0.0063921389 	0.0027512631 	1.040382
0.0010050251 	-0.0057924822 	0.0021833841 	1.0415915
0.0010251256 	-0.0049382731 	-6.0611106e-05 	1.0466818
0.0010452261 	-0.0049382731 	-6.0611106e-05 	1.0466818
0.0010653266 	-0.00525282 	0.0017569742 	1.0430105
0.0010854271 	-0.00525282 	0.0017569742 	1.0430105
0.0011055276 	-0.0040078827 	-0.00084643628 	1.0473338
0.0011256281 	-0.0031931289 	-0.0014738973 	1.0480562
0.0011457286 	-0.0031931289 	-0.0014738973 	1.0480562
0.0011658291 	-0.0031931289 	-0.0014738973 	1.0480562
0.0011859296 	-0.0024457965 	-0.0019836391 	1.0487237
0.0012060302 	-0.0024457965 	-0.0019836391 	1.0487237
0.0012261307 	-0.0024457965 	-0.0019836391 	1.0487237
0.0012462312 	-0.001759159 	-0.0023727522 	1.0492155
0.0012663317 	-0.001759159 	-0.0023727522 	1.0492155
0.0012864322 	-0.001759159 	-0.0023727522 	1.0492155
0.0013065327 	-0.0011090867 	-0.0026365078 	1.0494259
0.0013266332 	-0.0011090867 	-0.0026365078 	1.0494259
0.0013467337 	-0.0011090867 	-0.0026365078 	1.0494259
0.0013668342 	-0.00048611787 	-0.0027744958 	1.0492657
0.0013869347 	-0.00048611787 	-0.0027744958 	1.0492657
0.0014070352 	-0.00048611787 	-0.0027744958 	1.0492657
0.0014271357 	0.00010963499 	-0.0028101325 	1.0486546
0.0014472362 	0.00010963499 	-0.0028101325 	1.0486546
0.0014673367 	0.00010963499 	-0.0028101325 	1.0486546
0.0014874372 	0.00068099306 	-0.0027880203 	1.0475388
0.0015075377 	0.00068099306 	-0.0027880203 	1.0475388
0.0015276382 	0.0012243861 	-0.0027734194 	1.0459219
0.0015477387 	0.0012243861 	-0.0027734194 	1.0459219
0.0015678392 	0.0012243861 	-0.0027734194 	1.0459219
0.0015879397 	0.0017255832 	-0.0028362612 	1.0438675
0.0016080402 	0.0017255832 	-0.0028362612 	1.0438675
0.0016281407 	0.0017255832 	-0.0028362612 	1.0438675
0.0016482412 	0.0021740436 	-0.0030417952 	1.0414907
0.0016683417 	0.0021740436 	-0.0030417952 	1.0414907
0.0016884422 	0.0025684786 	-0.0034333934 	1.0389193
0.0017085427 	0.0025684786 	-0.0034333934 	1.0389193
0.0017286432 	0.0025684786 	-0.0034333934 	1.0389193
0.0017487437 	0.0029209035 	-0.0040200008 	1.0362469
0.0017688442 	0.0029209035 	-0.0040200008 	1.0362469
0.0017889447 	0.0029209035 	-0.0040200008 	1.0362469
0.0018090452 	0.0032487672 	-0.0047776619 	1.0335056
0.0018291457 	0.0032487672 	-0.0047776619 	1.0335056
0.0018492462 	0.0035673279 	-0.0056658521 	1.0306724
0.0018693467 	0.0035673279 	-0.0056658521 	1.0306724
0.0018894472 	0.0035673279 	-0.0056658521 	1.0306724
0.0019095477 	0.003882608 	-0.0066544093 	1.0277104
0.0019296482 	0.003882608 	-0.0066544093 	1.0277104
0.0019497487 	0.0041869986 	-0.0077581323 	1.0246124
0.0019698492 	0.0041869986 	-0.0077581323 	1.0246124
0.0019899497 	0.0044611433 	-0.0090600243 	1.0214206
0.0020100503 	0.0044611433 	-0.0090600243 	1.0214206
0.0020301508 	0.0044611433 	-0.0090600243 	1.0214206
0.0020502513 	0.0046996208 	-0.010701392 	1.0181777
0.0020703518 	0.0046996208 	-0.010701392 	1.0181777
0.0020904523 	0.0049387723 	-0.012840817 	1.0148324
0.0021105528 	0.0049387723 	-0.012840817 	1.0148324
0.0021306533 	0.0049387723 	-0.012840817 	1.0148324
0.0021507538 	0.0052454317 	-0.015571718 	1.0111641
0.0021708543 	0.0052454317 	-0.015571718 	1.0111641
0.0021909548 	0.0056908359 	-0.018835929 	1.0068207
0.0022110553 	0.0056908359 	-0.018835929 	1.0068207
0.0022311558 	0.0062965541 	-0.022383764 	1.0014841
0.0022512563 	0.0062965541 	-0.022383764 	1.0014841
0.0022713568 	0.0070118756 	-0.025821331 	0.99509106
0.0022914573 	0.0070118756 	-0.025821331 	0.99509106
0.0023115578 	0.0070118756 	-0.025821331 	0.99509106
0.0023316583 	0.0077336327 	-0.028741158 	0.98794857
0.0023517588 	0.0077336327 	-0.028741158 	0.98794857
0.0023718593 	0.0083632161 	-0.03087582 	0.98063923
0.0023919598 	0.0083632161 	-0.03087582 	0.98063923
0.0024120603 	0.0088889633 	-0.032188706 	0.97376984
0.0024321608 	0.0088889633 	-0.032188706 	0.97376984
0.0024522613 	0.009412081 	-0.032843684 	0.96773594
0.0024723618 	0.009412081 	-0.032843684 	0.96773594
0.0024924623 	0.010110581 	-0.033094203 	0.96266102
0.0025125628 	0.010110581 	-0.033094203 	0.96266102
0.0025326633 	0.011161359 	-0.033169322 	0.95846451
0.0025527638 	0.011161359 	-0.033169322 	0.95846451
0.0025728643 	0.012690528 	-0.033218086 	0.95498707
0.0025929648 	0.012690528 	-0.033218086 	0.95498707
0.0026130653 	0.014740889 	-0.03329382 	0.95206995
0.0026331658 	0.014740889 	-0.03329382 	0.95206995
0.0026532663 	0.017270596 	-0.033372072 	0.94960238
0.0026733668 	0.017270596 	-0.033372072 	0.94960238
0.0026934673 	0.02017784 	-0.033383898 	0.94750853
0.0027135678 	0.02017784 	-0.033383898 	0.94750853
0.0027336683 	0.023327685 	-0.033255748 	0.94571654
0.0027537688 	0.023327685 	-0.033255748 	0.94571654
0.0027738693 	0.026584488 	-0.032949729 	0.94412751
0.0027939698 	0.026584488 	-0.032949729 	0.94412751
0.0028140704 	0.029835938 	-0.032488443 	0.94259071
0.0028341709 	0.029835938 	-0.032488443 	0.94259071
0.0028542714 	0.033003236 	-0.031958745 	0.9409023
0.0028743719 	0.036046493 	-0.031509506 	0.93881797
0.0028944724 	0.036046493 	-0.031509506 	0.93881797
0.0029145729 	0.038953592 	-0.031344432 	0.93609516
0.0029346734 	0.038953592 	-0.031344432 	0.93609516
0.0029547739 	0.04170608 	-0.031705741 	0.93252618
0.0029748744 	0.04170608 	-0.031705741 	0.93252618
0.0029949749 	0.044255439 	-0.032844116 	0.92798583
0.0030150754 	0.046492113 	-0.034961799 	0.92247471
0.0030351759 	0.046492113 	-0.034961799 	0.92247471
0.0030552764 	0.048230712 	-0.038127465 	0.91614237
0.0030753769 	0.048230712 	-0.038127465 	0.91614237
0.0030954774 	0.049218402 	-0.042181692 	0.90928683
0.0031155779 	0.049145207 	-0.046626904 	0.90227498
0.0031356784 	0.049145207 	-0.046626904 	0.90227498
0.0031557789 	0.047662358 	-0.05049304 	0.89534888
0.0031758794 	0.047662358 	-0.05049304 	0.89534888
0.0031959799 	0.044435494 	-0.052168568 	0.88830252
0.0032160804 	0.039256748 	-0.049351434 	0.88011965
0.0032361809 	0.039256748 	-0.049351434 	0.88011965
0.0032562814 	0.03218018 	-0.039708382 	0.86900801
0.0032763819 	0.023673143 	-0.022570242 	0.85334852
0.0032964824 	0.023673143 	-0.022570242 	0.85334852
0.0033165829 	0.01406403 	-0.0003358325 	0.83386971
0.0033366834 	0.0030122271 	0.022565383 	0.81509075
0.0033567839 	0.0030122271 	0.022565383 	0.81509075
0.0033768844 	-0.0092016799 	0.042314219 	0.80277899
0.0033969849 	-0.021072404 	0.057426608 	0.79831909
0.0034170854 	-0.021072404 	0.057426608 	0.79831909
0.0034371859 	-0.030012416 	0.068233982 	0.79618044
0.0034572864 	-0.033526838 	0.076795882 	0.78835682
0.0034773869 	-0.031477622 	0.086693066 	0.77151001
0.0034974874 	-0.031477622 	0.086693066 	0.77151001
0.0035175879 	-0.026187668 	0.10140076 	0.7493009
0.0035376884 	-0.020835206 	0.12164683 	0.72841334
0.0035577889 	-0.017693874 	0.14438779 	0.71209791
0.0035778894 	-0.017693874 	0.14438779 	0.71209791
0.0035979899 	-0.017045066 	0.16410344 	0.69679273
0.0036180905 	-0.017442649 	0.17471782 	0.67420268
0.003638191 	-0.016944715 	0.17160323 	0.63667391
0.0036582915 	-0.016944715 	0.17160323 	0.63667391
0.003678392 	-0.014533537 	0.15364996 	0.58196083
0.0036984925 	-0.010622335 	0.12444999 	0.51463917
0.003718593 	-0.0066426528 	0.091082776 	0.44392337
0.0037386935 	-0.004202847 	0.060855494 	0.37961116
0.003758794 	-0.0040695869 	0.038093656 	0.3279673
0.0037788945 	-0.0040695869 	0.038093656 	0.3279673
0.003798995 	-0.0059588411 	0.023108521 	0.28968119
0.0038190955 	-0.0088460924 	0.01361664 	0.26103921
0.003839196 	-0.011427818 	0.0070128318 	0.23690938
0.0038592965 	-0.012756224 	0.0018466309 	0.21312661
0.003879397 	-0.012370836 	-0.0020161557 	0.18697997
0.0038994975 	-0.010432533 	-0.0040852161 	0.15729195
0.003919598 	-0.0075902591 	-0.0039716495 	0.12430128
0.0039396985 	-0.0045598012 	-0.0018898722 	0.089221477
0.003959799 	-0.0019864268 	0.001165718 	0.053527001
0.0039798995 	-0.00030551895 	0.0027574575 	0.018124875
0.004 	-0.00030551895 	0.0027574575 	0.018124875
