0 	-0.026186174 	0.026033156 	1.0497638
5.5555556e-05 	-0.01771974 	-0.040132761 	1.0588756
0.00011111111 	-0.015920261 	-0.046085969 	1.0628305
0.00016666667 	-0.016489594 	-0.051454432 	1.066125
0.00022222222 	-0.017684886 	-0.056488175 	1.0685309
0.00027777778 	-0.018790547 	-0.061052618 	1.0698199
0.00033333333 	-0.019369846 	-0.065122916 	1.0697984
0.00038888889 	-0.019149482 	-0.068800429 	1.0683583
0.00044444444 	-0.01803014 	-0.072205136 	1.0655032
0.0005 	-0.016095204 	-0.075381134 	1.0614045
0.00055555556 	-0.013544535 	-0.078256809 	1.0563837
0.00061111111 	-0.010655233 	-0.080655723 	1.0508553
0.00066666667 	-0.0077259842 	-0.082358737 	1.0452617
0.00072222222 	-0.0050108561 	-0.083192266 	1.0399913
0.00077777778 	-0.0027012051 	-0.083090541 	1.0353204
0.00083333333 	-0.00091172979 	-0.082138356 	1.0313893
0.00088888889 	0.00035793234 	-0.0805401 	1.0282028
0.00094444444 	0.0011392188 	-0.078484936 	1.0256449
0.001 	0.0016168796 	-0.076116073 	1.0232337
0.0010617199 	0.0017593849 	-0.073581295 	1.0209108
0.0011225874 	0.0018099967 	-0.070864573 	1.0187301
0.0011826143 	0.0017275368 	-0.068013217 	1.0165898
0.0012418122 	0.0014832094 	-0.064999203 	1.0144406
0.0013001926 	0.00097007798 	-0.061891745 	1.0122916
0.0013577668 	0.00015353359 	-0.058836444 	1.010224
0.0014145458 	-0.00092053762 	-0.056057106 	1.008395
0.0014705407 	-0.0020995505 	-0.053805028 	1.0070376
0.0015257623 	-0.0031864756 	-0.052289145 	1.0063737
0.0015802213 	-0.0040354845 	-0.051594183 	1.0065354
0.0016339282 	-0.0045715774 	-0.051638742 	1.0073676
0.0016868934 	-0.0047720327 	-0.052169948 	1.0082464
0.0017391271 	-0.0045503495 	-0.052872388 	1.0079844
0.0017906395 	-0.0037557801 	-0.053494612 	1.0049619
0.0018414404 	-0.0023246494 	-0.053902098 	0.99749123
0.0018915398 	-0.00061742043 	-0.053932417 	0.98431819
0.0019409473 	0.00034170578 	-0.05309092 	0.96517
0.0019896725 	-0.0010226683 	-0.050268894 	0.94121135
0.0020377248 	-0.0062421953 	-0.043627815 	0.91461982
0.0020851134 	-0.016126022 	-0.03127376 	0.88734642
0.0021318476 	-0.030816816 	-0.012361605 	0.86099859
0.0021779364 	-0.050069968 	0.01255872 	0.83796452
0.0022233887 	-0.07337546 	0.041401487 	0.82106518
0.0022682133 	-0.099060959 	0.069646798 	0.81013808
0.0023124189 	-0.12406372 	0.091382707 	0.80113399
0.0023560139 	-0.14541144 	0.10261376 	0.79046908
0.0023990069 	-0.16110489 	0.10415852 	0.77884175
0.0024414062 	-0.17062702 	0.10042786 	0.7701531
0.0024832199 	-0.17452047 	0.095647834 	0.76749321
0.0025244562 	-0.17368122 	0.092163596 	0.77084795
0.002565123 	-0.16932015 	0.090702515 	0.77799849
0.0026052281 	-0.16278639 	0.090788766 	0.78664285
0.0026447794 	-0.1553482 	0.091120861 	0.79557575
0.0026837845 	-0.14802087 	0.090481385 	0.80430464
0.0027222509 	-0.14152425 	0.088642709 	0.8122525
0.0027601861 	-0.13622848 	0.08627498 	0.81862056
0.0027975974 	-0.13199324 	0.084111734 	0.82279352
0.002834492 	-0.12820332 	0.082471735 	0.82452772
0.0028708772 	-0.12412667 	0.081409171 	0.82362146
0.0029067598 	-0.11926367 	0.080909483 	0.81956244
0.0029421469 	-0.11343937 	0.080907515 	0.81166788
0.0029770452 	-0.10670506 	0.081291401 	0.79953959
0.0030114616 	-0.099245127 	0.081919812 	0.78332628
0.0030454028 	-0.091314568 	0.082618036 	0.7637042
0.0030788752 	-0.083185794 	0.083170462 	0.74171369
0.0031118853 	-0.075106467 	0.083329535 	0.71851129
0.0031444395 	-0.067268781 	0.08285005 	0.69514255
0.0031765442 	-0.059804189 	0.081541609 	0.67237985
0.0032082055 	-0.052798218 	0.079316565 	0.65067521
0.0032394295 	-0.046316509 	0.076215056 	0.6302225
0.0032702223 	-0.040429991 	0.072397669 	0.6110608
0.0033005899 	-0.035217341 	0.068110111 	0.5931877
0.0033305381 	-0.030749332 	0.063631678 	0.57662365
0.0033600727 	-0.027076901 	0.059223577 	0.56142313
0.0033891994 	-0.024190175 	0.055154979 	0.54764877
0.0034179239 	-0.022014014 	0.05158332 	0.53531444
0.0034462517 	-0.02042028 	0.04862073 	0.52435578
0.0034741882 	-0.019236635 	0.046311292 	0.51460835
0.003501739 	-0.018272407 	0.044639904 	0.5058131
0.0035289093 	-0.01734088 	0.043543985 	0.49763744
0.0035557043 	-0.016280611 	0.042925993 	0.48970879
0.0035821293 	-0.014971593 	0.042667139 	0.4816485
0.0036081894 	-0.013348628 	0.042645556 	0.47310498
0.0036338895 	-0.01140967 	0.042752171 	0.46377565
0.0036592348 	-0.009215015 	0.042903298 	0.45341244
0.00368423 	-0.0068742944 	0.043038936 	0.44180162
0.00370888 	-0.0045240641 	0.043124922 	0.42872544
0.0037331896 	-0.002304199 	0.043130821 	0.41391742
0.0037571635 	-0.00033430923 	0.043002698 	0.39703073
0.0037808063 	0.0012760153 	0.042642125 	0.37763565
0.0038041226 	0.0024611617 	0.041897854 	0.35524273
0.0038271169 	0.0032027873 	0.040582188 	0.32934832
0.0038497936 	0.0034978702 	0.038509401 	0.29948314
0.0038721572 	0.0033761853 	0.035544787 	0.26525767
0.0038942119 	0.0029005826 	0.031640101 	0.22640802
0.003915962 	0.0021717401 	0.026816205 	0.18285803
0.0039374118 	0.0013324529 	0.02107191 	0.13480927
0.0039585653 	0.00056602425 	0.014219885 	0.082852048
0.0039794267 	6.8105087e-05 	0.0056870798 	0.028083085
0.004 	9.5822682e-05 	0.0037963042 	0.02793526
