0 	0.0073779634 	0.013913633 	1.0432414
5.5555556e-05 	-0.010965667 	0.0049649169 	1.0397113
0.00011111111 	-0.0098346917 	0.0058828783 	1.0385056
0.00016666667 	-0.0089313971 	0.0074078479 	1.0374312
0.00022222222 	-0.0082942456 	0.0088390473 	1.0362576
0.00027777778 	-0.0078489053 	0.010010394 	1.0348155
0.00033333333 	-0.0074914786 	0.010977931 	1.0330748
0.00038888889 	-0.007121274 	0.011923117 	1.0311587
0.00044444444 	-0.0066591085 	0.013080347 	1.029296
0.0005 	-0.0060543258 	0.014624208 	1.0277343
0.00055555556 	-0.005269563 	0.016635584 	1.0266629
0.00061111111 	-0.004259437 	0.019033234 	1.0261724
0.00066666667 	-0.0029917871 	0.021624018 	1.0262244
0.00072222222 	-0.0014770176 	0.024152805 	1.0266577
0.00077777778 	0.00028288562 	0.026410421 	1.0271937
0.00083333333 	0.002294412 	0.028293124 	1.0274859
0.00088888889 	0.0046210312 	0.029814951 	1.0271828
0.00094444444 	0.0072802012 	0.031046096 	1.0259742
0.001 	0.010669772 	0.032027059 	1.0233694
0.0010617451 	0.014789084 	0.032779467 	1.0191816
0.0011226367 	0.019302377 	0.033492673 	1.0137995
0.0011826866 	0.024075792 	0.034213201 	1.0074723
0.0012419064 	0.028850907 	0.035028323 	1.0004655
0.0013003077 	0.033409019 	0.035957184 	0.99308025
0.0013579017 	0.037563965 	0.036983504 	0.9856095
0.0014146996 	0.041163859 	0.038074354 	0.9783124
0.0014707124 	0.044098648 	0.039199247 	0.97140243
0.0015259509 	0.046279778 	0.040354748 	0.96505835
0.001580426 	0.047618937 	0.041557271 	0.95945499
0.001634148 	0.048029165 	0.042841014 	0.95478187
0.0016871274 	0.04744691 	0.044274319 	0.95120803
0.0017393745 	0.045890457 	0.045999012 	0.94876881
0.0017908994 	0.04348311 	0.048220917 	0.94721145
0.0018417121 	0.040390903 	0.05109552 	0.94590051
0.0018918224 	0.036772226 	0.054543876 	0.94394448
0.0019412401 	0.032736415 	0.058113628 	0.94064446
0.0019899746 	0.028375758 	0.061099077 	0.93605004
0.0020380356 	0.023845788 	0.062861414 	0.93110486
0.0020854322 	0.019396523 	0.063132806 	0.92717172
0.0021321736 	0.01534125 	0.06207225 	0.92531039
0.002178269 	0.011947687 	0.060073551 	0.92582654
0.0022237272 	0.0093668645 	0.05748929 	0.92828476
0.002268557 	0.0076060617 	0.054448734 	0.93184847
0.0023127672 	0.0065736953 	0.050871001 	0.93567562
0.0023563662 	0.006130885 	0.046620361 	0.93916875
0.0023993626 	0.0061199867 	0.041657027 	0.94205418
0.0024417647 	0.0063699355 	0.036088428 	0.94434898
0.0024835806 	0.0067245236 	0.030115576 	0.94625635
0.0025248186 	0.0070747868 	0.023948893 	0.94801703
0.0025654865 	0.0073882056 	0.017749488 	0.94975924
0.0026055923 	0.0077023555 	0.011622693 	0.95142694
0.0026451437 	0.0080894163 	0.0056370449 	0.95284929
0.0026841484 	0.0085744795 	-0.00017209487 	0.95387987
0.002722614 	0.009179418 	-0.0058354389 	0.95452244
0.0027605478 	0.0098729562 	-0.011477471 	0.95491866
0.0027979573 	0.010545333 	-0.017288132 	0.95528318
0.0028348498 	0.011132031 	-0.02348072 	0.9558259
0.0028712322 	0.011604043 	-0.030231998 	0.95669107
0.0029071118 	0.011971341 	-0.037626615 	0.95792805
0.0029424953 	0.012249426 	-0.045612257 	0.95948649
0.0029773898 	0.012449627 	-0.053972628 	0.96124042
0.003011802 	0.012555693 	-0.062337486 	0.96302779
0.0030457385 	0.012496262 	-0.070219462 	0.96469982
0.0030792059 	0.012170901 	-0.077093952 	0.96613396
0.0031122107 	0.011489678 	-0.082502982 	0.96717837
0.0031447592 	0.010436964 	-0.086158904 	0.96752853
0.0031768579 	0.0091285502 	-0.088021404 	0.96658528
0.0032085129 	0.0078379265 	-0.088320082 	0.96338543
0.0032397303 	0.0069561558 	-0.087487368 	0.95669526
0.0032705162 	0.0068745368 	-0.086003291 	0.94533426
0.0033008765 	0.0078092895 	-0.084174659 	0.92871407
0.0033308172 	0.0096274577 	-0.081952449 	0.90744277
0.0033603441 	0.011775796 	-0.078926443 	0.88361505
0.0033894627 	0.013413818 	-0.074540554 	0.86038095
0.0034181789 	0.013757733 	-0.068352237 	0.84073549
0.0034464982 	0.012423068 	-0.060198287 	0.82603673
0.003474426 	0.0095000062 	-0.050330248 	0.81519442
0.0035019678 	0.0053789762 	-0.039528904 	0.80513058
0.0035291288 	0.00066238659 	-0.028823111 	0.79190374
0.0035559144 	-0.0037573281 	-0.01894265 	0.77154112
0.0035823298 	-0.006865772 	-0.010177974 	0.74103343
0.0036083801 	-0.0080418069 	-0.002681731 	0.69986725
0.0036340702 	-0.007393621 	0.0033470082 	0.65064064
0.0036594053 	-0.0055851279 	0.0078126967 	0.59777134
0.0036843901 	-0.0034323188 	0.010896267 	0.54548617
0.0037090296 	-0.0015278207 	0.013041989 	0.49650676
0.0037333285 	-0.00015960722 	0.014742353 	0.4517854
0.0037572915 	0.00062346459 	0.01630215 	0.41086283
0.0037809233 	0.00096624004 	0.017755446 	0.37247549
0.0038042285 	0.0010621559 	0.01893261 	0.33518138
0.0038272115 	0.0010535897 	0.019607846 	0.2978338
0.0038498768 	0.0010034335 	0.019626089 	0.2597776
0.0038722288 	0.00091570801 	0.01894055 	0.22081578
0.0038942718 	0.00077446797 	0.017554576 	0.18105872
0.0039160102 	0.00057548713 	0.015422209 	0.1407653
0.003937448 	0.00034322631 	0.012390844 	0.10023893
0.0039585896 	0.00013140201 	0.008264369 	0.059792041
0.0039794389 	5.9215536e-06 	0.0030068084 	0.019755221
0.004 	4.6617744e-05 	0.0009692823 	0.020731901
