0 	-0.017664325 	0.010363707 	1.0009447
2.0100503e-05 	-0.010346873 	-0.017878704 	0.99337801
4.0201005e-05 	-0.010346873 	-0.017878704 	0.99337801
6.0301508e-05 	-0.0004721039 	-0.020084966 	0.9870353
8.040201e-05 	-0.0004721039 	-0.020084966 	0.9870353
0.00010050251 	-0.0004721039 	-0.020084966 	0.9870353
0.00012060302 	0.0031643637 	-0.01876831 	0.98202362
0.00014070352 	0.0031643637 	-0.01876831 	0.98202362
0.00016080402 	0.0031643637 	-0.01876831 	0.98202362
0.00018090452 	0.0054369113 	-0.016973417 	0.97845824
0.00020100503 	0.0054369113 	-0.016973417 	0.97845824
0.00022110553 	0.0054369113 	-0.016973417 	0.97845824
0.00024120603 	0.0070692763 	-0.015169363 	0.97641402
0.00026130653 	0.0070692763 	-0.015169363 	0.97641402
0.00028140704 	0.0081981828 	-0.013633694 	0.97585507
0.00030150754 	0.0081981828 	-0.013633694 	0.97585507
0.00032160804 	0.0081981828 	-0.013633694 	0.97585507
0.00034170854 	0.0089066384 	-0.012482069 	0.97662569
0.00036180905 	0.0089066384 	-0.012482069 	0.97662569
0.00038190955 	0.0089066384 	-0.012482069 	0.97662569
0.00040201005 	0.0093370084 	-0.011689584 	0.9784758
0.00042211055 	0.0093370084 	-0.011689584 	0.9784758
0.00044221106 	0.0093370084 	-0.011689584 	0.9784758
0.00046231156 	0.0096949044 	-0.011136562 	0.9811025
0.00048241206 	0.0096949044 	-0.011136562 	0.9811025
0.00050251256 	0.010192082 	-0.010666522 	0.9841903
0.00052261307 	0.010192082 	-0.010666522 	0.9841903
0.00054271357 	0.010192082 	-0.010666522 	0.9841903
0.00056281407 	0.010991764 	-0.010150105 	0.98744953
0.00058291457 	0.010991764 	-0.010150105 	0.98744953
0.00060301508 	0.010991764 	-0.010150105 	0.98744953
0.00062311558 	0.012154532 	-0.0095116931 	0.99064956
0.00064321608 	0.012154532 	-0.0095116931 	0.99064956
0.00066331658 	0.012154532 	-0.0095116931 	0.99064956
0.00068341709 	0.013633393 	-0.0087123128 	0.99363402
0.00070351759 	0.013633393 	-0.0087123128 	0.99363402
0.00072361809 	0.015316739 	-0.0077248888 	0.99631574
0.00074371859 	0.015316739 	-0.0077248888 	0.99631574
0.0007638191 	0.015316739 	-0.0077248888 	0.99631574
0.0007839196 	0.017068478 	-0.0065276884 	0.99864996
0.0008040201 	0.017068478 	-0.0065276884 	0.99864996
0.0008241206 	0.017068478 	-0.0065276884 	0.99864996
0.00084422111 	0.018769691 	-0.005072258 	1.0006063
0.00086432161 	0.018769691 	-0.005072258 	1.0006063
0.00088442211 	0.018769691 	-0.005072258 	1.0006063
0.00090452261 	0.020370318 	-0.0033341091 	1.0021431
0.00092462312 	0.020370318 	-0.0033341091 	1.0021431
0.00094472362 	0.021831728 	-0.0012840609 	1.0032003
0.00096482412 	0.021831728 	-0.0012840609 	1.0032003
0.00098492462 	0.021831728 	-0.0012840609 	1.0032003
0.0010050251 	0.027498314 	0.0069090653 	1.0125006
0.0010251256 	0.027498314 	0.0069090653 	1.0125006
0.0010452261 	0.027498314 	0.0069090653 	1.0125006
0.0010653266 	0.028964823 	0.010169389 	1.0129499
0.0010854271 	0.028964823 	0.010169389 	1.0129499
0.0011055276 	0.028964823 	0.010169389 	1.0129499
0.0011256281 	0.030585724 	0.013515957 	1.0125162
0.0011457286 	0.030585724 	0.013515957 	1.0125162
0.0011658291 	0.030585724 	0.013515957 	1.0125162
0.0011859296 	0.032492788 	0.016772172 	1.011258
0.0012060302 	0.032492788 	0.016772172 	1.011258
0.0012261307 	0.032492788 	0.016772172 	1.011258
0.0012462312 	0.034747415 	0.019760951 	1.0093379
0.0012663317 	0.034747415 	0.019760951 	1.0093379
0.0012864322 	0.034747415 	0.019760951 	1.0093379
0.0013065327 	0.037361439 	0.022305629 	1.0069873
0.0013266332 	0.037361439 	0.022305629 	1.0069873
0.0013467337 	0.037361439 	0.022305629 	1.0069873
0.0013668342 	0.040281431 	0.024256918 	1.0044436
0.0013869347 	0.040281431 	0.024256918 	1.0044436
0.0014070352 	0.040281431 	0.024256918 	1.0044436
0.0014271357 	0.043407276 	0.025520018 	1.0018975
0.0014472362 	0.043407276 	0.025520018 	1.0018975
0.0014673367 	0.043407276 	0.025520018 	1.0018975
0.0014874372 	0.046618024 	0.026075874 	0.99946953
0.0015075377 	0.046618024 	0.026075874 	0.99946953
0.0015276382 	0.049799074 	0.025995416 	0.99721497
0.0015477387 	0.049799074 	0.025995416 	0.99721497
0.0015678392 	0.049799074 	0.025995416 	0.99721497
0.0015879397 	0.052872175 	0.02542942 	0.99514294
0.0016080402 	0.052872175 	0.02542942 	0.99514294
0.0016281407 	0.052872175 	0.02542942 	0.99514294
0.0016482412 	0.055814769 	0.024562504 	0.99322974
0.0016683417 	0.055814769 	0.024562504 	0.99322974
0.0016884422 	0.058659749 	0.023547249 	0.99142265
0.0017085427 	0.058659749 	0.023547249 	0.99142265
0.0017286432 	0.058659749 	0.023547249 	0.99142265
0.0017487437 	0.061478314 	0.022438294 	0.98963881
0.0017688442 	0.061478314 	0.022438294 	0.98963881
0.0017889447 	0.061478314 	0.022438294 	0.98963881
0.0018090452 	0.064351385 	0.021156055 	0.98775712
0.0018291457 	0.064351385 	0.021156055 	0.98775712
0.0018492462 	0.067326982 	0.019516034 	0.98563144
0.0018693467 	0.067326982 	0.019516034 	0.98563144
0.0018894472 	0.067326982 	0.019516034 	0.98563144
0.0019095477 	0.070396632 	0.017395113 	0.98317335
0.0019296482 	0.070396632 	0.017395113 	0.98317335
0.0019497487 	0.073489566 	0.015001623 	0.98047459
0.0019698492 	0.073489566 	0.015001623 	0.98047459
0.0019899497 	0.073489566 	0.015001623 	0.98047459
0.0020100503 	0.076497649 	0.012995738 	0.9778833
0.0020301508 	0.076497649 	0.012995738 	0.9778833
0.0020502513 	0.079266015 	0.012227096 	0.97594224
0.0020703518 	0.079266015 	0.012227096 	0.97594224
0.0020904523 	0.08155862 	0.013195906 	0.97527283
0.0021105528 	0.08155862 	0.013195906 	0.97527283
0.0021306533 	0.08155862 	0.013195906 	0.97527283
0.0021507538 	0.083142013 	0.015716688 	0.97625941
0.0021708543 	0.083142013 	0.015716688 	0.97625941
0.0021909548 	0.083961545 	0.019054099 	0.9787027
0.0022110553 	0.083961545 	0.019054099 	0.9787027
0.0022311558 	0.084171064 	0.022362764 	0.98188056
0.0022512563 	0.084171064 	0.022362764 	0.98188056
0.0022713568 	0.083982461 	0.025089758 	0.98501455
0.0022914573 	0.083982461 	0.025089758 	0.98501455
0.0023115578 	0.083982461 	0.025089758 	0.98501455
0.0023316583 	0.083515735 	0.027139131 	0.98765352
0.0023517588 	0.083515735 	0.027139131 	0.98765352
0.0023718593 	0.082799789 	0.028815364 	0.98978235
0.0023919598 	0.082799789 	0.028815364 	0.98978235
0.0024120603 	0.081888403 	0.030621506 	0.99166145
0.0024321608 	0.081888403 	0.030621506 	0.99166145
0.0024522613 	0.080952484 	0.032957683 	0.99346138
0.0024723618 	0.080952484 	0.032957683 	0.99346138
0.0024924623 	0.080311792 	0.03590081 	0.99492729
0.0025125628 	0.080311792 	0.03590081 	0.99492729
0.0025326633 	0.080352993 	0.039241517 	0.99538161
0.0025527638 	0.080352993 	0.039241517 	0.99538161
0.0025728643 	0.081278664 	0.042646944 	0.9941298
0.0025929648 	0.081278664 	0.042646944 	0.9941298
0.0026130653 	0.083057193 	0.04592442 	0.99087262
0.0026331658 	0.083057193 	0.04592442 	0.99087262
0.0026532663 	0.085523061 	0.04898711 	0.98573907
0.0026733668 	0.085523061 	0.04898711 	0.98573907
0.0026934673 	0.088349257 	0.051790469 	0.97906096
0.0027135678 	0.088349257 	0.051790469 	0.97906096
0.0027336683 	0.091175432 	0.054246399 	0.97112454
0.0027537688 	0.091175432 	0.054246399 	0.97112454
0.0027738693 	0.093698027 	0.056128723 	0.96195021
0.0027939698 	0.093698027 	0.056128723 	0.96195021
0.0028140704 	0.095623397 	0.057022655 	0.95128315
0.0028341709 	0.095623397 	0.057022655 	0.95128315
0.0028542714 	0.096576586 	0.056313824 	0.93888204
0.0028743719 	0.096037718 	0.05325684 	0.92493635
0.0028944724 	0.096037718 	0.05325684 	0.92493635
0.0029145729 	0.093255607 	0.047150478 	0.91045677
0.0029346734 	0.093255607 	0.047150478 	0.91045677
0.0029547739 	0.087417317 	0.037638621 	0.89745326
0.0029748744 	0.087417317 	0.037638621 	0.89745326
0.0029949749 	0.077972908 	0.024879588 	0.88836172
0.0030150754 	0.065296048 	0.0096713483 	0.88495798
0.0030351759 	0.065296048 	0.0096713483 	0.88495798
0.0030552764 	0.050622389 	-0.0069150028 	0.88701925
0.0030753769 	0.050622389 	-0.0069150028 	0.88701925
0.0030954774 	0.035867915 	-0.023622472 	0.89192435
0.0031155779 	0.02315417 	-0.038776498 	0.89539227
0.0031356784 	0.02315417 	-0.038776498 	0.89539227
0.0031557789 	0.013885107 	-0.050304289 	0.89316149
0.0031758794 	0.013885107 	-0.050304289 	0.89316149
0.0031959799 	0.008417601 	-0.056505874 	0.88283791
0.0032160804 	0.0061102267 	-0.056982684 	0.86497341
0.0032361809 	0.0061102267 	-0.056982684 	0.86497341
0.0032562814 	0.0056716943 	-0.052963 	0.84280847
0.0032763819 	0.0055657327 	-0.046723423 	0.82103957
0.0032964824 	0.0055657327 	-0.046723423 	0.82103957
0.0033165829 	0.0045151025 	-0.04061424 	0.80408622
0.0033366834 	0.0017968263 	-0.03621651 	0.79446894
0.0033567839 	0.0017968263 	-0.03621651 	0.79446894
0.0033768844 	-0.0025736255 	-0.034000896 	0.79196577
0.0033969849 	-0.0079659393 	-0.033558682 	0.79392588
0.0034170854 	-0.0079659393 	-0.033558682 	0.79392588
0.0034371859 	-0.013480526 	-0.034127313 	0.79644053
0.0034572864 	-0.018168101 	-0.035034964 	0.79565765
0.0034773869 	-0.021282428 	-0.035877475 	0.78874087
0.0034974874 	-0.021282428 	-0.035877475 	0.78874087
0.0035175879 	-0.022378032 	-0.036464397 	0.77425708
0.0035376884 	-0.021336275 	-0.036675746 	0.75209681
0.0035577889 	-0.01831526 	-0.036366116 	0.72311534
0.0035778894 	-0.01831526 	-0.036366116 	0.72311534
0.0035979899 	-0.013669997 	-0.035350644 	0.68868182
0.0036180905 	-0.0078915222 	-0.033459471 	0.65030276
0.003638191 	-0.001539729 	-0.030614113 	0.60941502
0.0036582915 	-0.001539729 	-0.030614113 	0.60941502
0.003678392 	0.0047473424 	-0.026885994 	0.56730881
0.0036984925 	0.010470264 	-0.022518034 	0.52526308
0.003718593 	0.015234818 	-0.017914944 	0.48449387
0.0037386935 	0.018569595 	-0.013555841 	0.44625954
0.003758794 	0.020239371 	-0.009960281 	0.41140077
0.0037788945 	0.020239371 	-0.009960281 	0.41140077
0.003798995 	0.020356586 	-0.0075966114 	0.38002497
0.0038190955 	0.019173908 	-0.0067285877 	0.35131499
0.003839196 	0.017035847 	-0.0073175337 	0.32361941
0.0038592965 	0.01433518 	-0.0089988266 	0.2947792
0.003879397 	0.011426024 	-0.011130403 	0.26262122
0.0038994975 	0.008566455 	-0.012913838 	0.22554368
0.003919598 	0.0059131805 	-0.01355235 	0.18286907
0.0039396985 	0.0035447282 	-0.012405398 	0.13487459
0.003959799 	0.001573213 	-0.0090944638 	0.082619564
0.0039798995 	0.000231695 	-0.0036117921 	0.027741783
0.004 	0.000231695 	-0.0036117921 	0.027741783
