0 	0.032802493 	0.041247334 	0.96766335
5.5555556e-05 	-0.045843414 	0.015811496 	0.95913023
0.00011111111 	-0.041950385 	0.013180446 	0.95581998
0.00016666667 	-0.036563421 	0.013606658 	0.95222637
0.00022222222 	-0.030907353 	0.014271989 	0.94785317
0.00027777778 	-0.025427142 	0.014286781 	0.94247541
0.00033333333 	-0.020415995 	0.013276422 	0.93603842
0.00038888889 	-0.016136567 	0.01100141 	0.92859992
0.00044444444 	-0.012784371 	0.0074024702 	0.92044045
0.0005 	-0.010487996 	0.0027297607 	0.91205086
0.00055555556 	-0.0092847745 	-0.0024518179 	0.90372932
0.00061111111 	-0.0090008022 	-0.0072535531 	0.8952607
0.00066666667 	-0.009137919 	-0.010500673 	0.88630487
0.00072222222 	-0.009012716 	-0.011086656 	0.87727977
0.00077777778 	-0.0082006481 	-0.0089779468 	0.86990862
0.00083333333 	-0.0069006943 	-0.0060690825 	0.866633
0.00088888889 	-0.005882445 	-0.0055507415 	0.86925756
0.00094444444 	-0.0063302576 	-0.0092979927 	0.87799497
0.001 	-0.0092674251 	-0.017017621 	0.89231844
0.0010617451 	-0.015375821 	-0.025770126 	0.91018211
0.0011226367 	-0.024404321 	-0.033143237 	0.92824415
0.0011826866 	-0.034483871 	-0.039850156 	0.94627346
0.0012419064 	-0.044433675 	-0.046450988 	0.96440318
0.0013003077 	-0.053653582 	-0.052422656 	0.98136027
0.0013579017 	-0.061495717 	-0.057220885 	0.99505385
0.0014146996 	-0.067423764 	-0.060157931 	1.0034925
0.0014707124 	-0.071204138 	-0.060480879 	1.0052977
0.0015259509 	-0.072980555 	-0.058279741 	1.0002353
0.001580426 	-0.07318172 	-0.054796248 	0.98967506
0.001634148 	-0.072252932 	-0.05173851 	0.97604253
0.0016871274 	-0.070409065 	-0.050081588 	0.9617197
0.0017393745 	-0.067627221 	-0.049460245 	0.94782835
0.0017908994 	-0.064190788 	-0.048577552 	0.93398954
0.0018417121 	-0.060828549 	-0.046217596 	0.91944101
0.0018918224 	-0.058001885 	-0.042247151 	0.90482538
0.0019412401 	-0.055853565 	-0.037937841 	0.89293185
0.0019899746 	-0.05469949 	-0.034656856 	0.88614062
0.0020380356 	-0.054715234 	-0.032844428 	0.88372147
0.0020854322 	-0.056011919 	-0.03266781 	0.88299411
0.0021321736 	-0.058336716 	-0.03412266 	0.88047884
0.002178269 	-0.061078072 	-0.03683501 	0.87322517
0.0022237272 	-0.063613012 	-0.040151098 	0.85980382
0.002268557 	-0.065589786 	-0.043269813 	0.84076494
0.0023127672 	-0.066938849 	-0.045287479 	0.81840255
0.0023563662 	-0.067719249 	-0.045428995 	0.79583909
0.0023993626 	-0.06801132 	-0.043323645 	0.77570221
0.0024417647 	-0.067894792 	-0.039176371 	0.7591921
0.0024835806 	-0.067458313 	-0.033658569 	0.74614955
0.0025248186 	-0.066772578 	-0.027549219 	0.73579919
0.0025654865 	-0.065860689 	-0.021536869 	0.72734424
0.0026055923 	-0.064671541 	-0.016342554 	0.72003547
0.0026451437 	-0.063089713 	-0.012699161 	0.71300857
0.0026841484 	-0.060960946 	-0.011342179 	0.7053716
0.002722614 	-0.058115369 	-0.012771438 	0.69649951
0.0027605478 	-0.054441127 	-0.017033166 	0.68624858
0.0027979573 	-0.049996033 	-0.023354981 	0.67499899
0.0028348498 	-0.045149587 	-0.02969093 	0.66360019
0.0028712322 	-0.040768235 	-0.03348955 	0.65302027
0.0029071118 	-0.038078467 	-0.034200996 	0.64377492
0.0029424953 	-0.038121619 	-0.034116106 	0.6355486
0.0029773898 	-0.040684322 	-0.035384331 	0.62753604
0.003011802 	-0.044261762 	-0.037884221 	0.61939605
0.0030457385 	-0.047440869 	-0.040400581 	0.61164072
0.0030792059 	-0.0495666 	-0.042245492 	0.60499933
0.0031122107 	-0.050449197 	-0.043578008 	0.59967984
0.0031447592 	-0.050009431 	-0.044891214 	0.59534634
0.0031768579 	-0.048196191 	-0.046495696 	0.59146687
0.0032085129 	-0.04501872 	-0.04835634 	0.58760345
0.0032397303 	-0.040575269 	-0.050180707 	0.58354022
0.0032705162 	-0.03507011 	-0.051571573 	0.57930434
0.0033008765 	-0.028803334 	-0.0521591 	0.57513851
0.0033308172 	-0.022126081 	-0.05169035 	0.57141594
0.0033603441 	-0.015382111 	-0.050076831 	0.56851286
0.0033894627 	-0.008859112 	-0.047400345 	0.56669172
0.0034181789 	-0.0027637466 	-0.043874756 	0.5660419
0.0034464982 	0.0027861198 	-0.039797731 	0.56648818
0.003474426 	0.0077369261 	-0.035487803 	0.56784757
0.0035019678 	0.01207757 	-0.031232445 	0.56989636
0.0035291288 	0.01582617 	-0.027245892 	0.57241745
0.0035559144 	0.019009095 	-0.023651567 	0.57521668
0.0035823298 	0.021652035 	-0.020489614 	0.57811207
0.0036083801 	0.023775265 	-0.017742633 	0.58090764
0.0036340702 	0.025391103 	-0.015368168 	0.58336221
0.0036594053 	0.026500639 	-0.01332661 	0.58516024
0.0036843901 	0.027090816 	-0.011594197 	0.58588863
0.0037090296 	0.027133388 	-0.010152601 	0.58502128
0.0037333285 	0.026585089 	-0.0089431833 	0.58190228
0.0037572915 	0.02540047 	-0.0077917103 	0.57575121
0.0037809233 	0.023543059 	-0.0063223031 	0.56554218
0.0038042285 	0.020993387 	-0.0039404328 	0.54980184
0.0038272115 	0.017832511 	-2.1729758e-05 	0.52649216
0.0038498768 	0.014282794 	0.0056417487 	0.49308113
0.0038722288 	0.010669247 	0.012344571 	0.44713472
0.0038942718 	0.0073358338 	0.018384982 	0.38735884
0.0039160102 	0.004519976 	0.021673517 	0.31446154
0.003937448 	0.002331619 	0.020717829 	0.2310951
0.0039585896 	0.0008263513 	0.015242764 	0.1408754
0.0039794389 	7.289777e-05 	0.0059802573 	0.047316383
0.004 	0.00012675322 	-9.040948e-05 	0.047733413
