0 	-0.029988567 	-0.010098022 	0.97335102
5.5555556e-05 	0.012918532 	0.029834397 	0.9687209
0.00011111111 	0.020685092 	0.025749632 	0.96684331
0.00016666667 	0.025740911 	0.021516605 	0.96538814
0.00022222222 	0.029267197 	0.017096849 	0.96449281
0.00027777778 	0.031360663 	0.012600049 	0.96428748
0.00033333333 	0.031888454 	0.0082340507 	0.96486438
0.00038888889 	0.030745243 	0.0042560561 	0.96625743
0.00044444444 	0.027998481 	0.00090180481 	0.96841837
0.0005 	0.023936319 	-0.0017106568 	0.971221
0.00055555556 	0.019036716 	-0.0036087521 	0.97449186
0.00061111111 	0.013873719 	-0.0049390973 	0.97805663
0.00066666667 	0.0089977275 	-0.0058922947 	0.9817792
0.00072222222 	0.0048429125 	-0.0066089392 	0.98558003
0.00077777778 	0.0016749263 	-0.0071267791 	0.98943871
0.00083333333 	-0.00036970098 	-0.0073844162 	0.99337893
0.00088888889 	-0.0013016841 	-0.007260846 	0.99743419
0.00094444444 	-0.0012063544 	-0.0066913412 	1.0015937
0.001 	3.0619076e-05 	-0.0054711957 	1.0060315
0.0010617224 	0.0024046454 	-0.0036625702 	1.0104144
0.0011225923 	0.0055445535 	-0.0014148717 	1.014217
0.0011826215 	0.0091935743 	0.0010985717 	1.0172322
0.0012418217 	0.013215613 	0.0037484041 	1.0193727
0.0013002041 	0.017494384 	0.0064549081 	1.0206012
0.0013577803 	0.021930992 	0.009195668 	1.0209235
0.0014145612 	0.026434219 	0.011988105 	1.020322
0.0014705579 	0.030879544 	0.01489239 	1.0187157
0.0015257812 	0.035101349 	0.018013526 	1.0159546
0.0015802418 	0.038864623 	0.021558867 	1.0118728
0.0016339502 	0.041879226 	0.025909431 	1.0064922
0.0016869168 	0.04382759 	0.031744739 	1.0002947
0.0017391518 	0.044525694 	0.04043083 	0.99375162
0.0017906654 	0.044238546 	0.053612215 	0.98573004
0.0018414676 	0.043307076 	0.069852603 	0.97365609
0.0018915681 	0.04126543 	0.082688496 	0.95765249
0.0019409766 	0.037294183 	0.086141814 	0.94217526
0.0019897027 	0.031436518 	0.07972 	0.93140139
0.0020377558 	0.024635586 	0.066819058 	0.92601478
0.0020851453 	0.017892983 	0.051316816 	0.92449861
0.0021318802 	0.011821111 	0.036008278 	0.9252272
0.0021779697 	0.0066308379 	0.022517149 	0.92719076
0.0022234225 	0.0023119499 	0.011771219 	0.92979914
0.0022682477 	-0.0012049254 	0.0041717731 	0.93261666
0.0023124537 	-0.0039683458 	-0.00030711213 	0.93523703
0.0023560491 	-0.0060143626 	-0.0020120921 	0.93735391
0.0023990425 	-0.007437677 	-0.0015078018 	0.93880931
0.002441442 	-0.0083246951 	0.00054472506 	0.93963524
0.002483256 	-0.0087348003 	0.0034774204 	0.94000624
0.0025244924 	-0.0087138026 	0.0067106125 	0.94015869
0.0025651593 	-0.008281289 	0.0098022912 	0.94029256
0.0026052645 	-0.0074723279 	0.012466377 	0.94052074
0.0026448158 	-0.0063011504 	0.014558966 	0.94084947
0.0026838209 	-0.0047551318 	0.016035213 	0.94119073
0.0027222872 	-0.002860917 	0.016896557 	0.94140029
0.0027602223 	-0.00065949663 	0.017153584 	0.94128698
0.0027976334 	0.0018172178 	0.016782075 	0.94069445
0.0028345278 	0.0045242648 	0.015702887 	0.93953526
0.0028709126 	0.0073332595 	0.013791436 	0.93783812
0.002906795 	0.010117328 	0.010929384 	0.93573844
0.0029421817 	0.012766166 	0.0070640396 	0.93341595
0.0029770797 	0.015184208 	0.0022998377 	0.93100988
0.0030114957 	0.017316694 	-0.0030439684 	0.9285347
0.0030454363 	0.019143779 	-0.0084326626 	0.92585872
0.0030789082 	0.020666389 	-0.013219026 	0.92276531
0.0031119178 	0.021870768 	-0.016808348 	0.9190617
0.0031444715 	0.022720824 	-0.018826766 	0.91466838
0.0031765755 	0.023162361 	-0.01921968 	0.90965391
0.0032082362 	0.023140608 	-0.018235954 	0.9041991
0.0032394596 	0.022611453 	-0.016317344 	0.8985383
0.0032702517 	0.02154661 	-0.013946823 	0.89290686
0.0033006186 	0.01993708 	-0.011517406 	0.88751718
0.003330566 	0.017804368 	-0.0092668636 	0.88255171
0.0033600998 	0.015180213 	-0.0072778073 	0.87813827
0.0033892257 	0.012136457 	-0.0055232899 	0.87426829
0.0034179494 	0.0088392919 	-0.0039519626 	0.87065714
0.0034462763 	0.0055389752 	-0.0025834928 	0.86661896
0.003474212 	0.0025452903 	-0.0015539166 	0.86101317
0.0035017619 	0.00018584515 	-0.0011112229 	0.85236037
0.0035289312 	-0.0012612694 	-0.0015503186 	0.83914345
0.0035557253 	-0.0016428873 	-0.0031076272 	0.82023008
0.0035821494 	-0.0010058353 	-0.0058492083 	0.79527906
0.0036082084 	0.00036071218 	-0.0095896947 	0.76491657
0.0036339076 	0.0020813012 	-0.013897925 	0.73059543
0.0036592518 	0.0037891606 	-0.018182763 	0.69413731
0.003684246 	0.0051490188 	-0.021829722 	0.65716446
0.003708895 	0.0059660496 	-0.024374345 	0.62067289
0.0037332035 	0.006199261 	-0.025604839 	0.58488302
0.0037571763 	0.0059248415 	-0.02557781 	0.54935304
0.003780818 	0.0052837688 	-0.024549329 	0.51322776
0.0038041332 	0.0044357249 	-0.022857647 	0.47548729
0.0038271264 	0.0035266562 	-0.02081084 	0.43512139
0.0038498019 	0.0026688669 	-0.018623923 	0.39123369
0.0038721643 	0.001930545 	-0.016414038 	0.34311672
0.0038942179 	0.0013344216 	-0.014223465 	0.29032339
0.0039159668 	0.00086863836 	-0.012025388 	0.23272937
0.0039374154 	0.00050586935 	-0.0096832407 	0.1705676
0.0039585677 	0.00022763125 	-0.0068655682 	0.10444451
0.0039794279 	3.9825755e-05 	-0.0029581075 	0.035394387
0.004 	3.9825755e-05 	-0.0029581075 	0.035394387
