0 	-0.029988567 	-0.010098022 	0.97335102
5.5555556e-05 	0.019103169 	-0.015706068 	0.96890825
0.00011111111 	0.018930461 	-0.0088085326 	0.96602617
0.00016666667 	0.017607222 	-0.0028707649 	0.96249757
0.00022222222 	0.016335771 	0.0027158662 	0.95860045
0.00027777778 	0.015509869 	0.0079700871 	0.95465992
0.00033333333 	0.015343884 	0.012883586 	0.95087071
0.00038888889 	0.015960351 	0.017475911 	0.94726095
0.00044444444 	0.017385514 	0.021723338 	0.94371091
0.0005 	0.019553896 	0.025523049 	0.9399674
0.00055555556 	0.022353492 	0.028736892 	0.93567499
0.00061111111 	0.025664762 	0.03127571 	0.93050806
0.00066666667 	0.02936408 	0.033118221 	0.92432481
0.00072222222 	0.033313442 	0.034253482 	0.91726047
0.00077777778 	0.037344993 	0.034586989 	0.90965291
0.00083333333 	0.041387612 	0.034053386 	0.90191071
0.00088888889 	0.045476614 	0.032844504 	0.89443185
0.00094444444 	0.049917604 	0.03146735 	0.88766699
0.001 	0.055318868 	0.030516867 	0.88202009
0.0010617451 	0.061658299 	0.030044432 	0.87847046
0.0011226367 	0.068151397 	0.029256155 	0.87755515
0.0011826866 	0.074036687 	0.027203304 	0.87912766
0.0012419064 	0.078633622 	0.023497111 	0.88289451
0.0013003077 	0.081643698 	0.018332104 	0.88858275
0.0013579017 	0.082851261 	0.012244128 	0.89589715
0.0014146996 	0.082245475 	0.0060132109 	0.9044186
0.0014707124 	0.080108617 	0.00040036313 	0.91354413
0.0015259509 	0.077038965 	-0.0041458583 	0.9225395
0.001580426 	0.07369759 	-0.0079358785 	0.93084691
0.001634148 	0.070426462 	-0.011950393 	0.93841179
0.0016871274 	0.067290691 	-0.0172301 	0.94548997
0.0017393745 	0.064201904 	-0.023963928 	0.95208247
0.0017908994 	0.061200738 	-0.031139336 	0.95752557
0.0018417121 	0.058444921 	-0.037295639 	0.96061087
0.0018918224 	0.055939032 	-0.041597166 	0.96059577
0.0019412401 	0.053369283 	-0.044130155 	0.9581487
0.0019899746 	0.050252001 	-0.045459192 	0.95496839
0.0020380356 	0.046527148 	-0.046044852 	0.95225112
0.0020854322 	0.042610124 	-0.04606454 	0.95017657
0.0021321736 	0.038954026 	-0.045421416 	0.9482158
0.002178269 	0.03605141 	-0.043956664 	0.94552167
0.0022237272 	0.034215983 	-0.04148124 	0.9415059
0.002268557 	0.033367537 	-0.037903023 	0.93618438
0.0023127672 	0.033084832 	-0.033287834 	0.93018693
0.0023563662 	0.032787216 	-0.027871747 	0.92444599
0.0023993626 	0.031945901 	-0.022008257 	0.91977416
0.0024417647 	0.030228574 	-0.016139194 	0.91656512
0.0024835806 	0.027553037 	-0.010791313 	0.91483548
0.0025248186 	0.024024963 	-0.0065962603 	0.91443763
0.0025654865 	0.019887121 	-0.0042966615 	0.91506492
0.0026055923 	0.01559584 	-0.004643219 	0.91593306
0.0026451437 	0.011792177 	-0.0082071716 	0.91545536
0.0026841484 	0.0092042034 	-0.015045542 	0.91139747
0.002722614 	0.0084636257 	-0.02445187 	0.9016903
0.0027605478 	0.0097951084 	-0.034930102 	0.88556742
0.0027979573 	0.012794341 	-0.044537186 	0.86429859
0.0028348498 	0.01636265 	-0.051431643 	0.84094555
0.0028712322 	0.019346875 	-0.054481612 	0.81900556
0.0029071118 	0.020988109 	-0.053647478 	0.80079988
0.0029424953 	0.021051725 	-0.049946067 	0.7866156
0.0029773898 	0.020028938 	-0.044870393 	0.77526148
0.003011802 	0.018645558 	-0.039524784 	0.76533263
0.0030457385 	0.017394755 	-0.034235762 	0.75589784
0.0030792059 	0.016505355 	-0.028893213 	0.74633634
0.0031122107 	0.016033388 	-0.023420181 	0.73612804
0.0031447592 	0.016061611 	-0.017962487 	0.72479176
0.0031768579 	0.016599703 	-0.012848793 	0.71198109
0.0032085129 	0.017586238 	-0.008450291 	0.69757005
0.0032397303 	0.018986808 	-0.0050511671 	0.68170201
0.0032705162 	0.02068484 	-0.0028261343 	0.66476685
0.0033008765 	0.022559924 	-0.0018333485 	0.64732315
0.0033308172 	0.024540788 	-0.002023452 	0.62997937
0.0033603441 	0.026524826 	-0.00324296 	0.61333105
0.0033894627 	0.028382364 	-0.0052420857 	0.5978377
0.0034181789 	0.030106837 	-0.0076842017 	0.583834
0.0034464982 	0.03171176 	-0.010263517 	0.57149966
0.003474426 	0.033128962 	-0.012663058 	0.56089503
0.0035019678 	0.034294982 	-0.014591518 	0.55206933
0.0035291288 	0.035121286 	-0.015809443 	0.54511323
0.0035559144 	0.035484947 	-0.01614965 	0.54014255
0.0035823298 	0.035253463 	-0.015544684 	0.53722534
0.0036083801 	0.034335824 	-0.014049276 	0.53628383
0.0036340702 	0.032724064 	-0.011808701 	0.53700889
0.0036594053 	0.030503091 	-0.0090130987 	0.53880807
0.0036843901 	0.027833254 	-0.0058612095 	0.54077015
0.0037090296 	0.024918014 	-0.0025581483 	0.54164109
0.0037333285 	0.021963372 	0.00065365451 	0.53984605
0.0037572915 	0.01913474 	0.003461872 	0.53361198
0.0037809233 	0.016523948 	0.0055032351 	0.52120823
0.0038042285 	0.014150459 	0.0064726579 	0.50123832
0.0038272115 	0.011962943 	0.0063008399 	0.47284943
0.0038498768 	0.0098698071 	0.0052919457 	0.43571782
0.0038722288 	0.0078056222 	0.0040688098 	0.38983979
0.0038942718 	0.0057700854 	0.0032725329 	0.33531511
0.0039160102 	0.0038384166 	0.003154726 	0.27232721
0.003937448 	0.0021391294 	0.0033541966 	0.20140808
0.0039585896 	0.00084064554 	0.0030759514 	0.12380173
0.0039794389 	9.8490741e-05 	0.0015637559 	0.041735049
0.004 	0.00013824845 	-0.00059002535 	0.044128744
