0 	0.028407649 	0.036886698 	1.054098
5.5555556e-05 	0.0085368318 	0.041229703 	1.0547881
0.00011111111 	0.0041517508 	0.037001422 	1.0557598
0.00016666667 	0.0036769889 	0.032118994 	1.0570364
0.00022222222 	0.0046985399 	0.027411475 	1.0585009
0.00027777778 	0.0062478143 	0.023192205 	1.0597918
0.00033333333 	0.0077277138 	0.019619771 	1.0602934
0.00038888889 	0.0086982453 	0.016767543 	1.0592841
0.00044444444 	0.0088420946 	0.014685677 	1.0562296
0.0005 	0.0079847932 	0.013430301 	1.0510262
0.00055555556 	0.0061323311 	0.013014656 	1.0440154
0.00061111111 	0.0034710674 	0.013324376 	1.0357672
0.00066666667 	0.0003115848 	0.014122167 	1.0268578
0.00072222222 	-0.0029932187 	0.015153375 	1.0177556
0.00077777778 	-0.006141371 	0.016275217 	1.0088125
0.00083333333 	-0.0089238077 	0.017524102 	1.0002935
0.00088888889 	-0.011240094 	0.019081547 	0.99240975
0.00094444444 	-0.013160196 	0.021146697 	0.98534123
0.001 	-0.014746275 	0.024014132 	0.97878622
0.0010617199 	-0.015947571 	0.027468809 	0.97282267
0.0011225874 	-0.016619576 	0.030513077 	0.96707715
0.0011826143 	-0.016520458 	0.031796887 	0.96052045
0.0012418122 	-0.015538881 	0.030490463 	0.95235336
0.0013001926 	-0.013927962 	0.027254426 	0.94256329
0.0013577668 	-0.012541983 	0.024650282 	0.93213607
0.0014145458 	-0.012664534 	0.025997004 	0.92280098
0.0014705407 	-0.015403959 	0.032916186 	0.91625153
0.0015257623 	-0.021030791 	0.043751359 	0.91300712
0.0015802213 	-0.028581703 	0.054669022 	0.9118441
0.0016339282 	-0.036134599 	0.062143457 	0.91069861
0.0016868934 	-0.041942082 	0.064785341 	0.90846644
0.0017391271 	-0.04547182 	0.063444173 	0.90567527
0.0017906395 	-0.047200903 	0.059899133 	0.90322686
0.0018414404 	-0.047725564 	0.055368367 	0.90115445
0.0018915398 	-0.047293832 	0.050333245 	0.89910483
0.0019409473 	-0.045876545 	0.045052829 	0.89708814
0.0019896725 	-0.043425512 	0.039813181 	0.89539798
0.0020377248 	-0.039922733 	0.034940079 	0.89422202
0.0020851134 	-0.035420004 	0.030843986 	0.89355378
0.0021318476 	-0.030133053 	0.027935043 	0.8932344
0.0021779364 	-0.024377775 	0.026443087 	0.89306952
0.0022233887 	-0.018487962 	0.026365374 	0.89293418
0.0022682133 	-0.012803172 	0.027394403 	0.89271707
0.0023124189 	-0.0076023892 	0.029036113 	0.89229361
0.0023560139 	-0.0030426645 	0.0307779 	0.89150469
0.0023990069 	0.00080366972 	0.032212801 	0.89021209
0.0024414062 	0.0038931846 	0.033065729 	0.88835591
0.0024832199 	0.0062167892 	0.033185805 	0.88605408
0.0025244562 	0.0077835036 	0.0324769 	0.88361936
0.002565123 	0.0086158809 	0.030893177 	0.88144354
0.0026052281 	0.0087707742 	0.0284377 	0.8797891
0.0026447794 	0.0083763339 	0.025169423 	0.87858794
0.0026837845 	0.0076301465 	0.021184475 	0.87741741
0.0027222509 	0.0067523155 	0.016640815 	0.87572053
0.0027601861 	0.0059273024 	0.011840165 	0.8731083
0.0027975974 	0.0052535918 	0.0072309724 	0.86946974
0.002834492 	0.0047677922 	0.0033206894 	0.86486465
0.0028708772 	0.0045056647 	0.0005473428 	0.85936327
0.0029067598 	0.0045417363 	-0.00085665235 	0.85300563
0.0029421469 	0.0050047714 	-0.0009236271 	0.84584237
0.0029770452 	0.0059997766 	4.8142475e-05 	0.83791369
0.0030114616 	0.0075399608 	0.0015713771 	0.82918777
0.0030454028 	0.009563194 	0.0030953254 	0.81954096
0.0030788752 	0.011956914 	0.0041097171 	0.80889088
0.0031118853 	0.014568 	0.0042019242 	0.79740663
0.0031444395 	0.01721894 	0.0030790828 	0.78559612
0.0031765442 	0.019719621 	0.00058754767 	0.77414875
0.0032082055 	0.021877112 	-0.003255128 	0.7636511
0.0032394295 	0.023488935 	-0.0082306154 	0.75447059
0.0032702223 	0.024197642 	-0.013854562 	0.7467449
0.0033005899 	0.023624908 	-0.019637908 	0.74097564
0.0033305381 	0.021531224 	-0.025397509 	0.73819647
0.0033600727 	0.01787649 	-0.031264985 	0.7388053
0.0033891994 	0.013078656 	-0.03729263 	0.74071238
0.0034179239 	0.0080559665 	-0.043039567 	0.73883036
0.0034462517 	0.003898959 	-0.047734965 	0.72709902
0.0034741882 	0.0013697907 	-0.05085156 	0.70170663
0.003501739 	0.00059225863 	-0.052430882 	0.66296902
0.0035289093 	0.0011309671 	-0.052882593 	0.61472525
0.0035557043 	0.0023190904 	-0.05257675 	0.56226624
0.0035821293 	0.003557005 	-0.05162151 	0.51042857
0.0036081894 	0.0044566213 	-0.049929343 	0.46262607
0.0036338895 	0.0048489106 	-0.047402739 	0.42065708
0.0036592348 	0.0047307457 	-0.044082268 	0.38490766
0.00368423 	0.0042056753 	-0.040161971 	0.35472055
0.00370888 	0.0034275653 	-0.035918027 	0.32882556
0.0037331896 	0.002554397 	-0.031624311 	0.30574174
0.0037571635 	0.0017169802 	-0.027499947 	0.28407537
0.0037808063 	0.0010044656 	-0.023693823 	0.2626841
0.0038041226 	0.00046296155 	-0.020290101 	0.24072739
0.0038271169 	0.00010213451 	-0.017318315 	0.21764652
0.0038497936 	-9.6120925e-05 	-0.01475931 	0.19311545
0.0038721572 	-0.00016639274 	-0.01254626 	0.16698833
0.0038942119 	-0.00015229844 	-0.01056499 	0.13925815
0.003915962 	-9.9402046e-05 	-0.0086590933 	0.11003231
0.0039374118 	-4.4404288e-05 	-0.0066443901 	0.079525234
0.0039585653 	-8.9478848e-06 	-0.0043363121 	0.04806076
0.0039794267 	3.8844199e-07 	-0.0015967227 	0.016074749
0.004 	-3.8851239e-05 	-0.00016162897 	0.019286569
