0 	-0.033695005 	0.0079550934 	0.97085641
5.5555556e-05 	-0.034851247 	-0.0060554803 	0.96602347
0.00011111111 	-0.034870141 	-0.0080934521 	0.96260135
0.00016666667 	-0.035161955 	-0.0075815652 	0.96079711
0.00022222222 	-0.035405499 	-0.0063370699 	0.96067925
0.00027777778 	-0.035482779 	-0.00509308 	0.96199691
0.00033333333 	-0.035385416 	-0.0042426679 	0.96423771
0.00038888889 	-0.035120004 	-0.0038864608 	0.96682651
0.00044444444 	-0.034658803 	-0.0038818852 	0.96929793
0.0005 	-0.033958881 	-0.0038970733 	0.97133385
0.00055555556 	-0.032995769 	-0.0035239027 	0.97272009
0.00061111111 	-0.03180535 	-0.002398043 	0.97330567
0.00066666667 	-0.030464835 	-0.00032555726 	0.9729979
0.00072222222 	-0.029079587 	0.0026830307 	0.97180602
0.00077777778 	-0.027764546 	0.0064166474 	0.96986122
0.00083333333 	-0.026563458 	0.010542303 	0.96740997
0.00088888889 	-0.025468529 	0.014730136 	0.96478439
0.00094444444 	-0.024392367 	0.018660318 	0.96235515
0.001 	-0.022967994 	0.022411242 	0.9603397
0.0010617199 	-0.02096693 	0.025773691 	0.95914247
0.0011225874 	-0.01842069 	0.028524399 	0.95894161
0.0011826143 	-0.015263474 	0.030773538 	0.95959509
0.0012418122 	-0.011644939 	0.032626 	0.96071662
0.0013001926 	-0.0077877578 	0.034189808 	0.9617242
0.0013577668 	-0.0039556002 	0.035550306 	0.96198102
0.0014145458 	-0.00042957553 	0.036729277 	0.96093347
0.0014705407 	0.002461944 	0.037637233 	0.95823492
0.0015257623 	0.0043467725 	0.038073276 	0.95381358
0.0015802213 	0.0048820994 	0.037817238 	0.94789068
0.0016339282 	0.0038919239 	0.036823531 	0.9409711
0.0016868934 	0.0015154938 	0.035304009 	0.93381196
0.0017391271 	-0.0017386852 	0.033623428 	0.92731267
0.0017906395 	-0.0052543186 	0.032028026 	0.92231995
0.0018414404 	-0.0085117134 	0.030518378 	0.91932096
0.0018915398 	-0.011115405 	0.028915204 	0.91812998
0.0019409473 	-0.012665711 	0.027029788 	0.91763064
0.0019896725 	-0.012607418 	0.025010654 	0.9158036
0.0020377248 	-0.010638926 	0.023464666 	0.91039504
0.0020851134 	-0.0070110117 	0.022397004 	0.90007417
0.0021318476 	-0.002269188 	0.020336135 	0.88564724
0.0021779364 	0.0028976649 	0.016451325 	0.8705394
0.0022233887 	0.0080653577 	0.011418527 	0.85860366
0.0022682133 	0.013101893 	0.0056317266 	0.85165842
0.0023124189 	0.017903086 	-0.0011180059 	0.84945594
0.0023560139 	0.022245924 	-0.0089224812 	0.85089524
0.0023990069 	0.02588108 	-0.017479325 	0.85487195
0.0024414062 	0.028697798 	-0.026323562 	0.86059457
0.0024832199 	0.030705336 	-0.034983831 	0.86752489
0.0025244562 	0.031931993 	-0.043046791 	0.87524615
0.002565123 	0.032389949 	-0.050147061 	0.88347242
0.0026052281 	0.03198379 	-0.056011576 	0.89206865
0.0026447794 	0.030560016 	-0.060558521 	0.90098631
0.0026837845 	0.027954139 	-0.064002988 	0.91007479
0.0027222509 	0.024120232 	-0.066897645 	0.91886161
0.0027601861 	0.019235839 	-0.070062732 	0.92633181
0.0027975974 	0.013678749 	-0.074361864 	0.93093283
0.002834492 	0.0080382841 	-0.080447184 	0.93084997
0.0028708772 	0.0028755952 	-0.088505068 	0.92454096
0.0029067598 	-0.0013952076 	-0.098110697 	0.91137529
0.0029421469 	-0.0045334286 	-0.10827634 	0.89199281
0.0029770452 	-0.0064860812 	-0.11767444 	0.86818292
0.0030114616 	-0.0072900189 	-0.1249404 	0.84233125
0.0030454028 	-0.0070205449 	-0.12893389 	0.81674802
0.0030788752 	-0.0057618606 	-0.12890531 	0.79319945
0.0031118853 	-0.0036182619 	-0.12456378 	0.77275598
0.0031444395 	-0.00074563348 	-0.11607007 	0.75593557
0.0031765442 	0.0026222075 	-0.1039737 	0.74296519
0.0032082055 	0.0061781685 	-0.089110528 	0.73399324
0.0032394295 	0.0095769432 	-0.072494386 	0.7291564
0.0032702223 	0.012490811 	-0.055180352 	0.72851178
0.0033005899 	0.014664717 	-0.03814289 	0.73190678
0.0033305381 	0.015946598 	-0.022169883 	0.73888002
0.0033600727 	0.016264323 	-0.007793989 	0.74864141
0.0033891994 	0.015668522 	0.0047489717 	0.76007282
0.0034179239 	0.014282112 	0.015554363 	0.77174213
0.0034462517 	0.012232567 	0.025013358 	0.78194183
0.0034741882 	0.0097402557 	0.033717423 	0.78864664
0.003501739 	0.0071337438 	0.042244024 	0.78960559
0.0035289093 	0.0047886452 	0.050839832 	0.78271344
0.0035557043 	0.0030321425 	0.059151218 	0.76666086
0.0035821293 	0.0020234515 	0.066196364 	0.74160915
0.0036081894 	0.001685085 	0.07066268 	0.70947265
0.0036338895 	0.0017438674 	0.071391217 	0.67349798
0.0036592348 	0.0018589012 	0.067807342 	0.63719355
0.00368423 	0.0017721355 	0.060132598 	0.60306491
0.00370888 	0.0013946723 	0.049365957 	0.57176868
0.0037331896 	0.00079443646 	0.037077365 	0.5420751
0.0037571635 	0.00011410757 	0.025057839 	0.51158591
0.0037808063 	-0.00048156036 	0.014896442 	0.477794
0.0038041226 	-0.00090085626 	0.0076000015 	0.43899489
0.0038271169 	-0.0011368819 	0.0033919244 	0.39473019
0.0038497936 	-0.0012027633 	0.0017694264 	0.34571319
0.0038721572 	-0.0011317171 	0.0017867105 	0.29340277
0.0038942119 	-0.000961616 	0.0024305783 	0.23943987
0.003915962 	-0.000728515 	0.0029292108 	0.18516852
0.0039374118 	-0.00046543849 	0.0028873432 	0.13138625
0.0039585653 	-0.00021489887 	0.0022281763 	0.078353188
0.0039794267 	-3.2534108e-05 	0.00098489977 	0.026007524
0.004 	-5.9674785e-06 	0.0021939347 	0.023456466
