0 	0.04886927 	0.14979726 	0.93077472
5.5555556e-05 	-0.1584906 	-0.015088517 	0.91217919
0.00011111111 	-0.15560462 	-0.02974399 	0.90224622
0.00016666667 	-0.1531588 	-0.033056285 	0.8929139
0.00022222222 	-0.15065411 	-0.032484037 	0.88492538
0.00027777778 	-0.1477181 	-0.030515891 	0.8787776
0.00033333333 	-0.14417462 	-0.028349711 	0.8746044
0.00038888889 	-0.13994262 	-0.026613046 	0.87220931
0.00044444444 	-0.13497337 	-0.025505118 	0.87127069
0.0005 	-0.12917313 	-0.024898147 	0.87169652
0.00055555556 	-0.12233278 	-0.024412221 	0.87398315
0.00061111111 	-0.11420066 	-0.023483382 	0.87922204
0.00066666667 	-0.10473068 	-0.021445721 	0.88846737
0.00072222222 	-0.094410911 	-0.017815704 	0.90165933
0.00077777778 	-0.084249015 	-0.012702181 	0.91704242
0.00083333333 	-0.075254128 	-0.006883567 	0.93189136
0.00088888889 	-0.067885047 	-0.0013792396 	0.94407068
0.00094444444 	-0.061964186 	0.0031831648 	0.95286309
0.001 	-0.056685029 	0.0070983266 	0.95877833
0.0010617451 	-0.052072489 	0.010703146 	0.96139343
0.0011226367 	-0.047850645 	0.014156566 	0.96208198
0.0011826866 	-0.0437153 	0.018507735 	0.96252064
0.0012419064 	-0.039511385 	0.024256062 	0.9639884
0.0013003077 	-0.034966384 	0.031259035 	0.96679842
0.0013579017 	-0.029990436 	0.038734323 	0.96990705
0.0014146996 	-0.024685451 	0.045693449 	0.97164693
0.0014707124 	-0.01925548 	0.051323319 	0.97065358
0.0015259509 	-0.013795561 	0.055062816 	0.96651128
0.001580426 	-0.0082340018 	0.056548693 	0.95951875
0.001634148 	-0.0024996266 	0.055587263 	0.95002131
0.0016871274 	0.0033031937 	0.052238676 	0.93804462
0.0017393745 	0.0088235753 	0.046952406 	0.92341046
0.0017908994 	0.013529951 	0.0405687 	0.90614487
0.0018417121 	0.016882947 	0.034131716 	0.88676025
0.0018918224 	0.018530227 	0.028588754 	0.8663139
0.0019412401 	0.018220606 	0.024649448 	0.84630023
0.0019899746 	0.015725581 	0.022844149 	0.82829714
0.0020380356 	0.010888561 	0.023598515 	0.81339056
0.0020854322 	0.0037653572 	0.027278149 	0.80124171
0.0021321736 	-0.0052723034 	0.033882845 	0.78914056
0.002178269 	-0.015651742 	0.042164791 	0.7725138
0.0022237272 	-0.026879861 	0.048969954 	0.74869835
0.002268557 	-0.038699219 	0.049751911 	0.72061141
0.0023127672 	-0.051037012 	0.041601669 	0.69346296
0.0023563662 	-0.063436042 	0.026276415 	0.6684686
0.0023993626 	-0.074597677 	0.0094601556 	0.64591343
0.0024417647 	-0.083152809 	-0.0035120366 	0.63154843
0.0024835806 	-0.088922097 	-0.011360352 	0.62993435
0.0025248186 	-0.092880378 	-0.017106885 	0.63506683
0.0025654865 	-0.095734997 	-0.024277857 	0.63791155
0.0026055923 	-0.097235047 	-0.032515253 	0.63699603
0.0026451437 	-0.097264588 	-0.03963839 	0.63508466
0.0026841484 	-0.095971152 	-0.04477281 	0.6335716
0.002722614 	-0.093516523 	-0.0481024 	0.63261357
0.0027605478 	-0.090033951 	-0.049878854 	0.63217457
0.0027979573 	-0.085683063 	-0.050248712 	0.63219662
0.0028348498 	-0.080646125 	-0.049298572 	0.63264573
0.0028712322 	-0.075104025 	-0.047089076 	0.6334916
0.0029071118 	-0.069207949 	-0.043669022 	0.63466566
0.0029424953 	-0.063074138 	-0.039084246 	0.63602953
0.0029773898 	-0.056783638 	-0.033374166 	0.63735487
0.003011802 	-0.050355333 	-0.026583599 	0.63831635
0.0030457385 	-0.04372503 	-0.01879069 	0.63853324
0.0030792059 	-0.036775861 	-0.010148451 	0.63763538
0.0031122107 	-0.029435626 	-0.00090219105 	0.63536888
0.0031447592 	-0.021658619 	0.008572011 	0.63166892
0.0031768579 	-0.013459756 	0.017774001 	0.62671203
0.0032085129 	-0.0049695612 	0.026179924 	0.62091382
0.0032397303 	0.0035957569 	0.033326548 	0.61485421
0.0032705162 	0.011930787 	0.038882948 	0.60917133
0.0033008765 	0.019696846 	0.04269098 	0.60449655
0.0033308172 	0.026598067 	0.044770443 	0.60138893
0.0033603441 	0.032373425 	0.045314065 	0.60031375
0.0033894627 	0.036820355 	0.04462654 	0.60162828
0.0034181789 	0.039799875 	0.043036409 	0.6055513
0.0034464982 	0.041235697 	0.040792753 	0.61211408
0.003474426 	0.041111007 	0.037994165 	0.62112545
0.0035019678 	0.039467463 	0.03461481 	0.63218892
0.0035291288 	0.036412591 	0.030602405 	0.64474995
0.0035559144 	0.032139702 	0.025961534 	0.6580735
0.0035823298 	0.026958417 	0.020744688 	0.67104915
0.0036083801 	0.021331228 	0.014988034 	0.68180953
0.0036340702 	0.015770329 	0.0086451041 	0.68738969
0.0036594053 	0.010788956 	0.0015558269 	0.68371726
0.0036843901 	0.0068077472 	-0.0064279206 	0.66651656
0.0037090296 	0.0039686555 	-0.015260014 	0.63327627
0.0037333285 	0.002054093 	-0.02448439 	0.58522043
0.0037572915 	0.00068138667 	-0.03306547 	0.52748584
0.0037809233 	-0.0004259941 	-0.039577563 	0.46670824
0.0038042285 	-0.001311283 	-0.042780777 	0.40801045
0.0038272115 	-0.0019016139 	-0.042263784 	0.35365437
0.0038498768 	-0.0021745506 	-0.038620432 	0.30354537
0.0038722288 	-0.002144218 	-0.033049909 	0.25635625
0.0038942718 	-0.0018619599 	-0.026764325 	0.21050802
0.0039160102 	-0.0014017417 	-0.020579529 	0.16478275
0.003937448 	-0.00085919194 	-0.014791182 	0.11854986
0.0039585896 	-0.00035454913 	-0.0092410953 	0.071678603
0.0039794389 	-3.3686806e-05 	-0.0034298596 	0.024236944
0.004 	-3.618576e-05 	-0.0030099818 	0.026990171
