0 	0.00095722176 	-0.034271183 	1.0393535
2.0100503e-05 	-0.032885626 	0.00058848396 	1.039782
4.0201005e-05 	-0.032885626 	0.00058848396 	1.039782
6.0301508e-05 	-0.026895514 	0.016535659 	1.0400643
8.040201e-05 	-0.026895514 	0.016535659 	1.0400643
0.00010050251 	-0.026895514 	0.016535659 	1.0400643
0.00012060302 	-0.021808051 	0.021268943 	1.040048
0.00014070352 	-0.021808051 	0.021268943 	1.040048
0.00016080402 	-0.021808051 	0.021268943 	1.040048
0.00018090452 	-0.01720691 	0.024296063 	1.0395839
0.00020100503 	-0.01720691 	0.024296063 	1.0395839
0.00022110553 	-0.01720691 	0.024296063 	1.0395839
0.00024120603 	-0.012509306 	0.027001701 	1.0385406
0.00026130653 	-0.0071876496 	0.028848248 	1.0397504
0.00028140704 	-0.0029082854 	0.03037569 	1.0384029
0.00030150754 	-0.0029082854 	0.03037569 	1.0384029
0.00032160804 	-0.0029082854 	0.03037569 	1.0384029
0.00034170854 	0.0018955389 	0.032287415 	1.0364323
0.00036180905 	-0.0022990069 	0.032510318 	1.0344206
0.00038190955 	-0.0022990069 	0.032510318 	1.0344206
0.00040201005 	0.0031345589 	0.035334095 	1.0313862
0.00042211055 	0.0031345589 	0.035334095 	1.0313862
0.00044221106 	0.0031345589 	0.035334095 	1.0313862
0.00046231156 	0.0086205645 	0.038084833 	1.0278924
0.00048241206 	0.0086205645 	0.038084833 	1.0278924
0.00050251256 	0.013993046 	0.040612095 	1.024181
0.00052261307 	0.013993046 	0.040612095 	1.024181
0.00054271357 	0.013993046 	0.040612095 	1.024181
0.00056281407 	0.021636155 	0.040157789 	1.0254257
0.00058291457 	0.021636155 	0.040157789 	1.0254257
0.00060301508 	0.021636155 	0.040157789 	1.0254257
0.00062311558 	0.025741486 	0.041190837 	1.0230113
0.00064321608 	0.025741486 	0.041190837 	1.0230113
0.00066331658 	0.025741486 	0.041190837 	1.0230113
0.00068341709 	0.029301227 	0.041511803 	1.0210828
0.00070351759 	0.029301227 	0.041511803 	1.0210828
0.00072361809 	0.032288773 	0.041045786 	1.0197009
0.00074371859 	0.032288773 	0.041045786 	1.0197009
0.0007638191 	0.032288773 	0.041045786 	1.0197009
0.0007839196 	0.034690523 	0.039777724 	1.0188741
0.0008040201 	0.034542695 	0.044334021 	1.0108284
0.0008241206 	0.034542695 	0.044334021 	1.0108284
0.00084422111 	0.036932972 	0.042708112 	1.0100571
0.00086432161 	0.036932972 	0.042708112 	1.0100571
0.00088442211 	0.036932972 	0.042708112 	1.0100571
0.00090452261 	0.03868962 	0.040371849 	1.0099045
0.00092462312 	0.03868962 	0.040371849 	1.0099045
0.00094472362 	0.039932234 	0.037467772 	1.0103695
0.00096482412 	0.039932234 	0.037467772 	1.0103695
0.00098492462 	0.039932234 	0.037467772 	1.0103695
0.0010050251 	0.039308482 	0.028453489 	1.0201139
0.0010251256 	0.040657987 	0.034108301 	1.0109259
0.0010452261 	0.040657987 	0.034108301 	1.0109259
0.0010653266 	0.040841969 	0.030484974 	1.0118099
0.0010854271 	0.040841969 	0.030484974 	1.0118099
0.0011055276 	0.040841969 	0.030484974 	1.0118099
0.0011256281 	0.040426349 	0.027022007 	1.0129011
0.0011457286 	0.040426349 	0.027022007 	1.0129011
0.0011658291 	0.040426349 	0.027022007 	1.0129011
0.0011859296 	0.038328745 	0.018396324 	1.0240385
0.0012060302 	0.039391494 	0.023982484 	1.0140962
0.0012261307 	0.039391494 	0.023982484 	1.0140962
0.0012462312 	0.037569633 	0.021427987 	1.0153853
0.0012663317 	0.037569633 	0.021427987 	1.0153853
0.0012864322 	0.037569633 	0.021427987 	1.0153853
0.0013065327 	0.034857116 	0.019378758 	1.0168112
0.0013266332 	0.034857116 	0.019378758 	1.0168112
0.0013467337 	0.034857116 	0.019378758 	1.0168112
0.0013668342 	0.031204051 	0.017857889 	1.0183849
0.0013869347 	0.031204051 	0.017857889 	1.0183849
0.0014070352 	0.031204051 	0.017857889 	1.0183849
0.0014271357 	0.02665134 	0.016883593 	1.0200263
0.0014472362 	0.02665134 	0.016883593 	1.0200263
0.0014673367 	0.02665134 	0.016883593 	1.0200263
0.0014874372 	0.021397621 	0.016467159 	1.0215084
0.0015075377 	0.021397621 	0.016467159 	1.0215084
0.0015276382 	0.015788298 	0.016548801 	1.0224415
0.0015477387 	0.015788298 	0.016548801 	1.0224415
0.0015678392 	0.015788298 	0.016548801 	1.0224415
0.0015879397 	0.010258719 	0.016924066 	1.0223308
0.0016080402 	0.010258719 	0.016924066 	1.0223308
0.0016281407 	0.010258719 	0.016924066 	1.0223308
0.0016482412 	0.0052576402 	0.017231156 	1.0207047
0.0016683417 	0.0052576402 	0.017231156 	1.0207047
0.0016884422 	0.0011361665 	0.016984521 	1.0172811
0.0017085427 	0.0011361665 	0.016984521 	1.0172811
0.0017286432 	0.0011361665 	0.016984521 	1.0172811
0.0017487437 	-0.0018845316 	0.015657935 	1.0120748
0.0017688442 	-0.0018845316 	0.015657935 	1.0120748
0.0017889447 	-0.0018845316 	0.015657935 	1.0120748
0.0018090452 	-0.0037454145 	0.012809223 	1.0053882
0.0018291457 	-0.0037454145 	0.012809223 	1.0053882
0.0018492462 	-0.0045349958 	0.008195725 	0.99772756
0.0018693467 	-0.0045349958 	0.008195725 	0.99772756
0.0018894472 	-0.0045349958 	0.008195725 	0.99772756
0.0019095477 	-0.0044473315 	0.001920452 	0.9897208
0.0019296482 	-0.0044473315 	0.001920452 	0.9897208
0.0019497487 	-0.0037479647 	-0.0055037678 	0.98203865
0.0019698492 	-0.0037479647 	-0.0055037678 	0.98203865
0.0019899497 	-0.002717123 	-0.013348303 	0.97521574
0.0020100503 	-0.002717123 	-0.013348303 	0.97521574
0.0020301508 	-0.002717123 	-0.013348303 	0.97521574
0.0020502513 	-0.001638156 	-0.020888068 	0.96945135
0.0020703518 	-0.001638156 	-0.020888068 	0.96945135
0.0020904523 	-0.00069430788 	-0.027701054 	0.96454159
0.0021105528 	-0.00069430788 	-0.027701054 	0.96454159
0.0021306533 	-0.00069430788 	-0.027701054 	0.96454159
0.0021507538 	6.7887246e-05 	-0.03369665 	0.96005869
0.0021708543 	6.7887246e-05 	-0.03369665 	0.96005869
0.0021909548 	0.00065443453 	-0.038972614 	0.95559907
0.0022110553 	0.00065443453 	-0.038972614 	0.95559907
0.0022311558 	0.0011077339 	-0.04366024 	0.95099605
0.0022512563 	0.0011077339 	-0.04366024 	0.95099605
0.0022713568 	0.0013897037 	-0.047801192 	0.94636052
0.0022914573 	0.0013897037 	-0.047801192 	0.94636052
0.0023115578 	0.0013897037 	-0.047801192 	0.94636052
0.0023316583 	0.0014061688 	-0.051355868 	0.94201736
0.0023517588 	0.0014061688 	-0.051355868 	0.94201736
0.0023718593 	0.0010353421 	-0.054241654 	0.93832793
0.0023919598 	0.0010353421 	-0.054241654 	0.93832793
0.0024120603 	0.00018757778 	-0.056404912 	0.9355526
0.0024321608 	0.00018757778 	-0.056404912 	0.9355526
0.0024522613 	-0.0010675942 	-0.057856224 	0.93375979
0.0024723618 	-0.0010675942 	-0.057856224 	0.93375979
0.0024924623 	-0.0025066167 	-0.058693025 	0.93282618
0.0025125628 	-0.0025066167 	-0.058693025 	0.93282618
0.0025326633 	-0.0037658019 	-0.059109992 	0.93251119
0.0025527638 	-0.0037658019 	-0.059109992 	0.93251119
0.0025728643 	-0.0044688999 	-0.059384653 	0.93254153
0.0025929648 	-0.0044688999 	-0.059384653 	0.93254153
0.0026130653 	-0.0043251277 	-0.059826663 	0.93268221
0.0026331658 	-0.0043251277 	-0.059826663 	0.93268221
0.0026532663 	-0.0032004588 	-0.060701993 	0.93277433
0.0026733668 	-0.0032004588 	-0.060701993 	0.93277433
0.0026934673 	-0.0011515635 	-0.062176245 	0.93274242
0.0027135678 	-0.0011515635 	-0.062176245 	0.93274242
0.0027336683 	0.0015803884 	-0.064288699 	0.93258418
0.0027537688 	0.0015803884 	-0.064288699 	0.93258418
0.0027738693 	0.0045964627 	-0.06693679 	0.93235053
0.0027939698 	0.0045964627 	-0.06693679 	0.93235053
0.0028140704 	0.0073885005 	-0.06985624 	0.93214497
0.0028341709 	0.0073885005 	-0.06985624 	0.93214497
0.0028542714 	0.0094049663 	-0.072602461 	0.93213053
0.0028743719 	0.010135066 	-0.07456035 	0.93250359
0.0028944724 	0.010135066 	-0.07456035 	0.93250359
0.0029145729 	0.0092292793 	-0.075066216 	0.93335058
0.0029346734 	0.0092292793 	-0.075066216 	0.93335058
0.0029547739 	0.0066359154 	-0.073583142 	0.93432923
0.0029748744 	0.0066359154 	-0.073583142 	0.93432923
0.0029949749 	0.0026885804 	-0.069920401 	0.93429375
0.0030150754 	-0.0019755587 	-0.064350896 	0.93122103
0.0030351759 	-0.0019755587 	-0.064350896 	0.93122103
0.0030552764 	-0.0066206991 	-0.0575378 	0.92276625
0.0030753769 	-0.0066206991 	-0.0575378 	0.92276625
0.0030954774 	-0.01069541 	-0.050320783 	0.90732363
0.0031155779 	-0.01404915 	-0.043487139 	0.8848913
0.0031356784 	-0.01404915 	-0.043487139 	0.8848913
0.0031557789 	-0.016858642 	-0.037665893 	0.85699221
0.0031758794 	-0.016858642 	-0.037665893 	0.85699221
0.0031959799 	-0.01937493 	-0.033339536 	0.82580648
0.0032160804 	-0.021730352 	-0.03079804 	0.79335589
0.0032361809 	-0.021730352 	-0.03079804 	0.79335589
0.0032562814 	-0.023921042 	-0.02994413 	0.76126736
0.0032763819 	-0.025895075 	-0.030123643 	0.73083754
0.0032964824 	-0.025895075 	-0.030123643 	0.73083754
0.0033165829 	-0.027617807 	-0.030210202 	0.70294034
0.0033366834 	-0.029085971 	-0.029016935 	0.67782099
0.0033567839 	-0.029085971 	-0.029016935 	0.67782099
0.0033768844 	-0.030322967 	-0.025813533 	0.65503448
0.0033969849 	-0.031355061 	-0.020633079 	0.63360382
0.0034170854 	-0.031355061 	-0.020633079 	0.63360382
0.0034371859 	-0.032157815 	-0.014210938 	0.61236998
0.0034572864 	-0.032559998 	-0.0076482584 	0.59028094
0.0034773869 	-0.032304434 	-0.0019999327 	0.56677946
0.0034974874 	-0.032304434 	-0.0019999327 	0.56677946
0.0035175879 	-0.031336891 	0.0019906055 	0.54210412
0.0035376884 	-0.029808154 	0.004038774 	0.51717559
0.0035577889 	-0.02792266 	0.0043036115 	0.49311885
0.0035778894 	-0.02792266 	0.0043036115 	0.49311885
0.0035979899 	-0.025889556 	0.0032574094 	0.47073053
0.0036180905 	-0.023845237 	0.0015047353 	0.45019963
0.003638191 	-0.021835831 	-0.00038094091 	0.43116179
0.0036582915 	-0.021835831 	-0.00038094091 	0.43116179
0.003678392 	-0.019854128 	-0.0019562041 	0.41297775
0.0036984925 	-0.0178956 	-0.0029382644 	0.3950263
0.003718593 	-0.015914406 	-0.0031897565 	0.37687668
0.0037386935 	-0.01390118 	-0.0027025176 	0.35824441
0.003758794 	-0.01193552 	-0.0015536765 	0.33889193
0.0037788945 	-0.01193552 	-0.0015536765 	0.33889193
0.003798995 	-0.010087851 	0.00010903304 	0.31853853
0.0038190955 	-0.0084028088 	0.0020748129 	0.29676849
0.003839196 	-0.0068914622 	0.0040768545 	0.27302472
0.0038592965 	-0.0055393902 	0.0058070152 	0.24667997
0.003879397 	-0.0043191538 	0.006948084 	0.21717042
0.0038994975 	-0.0032052071 	0.0072269702 	0.18415022
0.003919598 	-0.0021869017 	0.0064813431 	0.14762575
0.0039396985 	-0.001279193 	0.004733988 	0.10801316
0.003959799 	-0.00054089498 	0.0023082884 	0.066059844
0.0039798995 	-7.2048077e-05 	7.0970606e-05 	0.022545648
0.004 	-7.2048077e-05 	7.0970606e-05 	0.022545648
