0 	0.029017676 	-0.012192497 	1.0655536
5.5555625e-05 	0.021940873 	-0.027178953 	1.0724881
0.00011111111 	0.019942635 	-0.034312881 	1.079503
0.00016666667 	0.019858918 	-0.041294574 	1.0858809
0.00022222222 	0.020892164 	-0.049127554 	1.0909818
0.00027777778 	0.022862527 	-0.058027697 	1.0943257
0.00033333333 	0.025655538 	-0.067844879 	1.0956282
0.00038888889 	0.029045498 	-0.078021707 	1.0948449
0.00044444444 	0.032706161 	-0.087608528 	1.0921697
0.0005 	0.036328729 	-0.095482827 	1.0879326
0.00055555556 	0.039744549 	-0.10070723 	1.0824501
0.00061111111 	0.0429561 	-0.10284584 	1.0759429
0.00066666667 	0.046052459 	-0.1020658 	1.0685891
0.00072222222 	0.04915791 	-0.098997584 	1.0606009
0.00077777778 	0.052256819 	-0.094446336 	1.0522783
0.00083333333 	0.05539826 	-0.089195624 	1.0439839
0.00088888889 	0.058261083 	-0.083722507 	1.0360159
0.00094444444 	0.060873996 	-0.07842855 	1.0289083
0.001 	0.06303604 	-0.073116213 	1.0223849
0.0010617199 	0.064375041 	-0.067879327 	1.0170309
0.0011225874 	0.064556975 	-0.062953853 	1.0131422
0.0011826143 	0.063657472 	-0.058333445 	1.0105842
0.0012418122 	0.061770644 	-0.053962737 	1.0091109
0.0013001926 	0.059037703 	-0.049704238 	1.0083562
0.0013577668 	0.05569103 	-0.045342374 	1.0077639
0.0014145458 	0.051927177 	-0.040608895 	1.0066479
0.0014705407 	0.047848739 	-0.0353775 	1.0044977
0.0015257623 	0.043425571 	-0.029814578 	1.0012967
0.0015802213 	0.038500521 	-0.024327608 	0.99752482
0.0016339282 	0.032901674 	-0.019313525 	0.99376353
0.0016868934 	0.026568126 	-0.01491101 	0.99033405
0.0017391271 	0.019605974 	-0.011059746 	0.9874019
0.0017906395 	0.01232427 	-0.0078199877 	0.98533008
0.0018414404 	0.0051516453 	-0.0055269107 	0.98466483
0.0018915398 	-0.0014749281 	-0.0045759884 	0.98566601
0.0019409473 	-0.0071680601 	-0.004882539 	0.98796366
0.0019896725 	-0.011675829 	-0.0059726 	0.99070687
0.0020377248 	-0.014938969 	-0.0070927289 	0.99293925
0.0020851134 	-0.017076373 	-0.007591652 	0.99391016
0.0021318476 	-0.018270913 	-0.0071552204 	0.99319187
0.0021779364 	-0.018667649 	-0.0058589656 	0.99068663
0.0022233887 	-0.0183519 	-0.0040576102 	0.98660375
0.0022682133 	-0.017398901 	-0.0021801243 	0.98135543
0.0023124189 	-0.015899539 	-0.00056447502 	0.9753309
0.0023560139 	-0.013945031 	0.00059561479 	0.96874884
0.0023990069 	-0.011605749 	0.0012103632 	0.9617153
0.0024414062 	-0.0089629624 	0.0012773504 	0.95432629
0.0024832199 	-0.0061586966 	0.00090852129 	0.94673718
0.0025244562 	-0.0033775421 	0.00034175164 	0.9391403
0.002565123 	-0.00080309722 	-7.9733499e-05 	0.93172955
0.0026052281 	0.0014082692 	1.1266924e-05 	0.92464094
0.0026447794 	0.0031534171 	0.00089460724 	0.91792409
0.0026837845 	0.0043827943 	0.00267779 	0.91153153
0.0027222509 	0.0050793638 	0.0052917752 	0.90535591
0.0027601861 	0.0052322466 	0.0085661268 	0.89929158
0.0027975974 	0.0048127486 	0.01235412 	0.89328619
0.002834492 	0.0037757393 	0.016645769 	0.88735081
0.0028708772 	0.0020680191 	0.021592611 	0.88152715
0.0029067598 	-0.00034760723 	0.027456676 	0.87583743
0.0029421469 	-0.0034718887 	0.034462001 	0.87024314
0.0029770452 	-0.0072624355 	0.042637902 	0.86463108
0.0030114616 	-0.01162459 	0.051664954 	0.85880115
0.0030454028 	-0.016358162 	0.060759078 	0.85240634
0.0030788752 	-0.021065842 	0.068606159 	0.84482765
0.0031118853 	-0.025121196 	0.073499819 	0.83508335
0.0031444395 	-0.027777229 	0.073800504 	0.82189739
0.0031765442 	-0.028395744 	0.068563952 	0.80399385
0.0032082055 	-0.026687435 	0.058000653 	0.7805601
0.0032394295 	-0.022832681 	0.04351818 	0.75173737
0.0032702223 	-0.017465257 	0.02736809 	0.71888056
0.0033005899 	-0.011521829 	0.012061972 	0.68437799
0.0033305381 	-0.0060212531 	-0.00022392451 	0.65105735
0.0033600727 	-0.0018730661 	-0.0080735409 	0.62144916
0.0033891994 	0.00028762107 	-0.011032922 	0.59718238
0.0034179239 	0.00029564637 	-0.009489786 	0.57872681
0.0034462517 	-0.0015262485 	-0.004374651 	0.56556279
0.0034741882 	-0.0046594822 	0.003201315 	0.55653709
0.003501739 	-0.0084739668 	0.012224087 	0.55022376
0.0035289093 	-0.012269055 	0.021846774 	0.54525713
0.0035557043 	-0.015441785 	0.031369817 	0.54043382
0.0035821293 	-0.017531032 	0.040199936 	0.53481927
0.0036081894 	-0.018286685 	0.047803142 	0.52778922
0.0036338895 	-0.0176816 	0.053719292 	0.51906132
0.0036592348 	-0.015887418 	0.057611763 	0.50865087
0.00368423 	-0.013219742 	0.059321096 	0.49673749
0.00370888 	-0.010060372 	0.058891098 	0.48346665
0.0037331896 	-0.0067798475 	0.056553158 	0.46875593
0.0037571635 	-0.0036875995 	0.052679293 	0.45218839
0.0037808063 	-0.0010038708 	0.047715213 	0.43303696
0.0038041226 	0.0011052757 	0.042127492 	0.41037838
0.0038271169 	0.0025522908 	0.036355483 	0.38326289
0.0038497936 	0.003321043 	0.030760742 	0.3508238
0.0038721572 	0.0034353172 	0.025569994 	0.31235987
0.0038942119 	0.003003224 	0.020836949 	0.26744017
0.003915962 	0.0022134214 	0.016437236 	0.21607417
0.0039374118 	0.0013049465 	0.012130308 	0.15889255
0.0039585653 	0.0005215641 	0.007652008 	0.097194659
0.0039794267 	6.2390228e-05 	0.002774122 	0.03277372
0.004 	6.2390228e-05 	0.002774122 	0.03277372
