0 	0.0053927142 	0.0017819857 	1.0284864
2.0100503e-05 	-0.00046675737 	0.0048239154 	1.0188002
4.0201005e-05 	-0.00046675737 	0.0048239154 	1.0188002
6.0301508e-05 	-0.001836645 	0.0033387177 	1.0125452
8.040201e-05 	-0.001836645 	0.0033387177 	1.0125452
0.00010050251 	-0.001836645 	0.0033387177 	1.0125452
0.00012060302 	-0.0020145106 	0.0013485048 	1.0100062
0.00014070352 	-0.0020145106 	0.0013485048 	1.0100062
0.00016080402 	-0.0020145106 	0.0013485048 	1.0100062
0.00018090452 	-0.0022564599 	-0.0015291167 	1.0107218
0.00020100503 	-0.0022564599 	-0.0015291167 	1.0107218
0.00022110553 	-0.0022564599 	-0.0015291167 	1.0107218
0.00024120603 	-0.0027228504 	-0.005155665 	1.0136649
0.00026130653 	-0.0027228504 	-0.005155665 	1.0136649
0.00028140704 	-0.0035281749 	-0.0091633401 	1.017484
0.00030150754 	-0.0035281749 	-0.0091633401 	1.017484
0.00032160804 	-0.0035281749 	-0.0091633401 	1.017484
0.00034170854 	-0.0047929833 	-0.01325944 	1.0208937
0.00036180905 	-0.0047929833 	-0.01325944 	1.0208937
0.00038190955 	-0.0047929833 	-0.01325944 	1.0208937
0.00040201005 	-0.0065843908 	-0.017303114 	1.023072
0.00042211055 	-0.0065843908 	-0.017303114 	1.023072
0.00044221106 	-0.0065843908 	-0.017303114 	1.023072
0.00046231156 	-0.0088468609 	-0.021343642 	1.0238193
0.00048241206 	-0.0088468609 	-0.021343642 	1.0238193
0.00050251256 	-0.011341442 	-0.025463351 	1.02339
0.00052261307 	-0.011341442 	-0.025463351 	1.02339
0.00054271357 	-0.011341442 	-0.025463351 	1.02339
0.00056281407 	-0.013699521 	-0.029597263 	1.0221726
0.00058291457 	-0.013699521 	-0.029597263 	1.0221726
0.00060301508 	-0.013699521 	-0.029597263 	1.0221726
0.00062311558 	-0.0155794 	-0.033451772 	1.0204785
0.00064321608 	-0.0155794 	-0.033451772 	1.0204785
0.00066331658 	-0.0155794 	-0.033451772 	1.0204785
0.00068341709 	-0.016798727 	-0.036577923 	1.0184996
0.00070351759 	-0.016798727 	-0.036577923 	1.0184996
0.00072361809 	-0.017390384 	-0.038548971 	1.0163321
0.00074371859 	-0.017390384 	-0.038548971 	1.0163321
0.0007638191 	-0.017390384 	-0.038548971 	1.0163321
0.0007839196 	-0.017604837 	-0.039109734 	1.01395
0.0008040201 	-0.017604837 	-0.039109734 	1.01395
0.0008241206 	-0.017604837 	-0.039109734 	1.01395
0.00084422111 	-0.017824792 	-0.038258566 	1.0111368
0.00086432161 	-0.017824792 	-0.038258566 	1.0111368
0.00088442211 	-0.017824792 	-0.038258566 	1.0111368
0.00090452261 	-0.018466509 	-0.036169583 	1.0074483
0.00092462312 	-0.018466509 	-0.036169583 	1.0074483
0.00094472362 	-0.020028792 	-0.033119083 	1.0023907
0.00096482412 	-0.020028792 	-0.033119083 	1.0023907
0.00098492462 	-0.020028792 	-0.033119083 	1.0023907
0.0010050251 	-0.023765497 	-0.031570345 	0.98737707
0.0010251256 	-0.023765497 	-0.031570345 	0.98737707
0.0010452261 	-0.023765497 	-0.031570345 	0.98737707
0.0010653266 	-0.02809925 	-0.026808547 	0.97753869
0.0010854271 	-0.02809925 	-0.026808547 	0.97753869
0.0011055276 	-0.02809925 	-0.026808547 	0.97753869
0.0011256281 	-0.032561646 	-0.020874939 	0.96670653
0.0011457286 	-0.032561646 	-0.020874939 	0.96670653
0.0011658291 	-0.032561646 	-0.020874939 	0.96670653
0.0011859296 	-0.036404468 	-0.013403727 	0.95566326
0.0012060302 	-0.036404468 	-0.013403727 	0.95566326
0.0012261307 	-0.036404468 	-0.013403727 	0.95566326
0.0012462312 	-0.039119304 	-0.0044840074 	0.94503529
0.0012663317 	-0.039119304 	-0.0044840074 	0.94503529
0.0012864322 	-0.039119304 	-0.0044840074 	0.94503529
0.0013065327 	-0.040616548 	0.0050641432 	0.93513344
0.0013266332 	-0.040616548 	0.0050641432 	0.93513344
0.0013467337 	-0.040616548 	0.0050641432 	0.93513344
0.0013668342 	-0.041161848 	0.013900543 	0.92608068
0.0013869347 	-0.041161848 	0.013900543 	0.92608068
0.0014070352 	-0.041161848 	0.013900543 	0.92608068
0.0014271357 	-0.041107997 	0.020780006 	0.91800312
0.0014472362 	-0.041107997 	0.020780006 	0.91800312
0.0014673367 	-0.041107997 	0.020780006 	0.91800312
0.0014874372 	-0.040686311 	0.0250185 	0.91108342
0.0015075377 	-0.040686311 	0.0250185 	0.91108342
0.0015276382 	-0.040047264 	0.026453724 	0.90544907
0.0015477387 	-0.040047264 	0.026453724 	0.90544907
0.0015678392 	-0.040047264 	0.026453724 	0.90544907
0.0015879397 	-0.039413134 	0.025031134 	0.90103508
0.0016080402 	-0.039413134 	0.025031134 	0.90103508
0.0016281407 	-0.039413134 	0.025031134 	0.90103508
0.0016482412 	-0.039147316 	0.020602845 	0.89776996
0.0016683417 	-0.039147316 	0.020602845 	0.89776996
0.0016884422 	-0.039622845 	0.013179535 	0.89585239
0.0017085427 	-0.039622845 	0.013179535 	0.89585239
0.0017286432 	-0.039622845 	0.013179535 	0.89585239
0.0017487437 	-0.041030521 	0.0031345627 	0.89563074
0.0017688442 	-0.041030521 	0.0031345627 	0.89563074
0.0017889447 	-0.041030521 	0.0031345627 	0.89563074
0.0018090452 	-0.043210329 	-0.0089182343 	0.89693961
0.0018291457 	-0.043210329 	-0.0089182343 	0.89693961
0.0018492462 	-0.04581844 	-0.022254162 	0.89870238
0.0018693467 	-0.04581844 	-0.022254162 	0.89870238
0.0018894472 	-0.04581844 	-0.022254162 	0.89870238
0.0019095477 	-0.04853986 	-0.035816894 	0.8994531
0.0019296482 	-0.04853986 	-0.035816894 	0.8994531
0.0019497487 	-0.051129092 	-0.047952668 	0.89846157
0.0019698492 	-0.051129092 	-0.047952668 	0.89846157
0.0019899497 	-0.051129092 	-0.047952668 	0.89846157
0.0020100503 	-0.053471727 	-0.05679388 	0.89624395
0.0020301508 	-0.053471727 	-0.05679388 	0.89624395
0.0020502513 	-0.055504241 	-0.061251687 	0.89384828
0.0020703518 	-0.055504241 	-0.061251687 	0.89384828
0.0020904523 	-0.057125404 	-0.061473786 	0.89197276
0.0021105528 	-0.057125404 	-0.061473786 	0.89197276
0.0021306533 	-0.057125404 	-0.061473786 	0.89197276
0.0021507538 	-0.058172299 	-0.058343926 	0.89078976
0.0021708543 	-0.058172299 	-0.058343926 	0.89078976
0.0021909548 	-0.058468811 	-0.052799181 	0.89013643
0.0022110553 	-0.058468811 	-0.052799181 	0.89013643
0.0022311558 	-0.057876374 	-0.045571281 	0.88959386
0.0022512563 	-0.057876374 	-0.045571281 	0.88959386
0.0022713568 	-0.056306633 	-0.037130577 	0.88852424
0.0022914573 	-0.056306633 	-0.037130577 	0.88852424
0.0023115578 	-0.056306633 	-0.037130577 	0.88852424
0.0023316583 	-0.053774327 	-0.027624624 	0.88617811
0.0023517588 	-0.053774327 	-0.027624624 	0.88617811
0.0023718593 	-0.050482054 	-0.017002661 	0.88177897
0.0023919598 	-0.050482054 	-0.017002661 	0.88177897
0.0024120603 	-0.046859636 	-0.0054666357 	0.87450277
0.0024321608 	-0.046859636 	-0.0054666357 	0.87450277
0.0024522613 	-0.043456569 	0.0060350213 	0.86355572
0.0024723618 	-0.043456569 	0.0060350213 	0.86355572
0.0024924623 	-0.040673801 	0.015932309 	0.84864737
0.0025125628 	-0.040673801 	0.015932309 	0.84864737
0.0025326633 	-0.03863955 	0.022953846 	0.83081568
0.0025527638 	-0.03863955 	0.022953846 	0.83081568
0.0025728643 	-0.037402387 	0.027064317 	0.81250426
0.0025929648 	-0.037402387 	0.027064317 	0.81250426
0.0026130653 	-0.03686596 	0.029366189 	0.79645565
0.0026331658 	-0.03686596 	0.029366189 	0.79645565
0.0026532663 	-0.036681206 	0.031265648 	0.78449118
0.0026733668 	-0.036681206 	0.031265648 	0.78449118
0.0026934673 	-0.036405184 	0.033713552 	0.77688569
0.0027135678 	-0.036405184 	0.033713552 	0.77688569
0.0027336683 	-0.035580614 	0.036995134 	0.77269591
0.0027537688 	-0.035580614 	0.036995134 	0.77269591
0.0027738693 	-0.033877603 	0.040904935 	0.77051637
0.0027939698 	-0.033877603 	0.040904935 	0.77051637
0.0028140704 	-0.03121916 	0.045035436 	0.76913482
0.0028341709 	-0.03121916 	0.045035436 	0.76913482
0.0028542714 	-0.027772891 	0.04894203 	0.767857
0.0028743719 	-0.023869241 	0.052256463 	0.76650366
0.0028944724 	-0.023869241 	0.052256463 	0.76650366
0.0029145729 	-0.01992251 	0.054703399 	0.76518503
0.0029346734 	-0.01992251 	0.054703399 	0.76518503
0.0029547739 	-0.016341659 	0.056070928 	0.76407196
0.0029748744 	-0.016341659 	0.056070928 	0.76407196
0.0029949749 	-0.013463981 	0.056193975 	0.76323223
0.0030150754 	-0.011485606 	0.054944116 	0.76252444
0.0030351759 	-0.011485606 	0.054944116 	0.76252444
0.0030552764 	-0.010440948 	0.052214954 	0.76155517
0.0030753769 	-0.010440948 	0.052214954 	0.76155517
0.0030954774 	-0.010214826 	0.047884788 	0.75974853
0.0031155779 	-0.010568505 	0.041805327 	0.75654986
0.0031356784 	-0.010568505 	0.041805327 	0.75654986
0.0031557789 	-0.011201901 	0.033817574 	0.75170654
0.0031758794 	-0.011201901 	0.033817574 	0.75170654
0.0031959799 	-0.01180937 	0.023812062 	0.74546674
0.0032160804 	-0.012113318 	0.011828672 	0.73854819
0.0032361809 	-0.012113318 	0.011828672 	0.73854819
0.0032562814 	-0.011972883 	-0.0018556125 	0.73182894
0.0032763819 	-0.011221886 	-0.016653263 	0.72583923
0.0032964824 	-0.011221886 	-0.016653263 	0.72583923
0.0033165829 	-0.0097057221 	-0.031645331 	0.72049482
0.0033366834 	-0.0073898237 	-0.045741225 	0.71519329
0.0033567839 	-0.0073898237 	-0.045741225 	0.71519329
0.0033768844 	-0.0043395729 	-0.057871252 	0.70921882
0.0033969849 	-0.00070778778 	-0.067203644 	0.70216624
0.0034170854 	-0.00070778778 	-0.067203644 	0.70216624
0.0034371859 	0.0032875423 	-0.073274501 	0.69410297
0.0034572864 	0.0074318205 	-0.076000611 	0.68545089
0.0034773869 	0.011520319 	-0.075612666 	0.67672068
0.0034974874 	0.011520319 	-0.075612666 	0.67672068
0.0035175879 	0.015342911 	-0.072532055 	0.66831503
0.0035376884 	0.018665879 	-0.067208175 	0.6605742
0.0035577889 	0.021202065 	-0.059970638 	0.65404665
0.0035778894 	0.021202065 	-0.059970638 	0.65404665
0.0035979899 	0.022593624 	-0.051033968 	0.64968704
0.0036180905 	0.022464409 	-0.040760154 	0.64849658
0.003638191 	0.020588902 	-0.030049053 	0.65034906
0.0036582915 	0.020588902 	-0.030049053 	0.65034906
0.003678392 	0.017131071 	-0.02040896 	0.65243386
0.0036984925 	0.012820311 	-0.013401971 	0.64848164
0.003718593 	0.0088128414 	-0.0096006161 	0.63023963
0.0037386935 	0.0061686795 	-0.0080552406 	0.59157823
0.003758794 	0.0052528799 	-0.0070609288 	0.533005
0.0037788945 	0.0052528799 	-0.0070609288 	0.533005
0.003798995 	0.0055486386 	-0.0054972697 	0.46221328
0.0038190955 	0.0061469532 	-0.0033930865 	0.38964571
0.003839196 	0.0063726779 	-0.0013732367 	0.32310945
0.0038592965 	0.0060136287 	0.00011131739 	0.26557018
0.003879397 	0.0051781915 	0.0010291742 	0.21623897
0.0038994975 	0.0040721883 	0.0015682217 	0.1727223
0.003919598 	0.0028726156 	0.0018788345 	0.13260895
0.0039396985 	0.0017137966 	0.0019671073 	0.094167217
0.003959799 	0.00073680025 	0.0017060411 	0.056433999
0.0039798995 	0.00010011071 	0.00087108234 	0.018958893
0.004 	0.00010011071 	0.00087108234 	0.018958893
