0 	0.021506183 	-0.010967626 	1.0375839
2.0100503e-05 	0.021506183 	-0.010967626 	1.0375839
4.0201005e-05 	0.021506183 	-0.010967626 	1.0375839
6.0301508e-05 	0.014776155 	-0.016185847 	1.0408838
8.040201e-05 	0.014776155 	-0.016185847 	1.0408838
0.00010050251 	0.014776155 	-0.016185847 	1.0408838
0.00012060302 	0.014241638 	-0.014854402 	1.042857
0.00014070352 	0.014241638 	-0.014854402 	1.042857
0.00016080402 	0.014241638 	-0.014854402 	1.042857
0.00018090452 	0.015876466 	-0.012810138 	1.0441232
0.00020100503 	0.015876466 	-0.012810138 	1.0441232
0.00022110553 	0.015876466 	-0.012810138 	1.0441232
0.00024120603 	0.018684803 	-0.010721956 	1.0453803
0.00026130653 	0.018684803 	-0.010721956 	1.0453803
0.00028140704 	0.022210438 	-0.0087521818 	1.0471155
0.00030150754 	0.022210438 	-0.0087521818 	1.0471155
0.00032160804 	0.022210438 	-0.0087521818 	1.0471155
0.00034170854 	0.026100157 	-0.0069491329 	1.0494136
0.00036180905 	0.026100157 	-0.0069491329 	1.0494136
0.00038190955 	0.026100157 	-0.0069491329 	1.0494136
0.00040201005 	0.030065288 	-0.0053251553 	1.0519845
0.00042211055 	0.030065288 	-0.0053251553 	1.0519845
0.00044221106 	0.030065288 	-0.0053251553 	1.0519845
0.00046231156 	0.033881756 	-0.0038840852 	1.054395
0.00048241206 	0.033881756 	-0.0038840852 	1.054395
0.00050251256 	0.037373385 	-0.0026133003 	1.0562899
0.00052261307 	0.037373385 	-0.0026133003 	1.0562899
0.00054271357 	0.037373385 	-0.0026133003 	1.0562899
0.00056281407 	0.040397889 	-0.0014854496 	1.0574344
0.00058291457 	0.040397889 	-0.0014854496 	1.0574344
0.00060301508 	0.040397889 	-0.0014854496 	1.0574344
0.00062311558 	0.042855671 	-0.00041619581 	1.057653
0.00064321608 	0.042855671 	-0.00041619581 	1.057653
0.00066331658 	0.042855671 	-0.00041619581 	1.057653
0.00068341709 	0.044734051 	0.00068712602 	1.0567873
0.00070351759 	0.044734051 	0.00068712602 	1.0567873
0.00072361809 	0.04608581 	0.0018637335 	1.0547867
0.00074371859 	0.04608581 	0.0018637335 	1.0547867
0.0007638191 	0.04608581 	0.0018637335 	1.0547867
0.0007839196 	0.047034727 	-0.0021238632 	1.0511909
0.0008040201 	0.047034727 	-0.0021238632 	1.0511909
0.0008241206 	0.047034727 	-0.0021238632 	1.0511909
0.00084422111 	0.047653139 	-0.00079403388 	1.0472634
0.00086432161 	0.047406248 	0.004320795 	1.0481387
0.00088442211 	0.047406248 	0.004320795 	1.0481387
0.00090452261 	0.047875067 	0.0004840066 	1.0432407
0.00092462312 	0.047875067 	0.0004840066 	1.0432407
0.00094472362 	0.047656291 	0.0018581267 	1.0395883
0.00096482412 	0.047656291 	0.0018581267 	1.0395883
0.00098492462 	0.047060912 	0.006939858 	1.0406224
0.0010050251 	0.046143349 	0.008698954 	1.0375901
0.0010251256 	0.046143349 	0.008698954 	1.0375901
0.0010452261 	0.046143349 	0.008698954 	1.0375901
0.0010653266 	0.044543681 	0.010959878 	1.0357369
0.0010854271 	0.044543681 	0.010959878 	1.0357369
0.0011055276 	0.044543681 	0.010959878 	1.0357369
0.0011256281 	0.042448566 	0.013336584 	1.0351904
0.0011457286 	0.042448566 	0.013336584 	1.0351904
0.0011658291 	0.042448566 	0.013336584 	1.0351904
0.0011859296 	0.040032887 	0.015574138 	1.0354837
0.0012060302 	0.040032887 	0.015574138 	1.0354837
0.0012261307 	0.041112794 	0.011634531 	1.0348668
0.0012462312 	0.038697479 	0.014555226 	1.035588
0.0012663317 	0.037511871 	0.017518194 	1.0361187
0.0012864322 	0.037511871 	0.017518194 	1.0361187
0.0013065327 	0.035039523 	0.019209427 	1.0368505
0.0013266332 	0.035039523 	0.019209427 	1.0368505
0.0013467337 	0.035039523 	0.019209427 	1.0368505
0.0013668342 	0.03275639 	0.020821551 	1.0375755
0.0013869347 	0.03275639 	0.020821551 	1.0375755
0.0014070352 	0.03275639 	0.020821551 	1.0375755
0.0014271357 	0.030855444 	0.022504289 	1.0381092
0.0014472362 	0.030855444 	0.022504289 	1.0381092
0.0014673367 	0.030855444 	0.022504289 	1.0381092
0.0014874372 	0.029515129 	0.024300829 	1.0382084
0.0015075377 	0.029515129 	0.024300829 	1.0382084
0.0015276382 	0.028850023 	0.026173234 	1.0377395
0.0015477387 	0.028850023 	0.026173234 	1.0377395
0.0015678392 	0.028850023 	0.026173234 	1.0377395
0.0015879397 	0.028878035 	0.028024438 	1.0367659
0.0016080402 	0.028878035 	0.028024438 	1.0367659
0.0016281407 	0.028878035 	0.028024438 	1.0367659
0.0016482412 	0.029553103 	0.029712198 	1.035501
0.0016683417 	0.029553103 	0.029712198 	1.035501
0.0016884422 	0.030800062 	0.031077093 	1.0341687
0.0017085427 	0.030800062 	0.031077093 	1.0341687
0.0017286432 	0.030800062 	0.031077093 	1.0341687
0.0017487437 	0.032501841 	0.031974658 	1.032834
0.0017688442 	0.032501841 	0.031974658 	1.032834
0.0017889447 	0.032501841 	0.031974658 	1.032834
0.0018090452 	0.034584055 	0.032290835 	1.0313132
0.0018291457 	0.034584055 	0.032290835 	1.0313132
0.0018492462 	0.036941249 	0.032012206 	1.0291426
0.0018693467 	0.036941249 	0.032012206 	1.0291426
0.0018894472 	0.036941249 	0.032012206 	1.0291426
0.0019095477 	0.039393684 	0.031263368 	1.0257905
0.0019296482 	0.039393684 	0.031263368 	1.0257905
0.0019497487 	0.041853896 	0.030143782 	1.0208586
0.0019698492 	0.041853896 	0.030143782 	1.0208586
0.0019899497 	0.044322565 	0.028616833 	1.014228
0.0020100503 	0.044322565 	0.028616833 	1.014228
0.0020301508 	0.044322565 	0.028616833 	1.014228
0.0020502513 	0.04685297 	0.026461333 	1.005999
0.0020703518 	0.04685297 	0.026461333 	1.005999
0.0020904523 	0.048167181 	0.020817552 	0.99001184
0.0021105528 	0.049484033 	0.023383641 	0.99635239
0.0021306533 	0.049484033 	0.023383641 	0.99635239
0.0021507538 	0.052206451 	0.019207563 	0.98544344
0.0021708543 	0.052206451 	0.019207563 	0.98544344
0.0021909548 	0.054981962 	0.014023885 	0.9734563
0.0022110553 	0.054981962 	0.014023885 	0.9734563
0.0022311558 	0.057577325 	0.0081675164 	0.96071363
0.0022512563 	0.057577325 	0.0081675164 	0.96071363
0.0022713568 	0.059647396 	0.0021576011 	0.94768546
0.0022914573 	0.059647396 	0.0021576011 	0.94768546
0.0023115578 	0.059647396 	0.0021576011 	0.94768546
0.0023316583 	0.060880775 	-0.0034781024 	0.93496247
0.0023517588 	0.060880775 	-0.0034781024 	0.93496247
0.0023718593 	0.061032919 	-0.0082919014 	0.92313973
0.0023919598 	0.061032919 	-0.0082919014 	0.92313973
0.0024120603 	0.060020975 	-0.01201423 	0.9126538
0.0024321608 	0.060020975 	-0.01201423 	0.9126538
0.0024522613 	0.057924232 	-0.014522629 	0.90366586
0.0024723618 	0.057924232 	-0.014522629 	0.90366586
0.0024924623 	0.054965968 	-0.015798692 	0.89601904
0.0025125628 	0.054965968 	-0.015798692 	0.89601904
0.0025326633 	0.051443947 	-0.01588618 	0.88931671
0.0025527638 	0.051443947 	-0.01588618 	0.88931671
0.0025728643 	0.047688337 	-0.014868587 	0.88307662
0.0025929648 	0.047688337 	-0.014868587 	0.88307662
0.0026130653 	0.04396767 	-0.012865646 	0.87686571
0.0026331658 	0.04396767 	-0.012865646 	0.87686571
0.0026532663 	0.04047411 	-0.010047662 	0.8703963
0.0026733668 	0.04047411 	-0.010047662 	0.8703963
0.0026934673 	0.037362897 	-0.0066456257 	0.86352659
0.0027135678 	0.037362897 	-0.0066456257 	0.86352659
0.0027336683 	0.034734034 	-0.0029388134 	0.85623304
0.0027537688 	0.034734034 	-0.0029388134 	0.85623304
0.0027738693 	0.032561984 	0.00077638344 	0.84855345
0.0027939698 	0.032561984 	0.00077638344 	0.84855345
0.0028140704 	0.030790608 	0.0042477798 	0.84058093
0.0028341709 	0.030790608 	0.0042477798 	0.84058093
0.0028542714 	0.029432499 	0.0072789566 	0.83245691
0.0028743719 	0.028469791 	0.0097580558 	0.8243634
0.0028944724 	0.028469791 	0.0097580558 	0.8243634
0.0029145729 	0.027853208 	0.0116399 	0.81652326
0.0029346734 	0.027853208 	0.0116399 	0.81652326
0.0029547739 	0.027530704 	0.012906963 	0.80916189
0.0029748744 	0.027530704 	0.012906963 	0.80916189
0.0029949749 	0.027444817 	0.013525919 	0.80249183
0.0030150754 	0.027518422 	0.013417862 	0.79670223
0.0030351759 	0.027518422 	0.013417862 	0.79670223
0.0030552764 	0.027638799 	0.012461723 	0.79198226
0.0030753769 	0.027638799 	0.012461723 	0.79198226
0.0030954774 	0.027632867 	0.010555982 	0.7885845
0.0031155779 	0.027266317 	0.0077225589 	0.78689041
0.0031356784 	0.027266317 	0.0077225589 	0.78689041
0.0031557789 	0.026278006 	0.0042111747 	0.78738509
0.0031758794 	0.026278006 	0.0042111747 	0.78738509
0.0031959799 	0.024470518 	0.00053440179 	0.79046396
0.0032160804 	0.021792372 	-0.0026438871 	0.79608029
0.0032361809 	0.021792372 	-0.0026438871 	0.79608029
0.0032562814 	0.018403252 	-0.0047599155 	0.80344705
0.0032763819 	0.014650623 	-0.0056202931 	0.81107422
0.0032964824 	0.014650623 	-0.0056202931 	0.81107422
0.0033165829 	0.010898835 	-0.0055265605 	0.81723116
0.0033366834 	0.0073909209 	-0.0051403048 	0.82055877
0.0033567839 	0.0073909209 	-0.0051403048 	0.82055877
0.0033768844 	0.0042115106 	-0.0051258051 	0.82035697
0.0033969849 	0.001358323 	-0.0057771434 	0.81632196
0.0034170854 	0.001358323 	-0.0057771434 	0.81632196
0.0034371859 	-0.0011178659 	-0.0068710681 	0.80798878
0.0034572864 	-0.0030582307 	-0.0078609371 	0.79440372
0.0034773869 	-0.0042570319 	-0.0082876508 	0.77434911
0.0034974874 	-0.0042570319 	-0.0082876508 	0.77434911
0.0035175879 	-0.0045788696 	-0.0081217421 	0.74699879
0.0035376884 	-0.0040556979 	-0.0077907781 	0.71256087
0.0035577889 	-0.0029023555 	-0.0078821464 	0.67247787
0.0035778894 	-0.0029023555 	-0.0078821464 	0.67247787
0.0035979899 	-0.0014406899 	-0.0087551939 	0.62906921
0.0036180905 	1.2483793e-05 	-0.010339677 	0.58485623
0.003638191 	0.0012358699 	-0.012223948 	0.54193701
0.0036582915 	0.0012358699 	-0.012223948 	0.54193701
0.003678392 	0.0021442452 	-0.013918486 	0.50164326
0.0036984925 	0.0027582946 	-0.015096415 	0.46451021
0.003718593 	0.0031491464 	-0.015688192 	0.43044935
0.0037386935 	0.003387135 	-0.015833465 	0.39896137
0.003758794 	0.0035223785 	-0.015764234 	0.36933053
0.0037788945 	0.0035223785 	-0.015764234 	0.36933053
0.003798995 	0.0035827492 	-0.015691553 	0.34074476
0.0038190955 	0.0035705528 	-0.015732254 	0.31236637
0.003839196 	0.0034719325 	-0.015881664 	0.28337312
0.0038592965 	0.0032653175 	-0.016021814 	0.25299259
0.003879397 	0.0029295888 	-0.015946495 	0.22054872
0.0038994975 	0.0024531377 	-0.015391421 	0.18553222
0.003919598 	0.0018471307 	-0.014065206 	0.14770063
0.0039396985 	0.0011640198 	-0.011688939 	0.10720149
0.003959799 	0.0005180274 	-0.008052009 	0.064690016
0.0039798995 	6.9528227e-05 	-0.003084746 	0.021375983
0.004 	6.9528227e-05 	-0.003084746 	0.021375983
