0 	-0.045878247 	0.033123674 	0.99857584
2.0100503e-05 	-0.045878247 	0.033123674 	0.99857584
4.0201005e-05 	-0.045878247 	0.033123674 	0.99857584
6.0301508e-05 	-0.0552986 	0.013490428 	0.99060244
8.040201e-05 	-0.0552986 	0.013490428 	0.99060244
0.00010050251 	-0.0552986 	0.013490428 	0.99060244
0.00012060302 	-0.056463279 	0.012070364 	0.98217711
0.00014070352 	-0.056463279 	0.012070364 	0.98217711
0.00016080402 	-0.056463279 	0.012070364 	0.98217711
0.00018090452 	-0.057404308 	0.014777854 	0.97403755
0.00020100503 	-0.057404308 	0.014777854 	0.97403755
0.00022110553 	-0.057404308 	0.014777854 	0.97403755
0.00024120603 	-0.058504087 	0.018334362 	0.96723542
0.00026130653 	-0.058504087 	0.018334362 	0.96723542
0.00028140704 	-0.059636431 	0.021253303 	0.96299374
0.00030150754 	-0.059636431 	0.021253303 	0.96299374
0.00032160804 	-0.059636431 	0.021253303 	0.96299374
0.00034170854 	-0.060617264 	0.022632082 	0.96229361
0.00036180905 	-0.060617264 	0.022632082 	0.96229361
0.00038190955 	-0.060617264 	0.022632082 	0.96229361
0.00040201005 	-0.061277247 	0.022133274 	0.9652416
0.00042211055 	-0.061277247 	0.022133274 	0.9652416
0.00044221106 	-0.061277247 	0.022133274 	0.9652416
0.00046231156 	-0.061480808 	0.020109729 	0.97069659
0.00048241206 	-0.061480808 	0.020109729 	0.97069659
0.00050251256 	-0.061146508 	0.017393803 	0.97672321
0.00052261307 	-0.061146508 	0.017393803 	0.97672321
0.00054271357 	-0.061146508 	0.017393803 	0.97672321
0.00056281407 	-0.060257548 	0.014780718 	0.98167594
0.00058291457 	-0.060257548 	0.014780718 	0.98167594
0.00060301508 	-0.060257548 	0.014780718 	0.98167594
0.00062311558 	-0.058843957 	0.012652405 	0.98494703
0.00064321608 	-0.058843957 	0.012652405 	0.98494703
0.00066331658 	-0.058843957 	0.012652405 	0.98494703
0.00068341709 	-0.05695129 	0.011008658 	0.98681872
0.00070351759 	-0.05603133 	0.0055327535 	0.98824321
0.00072361809 	-0.053608684 	0.0050337518 	0.98908276
0.00074371859 	-0.053608684 	0.0050337518 	0.98908276
0.0007638191 	-0.053608684 	0.0050337518 	0.98908276
0.0007839196 	-0.050779403 	0.0046025109 	0.9896768
0.0008040201 	-0.050779403 	0.0046025109 	0.9896768
0.0008241206 	-0.050779403 	0.0046025109 	0.9896768
0.00084422111 	-0.047636806 	0.0041976927 	0.99017268
0.00086432161 	-0.047636806 	0.0041976927 	0.99017268
0.00088442211 	-0.047636806 	0.0041976927 	0.99017268
0.00090452261 	-0.044286735 	0.0037904223 	0.990624
0.00092462312 	-0.044286735 	0.0037904223 	0.990624
0.00094472362 	-0.042666416 	0.0064016691 	0.98954994
0.00096482412 	-0.042666416 	0.0064016691 	0.98954994
0.00098492462 	-0.042666416 	0.0064016691 	0.98954994
0.0010050251 	-0.037302628 	0.0027523193 	0.99164025
0.0010251256 	-0.037302628 	0.0027523193 	0.99164025
0.0010452261 	-0.037302628 	0.0027523193 	0.99164025
0.0010653266 	-0.033593763 	0.0019355195 	0.99240679
0.0010854271 	-0.033593763 	0.0019355195 	0.99240679
0.0011055276 	-0.033593763 	0.0019355195 	0.99240679
0.0011256281 	-0.030046412 	0.00078171585 	0.99340435
0.0011457286 	-0.030046412 	0.00078171585 	0.99340435
0.0011658291 	-0.030046412 	0.00078171585 	0.99340435
0.0011859296 	-0.026587698 	-0.00076003498 	0.99475552
0.0012060302 	-0.026587698 	-0.00076003498 	0.99475552
0.0012261307 	-0.029370993 	0.0032483105 	0.9921078
0.0012462312 	-0.026130406 	0.0016445605 	0.99367647
0.0012663317 	-0.026130406 	0.0016445605 	0.99367647
0.0012864322 	-0.023163257 	-0.0026847346 	0.99650989
0.0013065327 	-0.019802935 	-0.0048106509 	0.99854864
0.0013266332 	-0.019802935 	-0.0048106509 	0.99854864
0.0013467337 	-0.019802935 	-0.0048106509 	0.99854864
0.0013668342 	-0.016609307 	-0.0068791045 	1.0005457
0.0013869347 	-0.016609307 	-0.0068791045 	1.0005457
0.0014070352 	-0.016609307 	-0.0068791045 	1.0005457
0.0014271357 	-0.013715058 	-0.0086865847 	1.002115
0.0014472362 	-0.013715058 	-0.0086865847 	1.002115
0.0014673367 	-0.013715058 	-0.0086865847 	1.002115
0.0014874372 	-0.011211466 	-0.010184606 	1.0029851
0.0015075377 	-0.011211466 	-0.010184606 	1.0029851
0.0015276382 	-0.0091271455 	-0.011461778 	1.0030677
0.0015477387 	-0.0091271455 	-0.011461778 	1.0030677
0.0015678392 	-0.0091271455 	-0.011461778 	1.0030677
0.0015879397 	-0.0074580465 	-0.012683529 	1.0023834
0.0016080402 	-0.0074580465 	-0.012683529 	1.0023834
0.0016281407 	-0.0074580465 	-0.012683529 	1.0023834
0.0016482412 	-0.0061995243 	-0.01403554 	1.0009833
0.0016683417 	-0.0061995243 	-0.01403554 	1.0009833
0.0016884422 	-0.0053581502 	-0.015673578 	0.99888291
0.0017085427 	-0.0053581502 	-0.015673578 	0.99888291
0.0017286432 	-0.0053581502 	-0.015673578 	0.99888291
0.0017487437 	-0.0049682474 	-0.017711533 	0.99605976
0.0017688442 	-0.0049682474 	-0.017711533 	0.99605976
0.0017889447 	-0.0049682474 	-0.017711533 	0.99605976
0.0018090452 	-0.0050701733 	-0.020195713 	0.99248427
0.0018291457 	-0.0050701733 	-0.020195713 	0.99248427
0.0018492462 	-0.0056960939 	-0.023120356 	0.98816117
0.0018693467 	-0.0056960939 	-0.023120356 	0.98816117
0.0018894472 	-0.0056960939 	-0.023120356 	0.98816117
0.0019095477 	-0.006862925 	-0.026436392 	0.98318192
0.0019296482 	-0.006862925 	-0.026436392 	0.98318192
0.0019497487 	-0.0085503115 	-0.030090587 	0.97775695
0.0019698492 	-0.0085503115 	-0.030090587 	0.97775695
0.0019899497 	-0.010697161 	-0.034056631 	0.97222288
0.0020100503 	-0.010697161 	-0.034056631 	0.97222288
0.0020301508 	-0.010697161 	-0.034056631 	0.97222288
0.0020502513 	-0.013201712 	-0.038342021 	0.96702168
0.0020703518 	-0.021376027 	-0.033924438 	0.97500822
0.0020904523 	-0.015927115 	-0.042973725 	0.96261976
0.0021105528 	-0.015927115 	-0.042973725 	0.96261976
0.0021306533 	-0.015927115 	-0.042973725 	0.96261976
0.0021507538 	-0.01871956 	-0.047963713 	0.95936407
0.0021708543 	-0.01871956 	-0.047963713 	0.95936407
0.0021909548 	-0.021423309 	-0.053275802 	0.95734937
0.0022110553 	-0.021423309 	-0.053275802 	0.95734937
0.0022311558 	-0.023874946 	-0.058807239 	0.95640853
0.0022512563 	-0.023874946 	-0.058807239 	0.95640853
0.0022713568 	-0.025888803 	-0.064388346 	0.95623425
0.0022914573 	-0.025888803 	-0.064388346 	0.95623425
0.0023115578 	-0.025888803 	-0.064388346 	0.95623425
0.0023316583 	-0.027255213 	-0.069796144 	0.95649802
0.0023517588 	-0.027255213 	-0.069796144 	0.95649802
0.0023718593 	-0.027761951 	-0.074759565 	0.95687543
0.0023919598 	-0.027761951 	-0.074759565 	0.95687543
0.0024120603 	-0.027227192 	-0.078991199 	0.95700493
0.0024321608 	-0.027227192 	-0.078991199 	0.95700493
0.0024522613 	-0.025520377 	-0.082212341 	0.95648019
0.0024723618 	-0.025520377 	-0.082212341 	0.95648019
0.0024924623 	-0.022585694 	-0.084179085 	0.95489322
0.0025125628 	-0.022585694 	-0.084179085 	0.95489322
0.0025326633 	-0.018448039 	-0.084692894 	0.95189671
0.0025527638 	-0.018448039 	-0.084692894 	0.95189671
0.0025728643 	-0.013219067 	-0.083592678 	0.94725037
0.0025929648 	-0.013219067 	-0.083592678 	0.94725037
0.0026130653 	-0.0070922284 	-0.080726164 	0.94084602
0.0026331658 	-0.0070922284 	-0.080726164 	0.94084602
0.0026532663 	-0.00034924949 	-0.075932416 	0.93271114
0.0026733668 	-0.00034924949 	-0.075932416 	0.93271114
0.0026934673 	0.0066560639 	-0.069077758 	0.92300562
0.0027135678 	0.0066560639 	-0.069077758 	0.92300562
0.0027336683 	0.013499027 	-0.060115203 	0.91201061
0.0027537688 	0.013499027 	-0.060115203 	0.91201061
0.0027738693 	0.019702979 	-0.049171267 	0.90014046
0.0027939698 	0.019702979 	-0.049171267 	0.90014046
0.0028140704 	0.024820034 	-0.03653929 	0.88788648
0.0028341709 	0.024820034 	-0.03653929 	0.88788648
0.0028542714 	0.02854906 	-0.02273067 	0.87582163
0.0028743719 	0.030816946 	-0.0084117383 	0.86449542
0.0028944724 	0.030816946 	-0.0084117383 	0.86449542
0.0029145729 	0.031654248 	0.0056533686 	0.85438141
0.0029346734 	0.031654248 	0.0056533686 	0.85438141
0.0029547739 	0.031095262 	0.018718645 	0.84583333
0.0029748744 	0.031095262 	0.018718645 	0.84583333
0.0029949749 	0.029269816 	0.030192425 	0.83901615
0.0030150754 	0.026373932 	0.039739143 	0.83382871
0.0030351759 	0.026373932 	0.039739143 	0.83382871
0.0030552764 	0.02261254 	0.047279239 	0.82984307
0.0030753769 	0.02261254 	0.047279239 	0.82984307
0.0030954774 	0.018195968 	0.052928976 	0.82640731
0.0031155779 	0.013316818 	0.056885146 	0.82271017
0.0031356784 	0.013316818 	0.056885146 	0.82271017
0.0031557789 	0.008171158 	0.059312776 	0.81786185
0.0031758794 	0.008171158 	0.059312776 	0.81786185
0.0031959799 	0.0029571231 	0.060265322 	0.8109571
0.0032160804 	-0.0021373242 	0.059658144 	0.80110619
0.0032361809 	-0.0021373242 	0.059658144 	0.80110619
0.0032562814 	-0.0069235067 	0.057346682 	0.78754289
0.0032763819 	-0.011260004 	0.053294642 	0.76981675
0.0032964824 	-0.011260004 	0.053294642 	0.76981675
0.0033165829 	-0.015059628 	0.047778179 	0.74809765
0.0033366834 	-0.018302062 	0.041433958 	0.72331974
0.0033567839 	-0.018302062 	0.041433958 	0.72331974
0.0033768844 	-0.020968924 	0.035076989 	0.69703186
0.0033969849 	-0.022962049 	0.029384684 	0.6708356
0.0034170854 	-0.022962049 	0.029384684 	0.6708356
0.0034371859 	-0.024119935 	0.024677903 	0.64570118
0.0034572864 	-0.024310515 	0.021030067 	0.62181955
0.0034773869 	-0.023572954 	0.018441679 	0.59892747
0.0034974874 	-0.023572954 	0.018441679 	0.59892747
0.0035175879 	-0.02217146 	0.016863537 	0.57681087
0.0035376884 	-0.020497096 	0.016121232 	0.55542496
0.0035577889 	-0.018878298 	0.015918089 	0.53466105
0.0035778894 	-0.018878298 	0.015918089 	0.53466105
0.0035979899 	-0.017472591 	0.015929189 	0.51418494
0.0036180905 	-0.016281253 	0.01590336 	0.49352697
0.003638191 	-0.015215652 	0.015690463 	0.47226966
0.0036582915 	-0.015215652 	0.015690463 	0.47226966
0.003678392 	-0.014172355 	0.015225306 	0.45015846
0.0036984925 	-0.013075861 	0.014505088 	0.42710332
0.003718593 	-0.011890752 	0.013567638 	0.40311812
0.0037386935 	-0.010616554 	0.012475415 	0.37824692
0.003758794 	-0.0092747472 	0.011293109 	0.35250494
0.0037788945 	-0.0092747472 	0.011293109 	0.35250494
0.003798995 	-0.0078971658 	0.010076133 	0.32584538
0.0038190955 	-0.0065356648 	0.0088625553 	0.29815078
0.003839196 	-0.0052420506 	0.0076669811 	0.26924834
0.0038592965 	-0.004047117 	0.0064827139 	0.23894148
0.003879397 	-0.0029738638 	0.0052925928 	0.20704686
0.0038994975 	-0.0020394132 	0.0040859773 	0.17342595
0.003919598 	-0.0012572096 	0.0028832584 	0.13800751
0.0039396985 	-0.00064215101 	0.0017595007 	0.10078958
0.003959799 	-0.00021539561 	0.00084285751 	0.061817358
0.0039798995 	-1.0217447e-05 	0.00023438674 	0.021168632
0.004 	-1.0217447e-05 	0.00023438674 	0.021168632
