0 	-0.0056030215 	-0.042172947 	1.0235346
2.0100503e-05 	-0.0056030215 	-0.042172947 	1.0235346
4.0201005e-05 	-0.0056030215 	-0.042172947 	1.0235346
6.0301508e-05 	-0.022534618 	-0.039162549 	1.0200714
8.040201e-05 	-0.022534618 	-0.039162549 	1.0200714
0.00010050251 	-0.022534618 	-0.039162549 	1.0200714
0.00012060302 	-0.025696137 	-0.040925061 	1.0166918
0.00014070352 	-0.025696137 	-0.040925061 	1.0166918
0.00016080402 	-0.025696137 	-0.040925061 	1.0166918
0.00018090452 	-0.025926363 	-0.045116439 	1.0144515
0.00020100503 	-0.025926363 	-0.045116439 	1.0144515
0.00022110553 	-0.025926363 	-0.045116439 	1.0144515
0.00024120603 	-0.024783769 	-0.050551454 	1.0138057
0.00026130653 	-0.024783769 	-0.050551454 	1.0138057
0.00028140704 	-0.022756304 	-0.056513222 	1.0144836
0.00030150754 	-0.022756304 	-0.056513222 	1.0144836
0.00032160804 	-0.022756304 	-0.056513222 	1.0144836
0.00034170854 	-0.020050628 	-0.062432031 	1.0157728
0.00036180905 	-0.020050628 	-0.062432031 	1.0157728
0.00038190955 	-0.020050628 	-0.062432031 	1.0157728
0.00040201005 	-0.016720882 	-0.067880696 	1.0169627
0.00042211055 	-0.016720882 	-0.067880696 	1.0169627
0.00044221106 	-0.016720882 	-0.067880696 	1.0169627
0.00046231156 	-0.012737524 	-0.072579296 	1.0176334
0.00048241206 	-0.012737524 	-0.072579296 	1.0176334
0.00050251256 	-0.0080647116 	-0.076364275 	1.0176884
0.00052261307 	-0.0080647116 	-0.076364275 	1.0176884
0.00054271357 	-0.0080647116 	-0.076364275 	1.0176884
0.00056281407 	-0.0027136008 	-0.079137756 	1.0172487
0.00058291457 	-0.0027136008 	-0.079137756 	1.0172487
0.00060301508 	-0.0027136008 	-0.079137756 	1.0172487
0.00062311558 	0.0032403999 	-0.080835044 	1.0165249
0.00064321608 	0.0032403999 	-0.080835044 	1.0165249
0.00066331658 	0.0032403999 	-0.080835044 	1.0165249
0.00068341709 	0.0096469628 	-0.081394287 	1.0157401
0.00070351759 	0.0096469628 	-0.081394287 	1.0157401
0.00072361809 	0.016305567 	-0.080783906 	1.0151019
0.00074371859 	0.016305567 	-0.080783906 	1.0151019
0.0007638191 	0.016305567 	-0.080783906 	1.0151019
0.0007839196 	0.023003156 	-0.078974683 	1.0147887
0.0008040201 	0.023003156 	-0.078974683 	1.0147887
0.0008241206 	0.023003156 	-0.078974683 	1.0147887
0.00084422111 	0.029481603 	-0.075967344 	1.0149502
0.00086432161 	0.029481603 	-0.075967344 	1.0149502
0.00088442211 	0.029481603 	-0.075967344 	1.0149502
0.00090452261 	0.035510003 	-0.071849487 	1.0157089
0.00092462312 	0.035510003 	-0.071849487 	1.0157089
0.00094472362 	0.040848584 	-0.0666425 	1.0171464
0.00096482412 	0.040848584 	-0.0666425 	1.0171464
0.00098492462 	0.040848584 	-0.0666425 	1.0171464
0.0010050251 	0.044169295 	-0.062726198 	1.009845
0.0010251256 	0.044169295 	-0.062726198 	1.009845
0.0010452261 	0.044169295 	-0.062726198 	1.009845
0.0010653266 	0.049096226 	-0.054728029 	1.0124557
0.0010854271 	0.049324171 	-0.052352562 	1.0219298
0.0011055276 	0.049324171 	-0.052352562 	1.0219298
0.0011256281 	0.051612387 	-0.043687767 	1.0248704
0.0011457286 	0.051612387 	-0.043687767 	1.0248704
0.0011658291 	0.051612387 	-0.043687767 	1.0248704
0.0011859296 	0.052686876 	-0.034282031 	1.0276037
0.0012060302 	0.052686876 	-0.034282031 	1.0276037
0.0012261307 	0.052686876 	-0.034282031 	1.0276037
0.0012462312 	0.052747053 	-0.024210823 	1.0297408
0.0012663317 	0.052747053 	-0.024210823 	1.0297408
0.0012864322 	0.052747053 	-0.024210823 	1.0297408
0.0013065327 	0.052146064 	-0.013596953 	1.0309472
0.0013266332 	0.052146064 	-0.013596953 	1.0309472
0.0013467337 	0.052146064 	-0.013596953 	1.0309472
0.0013668342 	0.05127244 	-0.0027158946 	1.0309849
0.0013869347 	0.05127244 	-0.0027158946 	1.0309849
0.0014070352 	0.05127244 	-0.0027158946 	1.0309849
0.0014271357 	0.050463783 	0.0079878128 	1.0297578
0.0014472362 	0.050463783 	0.0079878128 	1.0297578
0.0014673367 	0.050463783 	0.0079878128 	1.0297578
0.0014874372 	0.049980179 	0.018019627 	1.0273613
0.0015075377 	0.049980179 	0.018019627 	1.0273613
0.0015276382 	0.049922186 	0.026971312 	1.0240698
0.0015477387 	0.049922186 	0.026971312 	1.0240698
0.0015678392 	0.049922186 	0.026971312 	1.0240698
0.0015879397 	0.05028121 	0.034615302 	1.0202395
0.0016080402 	0.05028121 	0.034615302 	1.0202395
0.0016281407 	0.05028121 	0.034615302 	1.0202395
0.0016482412 	0.050990621 	0.040905286 	1.0162419
0.0016683417 	0.050990621 	0.040905286 	1.0162419
0.0016884422 	0.051978565 	0.045899442 	1.012401
0.0017085427 	0.051978565 	0.045899442 	1.012401
0.0017286432 	0.051978565 	0.045899442 	1.012401
0.0017487437 	0.053189727 	0.049691021 	1.0089518
0.0017688442 	0.053189727 	0.049691021 	1.0089518
0.0017889447 	0.053189727 	0.049691021 	1.0089518
0.0018090452 	0.05454482 	0.052386142 	1.0060403
0.0018291457 	0.05454482 	0.052386142 	1.0060403
0.0018492462 	0.055915842 	0.054121153 	1.0037689
0.0018693467 	0.055915842 	0.054121153 	1.0037689
0.0018894472 	0.055915842 	0.054121153 	1.0037689
0.0019095477 	0.057135339 	0.055093629 	1.0022181
0.0019296482 	0.057135339 	0.055093629 	1.0022181
0.0019497487 	0.058027537 	0.055547084 	1.0014606
0.0019698492 	0.058027537 	0.055547084 	1.0014606
0.0019899497 	0.058443072 	0.055751622 	1.0015655
0.0020100503 	0.058443072 	0.055751622 	1.0015655
0.0020301508 	0.058443072 	0.055751622 	1.0015655
0.0020502513 	0.058274377 	0.0559732 	1.0026151
0.0020703518 	0.058274377 	0.0559732 	1.0026151
0.0020904523 	0.057436401 	0.056444797 	1.0047249
0.0021105528 	0.057436401 	0.056444797 	1.0047249
0.0021306533 	0.057436401 	0.056444797 	1.0047249
0.0021507538 	0.055788962 	0.057348647 	1.0079944
0.0021708543 	0.055788962 	0.057348647 	1.0079944
0.0021909548 	0.053050862 	0.058809789 	1.0123164
0.0022110553 	0.053050862 	0.058809789 	1.0123164
0.0022311558 	0.048796252 	0.060881245 	1.0170374
0.0022512563 	0.048796252 	0.060881245 	1.0170374
0.0022713568 	0.042537683 	0.063537821 	1.0206909
0.0022914573 	0.042537683 	0.063537821 	1.0206909
0.0023115578 	0.042537683 	0.063537821 	1.0206909
0.0023316583 	0.033958925 	0.066948589 	1.021163
0.0023517588 	0.033958925 	0.066948589 	1.021163
0.0023718593 	0.023174427 	0.072320727 	1.0163015
0.0023919598 	0.023174427 	0.072320727 	1.0163015
0.0024120603 	0.010615355 	0.082559321 	1.0043842
0.0024321608 	0.010615355 	0.082559321 	1.0043842
0.0024522613 	-0.0036580393 	0.10009908 	0.98399217
0.0024723618 	-0.0036580393 	0.10009908 	0.98399217
0.0024924623 	-0.020395441 	0.12221814 	0.95371352
0.0025125628 	-0.020395441 	0.12221814 	0.95371352
0.0025326633 	-0.039059172 	0.14014127 	0.91305873
0.0025527638 	-0.039059172 	0.14014127 	0.91305873
0.0025728643 	-0.056484604 	0.14551678 	0.86560098
0.0025929648 	-0.056484604 	0.14551678 	0.86560098
0.0026130653 	-0.070031808 	0.13738927 	0.82005775
0.0026331658 	-0.070031808 	0.13738927 	0.82005775
0.0026532663 	-0.079814988 	0.12204756 	0.78413172
0.0026733668 	-0.079814988 	0.12204756 	0.78413172
0.0026934673 	-0.086967575 	0.10578156 	0.75901702
0.0027135678 	-0.086967575 	0.10578156 	0.75901702
0.0027336683 	-0.092031285 	0.091830167 	0.74120282
0.0027537688 	-0.092031285 	0.091830167 	0.74120282
0.0027738693 	-0.094590822 	0.08201676 	0.7266994
0.0027939698 	-0.094590822 	0.08201676 	0.7266994
0.0028140704 	-0.094026842 	0.076961496 	0.71318914
0.0028341709 	-0.094026842 	0.076961496 	0.71318914
0.0028542714 	-0.090523225 	0.075718369 	0.69999973
0.0028743719 	-0.084818343 	0.076570331 	0.68745851
0.0028944724 	-0.084818343 	0.076570331 	0.68745851
0.0029145729 	-0.07772115 	0.078116225 	0.6761428
0.0029346734 	-0.07772115 	0.078116225 	0.6761428
0.0029547739 	-0.069919754 	0.079779299 	0.66632748
0.0029748744 	-0.069919754 	0.079779299 	0.66632748
0.0029949749 	-0.06195802 	0.08153996 	0.65787735
0.0030150754 	-0.054198117 	0.083410856 	0.65044152
0.0030351759 	-0.054198117 	0.083410856 	0.65044152
0.0030552764 	-0.046823866 	0.085253943 	0.64364097
0.0030753769 	-0.046823866 	0.085253943 	0.64364097
0.0030954774 	-0.039880843 	0.086815626 	0.63715768
0.0031155779 	-0.033324523 	0.087784531 	0.63075428
0.0031356784 	-0.033324523 	0.087784531 	0.63075428
0.0031557789 	-0.027070212 	0.087845087 	0.62427515
0.0031758794 	-0.027070212 	0.087845087 	0.62427515
0.0031959799 	-0.021033543 	0.086719791 	0.61764938
0.0032160804 	-0.015173724 	0.084207261 	0.61089402
0.0032361809 	-0.015173724 	0.084207261 	0.61089402
0.0032562814 	-0.0095056275 	0.080212177 	0.60410891
0.0032763819 	-0.0040258488 	0.074761365 	0.59745064
0.0032964824 	-0.0040258488 	0.074761365 	0.59745064
0.0033165829 	0.0011538546 	0.068007255 	0.59112344
0.0033366834 	0.0060260645 	0.060186357 	0.5853285
0.0033567839 	0.0060260645 	0.060186357 	0.5853285
0.0033768844 	0.010703645 	0.051658272 	0.58016639
0.0033969849 	0.015261465 	0.042876804 	0.57547884
0.0034170854 	0.015261465 	0.042876804 	0.57547884
0.0034371859 	0.019923562 	0.034391753 	0.57066675
0.0034572864 	0.024997634 	0.026765732 	0.56464394
0.0034773869 	0.030743642 	0.020357048 	0.55615764
0.0034974874 	0.030743642 	0.020357048 	0.55615764
0.0035175879 	0.037119263 	0.015012576 	0.5445407
0.0035376884 	0.043575986 	0.0099350063 	0.53051605
0.0035577889 	0.049189612 	0.0039771703 	0.51648766
0.0035778894 	0.049189612 	0.0039771703 	0.51648766
0.0035979899 	0.052748118 	-0.0035155911 	0.5061049
0.0036180905 	0.05267769 	-0.011919705 	0.5042308
0.003638191 	0.047975908 	-0.019888902 	0.51610113
0.0036582915 	0.047975908 	-0.019888902 	0.51610113
0.003678392 	0.038766782 	-0.027444621 	0.5440148
0.0036984925 	0.026557773 	-0.036922215 	0.58244058
0.003718593 	0.01403917 	-0.050772184 	0.61679235
0.0037386935 	0.0042272 	-0.068732693 	0.62922124
0.003758794 	-0.00070892578 	-0.087516384 	0.60760753
0.0037788945 	-0.00070892578 	-0.087516384 	0.60760753
0.003798995 	-0.00058881486 	-0.10261647 	0.55154379
0.0038190955 	0.0028501336 	-0.11041073 	0.47186481
0.003839196 	0.007075506 	-0.10951596 	0.38483267
0.0038592965 	0.0099289868 	-0.10114994 	0.30457297
0.003879397 	0.01051346 	-0.088265801 	0.23786707
0.0038994975 	0.0091563281 	-0.073923876 	0.18397623
0.003919598 	0.0067207145 	-0.059910985 	0.13838274
0.0039396985 	0.0040183443 	-0.046249477 	0.096691839
0.003959799 	0.0016703258 	-0.031415751 	0.05651166
0.0039798995 	0.00019012577 	-0.012798384 	0.017761261
0.004 	0.00019012577 	-0.012798384 	0.017761261
