0 	-0.0069192119 	0.011023405 	1.0504742
2.0100503e-05 	0.0078442412 	0.014446896 	1.0525045
4.0201005e-05 	0.0078442412 	0.014446896 	1.0525045
6.0301508e-05 	0.015081432 	0.019595803 	1.0537009
8.040201e-05 	0.015081432 	0.019595803 	1.0537009
0.00010050251 	0.015081432 	0.019595803 	1.0537009
0.00012060302 	0.02151316 	0.027286821 	1.0539426
0.00014070352 	0.028006303 	0.0072973629 	1.0534746
0.00016080402 	0.028006303 	0.0072973629 	1.0534746
0.00018090452 	0.034593755 	0.014107415 	1.0528551
0.00020100503 	0.034593755 	0.014107415 	1.0528551
0.00022110553 	0.034593755 	0.014107415 	1.0528551
0.00024120603 	0.040284096 	0.01795608 	1.0509527
0.00026130653 	0.040284096 	0.01795608 	1.0509527
0.00028140704 	0.037798884 	0.033470139 	1.0460303
0.00030150754 	0.037798884 	0.033470139 	1.0460303
0.00032160804 	0.037798884 	0.033470139 	1.0460303
0.00034170854 	0.039716676 	0.029292442 	1.040929
0.00036180905 	0.039716676 	0.029292442 	1.040929
0.00038190955 	0.039716676 	0.029292442 	1.040929
0.00040201005 	0.047685979 	0.013476322 	1.0396856
0.00042211055 	0.047685979 	0.013476322 	1.0396856
0.00044221106 	0.047685979 	0.013476322 	1.0396856
0.00046231156 	0.047257455 	0.0086490738 	1.0359512
0.00048241206 	0.047257455 	0.0086490738 	1.0359512
0.00050251256 	0.046032986 	0.0029008003 	1.0332547
0.00052261307 	0.046032986 	0.0029008003 	1.0332547
0.00054271357 	0.046032986 	0.0029008003 	1.0332547
0.00056281407 	0.044383602 	-0.0035605679 	1.0319735
0.00058291457 	0.044383602 	-0.0035605679 	1.0319735
0.00060301508 	0.044383602 	-0.0035605679 	1.0319735
0.00062311558 	0.032968925 	-0.0056665982 	1.0264399
0.00064321608 	0.032968925 	-0.0056665982 	1.0264399
0.00066331658 	0.032968925 	-0.0056665982 	1.0264399
0.00068341709 	0.031198062 	-0.013656049 	1.0281867
0.00070351759 	0.031198062 	-0.013656049 	1.0281867
0.00072361809 	0.02977581 	-0.021544199 	1.0310004
0.00074371859 	0.02977581 	-0.021544199 	1.0310004
0.0007638191 	0.03927408 	-0.025259989 	1.0361695
0.0007839196 	0.038074248 	-0.032332543 	1.0390534
0.0008040201 	0.038074248 	-0.032332543 	1.0390534
0.0008241206 	0.038074248 	-0.032332543 	1.0390534
0.00084422111 	0.037363903 	-0.038588104 	1.0419848
0.00086432161 	0.028551451 	-0.035416936 	1.0378547
0.00088442211 	0.028551451 	-0.035416936 	1.0378547
0.00090452261 	0.029128231 	-0.040268978 	1.0413348
0.00092462312 	0.029128231 	-0.040268978 	1.0413348
0.00094472362 	0.030693494 	-0.042945427 	1.0448645
0.00096482412 	0.030693494 	-0.042945427 	1.0448645
0.00098492462 	0.030693494 	-0.042945427 	1.0448645
0.0010050251 	0.033319963 	-0.043516803 	1.0488862
0.0010251256 	0.033319963 	-0.043516803 	1.0488862
0.0010452261 	0.033319963 	-0.043516803 	1.0488862
0.0010653266 	0.036899385 	-0.041647104 	1.0535191
0.0010854271 	0.036899385 	-0.041647104 	1.0535191
0.0011055276 	0.036899385 	-0.041647104 	1.0535191
0.0011256281 	0.041085495 	-0.038412369 	1.0581581
0.0011457286 	0.041085495 	-0.038412369 	1.0581581
0.0011658291 	0.041085495 	-0.038412369 	1.0581581
0.0011859296 	0.045519124 	-0.034430065 	1.0617948
0.0012060302 	0.045519124 	-0.034430065 	1.0617948
0.0012261307 	0.045519124 	-0.034430065 	1.0617948
0.0012462312 	0.050067379 	-0.02996731 	1.0631003
0.0012663317 	0.050067379 	-0.02996731 	1.0631003
0.0012864322 	0.050067379 	-0.02996731 	1.0631003
0.0013065327 	0.054615539 	-0.025355284 	1.0612971
0.0013266332 	0.054615539 	-0.025355284 	1.0612971
0.0013467337 	0.054615539 	-0.025355284 	1.0612971
0.0013668342 	0.058786846 	-0.021337266 	1.056753
0.0013869347 	0.058786846 	-0.021337266 	1.056753
0.0014070352 	0.058786846 	-0.021337266 	1.056753
0.0014271357 	0.061910164 	-0.018976425 	1.0506312
0.0014472362 	0.061910164 	-0.018976425 	1.0506312
0.0014673367 	0.061910164 	-0.018976425 	1.0506312
0.0014874372 	0.063277267 	-0.019084608 	1.0440637
0.0015075377 	0.063277267 	-0.019084608 	1.0440637
0.0015276382 	0.062435581 	-0.021950968 	1.037705
0.0015477387 	0.062435581 	-0.021950968 	1.037705
0.0015678392 	0.062435581 	-0.021950968 	1.037705
0.0015879397 	0.059256091 	-0.027430231 	1.0317653
0.0016080402 	0.059256091 	-0.027430231 	1.0317653
0.0016281407 	0.059256091 	-0.027430231 	1.0317653
0.0016482412 	0.05385809 	-0.035170326 	1.026211
0.0016683417 	0.05385809 	-0.035170326 	1.026211
0.0016884422 	0.046573193 	-0.044634641 	1.020863
0.0017085427 	0.046573193 	-0.044634641 	1.020863
0.0017286432 	0.046573193 	-0.044634641 	1.020863
0.0017487437 	0.037913674 	-0.054988781 	1.0154143
0.0017688442 	0.037913674 	-0.054988781 	1.0154143
0.0017889447 	0.037913674 	-0.054988781 	1.0154143
0.0018090452 	0.028519732 	-0.065079391 	1.0094573
0.0018291457 	0.028519732 	-0.065079391 	1.0094573
0.0018492462 	0.019067401 	-0.073697811 	1.0025523
0.0018693467 	0.019067401 	-0.073697811 	1.0025523
0.0018894472 	0.019067401 	-0.073697811 	1.0025523
0.0019095477 	0.010097124 	-0.080007863 	0.99424986
0.0019296482 	0.010097124 	-0.080007863 	0.99424986
0.0019497487 	0.0019026779 	-0.083829075 	0.98418504
0.0019698492 	0.0019026779 	-0.083829075 	0.98418504
0.0019899497 	-0.0054461104 	-0.085523139 	0.97235883
0.0020100503 	-0.0054461104 	-0.085523139 	0.97235883
0.0020301508 	-0.0054461104 	-0.085523139 	0.97235883
0.0020502513 	-0.01192781 	-0.085566316 	0.9594542
0.0020703518 	-0.01192781 	-0.085566316 	0.9594542
0.0020904523 	-0.017395463 	-0.084160174 	0.94673753
0.0021105528 	-0.017395463 	-0.084160174 	0.94673753
0.0021306533 	-0.017395463 	-0.084160174 	0.94673753
0.0021507538 	-0.021560495 	-0.081117694 	0.93554121
0.0021708543 	-0.021560495 	-0.081117694 	0.93554121
0.0021909548 	-0.024118541 	-0.076082536 	0.92672809
0.0022110553 	-0.024118541 	-0.076082536 	0.92672809
0.0022311558 	-0.024929369 	-0.068813687 	0.92047187
0.0022512563 	-0.024929369 	-0.068813687 	0.92047187
0.0022713568 	-0.02412427 	-0.059378081 	0.91633197
0.0022914573 	-0.02412427 	-0.059378081 	0.91633197
0.0023115578 	-0.02412427 	-0.059378081 	0.91633197
0.0023316583 	-0.022110116 	-0.048197382 	0.91343718
0.0023517588 	-0.022110116 	-0.048197382 	0.91343718
0.0023718593 	-0.019522569 	-0.03598397 	0.91065973
0.0023919598 	-0.019522569 	-0.03598397 	0.91065973
0.0024120603 	-0.017112503 	-0.02360084 	0.90678908
0.0024321608 	-0.017112503 	-0.02360084 	0.90678908
0.0024522613 	-0.015636711 	-0.011940611 	0.90072604
0.0024723618 	-0.015636711 	-0.011940611 	0.90072604
0.0024924623 	-0.015697583 	-0.0018350159 	0.891867
0.0025125628 	-0.015697583 	-0.0018350159 	0.891867
0.0025326633 	-0.017533829 	0.0059694103 	0.88061876
0.0025527638 	-0.017533829 	0.0059694103 	0.88061876
0.0025728643 	-0.020908657 	0.010857812 	0.86873211
0.0025929648 	-0.020908657 	0.010857812 	0.86873211
0.0026130653 	-0.025107976 	0.012536337 	0.85878988
0.0026331658 	-0.025107976 	0.012536337 	0.85878988
0.0026532663 	-0.029121746 	0.011365942 	0.8527224
0.0026733668 	-0.029121746 	0.011365942 	0.8527224
0.0026934673 	-0.03204134 	0.0085556363 	0.85050033
0.0027135678 	-0.03204134 	0.0085556363 	0.85050033
0.0027336683 	-0.033388401 	0.0058858182 	0.85033282
0.0027537688 	-0.033388401 	0.0058858182 	0.85033282
0.0027738693 	-0.033103666 	0.005074956 	0.84992124
0.0027939698 	-0.033103666 	0.005074956 	0.84992124
0.0028140704 	-0.031350357 	0.0070754567 	0.84736114
0.0028341709 	-0.031350357 	0.0070754567 	0.84736114
0.0028542714 	-0.028468617 	0.011708815 	0.84167553
0.0028743719 	-0.025107041 	0.017980326 	0.83350148
0.0028944724 	-0.025107041 	0.017980326 	0.83350148
0.0029145729 	-0.022128432 	0.024747893 	0.8247655
0.0029346734 	-0.022128432 	0.024747893 	0.8247655
0.0029547739 	-0.020146402 	0.031102618 	0.81681189
0.0029748744 	-0.020146402 	0.031102618 	0.81681189
0.0029949749 	-0.019286354 	0.036397162 	0.80913036
0.0030150754 	-0.019473285 	0.040349448 	0.80024314
0.0030351759 	-0.019473285 	0.040349448 	0.80024314
0.0030552764 	-0.020749324 	0.043354599 	0.78908119
0.0030753769 	-0.020749324 	0.043354599 	0.78908119
0.0030954774 	-0.023251689 	0.046572942 	0.77527121
0.0031155779 	-0.027016919 	0.051199955 	0.75911419
0.0031356784 	-0.027016919 	0.051199955 	0.75911419
0.0031557789 	-0.031803941 	0.057080465 	0.74157892
0.0031758794 	-0.031803941 	0.057080465 	0.74157892
0.0031959799 	-0.036889066 	0.061986646 	0.72319303
0.0032160804 	-0.041034167 	0.062795044 	0.70275164
0.0032361809 	-0.041034167 	0.062795044 	0.70275164
0.0032562814 	-0.042987856 	0.057758312 	0.67835412
0.0032763819 	-0.042203293 	0.047671736 	0.64989726
0.0032964824 	-0.042203293 	0.047671736 	0.64989726
0.0033165829 	-0.039052041 	0.035083181 	0.6198328
0.0033366834 	-0.034463363 	0.022739214 	0.59183614
0.0033567839 	-0.034463363 	0.022739214 	0.59183614
0.0033768844 	-0.029432411 	0.012469658 	0.56906981
0.0033969849 	-0.024694179 	0.0048147319 	0.55298869
0.0034170854 	-0.024694179 	0.0048147319 	0.55298869
0.0034371859 	-0.020757755 	-0.00073491115 	0.54293211
0.0034572864 	-0.017844607 	-0.0052147593 	0.53679763
0.0034773869 	-0.015884979 	-0.0096168122 	0.53167393
0.0034974874 	-0.015884979 	-0.0096168122 	0.53167393
0.0035175879 	-0.014926212 	-0.014579497 	0.52481284
0.0035376884 	-0.015042691 	-0.020229547 	0.51472558
0.0035577889 	-0.016197778 	-0.02627162 	0.50132339
0.0035778894 	-0.016197778 	-0.02627162 	0.50132339
0.0035979899 	-0.018349111 	-0.032152979 	0.48542109
0.0036180905 	-0.02135386 	-0.03726127 	0.46825603
0.003638191 	-0.024921932 	-0.041135431 	0.45095854
0.0036582915 	-0.024921932 	-0.041135431 	0.45095854
0.003678392 	-0.028585806 	-0.043597369 	0.43413592
0.0036984925 	-0.031744246 	-0.044735223 	0.41773405
0.003718593 	-0.033792223 	-0.044761103 	0.40120447
0.0037386935 	-0.034297855 	-0.043838719 	0.38386212
0.003758794 	-0.033138707 	-0.042015187 	0.36518499
0.0037788945 	-0.033138707 	-0.042015187 	0.36518499
0.003798995 	-0.030512671 	-0.039308427 	0.34488271
0.0038190955 	-0.026827159 	-0.035845768 	0.3227583
0.003839196 	-0.022526469 	-0.031920776 	0.29851371
0.0038592965 	-0.018017362 	-0.027912283 	0.27165915
0.003879397 	-0.01361925 	-0.024137029 	0.24161952
0.0038994975 	-0.0095541006 	-0.02075365 	0.20782904
0.003919598 	-0.0060070283 	-0.017676461 	0.16982795
0.0039396985 	-0.0031453456 	-0.014508761 	0.12729779
0.003959799 	-0.0011252455 	-0.010506273 	0.08006181
0.0039798995 	-0.00010170445 	-0.0045922578 	0.028152575
0.004 	-0.00010170445 	-0.0045922578 	0.028152575
