0 	0.015760225 	0.038979988 	2.0756644
5.5555556e-05 	0.028708878 	-0.031350895 	2.0718267
0.00011111111 	0.0248449 	-0.033900687 	2.0704836
0.00016666667 	0.023117931 	-0.033988199 	2.0695702
0.00022222222 	0.022192389 	-0.032987461 	2.0690955
0.00027777778 	0.021625249 	-0.031254848 	2.0690633
0.00033333333 	0.021218461 	-0.028918375 	2.0694814
0.00038888889 	0.020861569 	-0.026034693 	2.0703618
0.00044444444 	0.020483029 	-0.022641022 	2.0717077
0.0005 	0.020034149 	-0.018787406 	2.0735035
0.00055555556 	0.019483551 	-0.014555874 	2.0757025
0.00061111111 	0.018813502 	-0.010071354 	2.0782224
0.00066666667 	0.018020675 	-0.0055003321 	2.0809503
0.00072222222 	0.017115654 	-0.0010417742 	2.083753
0.00077777778 	0.016130459 	0.0031028184 	2.0864997
0.00083333333 	0.015113534 	0.0067502492 	2.089087
0.00088888889 	0.014122906 	0.0097943623 	2.0914713
0.00094444444 	0.01320378 	0.012186667 	2.0936797
0.001 	0.012397718 	0.014215105 	2.0959999
0.0010617224 	0.011750881 	0.016064965 	2.0983788
0.0011225923 	0.011443985 	0.018131787 	2.1004155
0.0011826215 	0.01154412 	0.020822147 	2.1013989
0.0012418217 	0.012057981 	0.024258759 	2.1003417
0.0013002041 	0.012882836 	0.028154566 	2.0964611
0.0013577803 	0.013811774 	0.03192558 	2.0896722
0.0014145612 	0.014643313 	0.034851847 	2.0806871
0.0014705579 	0.015289087 	0.036241077 	2.0706078
0.0015257812 	0.015836846 	0.035643097 	2.0602893
0.0015802418 	0.01650912 	0.033034579 	2.0499032
0.0016339502 	0.017536224 	0.028841083 	2.0389281
0.0016869168 	0.018997557 	0.02380864 	2.0264331
0.0017391518 	0.020674389 	0.018880521 	2.0114651
0.0017906654 	0.021982538 	0.015103563 	1.9935145
0.0018414676 	0.022092818 	0.013457449 	1.9731118
0.0018915681 	0.020255467 	0.014613857 	1.952153
0.0019409766 	0.016161942 	0.018746549 	1.9333572
0.0019897027 	0.010105568 	0.025475656 	1.9190039
0.0020377558 	0.0028425734 	0.033939902 	1.9099712
0.0020851453 	-0.0047093743 	0.042993591 	1.9056956
0.0021318802 	-0.011745501 	0.051462154 	1.9047763
0.0021779697 	-0.017720487 	0.058367616 	1.9057017
0.0022234225 	-0.022372075 	0.063025017 	1.9073953
0.0022682477 	-0.025646806 	0.065070748 	1.9094418
0.0023124537 	-0.027619444 	0.064408551 	1.9119707
0.0023560491 	-0.028432615 	0.061168406 	1.9153184
0.0023990425 	-0.028258302 	0.055671721 	1.9196793
0.002441442 	-0.027275852 	0.048365149 	1.9248813
0.002483256 	-0.025650231 	0.039772261 	1.9304168
0.0025244924 	-0.023545232 	0.030425781 	1.935566
0.0025651593 	-0.021122361 	0.020826422 	1.9396281
0.0026052645 	-0.018523713 	0.011405604 	1.94209
0.0026448158 	-0.015899022 	0.0025122122 	1.9427238
0.0026838209 	-0.013413837 	-0.0055836596 	1.9416035
0.0027222872 	-0.011215259 	-0.012668632 	1.9390879
0.0027602223 	-0.0094348808 	-0.018582133 	1.9357568
0.0027976334 	-0.0081772989 	-0.023179026 	1.9323323
0.0028345278 	-0.0074873118 	-0.026297152 	1.929548
0.0028709126 	-0.0073224956 	-0.027734907 	1.9279378
0.002906795 	-0.007526139 	-0.027262852 	1.927543
0.0029421817 	-0.0078374116 	-0.024687627 	1.9275874
0.0029770797 	-0.0079388551 	-0.019966327 	1.9263056
0.0030114957 	-0.0075317005 	-0.013344226 	1.9210817
0.0030454363 	-0.0064278964 	-0.005467508 	1.9089733
0.0030789082 	-0.0046344013 	0.0026124043 	1.8875497
0.0031119178 	-0.002354065 	0.009635963 	1.8558391
0.0031444715 	0.0001553501 	0.014569241 	1.8149369
0.0031765755 	0.0026452052 	0.017082451 	1.7679271
0.0032082362 	0.0048726345 	0.017650853 	1.7188573
0.0032394596 	0.0066943314 	0.017186221 	1.6715187
0.0032702517 	0.0081213743 	0.016515893 	1.6285669
0.0033006186 	0.0092711569 	0.016081249 	1.5913263
0.003330566 	0.010291813 	0.015935895 	1.5601028
0.0033600998 	0.01129652 	0.015907247 	1.5346394
0.0033892257 	0.012332211 	0.015764527 	1.5144662
0.0034179494 	0.013382923 	0.015320965 	1.4990794
0.0034462763 	0.014389346 	0.014470111 	1.4879611
0.003474212 	0.015271194 	0.013182015 	1.4805394
0.0035017619 	0.015946561 	0.011482178 	1.4761199
0.0035289312 	0.016345923 	0.0094270722 	1.4738116
0.0035557253 	0.016420136 	0.0070829723 	1.4724505
0.0035821494 	0.016145727 	0.0045114355 	1.4705216
0.0036082084 	0.015523695 	0.0017633658 	1.4660946
0.0036339076 	0.014576259 	-0.0011179519 	1.4568177
0.0036592518 	0.013346974 	-0.0040878085 	1.4399344
0.003684246 	0.011907871 	-0.007084105 	1.412506
0.003708895 	0.0103448 	-0.01001288 	1.3717558
0.0037332035 	0.0087441617 	-0.012745072 	1.3154982
0.0037571763 	0.0071869628 	-0.015130233 	1.2425804
0.003780818 	0.0057400854 	-0.017018079 	1.1531998
0.0038041332 	0.0044493117 	-0.018287325 	1.0489868
0.0038271264 	0.003337978 	-0.018862191 	0.93280337
0.0038498019 	0.0024105159 	-0.018710625 	0.80829569
0.0038721643 	0.0016583624 	-0.017826954 	0.67931206
0.0038942179 	0.001066554 	-0.01621041 	0.54933062
0.0039159668 	0.0006185571 	-0.013853087 	0.42102645
0.0039374154 	0.00029982841 	-0.010746774 	0.29605163
0.0039585677 	9.9149226e-05 	-0.0069120364 	0.17502791
0.0039794279 	8.3668895e-06 	-0.002446361 	0.057685395
0.004 	8.3668895e-06 	-0.002446361 	0.057685395
