0 	-0.055929364 	0.064387082 	0.99904035
2.0100503e-05 	-0.059257685 	-0.05385536 	1.0106623
4.0201005e-05 	-0.059257685 	-0.05385536 	1.0106623
6.0301508e-05 	-0.024570617 	-0.068773907 	1.0250045
8.040201e-05 	-0.024570617 	-0.068773907 	1.0250045
0.00010050251 	-0.024570617 	-0.068773907 	1.0250045
0.00012060302 	-0.01148042 	-0.062367805 	1.0392362
0.00014070352 	-0.01148042 	-0.062367805 	1.0392362
0.00016080402 	-0.01148042 	-0.062367805 	1.0392362
0.00018090452 	-0.0034636106 	-0.05165723 	1.052881
0.00020100503 	-0.0034636106 	-0.05165723 	1.052881
0.00022110553 	-0.0034636106 	-0.05165723 	1.052881
0.00024120603 	0.0024965457 	-0.039709209 	1.0667325
0.00026130653 	0.0024965457 	-0.039709209 	1.0667325
0.00028140704 	0.0069170185 	-0.028202061 	1.0807089
0.00030150754 	0.0069170185 	-0.028202061 	1.0807089
0.00032160804 	0.0069170185 	-0.028202061 	1.0807089
0.00034170854 	0.0097609867 	-0.018221515 	1.0934446
0.00036180905 	0.0097609867 	-0.018221515 	1.0934446
0.00038190955 	0.0097609867 	-0.018221515 	1.0934446
0.00040201005 	0.0108064 	-0.010951132 	1.1031827
0.00042211055 	0.0108064 	-0.010951132 	1.1031827
0.00044221106 	0.0108064 	-0.010951132 	1.1031827
0.00046231156 	0.009798785 	-0.0077561191 	1.1086262
0.00048241206 	0.009798785 	-0.0077561191 	1.1086262
0.00050251256 	0.0066595252 	-0.0090592628 	1.1092489
0.00052261307 	0.0066595252 	-0.0090592628 	1.1092489
0.00054271357 	0.0066595252 	-0.0090592628 	1.1092489
0.00056281407 	0.0017475597 	-0.01323583 	1.1050273
0.00058291457 	0.0017475597 	-0.01323583 	1.1050273
0.00060301508 	0.0017475597 	-0.01323583 	1.1050273
0.00062311558 	-0.0041976719 	-0.017209772 	1.0961659
0.00064321608 	-0.0041976719 	-0.017209772 	1.0961659
0.00066331658 	-0.0041976719 	-0.017209772 	1.0961659
0.00068341709 	-0.010405537 	-0.018409287 	1.0833955
0.00070351759 	-0.010405537 	-0.018409287 	1.0833955
0.00072361809 	-0.016355591 	-0.015966837 	1.0684282
0.00074371859 	-0.016355591 	-0.015966837 	1.0684282
0.0007638191 	-0.016355591 	-0.015966837 	1.0684282
0.0007839196 	-0.021816539 	-0.010651309 	1.0535083
0.0008040201 	-0.021816539 	-0.010651309 	1.0535083
0.0008241206 	-0.021816539 	-0.010651309 	1.0535083
0.00084422111 	-0.026688838 	-0.0039142891 	1.0403214
0.00086432161 	-0.026688838 	-0.0039142891 	1.0403214
0.00088442211 	-0.026688838 	-0.0039142891 	1.0403214
0.00090452261 	-0.030938722 	0.0027323533 	1.0294518
0.00092462312 	-0.030938722 	0.0027323533 	1.0294518
0.00094472362 	-0.034598508 	0.0079117716 	1.020685
0.00096482412 	-0.034598508 	0.0079117716 	1.020685
0.00098492462 	-0.034598508 	0.0079117716 	1.020685
0.0010050251 	-0.036805926 	0.006145715 	1.014239
0.0010251256 	-0.036805926 	0.006145715 	1.014239
0.0010452261 	-0.036805926 	0.006145715 	1.014239
0.0010653266 	-0.040216231 	0.0066585627 	1.0074977
0.0010854271 	-0.040216231 	0.0066585627 	1.0074977
0.0011055276 	-0.040216231 	0.0066585627 	1.0074977
0.0011256281 	-0.042404376 	0.0044446266 	1.0008219
0.0011457286 	-0.042404376 	0.0044446266 	1.0008219
0.0011658291 	-0.042404376 	0.0044446266 	1.0008219
0.0011859296 	-0.042978351 	0.001205139 	0.99435333
0.0012060302 	-0.042978351 	0.001205139 	0.99435333
0.0012261307 	-0.042978351 	0.001205139 	0.99435333
0.0012462312 	-0.04197023 	-0.0013307066 	0.98898252
0.0012663317 	-0.04197023 	-0.0013307066 	0.98898252
0.0012864322 	-0.04197023 	-0.0013307066 	0.98898252
0.0013065327 	-0.039594231 	-0.0021043721 	0.98550406
0.0013266332 	-0.039594231 	-0.0021043721 	0.98550406
0.0013467337 	-0.039594231 	-0.0021043721 	0.98550406
0.0013668342 	-0.036123544 	-0.00089170176 	0.98399497
0.0013869347 	-0.036123544 	-0.00089170176 	0.98399497
0.0014070352 	-0.036123544 	-0.00089170176 	0.98399497
0.0014271357 	-0.031627733 	0.0017410913 	0.98372265
0.0014472362 	-0.031627733 	0.0017410913 	0.98372265
0.0014673367 	-0.031627733 	0.0017410913 	0.98372265
0.0014874372 	-0.025991767 	0.0047999355 	0.98347958
0.0015075377 	-0.025991767 	0.0047999355 	0.98347958
0.0015276382 	-0.0191488 	0.0076162328 	0.98219727
0.0015477387 	-0.0191488 	0.0076162328 	0.98219727
0.0015678392 	-0.0191488 	0.0076162328 	0.98219727
0.0015879397 	-0.011376229 	0.010258196 	0.97926895
0.0016080402 	-0.011376229 	0.010258196 	0.97926895
0.0016281407 	-0.011376229 	0.010258196 	0.97926895
0.0016482412 	-0.0033860945 	0.013104278 	0.9741793
0.0016683417 	-0.0033860945 	0.013104278 	0.9741793
0.0016884422 	0.003519338 	0.016148435 	0.96596083
0.0017085427 	0.003519338 	0.016148435 	0.96596083
0.0017286432 	0.003519338 	0.016148435 	0.96596083
0.0017487437 	0.0078535718 	0.019000833 	0.95372957
0.0017688442 	0.0078535718 	0.019000833 	0.95372957
0.0017889447 	0.0078535718 	0.019000833 	0.95372957
0.0018090452 	0.0084804862 	0.02122357 	0.93787653
0.0018291457 	0.0084804862 	0.02122357 	0.93787653
0.0018492462 	0.0051391616 	0.022762566 	0.92068134
0.0018693467 	0.0051391616 	0.022762566 	0.92068134
0.0018894472 	0.0051391616 	0.022762566 	0.92068134
0.0019095477 	-0.0011653586 	0.023370985 	0.9043335
0.0019296482 	-0.0011653586 	0.023370985 	0.9043335
0.0019497487 	-0.0088799048 	0.022335945 	0.88885123
0.0019698492 	-0.0088799048 	0.022335945 	0.88885123
0.0019899497 	-0.0088799048 	0.022335945 	0.88885123
0.0020100503 	-0.016737479 	0.018631468 	0.87303552
0.0020301508 	-0.016737479 	0.018631468 	0.87303552
0.0020502513 	-0.023846035 	0.011465736 	0.85692874
0.0020703518 	-0.023846035 	0.011465736 	0.85692874
0.0020904523 	-0.029379157 	0.00064926732 	0.84245068
0.0021105528 	-0.029379157 	0.00064926732 	0.84245068
0.0021306533 	-0.029379157 	0.00064926732 	0.84245068
0.0021507538 	-0.032702965 	-0.012951899 	0.83200219
0.0021708543 	-0.032702965 	-0.012951899 	0.83200219
0.0021909548 	-0.03362538 	-0.027687422 	0.82698117
0.0022110553 	-0.03362538 	-0.027687422 	0.82698117
0.0022311558 	-0.032442442 	-0.041608036 	0.82689526
0.0022512563 	-0.032442442 	-0.041608036 	0.82689526
0.0022713568 	-0.029668988 	-0.053324477 	0.82989305
0.0022914573 	-0.029668988 	-0.053324477 	0.82989305
0.0023115578 	-0.029668988 	-0.053324477 	0.82989305
0.0023316583 	-0.025856551 	-0.062185605 	0.83381261
0.0023517588 	-0.025856551 	-0.062185605 	0.83381261
0.0023718593 	-0.021495262 	-0.06825495 	0.83708619
0.0023919598 	-0.021495262 	-0.06825495 	0.83708619
0.0024120603 	-0.017026345 	-0.071946987 	0.83896806
0.0024321608 	-0.017026345 	-0.071946987 	0.83896806
0.0024522613 	-0.012819002 	-0.073777533 	0.83936874
0.0024723618 	-0.012819002 	-0.073777533 	0.83936874
0.0024924623 	-0.0091283714 	-0.074187245 	0.83852704
0.0025125628 	-0.0091283714 	-0.074187245 	0.83852704
0.0025326633 	-0.0060347293 	-0.073522958 	0.83669672
0.0025527638 	-0.0060347293 	-0.073522958 	0.83669672
0.0025728643 	-0.003487919 	-0.071982821 	0.83391809
0.0025929648 	-0.003487919 	-0.071982821 	0.83391809
0.0026130653 	-0.0014435098 	-0.069633884 	0.83011271
0.0026331658 	-0.0014435098 	-0.069633884 	0.83011271
0.0026532663 	0.00022985374 	-0.066580988 	0.82542602
0.0026733668 	0.00022985374 	-0.066580988 	0.82542602
0.0026934673 	0.0018833728 	-0.063129081 	0.82046333
0.0027135678 	0.0018833728 	-0.063129081 	0.82046333
0.0027336683 	0.0038508064 	-0.059821864 	0.81625172
0.0027537688 	0.0038508064 	-0.059821864 	0.81625172
0.0027738693 	0.0064534129 	-0.057447616 	0.8136689
0.0027939698 	0.0064534129 	-0.057447616 	0.8136689
0.0028140704 	0.010049969 	-0.056674621 	0.81304748
0.0028341709 	0.010049969 	-0.056674621 	0.81304748
0.0028542714 	0.01469886 	-0.057714921 	0.81396593
0.0028743719 	0.019998634 	-0.060273491 	0.8153163
0.0028944724 	0.019998634 	-0.060273491 	0.8153163
0.0029145729 	0.025451782 	-0.063809349 	0.81550765
0.0029346734 	0.025451782 	-0.063809349 	0.81550765
0.0029547739 	0.030502436 	-0.067847337 	0.8129864
0.0029748744 	0.030502436 	-0.067847337 	0.8129864
0.0029949749 	0.034669976 	-0.07211638 	0.80687858
0.0030150754 	0.037596351 	-0.076499778 	0.79741732
0.0030351759 	0.037596351 	-0.076499778 	0.79741732
0.0030552764 	0.039112069 	-0.080751143 	0.78593307
0.0030753769 	0.039112069 	-0.080751143 	0.78593307
0.0030954774 	0.039329961 	-0.0841639 	0.77436198
0.0031155779 	0.038676577 	-0.085554738 	0.7643487
0.0031356784 	0.038676577 	-0.085554738 	0.7643487
0.0031557789 	0.037861991 	-0.083693925 	0.75632589
0.0031758794 	0.037861991 	-0.083693925 	0.75632589
0.0031959799 	0.03764465 	-0.077810237 	0.74929711
0.0032160804 	0.03852135 	-0.067801145 	0.7416403
0.0032361809 	0.03852135 	-0.067801145 	0.7416403
0.0032562814 	0.040520334 	-0.054200732 	0.73244495
0.0032763819 	0.043155899 	-0.038156055 	0.72233425
0.0032964824 	0.043155899 	-0.038156055 	0.72233425
0.0033165829 	0.045744861 	-0.021196699 	0.71298453
0.0033366834 	0.047871366 	-0.0046592937 	0.7059439
0.0033567839 	0.047871366 	-0.0046592937 	0.7059439
0.0033768844 	0.049381289 	0.01073828 	0.70198938
0.0033969849 	0.049911852 	0.024675955 	0.70107557
0.0034170854 	0.049911852 	0.024675955 	0.70107557
0.0034371859 	0.049065659 	0.036769848 	0.70275664
0.0034572864 	0.046649067 	0.046578051 	0.70656064
0.0034773869 	0.042731478 	0.054176117 	0.71182239
0.0034974874 	0.042731478 	0.054176117 	0.71182239
0.0035175879 	0.037818882 	0.060292087 	0.71706004
0.0035376884 	0.032637319 	0.065841919 	0.72005948
0.0035577889 	0.027873602 	0.071357644 	0.71864989
0.0035778894 	0.027873602 	0.071357644 	0.71864989
0.0035979899 	0.024007286 	0.076714957 	0.71146112
0.0036180905 	0.021259338 	0.081264164 	0.69821446
0.003638191 	0.019625813 	0.084189964 	0.67957701
0.0036582915 	0.019625813 	0.084189964 	0.67957701
0.003678392 	0.018946834 	0.084816704 	0.65678391
0.0036984925 	0.018972422 	0.082715507 	0.63120059
0.003718593 	0.019401719 	0.077684297 	0.60394678
0.0037386935 	0.019894961 	0.069752068 	0.57566574
0.003758794 	0.020089702 	0.059271457 	0.54643761
0.0037788945 	0.020089702 	0.059271457 	0.54643761
0.003798995 	0.019649393 	0.047017393 	0.51574936
0.0038190955 	0.018352628 	0.034150551 	0.48245503
0.003839196 	0.016184722 	0.021987402 	0.44481163
0.0038592965 	0.013350339 	0.011675341 	0.40084352
0.003879397 	0.010208202 	0.0039389109 	0.349215
0.0038994975 	0.0071440058 	-0.0010017426 	0.29015949
0.003919598 	0.0044406264 	-0.0033589302 	0.22567872
0.0039396985 	0.0022711643 	-0.0036227427 	0.15881579
0.003959799 	0.00076359446 	-0.0024417877 	0.092603523
0.0039798995 	5.0134743e-05 	-0.00063267742 	0.029434664
0.004 	5.0134743e-05 	-0.00063267742 	0.029434664
