0 	0.013395657 	0.01146961 	1.136017
5.5555556e-05 	0.0037433504 	0.024574579 	1.1291419
0.00011111111 	-0.004115299 	0.031888311 	1.1182328
0.00016666667 	-0.010752007 	0.033060869 	1.1042364
0.00022222222 	-0.015041315 	0.02560181 	1.0896935
0.00027777778 	-0.016388297 	0.010625909 	1.0780762
0.00033333333 	-0.015474749 	-0.0074941692 	1.070889
0.00038888889 	-0.013424744 	-0.024642812 	1.065779
0.00044444444 	-0.011013692 	-0.039059666 	1.0587921
0.0005 	-0.0088058335 	-0.050559421 	1.0472209
0.00055555556 	-0.0073441053 	-0.059134042 	1.0301817
0.00061111111 	-0.0071337357 	-0.064479394 	1.008241
0.00066666667 	-0.0085161323 	-0.065991404 	0.98335907
0.00072222222 	-0.011513229 	-0.063218454 	0.95904146
0.00077777778 	-0.015696322 	-0.056580883 	0.93925712
0.00083333333 	-0.020270163 	-0.047605882 	0.92617876
0.00088888889 	-0.024385101 	-0.038271535 	0.91921019
0.00094444444 	-0.027484343 	-0.030183069 	0.91610574
0.001 	-0.029405747 	-0.0237532 	0.91437475
0.0010617199 	-0.029916936 	-0.019705842 	0.91222475
0.0011225874 	-0.028880098 	-0.017904488 	0.9094944
0.0011826143 	-0.026582407 	-0.017645203 	0.90673364
0.0012418122 	-0.023297372 	-0.018218486 	0.90485354
0.0013001926 	-0.019292081 	-0.019026664 	0.90445175
0.0013577668 	-0.014789876 	-0.01962131 	0.90566383
0.0014145458 	-0.0099916076 	-0.019740289 	0.90833129
0.0014705407 	-0.0050695181 	-0.019295012 	0.91215137
0.0015257623 	-0.00021047054 	-0.018333008 	0.91672439
0.0015802213 	0.0044774826 	-0.017011824 	0.92161115
0.0016339282 	0.0089909778 	-0.015504616 	0.92643093
0.0016868934 	0.013352596 	-0.013959465 	0.93097899
0.0017391271 	0.017604321 	-0.012448538 	0.93525792
0.0017906395 	0.021799383 	-0.010946392 	0.93937395
0.0018414404 	0.026037553 	-0.0093399371 	0.94333836
0.0018915398 	0.030407178 	-0.0073968406 	0.94695974
0.0019409473 	0.035013949 	-0.0047803731 	0.94994103
0.0019896725 	0.039995159 	-0.0011641997 	0.9520581
0.0020377248 	0.045396338 	0.0037590708 	0.95325888
0.0020851134 	0.051155376 	0.010292071 	0.95347128
0.0021318476 	0.057091022 	0.018750047 	0.95233649
0.0021779364 	0.062749958 	0.029385467 	0.94923004
0.0022233887 	0.067393058 	0.04216755 	0.94384965
0.0022682133 	0.069895358 	0.056492413 	0.93716294
0.0023124189 	0.06888601 	0.071237057 	0.93210943
0.0023560139 	0.063333968 	0.085156078 	0.93260226
0.0023990069 	0.053717964 	0.097355624 	0.93953308
0.0024414062 	0.041911016 	0.105949 	0.94734628
0.0024832199 	0.029574364 	0.10476204 	0.94740425
0.0025244562 	0.017645566 	0.087859562 	0.93299615
0.002565123 	0.0067837473 	0.061951448 	0.90119013
0.0026052281 	-0.0021843509 	0.042209609 	0.85802067
0.0026447794 	-0.0080507501 	0.035836008 	0.81508913
0.0026837845 	-0.01041552 	0.039408192 	0.78032905
0.0027222509 	-0.010363382 	0.046535366 	0.75591699
0.0027601861 	-0.0095902702 	0.053047332 	0.74050046
0.0027975974 	-0.0094373425 	0.05745406 	0.73160661
0.002834492 	-0.010669611 	0.059790751 	0.72686942
0.0028708772 	-0.013636107 	0.060590358 	0.72447959
0.0029067598 	-0.018317879 	0.060285582 	0.72324187
0.0029421469 	-0.024472402 	0.0589497 	0.72249103
0.0029770452 	-0.031712198 	0.056232907 	0.72194598
0.0030114616 	-0.039544987 	0.051575554 	0.72150516
0.0030454028 	-0.04743306 	0.044667563 	0.72100022
0.0030788752 	-0.05490279 	0.035926854 	0.71996512
0.0031118853 	-0.061662155 	0.026563967 	0.71759993
0.0031444395 	-0.06763779 	0.018048226 	0.7130946
0.0031765442 	-0.072897268 	0.011362654 	0.70610553
0.0032082055 	-0.077505831 	0.0066359244 	0.69695602
0.0032394295 	-0.081343783 	0.0033420726 	0.68635626
0.0032702223 	-0.084015366 	0.00077333054 	0.67485042
0.0033005899 	-0.08499318 	-0.0015132755 	0.66242276
0.0033305381 	-0.083882181 	-0.0034272008 	0.6485804
0.0033600727 	-0.080695653 	-0.0044630539 	0.63275379
0.0033891994 	-0.075869714 	-0.0041715875 	0.61472461
0.0034179239 	-0.07003319 	-0.0025778386 	0.59468245
0.0034462517 	-0.063721988 	-0.00014915224 	0.57296366
0.0034741882 	-0.057246767 	0.0025838477 	0.54980654
0.003501739 	-0.050745839 	0.0052951619 	0.52534561
0.0035289093 	-0.044342872 	0.0078246485 	0.49972742
0.0035557043 	-0.03823719 	0.0099809064 	0.47318674
0.0035821293 	-0.032644744 	0.011492886 	0.44602488
0.0036081894 	-0.027698366 	0.012158046 	0.41856278
0.0036338895 	-0.023423432 	0.01197344 	0.39112433
0.0036592348 	-0.019773059 	0.011130393 	0.36402414
0.00368423 	-0.01666652 	0.0099198772 	0.33753347
0.00370888 	-0.014015114 	0.0086320755 	0.31183012
0.0037331896 	-0.011742199 	0.0074911405 	0.2869781
0.0037571635 	-0.0097907352 	0.0066381923 	0.26291833
0.0037808063 	-0.0081084453 	0.0061426709 	0.23947337
0.0038041226 	-0.0066456226 	0.0060165497 	0.21638046
0.0038271169 	-0.0053626964 	0.0062300321 	0.19333521
0.0038497936 	-0.0042258377 	0.0067157922 	0.17003902
0.0038721572 	-0.0032070785 	0.0073567147 	0.14624033
0.0038942119 	-0.002288668 	0.0079560335 	0.12175465
0.003915962 	-0.0014703001 	0.0081995968 	0.096457127
0.0039374118 	-0.00077795085 	0.0076418834 	0.070244543
0.0039585653 	-0.00026715408 	0.0057831443 	0.042994328
0.0039794267 	-1.4517773e-05 	0.0023316088 	0.014628955
0.004 	2.1819519e-05 	0.0032147861 	0.01926933
