0 	-0.0037346769 	0.00097059252 	1.0995876
2.0100503e-05 	-0.0014473923 	-0.0057254563 	1.0930375
4.0201005e-05 	-0.0014473923 	-0.0057254563 	1.0930375
6.0301508e-05 	0.0016560626 	-0.0068542952 	1.0863927
8.040201e-05 	0.0016560626 	-0.0068542952 	1.0863927
0.00010050251 	0.0016560626 	-0.0068542952 	1.0863927
0.00012060302 	0.0026173976 	-0.0067152465 	1.0794578
0.00014070352 	0.0026173976 	-0.0067152465 	1.0794578
0.00016080402 	0.0026173976 	-0.0067152465 	1.0794578
0.00018090452 	0.0024119789 	-0.0059237125 	1.071695
0.00020100503 	0.0024119789 	-0.0059237125 	1.071695
0.00022110553 	0.0024119789 	-0.0059237125 	1.071695
0.00024120603 	0.0010467367 	-0.0047741398 	1.0624219
0.00026130653 	0.0010467367 	-0.0047741398 	1.0624219
0.00028140704 	-0.0014950155 	-0.0036702121 	1.0511883
0.00030150754 	-0.0014950155 	-0.0036702121 	1.0511883
0.00032160804 	-0.0014950155 	-0.0036702121 	1.0511883
0.00034170854 	-0.0050632355 	-0.0030254838 	1.0380412
0.00036180905 	-0.0050632355 	-0.0030254838 	1.0380412
0.00038190955 	-0.0050632355 	-0.0030254838 	1.0380412
0.00040201005 	-0.0093059392 	-0.0031291066 	1.0234883
0.00042211055 	-0.0093059392 	-0.0031291066 	1.0234883
0.00044221106 	-0.0093059392 	-0.0031291066 	1.0234883
0.00046231156 	-0.013732017 	-0.0039555303 	1.008083
0.00048241206 	-0.013732017 	-0.0039555303 	1.008083
0.00050251256 	-0.017916867 	-0.0050047004 	0.99215109
0.00052261307 	-0.017916867 	-0.0050047004 	0.99215109
0.00054271357 	-0.017916867 	-0.0050047004 	0.99215109
0.00056281407 	-0.021776503 	-0.0053435843 	0.97591266
0.00058291457 	-0.021776503 	-0.0053435843 	0.97591266
0.00060301508 	-0.021776503 	-0.0053435843 	0.97591266
0.00062311558 	-0.025680825 	-0.0037614089 	0.95941465
0.00064321608 	-0.025680825 	-0.0037614089 	0.95941465
0.00066331658 	-0.025680825 	-0.0037614089 	0.95941465
0.00068341709 	-0.030038465 	0.0010755163 	0.94165752
0.00070351759 	-0.030038465 	0.0010755163 	0.94165752
0.00072361809 	-0.034737942 	0.0097339609 	0.92050034
0.00074371859 	-0.034737942 	0.0097339609 	0.92050034
0.0007638191 	-0.034737942 	0.0097339609 	0.92050034
0.0007839196 	-0.039525481 	0.019986353 	0.89637333
0.0008040201 	-0.039525481 	0.019986353 	0.89637333
0.0008241206 	-0.039525481 	0.019986353 	0.89637333
0.00084422111 	-0.044487735 	0.02735954 	0.87661024
0.00086432161 	-0.044487735 	0.02735954 	0.87661024
0.00088442211 	-0.044487735 	0.02735954 	0.87661024
0.00090452261 	-0.049355961 	0.029864507 	0.868833
0.00092462312 	-0.049355961 	0.029864507 	0.868833
0.00094472362 	-0.053490121 	0.02883092 	0.8694209
0.00096482412 	-0.053490121 	0.02883092 	0.8694209
0.00098492462 	-0.053490121 	0.02883092 	0.8694209
0.0010050251 	-0.067209326 	0.016592881 	0.87278761
0.0010251256 	-0.067209326 	0.016592881 	0.87278761
0.0010452261 	-0.057132317 	0.025037478 	0.86940266
0.0010653266 	-0.060280452 	0.017466206 	0.86510673
0.0010854271 	-0.060280452 	0.017466206 	0.86510673
0.0011055276 	-0.070317339 	0.011410148 	0.867331
0.0011256281 	-0.072275695 	0.0036590542 	0.86021944
0.0011457286 	-0.072275695 	0.0036590542 	0.86021944
0.0011658291 	-0.072275695 	0.0036590542 	0.86021944
0.0011859296 	-0.072738445 	-0.0052084505 	0.85546439
0.0012060302 	-0.072738445 	-0.0052084505 	0.85546439
0.0012261307 	-0.072738445 	-0.0052084505 	0.85546439
0.0012462312 	-0.071791513 	-0.013385202 	0.85398264
0.0012663317 	-0.071791513 	-0.013385202 	0.85398264
0.0012864322 	-0.071791513 	-0.013385202 	0.85398264
0.0013065327 	-0.069838497 	-0.019978881 	0.8550431
0.0013266332 	-0.069838497 	-0.019978881 	0.8550431
0.0013467337 	-0.069838497 	-0.019978881 	0.8550431
0.0013668342 	-0.067617254 	-0.025271277 	0.85742951
0.0013869347 	-0.067617254 	-0.025271277 	0.85742951
0.0014070352 	-0.067617254 	-0.025271277 	0.85742951
0.0014271357 	-0.065716798 	-0.030150139 	0.86021011
0.0014472362 	-0.065716798 	-0.030150139 	0.86021011
0.0014673367 	-0.065716798 	-0.030150139 	0.86021011
0.0014874372 	-0.064393739 	-0.035292122 	0.86277001
0.0015075377 	-0.064393739 	-0.035292122 	0.86277001
0.0015276382 	-0.063690072 	-0.040765845 	0.86474339
0.0015477387 	-0.063690072 	-0.040765845 	0.86474339
0.0015678392 	-0.063690072 	-0.040765845 	0.86474339
0.0015879397 	-0.063620697 	-0.046079539 	0.86596089
0.0016080402 	-0.063620697 	-0.046079539 	0.86596089
0.0016281407 	-0.063620697 	-0.046079539 	0.86596089
0.0016482412 	-0.064201961 	-0.050559575 	0.86631042
0.0016683417 	-0.064201961 	-0.050559575 	0.86631042
0.0016884422 	-0.065347086 	-0.05373156 	0.8656325
0.0017085427 	-0.065347086 	-0.05373156 	0.8656325
0.0017286432 	-0.065347086 	-0.05373156 	0.8656325
0.0017487437 	-0.066778759 	-0.055419668 	0.86377961
0.0017688442 	-0.066778759 	-0.055419668 	0.86377961
0.0017889447 	-0.066778759 	-0.055419668 	0.86377961
0.0018090452 	-0.068043528 	-0.055581926 	0.86087409
0.0018291457 	-0.068043528 	-0.055581926 	0.86087409
0.0018492462 	-0.068621548 	-0.054129736 	0.85753009
0.0018693467 	-0.068621548 	-0.054129736 	0.85753009
0.0018894472 	-0.068621548 	-0.054129736 	0.85753009
0.0019095477 	-0.068106984 	-0.050946608 	0.85471897
0.0019296482 	-0.068106984 	-0.050946608 	0.85471897
0.0019497487 	-0.066374696 	-0.046120432 	0.85324924
0.0019698492 	-0.066374696 	-0.046120432 	0.85324924
0.0019899497 	-0.066374696 	-0.046120432 	0.85324924
0.0020100503 	-0.063640939 	-0.040204429 	0.85327643
0.0020301508 	-0.063640939 	-0.040204429 	0.85327643
0.0020502513 	-0.060359569 	-0.034213655 	0.8543091
0.0020703518 	-0.060359569 	-0.034213655 	0.8543091
0.0020904523 	-0.056957048 	-0.029226785 	0.85569466
0.0021105528 	-0.056957048 	-0.029226785 	0.85569466
0.0021306533 	-0.056957048 	-0.029226785 	0.85569466
0.0021507538 	-0.053568774 	-0.025839904 	0.85716401
0.0021708543 	-0.053568774 	-0.025839904 	0.85716401
0.0021909548 	-0.050003002 	-0.023946712 	0.85897362
0.0022110553 	-0.050003002 	-0.023946712 	0.85897362
0.0022311558 	-0.045956725 	-0.02298876 	0.86159333
0.0022512563 	-0.045956725 	-0.02298876 	0.86159333
0.0022713568 	-0.041245256 	-0.022372399 	0.86533286
0.0022914573 	-0.041245256 	-0.022372399 	0.86533286
0.0023115578 	-0.041245256 	-0.022372399 	0.86533286
0.0023316583 	-0.035865967 	-0.021691897 	0.87019603
0.0023517588 	-0.035865967 	-0.021691897 	0.87019603
0.0023718593 	-0.02991544 	-0.020743898 	0.87598786
0.0023919598 	-0.02991544 	-0.020743898 	0.87598786
0.0024120603 	-0.023536257 	-0.019430672 	0.8824405
0.0024321608 	-0.023536257 	-0.019430672 	0.8824405
0.0024522613 	-0.016881097 	-0.017668446 	0.88928026
0.0024723618 	-0.016881097 	-0.017668446 	0.88928026
0.0024924623 	-0.010184358 	-0.015393621 	0.89623362
0.0025125628 	-0.010184358 	-0.015393621 	0.89623362
0.0025326633 	-0.0036822084 	-0.012556939 	0.90299881
0.0025527638 	-0.0036822084 	-0.012556939 	0.90299881
0.0025728643 	0.0024208873 	-0.0091581314 	0.90926082
0.0025929648 	0.0024208873 	-0.0091581314 	0.90926082
0.0026130653 	0.0079209031 	-0.0052241598 	0.91471608
0.0026331658 	0.0079209031 	-0.0052241598 	0.91471608
0.0026532663 	0.012656781 	-0.00087412176 	0.91910176
0.0026733668 	0.012656781 	-0.00087412176 	0.91910176
0.0026934673 	0.01660416 	0.0037488362 	0.92221528
0.0027135678 	0.01660416 	0.0037488362 	0.92221528
0.0027336683 	0.019784399 	0.0084506339 	0.92390459
0.0027537688 	0.019784399 	0.0084506339 	0.92390459
0.0027738693 	0.022133672 	0.013032649 	0.92390329
0.0027939698 	0.022133672 	0.013032649 	0.92390329
0.0028140704 	0.023745406 	0.017239676 	0.92182318
0.0028341709 	0.023745406 	0.017239676 	0.92182318
0.0028542714 	0.024700667 	0.020863993 	0.91747493
0.0028743719 	0.024777109 	0.023808499 	0.91149677
0.0028944724 	0.024777109 	0.023808499 	0.91149677
0.0029145729 	0.023501693 	0.026129299 	0.90575281
0.0029346734 	0.023501693 	0.026129299 	0.90575281
0.0029547739 	0.020384669 	0.027850782 	0.90266097
0.0029748744 	0.020384669 	0.027850782 	0.90266097
0.0029949749 	0.015422419 	0.028645206 	0.90339105
0.0030150754 	0.0094060622 	0.027885656 	0.90640775
0.0030351759 	0.0094060622 	0.027885656 	0.90640775
0.0030552764 	0.0036625163 	0.025047111 	0.90778112
0.0030753769 	0.0036625163 	0.025047111 	0.90778112
0.0030954774 	-0.0005526369 	0.020131088 	0.90341885
0.0031155779 	-0.0027585526 	0.013672792 	0.89165224
0.0031356784 	-0.0027585526 	0.013672792 	0.89165224
0.0031557789 	-0.0034658196 	0.0063465176 	0.87446887
0.0031758794 	-0.0034658196 	0.0063465176 	0.87446887
0.0031959799 	-0.0038413225 	-0.0013064845 	0.85670561
0.0032160804 	-0.0051331178 	-0.0088508734 	0.84366456
0.0032361809 	-0.0051331178 	-0.0088508734 	0.84366456
0.0032562814 	-0.0080021933 	-0.015722785 	0.83841132
0.0032763819 	-0.012222525 	-0.021073251 	0.84017261
0.0032964824 	-0.012222525 	-0.021073251 	0.84017261
0.0033165829 	-0.016825205 	-0.023883119 	0.84459229
0.0033366834 	-0.020554591 	-0.023332313 	0.84534104
0.0033567839 	-0.020554591 	-0.023332313 	0.84534104
0.0033768844 	-0.022408261 	-0.019153513 	0.83620242
0.0033969849 	-0.021884683 	-0.011817847 	0.81278916
0.0034170854 	-0.021884683 	-0.011817847 	0.81278916
0.0034371859 	-0.019054472 	-0.0025390979 	0.77373807
0.0034572864 	-0.014565615 	0.0069643764 	0.72135734
0.0034773869 	-0.0094824062 	0.01488499 	0.66132147
0.0034974874 	-0.0094824062 	0.01488499 	0.66132147
0.0035175879 	-0.0049758151 	0.019871883 	0.6009928
0.0035376884 	-0.0019131124 	0.021467595 	0.5468398
0.0035577889 	-0.00056815028 	0.020168518 	0.50231362
0.0035778894 	-0.00056815028 	0.020168518 	0.50231362
0.0035979899 	-0.00064002842 	0.017088476 	0.46745022
0.0036180905 	-0.001517155 	0.01346212 	0.44007311
0.003638191 	-0.0025971258 	0.01027573 	0.41741204
0.0036582915 	-0.0025971258 	0.01027573 	0.41741204
0.003678392 	-0.0034800937 	0.0080951898 	0.39721179
0.0036984925 	-0.0039819919 	0.0070917882 	0.37804136
0.003718593 	-0.0040648265 	0.0071535011 	0.35911703
0.0037386935 	-0.0037752901 	0.0080038273 	0.33999423
0.003758794 	-0.003205972 	0.0092908199 	0.32034908
0.0037788945 	-0.003205972 	0.0092908199 	0.32034908
0.003798995 	-0.002472185 	0.010658306 	0.2998669
0.0038190955 	-0.0016879711 	0.011799486 	0.27820616
0.003839196 	-0.00095149591 	0.012496181 	0.25499234
0.0038592965 	-0.00034032784 	0.01263512 	0.22981999
0.003879397 	9.1472771e-05 	0.012206951 	0.20226126
0.0038994975 	0.00032369017 	0.011273282 	0.17190398
0.003919598 	0.00037179823 	0.0099037849 	0.13843691
0.0039396985 	0.00028378617 	0.0080929699 	0.10179045
0.003959799 	0.00013445167 	0.005684478 	0.062317099
0.0039798995 	1.2041521e-05 	0.0023478756 	0.020961906
0.004 	1.2041521e-05 	0.0023478756 	0.020961906
