0 	-0.017412292 	0.029490279 	1.017081
2.0100503e-05 	0.025651366 	0.016864731 	1.0322289
4.0201005e-05 	0.025651366 	0.016864731 	1.0322289
6.0301508e-05 	0.028894181 	0.0032906214 	1.0466648
8.040201e-05 	0.028894181 	0.0032906214 	1.0466648
0.00010050251 	0.028894181 	0.0032906214 	1.0466648
0.00012060302 	0.028539911 	-0.0019719242 	1.0589155
0.00014070352 	0.028539911 	-0.0019719242 	1.0589155
0.00016080402 	0.028539911 	-0.0019719242 	1.0589155
0.00018090452 	0.027706124 	-0.0059939605 	1.0683269
0.00020100503 	0.027706124 	-0.0059939605 	1.0683269
0.00022110553 	0.027706124 	-0.0059939605 	1.0683269
0.00024120603 	0.025958193 	-0.0090264915 	1.0754559
0.00026130653 	0.025958193 	-0.0090264915 	1.0754559
0.00028140704 	0.023305654 	-0.010463325 	1.081497
0.00030150754 	0.023305654 	-0.010463325 	1.081497
0.00032160804 	0.023305654 	-0.010463325 	1.081497
0.00034170854 	0.02023566 	-0.0099699724 	1.0873036
0.00036180905 	0.02023566 	-0.0099699724 	1.0873036
0.00038190955 	0.02023566 	-0.0099699724 	1.0873036
0.00040201005 	0.017361825 	-0.007771764 	1.0927415
0.00042211055 	0.017361825 	-0.007771764 	1.0927415
0.00044221106 	0.017361825 	-0.007771764 	1.0927415
0.00046231156 	0.015106849 	-0.0045726602 	1.096725
0.00048241206 	0.015106849 	-0.0045726602 	1.096725
0.00050251256 	0.013574067 	-0.0012787682 	1.0977982
0.00052261307 	0.013574067 	-0.0012787682 	1.0977982
0.00054271357 	0.013574067 	-0.0012787682 	1.0977982
0.00056281407 	0.012593406 	0.0013078801 	1.0948777
0.00058291457 	0.012593406 	0.0013078801 	1.0948777
0.00060301508 	0.012593406 	0.0013078801 	1.0948777
0.00062311558 	0.011883884 	0.0026737198 	1.0877476
0.00064321608 	0.011883884 	0.0026737198 	1.0877476
0.00066331658 	0.011883884 	0.0026737198 	1.0877476
0.00068341709 	0.011280795 	0.0025698209 	1.0770815
0.00070351759 	0.011280795 	0.0025698209 	1.0770815
0.00072361809 	0.010859506 	0.00092248912 	1.0640652
0.00074371859 	0.010859506 	0.00092248912 	1.0640652
0.0007638191 	0.010859506 	0.00092248912 	1.0640652
0.0007839196 	0.010825801 	-0.0021053108 	1.0500131
0.0008040201 	0.010825801 	-0.0021053108 	1.0500131
0.0008241206 	0.010825801 	-0.0021053108 	1.0500131
0.00084422111 	0.011215103 	-0.0059336693 	1.0362246
0.00086432161 	0.011215103 	-0.0059336693 	1.0362246
0.00088442211 	0.011215103 	-0.0059336693 	1.0362246
0.00090452261 	0.011734897 	-0.0095478418 	1.0239154
0.00092462312 	0.011734897 	-0.0095478418 	1.0239154
0.00094472362 	0.011814956 	-0.011812903 	1.0140007
0.00096482412 	0.011814956 	-0.011812903 	1.0140007
0.00098492462 	0.011814956 	-0.011812903 	1.0140007
0.0010050251 	0.011093628 	-0.011703628 	1.0066348
0.0010251256 	0.011093628 	-0.011703628 	1.0066348
0.0010452261 	0.011093628 	-0.011703628 	1.0066348
0.0010653266 	0.009120697 	-0.0085273509 	1.0021311
0.0010854271 	0.009120697 	-0.0085273509 	1.0021311
0.0011055276 	0.009120697 	-0.0085273509 	1.0021311
0.0011256281 	0.0060135457 	-0.0027338229 	0.99984598
0.0011457286 	0.0060135457 	-0.0027338229 	0.99984598
0.0011658291 	0.0060135457 	-0.0027338229 	0.99984598
0.0011859296 	0.0021873121 	0.0047471088 	0.99853151
0.0012060302 	0.0021873121 	0.0047471088 	0.99853151
0.0012261307 	0.0021873121 	0.0047471088 	0.99853151
0.0012462312 	-0.0018693178 	0.013007836 	0.99701623
0.0012663317 	-0.0018693178 	0.013007836 	0.99701623
0.0012864322 	-0.0018693178 	0.013007836 	0.99701623
0.0013065327 	-0.005784289 	0.02139777 	0.99441696
0.0013266332 	-0.005784289 	0.02139777 	0.99441696
0.0013467337 	-0.005784289 	0.02139777 	0.99441696
0.0013668342 	-0.009265285 	0.029565518 	0.99034697
0.0013869347 	-0.009265285 	0.029565518 	0.99034697
0.0014070352 	-0.009265285 	0.029565518 	0.99034697
0.0014271357 	-0.01202758 	0.037262615 	0.98507408
0.0014472362 	-0.01202758 	0.037262615 	0.98507408
0.0014673367 	-0.01202758 	0.037262615 	0.98507408
0.0014874372 	-0.013735851 	0.044123246 	0.97933134
0.0015075377 	-0.013735851 	0.044123246 	0.97933134
0.0015276382 	-0.014087574 	0.049546606 	0.97383747
0.0015477387 	-0.014087574 	0.049546606 	0.97383747
0.0015678392 	-0.014087574 	0.049546606 	0.97383747
0.0015879397 	-0.012962483 	0.052925697 	0.96893016
0.0016080402 	-0.012962483 	0.052925697 	0.96893016
0.0016281407 	-0.012962483 	0.052925697 	0.96893016
0.0016482412 	-0.01047644 	0.053855708 	0.96451016
0.0016683417 	-0.01047644 	0.053855708 	0.96451016
0.0016884422 	-0.0069526375 	0.052241197 	0.96021019
0.0017085427 	-0.0069526375 	0.052241197 	0.96021019
0.0017286432 	-0.0069526375 	0.052241197 	0.96021019
0.0017487437 	-0.0028608836 	0.048353753 	0.9556075
0.0017688442 	-0.0028608836 	0.048353753 	0.9556075
0.0017889447 	-0.0028608836 	0.048353753 	0.9556075
0.0018090452 	0.0011842108 	0.042932325 	0.9503512
0.0018291457 	0.0011842108 	0.042932325 	0.9503512
0.0018492462 	0.0045162021 	0.037176955 	0.94424082
0.0018693467 	0.0045162021 	0.037176955 	0.94424082
0.0018894472 	0.0045162021 	0.037176955 	0.94424082
0.0019095477 	0.006504165 	0.032679881 	0.93723363
0.0019296482 	0.006504165 	0.032679881 	0.93723363
0.0019497487 	0.0066614258 	0.03106145 	0.92940959
0.0019698492 	0.0066614258 	0.03106145 	0.92940959
0.0019899497 	0.0066614258 	0.03106145 	0.92940959
0.0020100503 	0.004855963 	0.03346035 	0.920838
0.0020301508 	0.004855963 	0.03346035 	0.920838
0.0020502513 	0.0013947837 	0.039994374 	0.91154095
0.0020703518 	0.0013947837 	0.039994374 	0.91154095
0.0020904523 	-0.0030841706 	0.049558488 	0.90175375
0.0021105528 	-0.0030841706 	0.049558488 	0.90175375
0.0021306533 	-0.0030841706 	0.049558488 	0.90175375
0.0021507538 	-0.0077274932 	0.060189254 	0.89223061
0.0021708543 	-0.0077274932 	0.060189254 	0.89223061
0.0021909548 	-0.011855625 	0.06986403 	0.88422235
0.0022110553 	-0.011855625 	0.06986403 	0.88422235
0.0022311558 	-0.01508399 	0.077202392 	0.87880908
0.0022512563 	-0.01508399 	0.077202392 	0.87880908
0.0022713568 	-0.017158185 	0.08158632 	0.87624642
0.0022914573 	-0.017158185 	0.08158632 	0.87624642
0.0023115578 	-0.017158185 	0.08158632 	0.87624642
0.0023316583 	-0.017947783 	0.082942508 	0.87584117
0.0023517588 	-0.017947783 	0.082942508 	0.87584117
0.0023718593 	-0.017389577 	0.081441609 	0.87642156
0.0023919598 	-0.017389577 	0.081441609 	0.87642156
0.0024120603 	-0.015517244 	0.077445315 	0.87690224
0.0024321608 	-0.015517244 	0.077445315 	0.87690224
0.0024522613 	-0.012469964 	0.071514478 	0.87655607
0.0024723618 	-0.012469964 	0.071514478 	0.87655607
0.0024924623 	-0.0084691568 	0.064337859 	0.87500231
0.0025125628 	-0.0084691568 	0.064337859 	0.87500231
0.0025326633 	-0.0037795308 	0.056641808 	0.87209419
0.0025527638 	-0.0037795308 	0.056641808 	0.87209419
0.0025728643 	0.0013225783 	0.049100521 	0.8678496
0.0025929648 	0.0013225783 	0.049100521 	0.8678496
0.0026130653 	0.0066009654 	0.042239886 	0.86244666
0.0026331658 	0.0066009654 	0.042239886 	0.86244666
0.0026532663 	0.011862564 	0.03623906 	0.85624106
0.0026733668 	0.011862564 	0.03623906 	0.85624106
0.0026934673 	0.016901867 	0.030670159 	0.8497623
0.0027135678 	0.016901867 	0.030670159 	0.8497623
0.0027336683 	0.021347002 	0.024535567 	0.84373611
0.0027537688 	0.021347002 	0.024535567 	0.84373611
0.0027738693 	0.024549087 	0.016965674 	0.83904863
0.0027939698 	0.024549087 	0.016965674 	0.83904863
0.0028140704 	0.026022901 	0.0082841691 	0.83673995
0.0028341709 	0.026022901 	0.0082841691 	0.83673995
0.0028542714 	0.025715511 	-0.00037921848 	0.83773958
0.0028743719 	0.024398916 	-0.0085196646 	0.8413714
0.0028944724 	0.024398916 	-0.0085196646 	0.8413714
0.0029145729 	0.023480813 	-0.016097618 	0.8448259
0.0029346734 	0.023480813 	-0.016097618 	0.8448259
0.0029547739 	0.023940806 	-0.022629489 	0.84531253
0.0029748744 	0.023940806 	-0.022629489 	0.84531253
0.0029949749 	0.025885084 	-0.027073622 	0.84222891
0.0030150754 	0.028626935 	-0.028470493 	0.83694723
0.0030351759 	0.028626935 	-0.028470493 	0.83694723
0.0030552764 	0.031220557 	-0.026366911 	0.83131901
0.0030753769 	0.031220557 	-0.026366911 	0.83131901
0.0030954774 	0.032781614 	-0.020881729 	0.82680778
0.0031155779 	0.032561032 	-0.012453738 	0.82396865
0.0031356784 	0.032561032 	-0.012453738 	0.82396865
0.0031557789 	0.030484277 	-0.0015287721 	0.82231993
0.0031758794 	0.030484277 	-0.0015287721 	0.82231993
0.0031959799 	0.027418738 	0.011497632 	0.8203724
0.0032160804 	0.024605279 	0.026219034 	0.81605072
0.0032361809 	0.024605279 	0.026219034 	0.81605072
0.0032562814 	0.023149504 	0.04199355 	0.80756226
0.0032763819 	0.023643371 	0.057773603 	0.79427897
0.0032964824 	0.023643371 	0.057773603 	0.79427897
0.0033165829 	0.025939631 	0.072102089 	0.77732996
0.0033366834 	0.029191082 	0.083297963 	0.7595741
0.0033567839 	0.029191082 	0.083297963 	0.7595741
0.0033768844 	0.032185797 	0.090005313 	0.7449352
0.0033969849 	0.033771362 	0.091907481 	0.73690576
0.0034170854 	0.033771362 	0.091907481 	0.73690576
0.0034371859 	0.033212488 	0.090169882 	0.73700194
0.0034572864 	0.03038851 	0.087105825 	0.74409219
0.0034773869 	0.025708008 	0.085114919 	0.75489753
0.0034974874 	0.025708008 	0.085114919 	0.75489753
0.0035175879 	0.019929388 	0.085506604 	0.76527595
0.0035376884 	0.013927815 	0.088014524 	0.77160523
0.0035577889 	0.0084650956 	0.091257848 	0.77159125
0.0035778894 	0.0084650956 	0.091257848 	0.77159125
0.0035979899 	0.0040835865 	0.093667176 	0.76435704
0.0036180905 	0.0010832363 	0.09418939 	0.75000779
0.003638191 	-0.00046197824 	0.092493148 	0.72909011
0.0036582915 	-0.00046197824 	0.092493148 	0.72909011
0.003678392 	-0.00064656116 	0.088818163 	0.70222628
0.0036984925 	0.00026550145 	0.083724107 	0.6699928
0.003718593 	0.0019046529 	0.077895434 	0.63294802
0.0037386935 	0.0038633345 	0.071994489 	0.59167603
0.003758794 	0.0057252909 	0.066537669 	0.54678492
0.0037788945 	0.0057252909 	0.066537669 	0.54678492
0.003798995 	0.0071597181 	0.06178864 	0.49885252
0.0038190955 	0.0079714696 	0.057704867 	0.44838005
0.003839196 	0.0081150353 	0.053975598 	0.3958133
0.0038592965 	0.007664398 	0.050144633 	0.34163275
0.003879397 	0.0067506544 	0.045757771 	0.28644715
0.0038994975 	0.0055046466 	0.040465068 	0.23100306
0.003919598 	0.0040407764 	0.034043097 	0.17609087
0.0039396985 	0.0024957301 	0.02635299 	0.12244309
0.003959799 	0.0010933357 	0.017263916 	0.070777502
0.0039798995 	0.00014949969 	0.0065297871 	0.0220837
0.004 	0.00014949969 	0.0065297871 	0.0220837
