0 	-0.029410337 	-0.026195456 	1.0076906
5.5555556e-05 	-0.0096405702 	0.042074536 	1.0077852
0.00011111111 	-0.0035648451 	0.044528017 	1.0100098
0.00016666667 	-0.00034211114 	0.045820395 	1.0135314
0.00022222222 	0.0015700201 	0.046457445 	1.0181764
0.00027777778 	0.0025110877 	0.046472029 	1.0237173
0.00033333333 	0.0025046681 	0.045899737 	1.0298368
0.00038888889 	0.0014774813 	0.044866627 	1.0360896
0.00044444444 	-0.0006359557 	0.043610443 	1.04191
0.0005 	-0.0038011952 	0.042467605 	1.0466654
0.00055555556 	-0.0078304433 	0.041868682 	1.0497358
0.00061111111 	-0.012318541 	0.04226603 	1.0505623
0.00066666667 	-0.0167393 	0.043940834 	1.0486765
0.00072222222 	-0.020633462 	0.046684246 	1.0438435
0.00077777778 	-0.023882191 	0.049497925 	1.0364319
0.00083333333 	-0.026990709 	0.050722675 	1.0278762
0.00088888889 	-0.030840831 	0.048833958 	1.0204723
0.00094444444 	-0.036109285 	0.043223435 	1.016105
0.001 	-0.043235767 	0.034126681 	1.0147278
0.0010617199 	-0.051523268 	0.02255427 	1.0143891
0.0011225874 	-0.059099648 	0.011286618 	1.0103658
0.0011826143 	-0.064847272 	0.0022907789 	0.99805427
0.0012418122 	-0.068290654 	-0.0028542817 	0.97691141
0.0013001926 	-0.069614372 	-0.004230174 	0.95276154
0.0013577668 	-0.068796293 	-0.003615754 	0.93405223
0.0014145458 	-0.064954547 	-0.0027154633 	0.92589953
0.0014705407 	-0.057677706 	-0.0015827053 	0.92902876
0.0015257623 	-0.048763946 	0.0010178083 	0.94036008
0.0015802213 	-0.040743399 	0.0054209464 	0.9533249
0.0016339282 	-0.034715434 	0.010880445 	0.96153648
0.0016868934 	-0.030883521 	0.016725455 	0.96288342
0.0017391271 	-0.029097424 	0.02224093 	0.95889692
0.0017906395 	-0.029118411 	0.027074365 	0.95150443
0.0018414404 	-0.030657566 	0.031200441 	0.94133896
0.0018915398 	-0.03307483 	0.034669274 	0.92859891
0.0019409473 	-0.035537528 	0.037688556 	0.91432736
0.0019896725 	-0.037580829 	0.04047352 	0.90035224
0.0020377248 	-0.039261085 	0.043012115 	0.88829203
0.0020851134 	-0.040910125 	0.045224385 	0.87859441
0.0021318476 	-0.042885208 	0.047179097 	0.87021941
0.0021779364 	-0.045365333 	0.049076762 	0.86140641
0.0022233887 	-0.048260489 	0.051087898 	0.85094774
0.0022682133 	-0.05133045 	0.05330442 	0.83869468
0.0023124189 	-0.054381244 	0.055733427 	0.82503779
0.0023560139 	-0.057328211 	0.058170327 	0.8103573
0.0023990069 	-0.060097687 	0.060060472 	0.79516714
0.0024414062 	-0.062540645 	0.060680519 	0.78045997
0.0024832199 	-0.064508371 	0.059565208 	0.76744729
0.0025244562 	-0.065980643 	0.05674653 	0.75694463
0.002565123 	-0.067098862 	0.052604106 	0.74905598
0.0026052281 	-0.06808522 	0.047588221 	0.74339489
0.0026447794 	-0.069143538 	0.042057452 	0.73942224
0.0026837845 	-0.070389204 	0.036246738 	0.73664056
0.0027222509 	-0.071832573 	0.030271806 	0.73468181
0.0027601861 	-0.073392592 	0.024171249 	0.73329611
0.0027975974 	-0.074938483 	0.017943458 	0.73230864
0.002834492 	-0.076344058 	0.011556557 	0.73157618
0.0028708772 	-0.077452165 	0.0049603305 	0.73097586
0.0029067598 	-0.078151624 	-0.0018692418 	0.73041902
0.0029421469 	-0.078348201 	-0.0088923315 	0.72980092
0.0029770452 	-0.077932923 	-0.016003405 	0.72898838
0.0030114616 	-0.076848723 	-0.02303976 	0.72784331
0.0030454028 	-0.075077154 	-0.029815814 	0.72622299
0.0030788752 	-0.072637746 	-0.03615246 	0.72400058
0.0031118853 	-0.069576612 	-0.041892276 	0.72108058
0.0031444395 	-0.065952314 	-0.046901955 	0.7174067
0.0031765442 	-0.061829174 	-0.051069377 	0.71296264
0.0032082055 	-0.057275997 	-0.054299158 	0.70776988
0.0032394295 	-0.052363959 	-0.056509308 	0.70188226
0.0032702223 	-0.047165833 	-0.057631408 	0.695379
0.0033005899 	-0.041757687 	-0.057613537 	0.68835516
0.0033305381 	-0.03622008 	-0.056425452 	0.68091141
0.0033600727 	-0.030639457 	-0.054066081 	0.67314418
0.0033891994 	-0.025110774 	-0.050571872 	0.66513807
0.0034179239 	-0.019738369 	-0.046024244 	0.65695892
0.0034462517 	-0.01463447 	-0.040554432 	0.64864103
0.0034741882 	-0.0099128697 	-0.034343138 	0.64016191
0.003501739 	-0.0056792984 	-0.027611408 	0.63140618
0.0035289093 	-0.0020129765 	-0.02061319 	0.62213368
0.0035557043 	0.0010151046 	-0.013617882 	0.61196905
0.0035821293 	0.0033784301 	-0.0068975737 	0.60042576
0.0036081894 	0.0051099634 	-0.0007063193 	0.58695264
0.0036338895 	0.0062557443 	0.0047363973 	0.57099594
0.0036592348 	0.0068639939 	0.009266497 	0.55204149
0.00368423 	0.0070045625 	0.012788828 	0.52967418
0.00370888 	0.0067796838 	0.015285499 	0.50362717
0.0037331896 	0.0062910722 	0.016814787 	0.47382758
0.0037571635 	0.0056321944 	0.017498189 	0.44043144
0.0037808063 	0.0048824259 	0.017496266 	0.40382592
0.0038041226 	0.0041030859 	0.016981211 	0.36458612
0.0038271169 	0.0033374036 	0.016112497 	0.32339318
0.0038497936 	0.0026139653 	0.01501782 	0.28093752
0.0038721572 	0.0019515756 	0.013776932 	0.23783253
0.0038942119 	0.0013636782 	0.012404169 	0.19455183
0.003915962 	0.00086177792 	0.010827853 	0.1513877
0.0039374118 	0.00045859087 	0.0088703624 	0.10842169
0.0039585653 	0.00017069771 	0.0062405768 	0.065502261
0.0039794267 	1.7379081e-05 	0.0025604251 	0.022237659
0.004 	1.7379081e-05 	0.0025604251 	0.022237659
