0 	-0.019765893 	0.020768823 	1.0271198
2.0100503e-05 	0.018647149 	0.016544501 	1.0248261
4.0201005e-05 	0.018647149 	0.016544501 	1.0248261
6.0301508e-05 	0.020388074 	0.0036080722 	1.0230845
8.040201e-05 	0.020388074 	0.0036080722 	1.0230845
0.00010050251 	0.020388074 	0.0036080722 	1.0230845
0.00012060302 	0.016404645 	-0.0021966213 	1.0218818
0.00014070352 	0.016404645 	-0.0021966213 	1.0218818
0.00016080402 	0.016404645 	-0.0021966213 	1.0218818
0.00018090452 	0.01175465 	-0.0067486972 	1.0209224
0.00020100503 	0.01175465 	-0.0067486972 	1.0209224
0.00022110553 	0.01175465 	-0.0067486972 	1.0209224
0.00024120603 	0.0071534373 	-0.010897048 	1.0197372
0.00026130653 	0.0071534373 	-0.010897048 	1.0197372
0.00028140704 	0.0030222259 	-0.014658445 	1.0178732
0.00030150754 	0.0030222259 	-0.014658445 	1.0178732
0.00032160804 	0.0030222259 	-0.014658445 	1.0178732
0.00034170854 	-0.00033355213 	-0.017880181 	1.015049
0.00036180905 	-0.00033355213 	-0.017880181 	1.015049
0.00038190955 	-0.00033355213 	-0.017880181 	1.015049
0.00040201005 	-0.0027513929 	-0.020363248 	1.0112274
0.00042211055 	-0.0027513929 	-0.020363248 	1.0112274
0.00044221106 	-0.0027513929 	-0.020363248 	1.0112274
0.00046231156 	-0.0042337261 	-0.02190806 	1.006622
0.00048241206 	-0.0042337261 	-0.02190806 	1.006622
0.00050251256 	-0.0049260242 	-0.022406778 	1.0016393
0.00052261307 	-0.0049260242 	-0.022406778 	1.0016393
0.00054271357 	-0.0049260242 	-0.022406778 	1.0016393
0.00056281407 	-0.0050476054 	-0.021918416 	0.9967192
0.00058291457 	-0.0050476054 	-0.021918416 	0.9967192
0.00060301508 	-0.0050476054 	-0.021918416 	0.9967192
0.00062311558 	-0.0048026785 	-0.020676576 	0.99210941
0.00064321608 	-0.0048026785 	-0.020676576 	0.99210941
0.00066331658 	-0.0048026785 	-0.020676576 	0.99210941
0.00068341709 	-0.0042984369 	-0.018985685 	0.98771572
0.00070351759 	-0.0042984369 	-0.018985685 	0.98771572
0.00072361809 	-0.0035205015 	-0.017075319 	0.9831877
0.00074371859 	-0.0035205015 	-0.017075319 	0.9831877
0.0007638191 	-0.0035205015 	-0.017075319 	0.9831877
0.0007839196 	-0.0023842152 	-0.015022916 	0.97822481
0.0008040201 	-0.0023842152 	-0.015022916 	0.97822481
0.0008241206 	-0.0023842152 	-0.015022916 	0.97822481
0.00084422111 	-0.00083706091 	-0.012789588 	0.97284499
0.00086432161 	-0.00083706091 	-0.012789588 	0.97284499
0.00088442211 	-0.00083706091 	-0.012789588 	0.97284499
0.00090452261 	0.0010970538 	-0.010329876 	0.9673634
0.00092462312 	0.0010970538 	-0.010329876 	0.9673634
0.00094472362 	0.0032956349 	-0.0076794792 	0.9621364
0.00096482412 	0.0032956349 	-0.0076794792 	0.9621364
0.00098492462 	0.0032956349 	-0.0076794792 	0.9621364
0.0010050251 	0.0057612864 	-0.0047651597 	0.95710409
0.0010251256 	0.0057612864 	-0.0047651597 	0.95710409
0.0010452261 	0.0057612864 	-0.0047651597 	0.95710409
0.0010653266 	0.0083018085 	-0.0019456262 	0.95252621
0.0010854271 	0.0083018085 	-0.0019456262 	0.95252621
0.0011055276 	0.0095110307 	-0.0044923712 	0.95376183
0.0011256281 	0.012851885 	-0.0029718777 	0.95027809
0.0011457286 	0.012851885 	-0.0029718777 	0.95027809
0.0011658291 	0.012851885 	-0.0029718777 	0.95027809
0.0011859296 	0.015932201 	-0.002832657 	0.9478397
0.0012060302 	0.012940811 	0.00096529617 	0.94582615
0.0012261307 	0.012940811 	0.00096529617 	0.94582615
0.0012462312 	0.01487833 	-0.0004969944 	0.94415486
0.0012663317 	0.01487833 	-0.0004969944 	0.94415486
0.0012864322 	0.01487833 	-0.0004969944 	0.94415486
0.0013065327 	0.016403564 	-0.0050333835 	0.94390858
0.0013266332 	0.016403564 	-0.0050333835 	0.94390858
0.0013467337 	0.016403564 	-0.0050333835 	0.94390858
0.0013668342 	0.017382278 	-0.01315884 	0.94495834
0.0013869347 	0.017382278 	-0.01315884 	0.94495834
0.0014070352 	0.017382278 	-0.01315884 	0.94495834
0.0014271357 	0.017688771 	-0.02473697 	0.94679514
0.0014472362 	0.017688771 	-0.02473697 	0.94679514
0.0014673367 	0.017688771 	-0.02473697 	0.94679514
0.0014874372 	0.017239438 	-0.038668452 	0.94858452
0.0015075377 	0.017239438 	-0.038668452 	0.94858452
0.0015276382 	0.015916602 	-0.052815127 	0.94936003
0.0015477387 	0.015916602 	-0.052815127 	0.94936003
0.0015678392 	0.015916602 	-0.052815127 	0.94936003
0.0015879397 	0.013595616 	-0.064683835 	0.94842959
0.0016080402 	0.013595616 	-0.064683835 	0.94842959
0.0016281407 	0.013595616 	-0.064683835 	0.94842959
0.0016482412 	0.009487604 	-0.070213581 	0.94552239
0.0016683417 	0.010175975 	-0.072669992 	0.94602595
0.0016884422 	0.0058031922 	-0.076777899 	0.94335935
0.0017085427 	0.0058031922 	-0.076777899 	0.94335935
0.0017286432 	0.0058031922 	-0.076777899 	0.94335935
0.0017487437 	0.00099393913 	-0.078369537 	0.9418659
0.0017688442 	0.00099393913 	-0.078369537 	0.9418659
0.0017889447 	0.00099393913 	-0.078369537 	0.9418659
0.0018090452 	-0.0035908542 	-0.07907256 	0.9422688
0.0018291457 	-0.0035908542 	-0.07907256 	0.9422688
0.0018492462 	-0.0073421267 	-0.079927173 	0.94430431
0.0018693467 	-0.0073421267 	-0.079927173 	0.94430431
0.0018894472 	-0.0073421267 	-0.079927173 	0.94430431
0.0019095477 	-0.0098249757 	-0.081154657 	0.94708518
0.0019296482 	-0.0098249757 	-0.081154657 	0.94708518
0.0019497487 	-0.010760985 	-0.082363941 	0.94957958
0.0019698492 	-0.010760985 	-0.082363941 	0.94957958
0.0019899497 	-0.0099522782 	-0.082907884 	0.95084792
0.0020100503 	-0.0099522782 	-0.082907884 	0.95084792
0.0020301508 	-0.0099522782 	-0.082907884 	0.95084792
0.0020502513 	-0.0072380832 	-0.082166806 	0.95007427
0.0020703518 	-0.0072380832 	-0.082166806 	0.95007427
0.0020904523 	-0.0025440082 	-0.079735399 	0.94662133
0.0021105528 	-0.0025440082 	-0.079735399 	0.94662133
0.0021306533 	-0.0025440082 	-0.079735399 	0.94662133
0.0021507538 	0.0039639497 	-0.075470296 	0.94033902
0.0021708543 	0.0039639497 	-0.075470296 	0.94033902
0.0021909548 	0.011742823 	-0.06950444 	0.93197196
0.0022110553 	0.011742823 	-0.06950444 	0.93197196
0.0022311558 	0.019978854 	-0.062254057 	0.92300363
0.0022512563 	0.019978854 	-0.062254057 	0.92300363
0.0022713568 	0.027933618 	-0.054320786 	0.91481583
0.0022914573 	0.027933618 	-0.054320786 	0.91481583
0.0023115578 	0.027933618 	-0.054320786 	0.91481583
0.0023316583 	0.035164323 	-0.04633576 	0.90810597
0.0023517588 	0.035164323 	-0.04633576 	0.90810597
0.0023718593 	0.041502577 	-0.03883299 	0.90293838
0.0023919598 	0.041502577 	-0.03883299 	0.90293838
0.0024120603 	0.046956497 	-0.032203883 	0.89905385
0.0024321608 	0.046956497 	-0.032203883 	0.89905385
0.0024522613 	0.051607865 	-0.02669403 	0.8961305
0.0024723618 	0.051607865 	-0.02669403 	0.8961305
0.0024924623 	0.055553178 	-0.022433721 	0.89390544
0.0025125628 	0.055553178 	-0.022433721 	0.89390544
0.0025326633 	0.058884923 	-0.019477178 	0.89218817
0.0025527638 	0.058884923 	-0.019477178 	0.89218817
0.0025728643 	0.06167958 	-0.017833115 	0.8908227
0.0025929648 	0.06167958 	-0.017833115 	0.8908227
0.0026130653 	0.064015628 	-0.01748996 	0.88964131
0.0026331658 	0.064015628 	-0.01748996 	0.88964131
0.0026532663 	0.065993406 	-0.018403738 	0.8884448
0.0026733668 	0.065993406 	-0.018403738 	0.8884448
0.0026934673 	0.067710217 	-0.020480418 	0.88700407
0.0027135678 	0.067710217 	-0.020480418 	0.88700407
0.0027336683 	0.069237871 	-0.02355715 	0.88509925
0.0027537688 	0.069237871 	-0.02355715 	0.88509925
0.0027738693 	0.070585244 	-0.027408843 	0.88256704
0.0027939698 	0.070585244 	-0.027408843 	0.88256704
0.0028140704 	0.071666672 	-0.03179108 	0.87934107
0.0028341709 	0.071666672 	-0.03179108 	0.87934107
0.0028542714 	0.072313529 	-0.036491835 	0.87542669
0.0028743719 	0.072318145 	-0.041378221 	0.87079213
0.0028944724 	0.072318145 	-0.041378221 	0.87079213
0.0029145729 	0.07151331 	-0.046458177 	0.86522296
0.0029346734 	0.07151331 	-0.046458177 	0.86522296
0.0029547739 	0.069823773 	-0.051952458 	0.85830506
0.0029748744 	0.069823773 	-0.051952458 	0.85830506
0.0029949749 	0.067272427 	-0.058249323 	0.84963958
0.0030150754 	0.063983181 	-0.065592388 	0.83913075
0.0030351759 	0.063983181 	-0.065592388 	0.83913075
0.0030552764 	0.060169843 	-0.073624693 	0.82704272
0.0030753769 	0.060169843 	-0.073624693 	0.82704272
0.0030954774 	0.056196448 	-0.081107297 	0.81387009
0.0031155779 	0.052541865 	-0.086122197 	0.80015215
0.0031356784 	0.052541865 	-0.086122197 	0.80015215
0.0031557789 	0.049659342 	-0.086671774 	0.78641358
0.0031758794 	0.049659342 	-0.086671774 	0.78641358
0.0031959799 	0.047894521 	-0.081334233 	0.77319602
0.0032160804 	0.047425332 	-0.069702797 	0.76096715
0.0032361809 	0.047425332 	-0.069702797 	0.76096715
0.0032562814 	0.048252751 	-0.05247168 	0.74997299
0.0032763819 	0.050220462 	-0.031213428 	0.74008773
0.0032964824 	0.050220462 	-0.031213428 	0.74008773
0.0033165829 	0.053107582 	-0.0079612928 	0.73089534
0.0033366834 	0.056397917 	0.015223257 	0.72187472
0.0033567839 	0.056397917 	0.015223257 	0.72187472
0.0033768844 	0.059561842 	0.036598843 	0.71263309
0.0033969849 	0.062238979 	0.054863922 	0.70308561
0.0034170854 	0.062238979 	0.054863922 	0.70308561
0.0034371859 	0.063995958 	0.069205806 	0.69355464
0.0034572864 	0.064456883 	0.079247276 	0.68462308
0.0034773869 	0.063361236 	0.084949833 	0.67692334
0.0034974874 	0.063361236 	0.084949833 	0.67692334
0.0035175879 	0.060612262 	0.086494697 	0.67086914
0.0035376884 	0.056277388 	0.084169436 	0.6664634
0.0035577889 	0.050542004 	0.078282592 	0.66332131
0.0035778894 	0.050542004 	0.078282592 	0.66332131
0.0035979899 	0.043653619 	0.06910854 	0.66087943
0.0036180905 	0.035909746 	0.056865134 	0.65849468
0.003638191 	0.027724915 	0.041787811 	0.65515031
0.0036582915 	0.027724915 	0.041787811 	0.65515031
0.003678392 	0.019659705 	0.024402667 	0.64901504
0.0036984925 	0.012334329 	0.0058290083 	0.63750539
0.003718593 	0.006313635 	-0.012053047 	0.61832217
0.0037386935 	0.0019058386 	-0.02701885 	0.59062846
0.003758794 	-0.00090479914 	-0.037223209 	0.55544388
0.0037788945 	-0.00090479914 	-0.037223209 	0.55544388
0.003798995 	-0.0023580733 	-0.041815283 	0.51498107
0.0038190955 	-0.0027980248 	-0.041132216 	0.4715033
0.003839196 	-0.0025953475 	-0.0364727 	0.42643428
0.0038592965 	-0.0020833384 	-0.029642628 	0.38002982
0.003879397 	-0.0015040309 	-0.022438001 	0.33157949
0.0038994975 	-0.00098611268 	-0.016199101 	0.27995715
0.003919598 	-0.0005699244 	-0.011549435 	0.22424149
0.0039396985 	-0.00025751597 	-0.0083528265 	0.16414369
0.003959799 	-5.3376634e-05 	-0.005813876 	0.10014551
0.0039798995 	1.2147239e-05 	-0.0026495343 	0.033557072
0.004 	1.2147239e-05 	-0.0026495343 	0.033557072
