0 	-0.055584961 	0.0025975483 	1.0115609
2.0100503e-05 	-0.055584961 	0.0025975483 	1.0115609
4.0201005e-05 	-0.055584961 	0.0025975483 	1.0115609
6.0301508e-05 	-0.048398294 	0.023950891 	1.0061727
8.040201e-05 	-0.048398294 	0.023950891 	1.0061727
0.00010050251 	-0.048398294 	0.023950891 	1.0061727
0.00012060302 	-0.027934289 	0.043410168 	1.002674
0.00014070352 	-0.027934289 	0.043410168 	1.002674
0.00016080402 	-0.027934289 	0.043410168 	1.002674
0.00018090452 	-0.030243252 	0.038772791 	1.000257
0.00020100503 	-0.030243252 	0.038772791 	1.000257
0.00022110553 	-0.030243252 	0.038772791 	1.000257
0.00024120603 	-0.03090403 	0.034920018 	0.9994464
0.00026130653 	-0.040530808 	0.025168957 	1.0006549
0.00028140704 	-0.038906169 	0.023578309 	1.0015088
0.00030150754 	-0.038906169 	0.023578309 	1.0015088
0.00032160804 	-0.038906169 	0.023578309 	1.0015088
0.00034170854 	-0.037508632 	0.02190016 	1.0030787
0.00036180905 	-0.037508632 	0.02190016 	1.0030787
0.00038190955 	-0.030400918 	0.028613276 	1.0013992
0.00040201005 	-0.029921242 	0.025963451 	1.0035823
0.00042211055 	-0.029921242 	0.025963451 	1.0035823
0.00044221106 	-0.029921242 	0.025963451 	1.0035823
0.00046231156 	-0.029527461 	0.023505243 	1.0063155
0.00048241206 	-0.029527461 	0.023505243 	1.0063155
0.00050251256 	-0.029326292 	0.021086979 	1.0094784
0.00052261307 	-0.029326292 	0.021086979 	1.0094784
0.00054271357 	-0.029326292 	0.021086979 	1.0094784
0.00056281407 	-0.029386264 	0.018559443 	1.0129545
0.00058291457 	-0.029386264 	0.018559443 	1.0129545
0.00060301508 	-0.029386264 	0.018559443 	1.0129545
0.00062311558 	-0.029727354 	0.015796693 	1.0166125
0.00064321608 	-0.029727354 	0.015796693 	1.0166125
0.00066331658 	-0.029727354 	0.015796693 	1.0166125
0.00068341709 	-0.030297555 	0.012677334 	1.0203025
0.00070351759 	-0.03566719 	0.0094407079 	1.0190888
0.00072361809 	-0.0363031 	0.0063852314 	1.0222865
0.00074371859 	-0.030970884 	0.0090307638 	1.0238571
0.0007638191 	-0.030970884 	0.0090307638 	1.0238571
0.0007839196 	-0.031557774 	0.0046351004 	1.0270807
0.0008040201 	-0.031557774 	0.0046351004 	1.0270807
0.0008241206 	-0.036894386 	0.0028329417 	1.0254253
0.00084422111 	-0.03718654 	-0.0013604498 	1.0283199
0.00086432161 	-0.03718654 	-0.0013604498 	1.0283199
0.00088442211 	-0.03718654 	-0.0013604498 	1.0283199
0.00090452261 	-0.036887338 	-0.0063664975 	1.0307476
0.00092462312 	-0.036887338 	-0.0063664975 	1.0307476
0.00094472362 	-0.035756596 	-0.012276507 	1.0324951
0.00096482412 	-0.035756596 	-0.012276507 	1.0324951
0.00098492462 	-0.035756596 	-0.012276507 	1.0324951
0.0010050251 	-0.033440031 	-0.01939767 	1.0334371
0.0010251256 	-0.033440031 	-0.01939767 	1.0334371
0.0010452261 	-0.033440031 	-0.01939767 	1.0334371
0.0010653266 	-0.029718665 	-0.02719288 	1.0332078
0.0010854271 	-0.029718665 	-0.02719288 	1.0332078
0.0011055276 	-0.029718665 	-0.02719288 	1.0332078
0.0011256281 	-0.024817531 	-0.034503711 	1.0320345
0.0011457286 	-0.024817531 	-0.034503711 	1.0320345
0.0011658291 	-0.024817531 	-0.034503711 	1.0320345
0.0011859296 	-0.01950207 	-0.040348312 	1.0300807
0.0012060302 	-0.01950207 	-0.040348312 	1.0300807
0.0012261307 	-0.01950207 	-0.040348312 	1.0300807
0.0012462312 	-0.014508852 	-0.044154052 	1.0276054
0.0012663317 	-0.014508852 	-0.044154052 	1.0276054
0.0012864322 	-0.014508852 	-0.044154052 	1.0276054
0.0013065327 	-0.010370298 	-0.04595732 	1.0248512
0.0013266332 	-0.010370298 	-0.04595732 	1.0248512
0.0013467337 	-0.010370298 	-0.04595732 	1.0248512
0.0013668342 	-0.0072603381 	-0.046274069 	1.0220454
0.0013869347 	-0.0072603381 	-0.046274069 	1.0220454
0.0014070352 	-0.0072603381 	-0.046274069 	1.0220454
0.0014271357 	-0.0050596513 	-0.04583825 	1.0194019
0.0014472362 	-0.0050596513 	-0.04583825 	1.0194019
0.0014673367 	-0.0050596513 	-0.04583825 	1.0194019
0.0014874372 	-0.0034871825 	-0.045320743 	1.0171446
0.0015075377 	-0.0034871825 	-0.045320743 	1.0171446
0.0015276382 	-0.0022041482 	-0.04524142 	1.0155076
0.0015477387 	-0.0022041482 	-0.04524142 	1.0155076
0.0015678392 	-0.0022041482 	-0.04524142 	1.0155076
0.0015879397 	-0.00091685143 	-0.045934761 	1.0147012
0.0016080402 	-0.00091685143 	-0.045934761 	1.0147012
0.0016281407 	-0.00091685143 	-0.045934761 	1.0147012
0.0016482412 	0.0005849765 	-0.047583624 	1.0148963
0.0016683417 	0.0005849765 	-0.047583624 	1.0148963
0.0016884422 	0.0024255268 	-0.050242391 	1.0161897
0.0017085427 	0.0024255268 	-0.050242391 	1.0161897
0.0017286432 	0.0024255268 	-0.050242391 	1.0161897
0.0017487437 	0.0046438119 	-0.053856317 	1.0186025
0.0017688442 	0.0046438119 	-0.053856317 	1.0186025
0.0017889447 	0.0046438119 	-0.053856317 	1.0186025
0.0018090452 	0.0072093581 	-0.058288821 	1.0220825
0.0018291457 	0.0072093581 	-0.058288821 	1.0220825
0.0018492462 	0.010058375 	-0.063327055 	1.0265127
0.0018693467 	0.010058375 	-0.063327055 	1.0265127
0.0018894472 	0.010058375 	-0.063327055 	1.0265127
0.0019095477 	0.013126202 	-0.068732206 	1.0317256
0.0019296482 	0.013126202 	-0.068732206 	1.0317256
0.0019497487 	0.016385429 	-0.074249499 	1.0375014
0.0019698492 	0.016385429 	-0.074249499 	1.0375014
0.0019899497 	0.019842192 	-0.079651081 	1.0435832
0.0020100503 	0.019842192 	-0.079651081 	1.0435832
0.0020301508 	0.019842192 	-0.079651081 	1.0435832
0.0020502513 	0.023523834 	-0.084726652 	1.0496967
0.0020703518 	0.023523834 	-0.084726652 	1.0496967
0.0020904523 	0.02745997 	-0.089285766 	1.0555803
0.0021105528 	0.02745997 	-0.089285766 	1.0555803
0.0021306533 	0.02745997 	-0.089285766 	1.0555803
0.0021507538 	0.031664852 	-0.093178293 	1.061004
0.0021708543 	0.031664852 	-0.093178293 	1.061004
0.0021909548 	0.036146697 	-0.096263499 	1.0657433
0.0022110553 	0.036146697 	-0.096263499 	1.0657433
0.0022311558 	0.040924802 	-0.09842228 	1.0695451
0.0022512563 	0.040924802 	-0.09842228 	1.0695451
0.0022713568 	0.046023986 	-0.099563737 	1.0721029
0.0022914573 	0.046023986 	-0.099563737 	1.0721029
0.0023115578 	0.046023986 	-0.099563737 	1.0721029
0.0023316583 	0.051469377 	-0.099625845 	1.0730953
0.0023517588 	0.051469377 	-0.099625845 	1.0730953
0.0023718593 	0.057257346 	-0.098621778 	1.0722611
0.0023919598 	0.057257346 	-0.098621778 	1.0722611
0.0024120603 	0.063338135 	-0.096626866 	1.0694971
0.0024321608 	0.063338135 	-0.096626866 	1.0694971
0.0024522613 	0.069606669 	-0.093772411 	1.0648935
0.0024723618 	0.069606669 	-0.093772411 	1.0648935
0.0024924623 	0.075914047 	-0.090200525 	1.0587255
0.0025125628 	0.075914047 	-0.090200525 	1.0587255
0.0025326633 	0.082087149 	-0.086031075 	1.0513752
0.0025527638 	0.082087149 	-0.086031075 	1.0513752
0.0025728643 	0.087945198 	-0.081332776 	1.0432673
0.0025929648 	0.087945198 	-0.081332776 	1.0432673
0.0026130653 	0.093308192 	-0.076122159 	1.0347899
0.0026331658 	0.093308192 	-0.076122159 	1.0347899
0.0026532663 	0.098009077 	-0.070377779 	1.026269
0.0026733668 	0.098009077 	-0.070377779 	1.026269
0.0026934673 	0.10190164 	-0.064048201 	1.0179746
0.0027135678 	0.10190164 	-0.064048201 	1.0179746
0.0027336683 	0.10487543 	-0.057052128 	1.0101338
0.0027537688 	0.10487543 	-0.057052128 	1.0101338
0.0027738693 	0.10687976 	-0.049270949 	1.0029456
0.0027939698 	0.10687976 	-0.049270949 	1.0029456
0.0028140704 	0.10792717 	-0.040559048 	0.9965902
0.0028341709 	0.10792717 	-0.040559048 	0.9965902
0.0028542714 	0.10811027 	-0.030740371 	0.99122459
0.0028743719 	0.10748641 	-0.019693876 	0.98698874
0.0028944724 	0.10748641 	-0.019693876 	0.98698874
0.0029145729 	0.10628708 	-0.007532314 	0.98396191
0.0029346734 	0.10628708 	-0.007532314 	0.98396191
0.0029547739 	0.10474793 	0.0054059001 	0.98212477
0.0029748744 	0.10474793 	0.0054059001 	0.98212477
0.0029949749 	0.10282065 	0.018559511 	0.98141755
0.0030150754 	0.10037164 	0.031144581 	0.98161656
0.0030351759 	0.10037164 	0.031144581 	0.98161656
0.0030552764 	0.097444111 	0.042355098 	0.98247765
0.0030753769 	0.097444111 	0.042355098 	0.98247765
0.0030954774 	0.094160346 	0.051516747 	0.9837068
0.0031155779 	0.090662931 	0.058251544 	0.98495296
0.0031356784 	0.090662931 	0.058251544 	0.98495296
0.0031557789 	0.087125782 	0.06247764 	0.98580654
0.0031758794 	0.087125782 	0.06247764 	0.98580654
0.0031959799 	0.083734632 	0.064309037 	0.98589239
0.0032160804 	0.080591804 	0.063854579 	0.98498326
0.0032361809 	0.080591804 	0.063854579 	0.98498326
0.0032562814 	0.077688582 	0.061088614 	0.98315573
0.0032763819 	0.074938047 	0.055883322 	0.98069075
0.0032964824 	0.074938047 	0.055883322 	0.98069075
0.0033165829 	0.072248599 	0.048164834 	0.97780621
0.0033366834 	0.069599577 	0.038029936 	0.97434624
0.0033567839 	0.069599577 	0.038029936 	0.97434624
0.0033768844 	0.067068911 	0.025687841 	0.96982381
0.0033969849 	0.064743497 	0.011390426 	0.96376274
0.0034170854 	0.064743497 	0.011390426 	0.96376274
0.0034371859 	0.062467812 	-0.0044741866 	0.95615774
0.0034572864 	0.059847157 	-0.021097867 	0.94761759
0.0034773869 	0.056693559 	-0.03708474 	0.93904962
0.0034974874 	0.056693559 	-0.03708474 	0.93904962
0.0035175879 	0.05293878 	-0.050836603 	0.93121308
0.0035376884 	0.048541593 	-0.061275956 	0.9245192
0.0035577889 	0.043472987 	-0.06840644 	0.91897421
0.0035778894 	0.043472987 	-0.06840644 	0.91897421
0.0035979899 	0.037638928 	-0.073143436 	0.91342773
0.0036180905 	0.031093913 	-0.075924641 	0.90323814
0.003638191 	0.024393995 	-0.074133944 	0.87794131
0.0036582915 	0.024393995 	-0.074133944 	0.87794131
0.003678392 	0.018437734 	-0.06138951 	0.82444876
0.0036984925 	0.013394529 	-0.033826043 	0.7386912
0.003718593 	0.007921346 	0.00096416272 	0.63459912
0.0037386935 	0.0011584584 	0.027553192 	0.53519342
0.003758794 	-0.00557731 	0.037476433 	0.45440971
0.0037788945 	-0.00557731 	0.037476433 	0.45440971
0.003798995 	-0.010513433 	0.033861052 	0.39227218
0.0038190955 	-0.012929832 	0.024097806 	0.34255868
0.003839196 	-0.013118475 	0.013771991 	0.29963466
0.0038592965 	-0.01188229 	0.0057402185 	0.26004619
0.003879397 	-0.0099448435 	0.00090801329 	0.22196324
0.0038994975 	-0.0077518004 	-0.00090557053 	0.18413876
0.003919598 	-0.0055350941 	-0.00037282752 	0.14554386
0.0039396985 	-0.0034199015 	0.0015914987 	0.10558847
0.003959799 	-0.0015625405 	0.0035649799 	0.06439061
0.0039798995 	-0.00023367949 	0.0030218418 	0.0223112
0.004 	-0.00023367949 	0.0030218418 	0.0223112
