0 	0.031176965 	0.090145922 	0.95717774
2.0100503e-05 	0.093943231 	-0.030923559 	0.95791022
4.0201005e-05 	0.093943231 	-0.030923559 	0.95791022
6.0301508e-05 	0.072728467 	-0.070976385 	0.95998298
8.040201e-05 	0.072728467 	-0.070976385 	0.95998298
0.00010050251 	0.072728467 	-0.070976385 	0.95998298
0.00012060302 	0.064835174 	-0.080351154 	0.96309707
0.00014070352 	0.064835174 	-0.080351154 	0.96309707
0.00016080402 	0.064835174 	-0.080351154 	0.96309707
0.00018090452 	0.060947077 	-0.083844693 	0.96689199
0.00020100503 	0.060947077 	-0.083844693 	0.96689199
0.00022110553 	0.060947077 	-0.083844693 	0.96689199
0.00024120603 	0.058236448 	-0.084909326 	0.97096685
0.00026130653 	0.058236448 	-0.084909326 	0.97096685
0.00028140704 	0.055646285 	-0.084806481 	0.97483839
0.00030150754 	0.055646285 	-0.084806481 	0.97483839
0.00032160804 	0.055646285 	-0.084806481 	0.97483839
0.00034170854 	0.052591703 	-0.084432625 	0.97800951
0.00036180905 	0.052591703 	-0.084432625 	0.97800951
0.00038190955 	0.052591703 	-0.084432625 	0.97800951
0.00040201005 	0.048689058 	-0.084539995 	0.98005852
0.00042211055 	0.048689058 	-0.084539995 	0.98005852
0.00044221106 	0.048689058 	-0.084539995 	0.98005852
0.00046231156 	0.04374641 	-0.085647873 	0.98067948
0.00048241206 	0.04374641 	-0.085647873 	0.98067948
0.00050251256 	0.037736394 	-0.087912494 	0.97967623
0.00052261307 	0.037736394 	-0.087912494 	0.97967623
0.00054271357 	0.037736394 	-0.087912494 	0.97967623
0.00056281407 	0.030763055 	-0.091081539 	0.97695936
0.00058291457 	0.030763055 	-0.091081539 	0.97695936
0.00060301508 	0.030763055 	-0.091081539 	0.97695936
0.00062311558 	0.023007138 	-0.094523335 	0.97252508
0.00064321608 	0.023007138 	-0.094523335 	0.97252508
0.00066331658 	0.023007138 	-0.094523335 	0.97252508
0.00068341709 	0.014677149 	-0.097180628 	0.96638746
0.00070351759 	0.014677149 	-0.097180628 	0.96638746
0.00072361809 	0.0060542701 	-0.097219464 	0.9586764
0.00074371859 	0.0060542701 	-0.097219464 	0.9586764
0.0007638191 	0.0060542701 	-0.097219464 	0.9586764
0.0007839196 	-0.0024780318 	-0.091575617 	0.95046985
0.0008040201 	-0.0024780318 	-0.091575617 	0.95046985
0.0008241206 	-0.0024780318 	-0.091575617 	0.95046985
0.00084422111 	-0.010446261 	-0.076966151 	0.94539931
0.00086432161 	-0.010446261 	-0.076966151 	0.94539931
0.00088442211 	-0.010446261 	-0.076966151 	0.94539931
0.00090452261 	-0.017751152 	-0.053558943 	0.94914565
0.00092462312 	-0.017751152 	-0.053558943 	0.94914565
0.00094472362 	-0.02476879 	-0.027042805 	0.96408706
0.00096482412 	-0.02476879 	-0.027042805 	0.96408706
0.00098492462 	-0.02476879 	-0.027042805 	0.96408706
0.0010050251 	-0.032017739 	-0.0025444488 	0.98696876
0.0010251256 	-0.032017739 	-0.0025444488 	0.98696876
0.0010452261 	-0.032017739 	-0.0025444488 	0.98696876
0.0010653266 	-0.039779929 	0.015893569 	1.0102072
0.0010854271 	-0.039779929 	0.015893569 	1.0102072
0.0011055276 	-0.038745686 	0.015889708 	1.0051689
0.0011256281 	-0.044416064 	0.02944333 	1.0210576
0.0011457286 	-0.044416064 	0.02944333 	1.0210576
0.0011658291 	-0.044416064 	0.02944333 	1.0210576
0.0011859296 	-0.049690507 	0.038025357 	1.0287999
0.0012060302 	-0.054231128 	0.034160079 	1.0335631
0.0012261307 	-0.054231128 	0.034160079 	1.0335631
0.0012462312 	-0.059079719 	0.035386413 	1.0314605
0.0012663317 	-0.059079719 	0.035386413 	1.0314605
0.0012864322 	-0.059079719 	0.035386413 	1.0314605
0.0013065327 	-0.061824891 	0.032677373 	1.0227565
0.0013266332 	-0.061824891 	0.032677373 	1.0227565
0.0013467337 	-0.061824891 	0.032677373 	1.0227565
0.0013668342 	-0.058297308 	0.03814536 	1.0116201
0.0013869347 	-0.062936381 	0.027936652 	1.0111746
0.0014070352 	-0.062936381 	0.027936652 	1.0111746
0.0014271357 	-0.063043293 	0.023008673 	0.99950651
0.0014472362 	-0.063043293 	0.023008673 	0.99950651
0.0014673367 	-0.059129155 	0.03433941 	1.0018382
0.0014874372 	-0.062586518 	0.019205768 	0.98875605
0.0015075377 	-0.062586518 	0.019205768 	0.98875605
0.0015276382 	-0.061695845 	0.017339218 	0.97878813
0.0015477387 	-0.061695845 	0.017339218 	0.97878813
0.0015678392 	-0.061695845 	0.017339218 	0.97878813
0.0015879397 	-0.058433034 	0.029154583 	0.97755411
0.0016080402 	-0.060244649 	0.017827128 	0.96919625
0.0016281407 	-0.060244649 	0.017827128 	0.96919625
0.0016482412 	-0.057998406 	0.020592572 	0.95974683
0.0016683417 	-0.057998406 	0.020592572 	0.95974683
0.0016884422 	-0.054824122 	0.025032824 	0.95054804
0.0017085427 	-0.054824122 	0.025032824 	0.95054804
0.0017286432 	-0.054824122 	0.025032824 	0.95054804
0.0017487437 	-0.05083833 	0.030196992 	0.94208241
0.0017688442 	-0.05083833 	0.030196992 	0.94208241
0.0017889447 	-0.05083833 	0.030196992 	0.94208241
0.0018090452 	-0.046380783 	0.035209532 	0.93507972
0.0018291457 	-0.046380783 	0.035209532 	0.93507972
0.0018492462 	-0.041904138 	0.039596034 	0.93017961
0.0018693467 	-0.041904138 	0.039596034 	0.93017961
0.0018894472 	-0.041904138 	0.039596034 	0.93017961
0.0019095477 	-0.037840067 	0.043329251 	0.92755194
0.0019296482 	-0.037840067 	0.043329251 	0.92755194
0.0019497487 	-0.03449188 	0.046649666 	0.92677498
0.0019698492 	-0.03449188 	0.046649666 	0.92677498
0.0019899497 	-0.031977902 	0.049822584 	0.92707352
0.0020100503 	-0.031977902 	0.049822584 	0.92707352
0.0020301508 	-0.031977902 	0.049822584 	0.92707352
0.0020502513 	-0.030228425 	0.052975456 	0.92769966
0.0020703518 	-0.030228425 	0.052975456 	0.92769966
0.0020904523 	-0.029039927 	0.056056522 	0.92819718
0.0021105528 	-0.029039927 	0.056056522 	0.92819718
0.0021306533 	-0.029039927 	0.056056522 	0.92819718
0.0021507538 	-0.028148886 	0.058873609 	0.9284469
0.0021708543 	-0.028148886 	0.058873609 	0.9284469
0.0021909548 	-0.027302348 	0.061172579 	0.92856049
0.0022110553 	-0.027302348 	0.061172579 	0.92856049
0.0022311558 	-0.026313917 	0.062705924 	0.92873653
0.0022512563 	-0.026313917 	0.062705924 	0.92873653
0.0022713568 	-0.025079656 	0.063277834 	0.92914171
0.0022914573 	-0.025079656 	0.063277834 	0.92914171
0.0023115578 	-0.025079656 	0.063277834 	0.92914171
0.0023316583 	-0.02357206 	0.062762945 	0.92986187
0.0023517588 	-0.02357206 	0.062762945 	0.92986187
0.0023718593 	-0.021817257 	0.061106393 	0.9309008
0.0023919598 	-0.021817257 	0.061106393 	0.9309008
0.0024120603 	-0.019870363 	0.058321347 	0.93220056
0.0024321608 	-0.019870363 	0.058321347 	0.93220056
0.0024522613 	-0.017799107 	0.054484813 	0.93366095
0.0024723618 	-0.017799107 	0.054484813 	0.93366095
0.0024924623 	-0.015675713 	0.049737242 	0.93516408
0.0025125628 	-0.015675713 	0.049737242 	0.93516408
0.0025326633 	-0.013567206 	0.04427695 	0.93658746
0.0025527638 	-0.013567206 	0.04427695 	0.93658746
0.0025728643 	-0.011526871 	0.038352769 	0.93780498
0.0025929648 	-0.011526871 	0.038352769 	0.93780498
0.0026130653 	-0.009588187 	0.032258236 	0.93867554
0.0026331658 	-0.009588187 	0.032258236 	0.93867554
0.0026532663 	-0.0077611936 	0.026328849 	0.93902338
0.0026733668 	-0.0077611936 	0.026328849 	0.93902338
0.0026934673 	-0.0060347983 	0.02093597 	0.93862123
0.0027135678 	-0.0060347983 	0.02093597 	0.93862123
0.0027336683 	-0.0043859713 	0.01646693 	0.9371893
0.0027537688 	-0.0043859713 	0.01646693 	0.9371893
0.0027738693 	-0.0027871597 	0.013289745 	0.93442598
0.0027939698 	-0.0027871597 	0.013289745 	0.93442598
0.0028140704 	-0.0012234257 	0.011692139 	0.93006241
0.0028341709 	-0.0012234257 	0.011692139 	0.93006241
0.0028542714 	0.00029477008 	0.011815094 	0.92394369
0.0028743719 	0.0017238343 	0.01355069 	0.91610436
0.0028944724 	0.0017238343 	0.01355069 	0.91610436
0.0029145729 	0.003005953 	0.016458499 	0.90678778
0.0029346734 	0.003005953 	0.016458499 	0.90678778
0.0029547739 	0.0040565987 	0.019741955 	0.89634594
0.0029748744 	0.0040565987 	0.019741955 	0.89634594
0.0029949749 	0.004760386 	0.022384819 	0.88501199
0.0030150754 	0.0050141364 	0.023526337 	0.87256932
0.0030351759 	0.0050141364 	0.023526337 	0.87256932
0.0030552764 	0.0047452884 	0.022999827 	0.8581106
0.0030753769 	0.0047452884 	0.022999827 	0.8581106
0.0030954774 	0.0039322149 	0.021667953 	0.84013177
0.0031155779 	0.0026147378 	0.02107841 	0.81715005
0.0031356784 	0.0026147378 	0.02107841 	0.81715005
0.0031557789 	0.00097608189 	0.022399325 	0.78861716
0.0031758794 	0.00097608189 	0.022399325 	0.78861716
0.0031959799 	-0.00087395143 	0.02531716 	0.75569404
0.0032160804 	-0.0030310421 	0.027792583 	0.72134697
0.0032361809 	-0.0030310421 	0.027792583 	0.72134697
0.0032562814 	-0.0057273045 	0.027097251 	0.68962997
0.0032763819 	-0.0093600928 	0.02141879 	0.66417518
0.0032964824 	-0.0093600928 	0.02141879 	0.66417518
0.0033165829 	-0.014209197 	0.01080366 	0.64659423
0.0033366834 	-0.020192544 	-0.0031391995 	0.63574884
0.0033567839 	-0.020192544 	-0.0031391995 	0.63574884
0.0033768844 	-0.026753345 	-0.018266501 	0.62859231
0.0033969849 	-0.033170613 	-0.032791374 	0.62150346
0.0034170854 	-0.033170613 	-0.032791374 	0.62150346
0.0034371859 	-0.038789792 	-0.045524932 	0.61146173
0.0034572864 	-0.043088742 	-0.055773979 	0.59647439
0.0034773869 	-0.045797149 	-0.063206337 	0.57567964
0.0034974874 	-0.045797149 	-0.063206337 	0.57567964
0.0035175879 	-0.046856613 	-0.067809547 	0.54935292
0.0035376884 	-0.046358919 	-0.06981579 	0.51872724
0.0035577889 	-0.044514306 	-0.069616521 	0.48559611
0.0035778894 	-0.044514306 	-0.069616521 	0.48559611
0.0035979899 	-0.041618169 	-0.06766015 	0.45184545
0.0036180905 	-0.03801706 	-0.064388738 	0.41911092
0.003638191 	-0.034067487 	-0.060222216 	0.38859597
0.0036582915 	-0.034067487 	-0.060222216 	0.38859597
0.003678392 	-0.030084273 	-0.055555392 	0.36097478
0.0036984925 	-0.026290881 	-0.050741204 	0.3363475
0.003718593 	-0.022796123 	-0.046066289 	0.31428942
0.0037386935 	-0.019610377 	-0.041735775 	0.29401404
0.003758794 	-0.016689649 	-0.037870798 	0.27459445
0.0037788945 	-0.016689649 	-0.037870798 	0.27459445
0.003798995 	-0.01398259 	-0.034511666 	0.25515595
0.0038190955 	-0.011460678 	-0.031621408 	0.23498624
0.003839196 	-0.009125765 	-0.029090014 	0.21356203
0.0038592965 	-0.0070014128 	-0.02674304 	0.19052569
0.003879397 	-0.0051183262 	-0.024355186 	0.16565191
0.0038994975 	-0.0035024622 	-0.021669179 	0.1388335
0.003919598 	-0.0021705909 	-0.018419959 	0.11009799
0.0039396985 	-0.001135161 	-0.014367275 	0.079653763
0.003959799 	-0.0004141744 	-0.0093447854 	0.047958596
0.0039798995 	-3.7583807e-05 	-0.0033448612 	0.015803138
0.004 	-3.7583807e-05 	-0.0033448612 	0.015803138
