0 	-0.012217343 	-0.0016073292 	1.047724
5.5555556e-05 	0.0028878396 	0.0020609364 	1.041773
0.00011111111 	-0.00016550066 	0.0065694929 	1.0379263
0.00016666667 	-0.0034030238 	0.0091670854 	1.0336293
0.00022222222 	-0.0064731423 	0.010384233 	1.0291574
0.00027777778 	-0.0093389105 	0.010763909 	1.0247881
0.00033333333 	-0.012051058 	0.01085524 	1.020818
0.00038888889 	-0.014675413 	0.011049386 	1.0175786
0.00044444444 	-0.017242984 	0.011451533 	1.01532
0.0005 	-0.019714716 	0.011908149 	1.0140424
0.00055555556 	-0.021979729 	0.012158848 	1.0134783
0.00061111111 	-0.023903531 	0.012022821 	1.0132364
0.00066666667 	-0.025386723 	0.011481718 	1.0129278
0.00072222222 	-0.026395535 	0.010655865 	1.0121689
0.00077777778 	-0.026962887 	0.0097085319 	1.0105573
0.00083333333 	-0.027152195 	0.0087450425 	1.0077311
0.00088888889 	-0.027003639 	0.0077797214 	1.0035097
0.00094444444 	-0.026515531 	0.0068107322 	0.99803447
0.001 	-0.025694891 	0.0058401569 	0.99144139
0.0010617224 	-0.024511481 	0.0049077214 	0.9844845
0.0011225923 	-0.023254489 	0.0040853977 	0.9784963
0.0011826215 	-0.022023193 	0.0033234691 	0.97396783
0.0012418217 	-0.020849333 	0.0024827843 	0.97087053
0.0013002041 	-0.019715666 	0.0014231626 	0.96888146
0.0013577803 	-0.01858648 	8.7079783e-05 	0.96761853
0.0014145612 	-0.017443435 	-0.0014780689 	0.96674309
0.0014705579 	-0.016298736 	-0.0031257114 	0.96595682
0.0015257812 	-0.015186903 	-0.0046443538 	0.9649577
0.0015802418 	-0.01414992 	-0.0058009851 	0.96341326
0.0016339502 	-0.013230481 	-0.0063967466 	0.96098954
0.0016869168 	-0.012467701 	-0.0063047563 	0.95741963
0.0017391518 	-0.011881504 	-0.0055260795 	0.95256995
0.0017906654 	-0.011449996 	-0.0042234076 	0.94648707
0.0018414676 	-0.011112623 	-0.0027128173 	0.93936474
0.0018915681 	-0.010739799 	-0.0014260701 	0.93146478
0.0019409766 	-0.01016481 	-0.00082249968 	0.92301999
0.0019897027 	-0.0092600737 	-0.0012532975 	0.9142076
0.0020377558 	-0.0079633144 	-0.0028664061 	0.90519645
0.0020851453 	-0.006268509 	-0.0055653821 	0.89620801
0.0021318802 	-0.0042090003 	-0.0090338896 	0.88751313
0.0021779697 	-0.0018273771 	-0.012792632 	0.87936876
0.0022234225 	0.00083706642 	-0.016292332 	0.87192365
0.0022682477 	0.0037545743 	-0.018995216 	0.86518745
0.0023124537 	0.0068966928 	-0.020451608 	0.85907163
0.0023560491 	0.010195435 	-0.020362618 	0.85344149
0.0023990425 	0.013562987 	-0.018619054 	0.84817268
0.002441442 	0.016894711 	-0.015289145 	0.84319291
0.002483256 	0.020022588 	-0.010615557 	0.83849373
0.0025244924 	0.022756122 	-0.0049839679 	0.83412299
0.0025651593 	0.024905488 	0.0011337497 	0.83013584
0.0026052645 	0.026290692 	0.0072624631 	0.82654464
0.0026448158 	0.026752013 	0.013032604 	0.82326848
0.0026838209 	0.026177903 	0.018266858 	0.82006919
0.0027222872 	0.02456907 	0.022954414 	0.81653114
0.0027602223 	0.022066359 	0.027081062 	0.81214562
0.0027976334 	0.018965615 	0.030387072 	0.80647053
0.0028345278 	0.015677814 	0.032263694 	0.79928783
0.0028709126 	0.012627962 	0.031874206 	0.79071131
0.002906795 	0.010130941 	0.028395753 	0.78125654
0.0029421817 	0.0083413419 	0.021277296 	0.77179791
0.0029770797 	0.0072371505 	0.010453498 	0.76328227
0.0030114957 	0.0067729125 	-0.003454241 	0.7561653
0.0030454363 	0.007070038 	-0.019261768 	0.7499035
0.0030789082 	0.0082483653 	-0.035361897 	0.7430314
0.0031119178 	0.010283638 	-0.049862332 	0.73396996
0.0031444715 	0.013076616 	-0.060786567 	0.72203063
0.0031765755 	0.016339028 	-0.066415903 	0.70793658
0.0032082362 	0.019572832 	-0.065723489 	0.69370975
0.0032394596 	0.022081885 	-0.058668833 	0.68220283
0.0032702517 	0.023125113 	-0.04627772 	0.67628897
0.0033006186 	0.022157345 	-0.030566443 	0.67792162
0.003330566 	0.019007691 	-0.014237396 	0.6874269
0.0033600998 	0.013798281 	0.00017865661 	0.7033191
0.0033892257 	0.007029733 	0.011398231 	0.7224284
0.0034179494 	-0.00041825034 	0.019553327 	0.74057074
0.0034462763 	-0.0075386047 	0.025612416 	0.75368093
0.003474212 	-0.013527144 	0.030291324 	0.7589752
0.0035017619 	-0.017934662 	0.033559717 	0.75557681
0.0035289312 	-0.020651413 	0.034901657 	0.74438215
0.0035557253 	-0.021801451 	0.034008535 	0.72740484
0.0035821494 	-0.021613131 	0.031104869 	0.70699751
0.0036082084 	-0.020339973 	0.026977112 	0.68525213
0.0036339076 	-0.018255125 	0.022720801 	0.66367399
0.0036592518 	-0.015674881 	0.019446358 	0.64313572
0.003684246 	-0.012959972 	0.018020602 	0.62386481
0.003708895 	-0.010486896 	0.018892459 	0.60531372
0.0037332035 	-0.0085275126 	0.022035807 	0.58599311
0.0037571763 	-0.0071194029 	0.026949696 	0.56339542
0.003780818 	-0.0061192442 	0.032835863 	0.53462181
0.0038041332 	-0.0053322847 	0.038751465 	0.49732352
0.0038271264 	-0.0046142137 	0.043689603 	0.45067457
0.0038498019 	-0.0038838027 	0.046657231 	0.39586511
0.0038721643 	-0.0030972156 	0.046854513 	0.33568204
0.0038942179 	-0.0022537406 	0.043892123 	0.27331685
0.0039159668 	-0.00141913 	0.037873099 	0.21112198
0.0039374154 	-0.00070735715 	0.029282379 	0.15000851
0.0039585677 	-0.00022244793 	0.018749224 	0.089718402
0.0039794279 	-5.2179122e-06 	0.0067600703 	0.029766443
0.004 	7.2603816e-05 	0.004615018 	0.035366952
