0 	-0.002706698 	0.048969291 	1.0442538
2.0100503e-05 	-0.062242338 	-0.011393513 	1.0470583
4.0201005e-05 	-0.062242338 	-0.011393513 	1.0470583
6.0301508e-05 	-0.057218955 	-0.049142021 	1.0439628
8.040201e-05 	-0.057218955 	-0.049142021 	1.0439628
0.00010050251 	-0.057218955 	-0.049142021 	1.0439628
0.00012060302 	-0.054363585 	-0.064562923 	1.033823
0.00014070352 	-0.054363585 	-0.064562923 	1.033823
0.00016080402 	-0.054363585 	-0.064562923 	1.033823
0.00018090452 	-0.051896744 	-0.073239819 	1.0184165
0.00020100503 	-0.051896744 	-0.073239819 	1.0184165
0.00022110553 	-0.051896744 	-0.073239819 	1.0184165
0.00024120603 	-0.048479477 	-0.077234398 	1.0022732
0.00026130653 	-0.048479477 	-0.077234398 	1.0022732
0.00028140704 	-0.044228926 	-0.076873765 	0.99038601
0.00030150754 	-0.044228926 	-0.076873765 	0.99038601
0.00032160804 	-0.044228926 	-0.076873765 	0.99038601
0.00034170854 	-0.039923813 	-0.072949921 	0.98519531
0.00036180905 	-0.039923813 	-0.072949921 	0.98519531
0.00038190955 	-0.039923813 	-0.072949921 	0.98519531
0.00040201005 	-0.036236236 	-0.067230708 	0.98562579
0.00042211055 	-0.036236236 	-0.067230708 	0.98562579
0.00044221106 	-0.036236236 	-0.067230708 	0.98562579
0.00046231156 	-0.033351859 	-0.061641606 	0.98873686
0.00048241206 	-0.033351859 	-0.061641606 	0.98873686
0.00050251256 	-0.031080633 	-0.057240643 	0.99186622
0.00052261307 	-0.031080633 	-0.057240643 	0.99186622
0.00054271357 	-0.031080633 	-0.057240643 	0.99186622
0.00056281407 	-0.029137773 	-0.054008675 	0.99374472
0.00058291457 	-0.029137773 	-0.054008675 	0.99374472
0.00060301508 	-0.029137773 	-0.054008675 	0.99374472
0.00062311558 	-0.027313612 	-0.051345471 	0.99452647
0.00064321608 	-0.027313612 	-0.051345471 	0.99452647
0.00066331658 	-0.027313612 	-0.051345471 	0.99452647
0.00068341709 	-0.025502486 	-0.048665732 	0.99517359
0.00070351759 	-0.025502486 	-0.048665732 	0.99517359
0.00072361809 	-0.023667956 	-0.045677369 	0.99667352
0.00074371859 	-0.023667956 	-0.045677369 	0.99667352
0.0007638191 	-0.023667956 	-0.045677369 	0.99667352
0.0007839196 	-0.021803432 	-0.042279296 	0.99951823
0.0008040201 	-0.021803432 	-0.042279296 	0.99951823
0.0008241206 	-0.021803432 	-0.042279296 	0.99951823
0.00084422111 	-0.019929258 	-0.038319114 	1.0035989
0.00086432161 	-0.019929258 	-0.038319114 	1.0035989
0.00088442211 	-0.019929258 	-0.038319114 	1.0035989
0.00090452261 	-0.018107009 	-0.03346636 	1.0084467
0.00092462312 	-0.018107009 	-0.03346636 	1.0084467
0.00094472362 	-0.016381776 	-0.027342594 	1.0135665
0.00096482412 	-0.016381776 	-0.027342594 	1.0135665
0.00098492462 	-0.016381776 	-0.027342594 	1.0135665
0.0010050251 	-0.010801888 	-0.019329938 	1.022569
0.0010251256 	-0.010801888 	-0.019329938 	1.022569
0.0010452261 	-0.010801888 	-0.019329938 	1.022569
0.0010653266 	-0.010088222 	-0.0091369518 	1.0275539
0.0010854271 	-0.010088222 	-0.0091369518 	1.0275539
0.0011055276 	-0.010088222 	-0.0091369518 	1.0275539
0.0011256281 	-0.010570732 	0.0019297146 	1.0325765
0.0011457286 	-0.010570732 	0.0019297146 	1.0325765
0.0011658291 	-0.010570732 	0.0019297146 	1.0325765
0.0011859296 	-0.012312416 	0.012662141 	1.0366837
0.0012060302 	-0.012312416 	0.012662141 	1.0366837
0.0012261307 	-0.012312416 	0.012662141 	1.0366837
0.0012462312 	-0.014841964 	0.021423792 	1.0378223
0.0012663317 	-0.014841964 	0.021423792 	1.0378223
0.0012864322 	-0.014841964 	0.021423792 	1.0378223
0.0013065327 	-0.017576079 	0.026421671 	1.0331963
0.0013266332 	-0.017576079 	0.026421671 	1.0331963
0.0013467337 	-0.017576079 	0.026421671 	1.0331963
0.0013668342 	-0.020112949 	0.026075266 	1.0208243
0.0013869347 	-0.020112949 	0.026075266 	1.0208243
0.0014070352 	-0.020112949 	0.026075266 	1.0208243
0.0014271357 	-0.022634176 	0.020044996 	1.0012515
0.0014472362 	-0.022634176 	0.020044996 	1.0012515
0.0014673367 	-0.022634176 	0.020044996 	1.0012515
0.0014874372 	-0.025783213 	0.010143125 	0.97764851
0.0015075377 	-0.025783213 	0.010143125 	0.97764851
0.0015276382 	-0.029750151 	-5.8111674e-05 	0.95484315
0.0015477387 	-0.029750151 	-5.8111674e-05 	0.95484315
0.0015678392 	-0.029750151 	-5.8111674e-05 	0.95484315
0.0015879397 	-0.033743596 	-0.0072943255 	0.93838916
0.0016080402 	-0.033743596 	-0.0072943255 	0.93838916
0.0016281407 	-0.033743596 	-0.0072943255 	0.93838916
0.0016482412 	-0.036613954 	-0.010682327 	0.93272778
0.0016683417 	-0.036613954 	-0.010682327 	0.93272778
0.0016884422 	-0.037849498 	-0.012088046 	0.93869911
0.0017085427 	-0.037849498 	-0.012088046 	0.93869911
0.0017286432 	-0.037849498 	-0.012088046 	0.93869911
0.0017487437 	-0.03775525 	-0.014612231 	0.95330091
0.0017688442 	-0.03775525 	-0.014612231 	0.95330091
0.0017889447 	-0.03775525 	-0.014612231 	0.95330091
0.0018090452 	-0.036836224 	-0.02024556 	0.97223921
0.0018291457 	-0.036836224 	-0.02024556 	0.97223921
0.0018492462 	-0.035449816 	-0.028815823 	0.99220998
0.0018693467 	-0.035449816 	-0.028815823 	0.99220998
0.0018894472 	-0.035449816 	-0.028815823 	0.99220998
0.0019095477 	-0.033791698 	-0.039040897 	1.0111879
0.0019296482 	-0.033791698 	-0.039040897 	1.0111879
0.0019497487 	-0.031994692 	-0.049723592 	1.0279464
0.0019698492 	-0.031994692 	-0.049723592 	1.0279464
0.0019899497 	-0.031994692 	-0.049723592 	1.0279464
0.0020100503 	-0.030179609 	-0.060088551 	1.0418604
0.0020301508 	-0.030179609 	-0.060088551 	1.0418604
0.0020502513 	-0.028376354 	-0.069627541 	1.0528373
0.0020703518 	-0.028376354 	-0.069627541 	1.0528373
0.0020904523 	-0.026440906 	-0.077996595 	1.0609699
0.0021105528 	-0.026440906 	-0.077996595 	1.0609699
0.0021306533 	-0.026440906 	-0.077996595 	1.0609699
0.0021507538 	-0.024049409 	-0.084888475 	1.0660846
0.0021708543 	-0.024049409 	-0.084888475 	1.0660846
0.0021909548 	-0.020814134 	-0.08997243 	1.0675575
0.0022110553 	-0.020814134 	-0.08997243 	1.0675575
0.0022311558 	-0.016488927 	-0.092923388 	1.0644995
0.0022512563 	-0.016488927 	-0.092923388 	1.0644995
0.0022713568 	-0.011066034 	-0.093603651 	1.0561027
0.0022914573 	-0.011066034 	-0.093603651 	1.0561027
0.0023115578 	-0.011066034 	-0.093603651 	1.0561027
0.0023316583 	-0.0047793569 	-0.09219472 	1.0419397
0.0023517588 	-0.0047793569 	-0.09219472 	1.0419397
0.0023718593 	0.0020625426 	-0.089093813 	1.0222121
0.0023919598 	0.0020625426 	-0.089093813 	1.0222121
0.0024120603 	0.0091666111 	-0.084447924 	0.9979441
0.0024321608 	0.0091666111 	-0.084447924 	0.9979441
0.0024522613 	0.016269691 	-0.077915179 	0.97102684
0.0024723618 	0.016269691 	-0.077915179 	0.97102684
0.0024924623 	0.023119955 	-0.068822103 	0.94372242
0.0025125628 	0.023119955 	-0.068822103 	0.94372242
0.0025326633 	0.029371809 	-0.056733254 	0.91809765
0.0025527638 	0.029371809 	-0.056733254 	0.91809765
0.0025728643 	0.034547978 	-0.041908878 	0.8957682
0.0025929648 	0.034547978 	-0.041908878 	0.8957682
0.0026130653 	0.038188132 	-0.025325123 	0.87775418
0.0026331658 	0.038188132 	-0.025325123 	0.87775418
0.0026532663 	0.040001598 	-0.0083477484 	0.86427506
0.0026733668 	0.040001598 	-0.0083477484 	0.86427506
0.0026934673 	0.039935937 	0.0076578172 	0.85486993
0.0027135678 	0.039935937 	0.0076578172 	0.85486993
0.0027336683 	0.038174638 	0.021565115 	0.84874615
0.0027537688 	0.038174638 	0.021565115 	0.84874615
0.0027738693 	0.035052244 	0.032552185 	0.84507988
0.0027939698 	0.035052244 	0.032552185 	0.84507988
0.0028140704 	0.030956691 	0.040188278 	0.84316666
0.0028341709 	0.030956691 	0.040188278 	0.84316666
0.0028542714 	0.026304676 	0.044576599 	0.84242299
0.0028743719 	0.021457935 	0.046464542 	0.84244192
0.0028944724 	0.021457935 	0.046464542 	0.84244192
0.0029145729 	0.016604902 	0.047038432 	0.84309065
0.0029346734 	0.016604902 	0.047038432 	0.84309065
0.0029547739 	0.011738479 	0.047418349 	0.84431671
0.0029748744 	0.011738479 	0.047418349 	0.84431671
0.0029949749 	0.006738341 	0.048256585 	0.84579032
0.0030150754 	0.0015219774 	0.049645052 	0.84682189
0.0030351759 	0.0015219774 	0.049645052 	0.84682189
0.0030552764 	-0.0038702178 	0.051233749 	0.84663481
0.0030753769 	-0.0038702178 	0.051233749 	0.84663481
0.0030954774 	-0.0092257346 	0.052384052 	0.84464265
0.0031155779 	-0.014177915 	0.052355371 	0.84041484
0.0031356784 	-0.014177915 	0.052355371 	0.84041484
0.0031557789 	-0.018351557 	0.050555169 	0.83335703
0.0031758794 	-0.018351557 	0.050555169 	0.83335703
0.0031959799 	-0.021500023 	0.046792331 	0.82240137
0.0032160804 	-0.023562061 	0.041347239 	0.80603467
0.0032361809 	-0.023562061 	0.041347239 	0.80603467
0.0032562814 	-0.024621754 	0.034840872 	0.78282968
0.0032763819 	-0.024818778 	0.028059434 	0.75231872
0.0032964824 	-0.024818778 	0.028059434 	0.75231872
0.0033165829 	-0.024354427 	0.021846439 	0.71562195
0.0033366834 	-0.023547548 	0.016958324 	0.67519543
0.0033567839 	-0.023547548 	0.016958324 	0.67519543
0.0033768844 	-0.02276652 	0.01375784 	0.63362722
0.0033969849 	-0.022333485 	0.011964274 	0.59242169
0.0034170854 	-0.022333485 	0.011964274 	0.59242169
0.0034371859 	-0.022484317 	0.010926299 	0.55222263
0.0034572864 	-0.023406777 	0.010253241 	0.51418684
0.0034773869 	-0.025310489 	0.01012011 	0.48053713
0.0034974874 	-0.025310489 	0.01012011 	0.48053713
0.0035175879 	-0.02828339 	0.010850873 	0.45309671
0.0035376884 	-0.032058301 	0.012359869 	0.4316833
0.0035577889 	-0.035980279 	0.014088442 	0.41441209
0.0035778894 	-0.035980279 	0.014088442 	0.41441209
0.0035979899 	-0.039301968 	0.015378308 	0.39910918
0.0036180905 	-0.041466504 	0.015798288 	0.38427007
0.003638191 	-0.042144441 	0.01529702 	0.36914477
0.0036582915 	-0.042144441 	0.01529702 	0.36914477
0.003678392 	-0.041261033 	0.014133028 	0.353403
0.0036984925 	-0.038952211 	0.012725057 	0.336901
0.003718593 	-0.035548377 	0.011518589 	0.31956532
0.0037386935 	-0.031461188 	0.01081188 	0.30141701
0.003758794 	-0.027091038 	0.010703194 	0.28250585
0.0037788945 	-0.027091038 	0.010703194 	0.28250585
0.003798995 	-0.02275136 	0.011099568 	0.26282501
0.0038190955 	-0.018647001 	0.011782696 	0.24224855
0.003839196 	-0.014882215 	0.01248326 	0.2205259
0.0038592965 	-0.01149373 	0.012929267 	0.1973319
0.003879397 	-0.0084895981 	0.012864761 	0.17234722
0.0038994975 	-0.0058766032 	0.012067855 	0.14534483
0.003919598 	-0.003673076 	0.010404245 	0.11626135
0.0039396985 	-0.0019176541 	0.0079190116 	0.08522016
0.003959799 	-0.00067608027 	0.0049003144 	0.052457986
0.0039798995 	-5.0745797e-05 	0.0017408355 	0.018132604
0.004 	-5.0745797e-05 	0.0017408355 	0.018132604
