0 	0.047297156 	0.0026690163 	1.1071589
5.5555556e-05 	-0.02001523 	0.049081128 	1.1105589
0.00011111111 	-0.024846249 	0.050942733 	1.1126702
0.00016666667 	-0.027023194 	0.054272349 	1.1147961
0.00022222222 	-0.028495866 	0.057936898 	1.1166892
0.00027777778 	-0.029733117 	0.061395219 	1.118174
0.00033333333 	-0.030814249 	0.064349938 	1.1191989
0.00038888889 	-0.031690693 	0.066634353 	1.1198149
0.00044444444 	-0.032296138 	0.068169215 	1.1201169
0.0005 	-0.032613627 	0.06894711 	1.1201993
0.00055555556 	-0.032700266 	0.069039975 	1.1201388
0.00061111111 	-0.032686305 	0.068585395 	1.1199838
0.00066666667 	-0.032742966 	0.067762312 	1.119724
0.00072222222 	-0.033037535 	0.066758028 	1.1192405
0.00077777778 	-0.033735856 	0.065729649 	1.1182585
0.00083333333 	-0.034867283 	0.064808759 	1.1162978
0.00088888889 	-0.036475872 	0.064001029 	1.1126638
0.00094444444 	-0.038375855 	0.063314928 	1.1066049
0.001 	-0.040278694 	0.062561811 	1.0971484
0.0010617451 	-0.041966401 	0.061099276 	1.0841791
0.0011226367 	-0.043404048 	0.058450306 	1.0700866
0.0011826866 	-0.04508368 	0.054233007 	1.0578318
0.0012419064 	-0.047841825 	0.049017079 	1.0490112
0.0013003077 	-0.052488253 	0.044470202 	1.0422586
0.0013579017 	-0.0591107 	0.042169768 	1.035825
0.0014146996 	-0.066794654 	0.041889602 	1.0308943
0.0014707124 	-0.074376585 	0.042037918 	1.0293044
0.0015259509 	-0.081116 	0.041678871 	1.0299215
0.001580426 	-0.086524756 	0.041162569 	1.0299333
0.001634148 	-0.090072709 	0.041100874 	1.0276883
0.0016871274 	-0.091523353 	0.041716751 	1.0228914
0.0017393745 	-0.091144479 	0.042629549 	1.0156625
0.0017908994 	-0.089509004 	0.043082534 	1.0062982
0.0018417121 	-0.087250272 	0.042377199 	0.99537208
0.0018918224 	-0.084963321 	0.040057418 	0.98356572
0.0019412401 	-0.082981046 	0.036005831 	0.97136863
0.0019899746 	-0.081343216 	0.030394623 	0.95896092
0.0020380356 	-0.080024824 	0.023713408 	0.94624733
0.0020854322 	-0.079014923 	0.016546948 	0.93307228
0.0021321736 	-0.078365383 	0.0093005381 	0.91945673
0.002178269 	-0.078138259 	0.0021180575 	0.90570401
0.0022237272 	-0.078266093 	-0.0049808352 	0.89231529
0.002268557 	-0.078490926 	-0.011947289 	0.87981724
0.0023127672 	-0.078369247 	-0.018557312 	0.86863607
0.0023563662 	-0.077312218 	-0.024436336 	0.85908125
0.0023993626 	-0.074683454 	-0.029068818 	0.85138288
0.0024417647 	-0.070003281 	-0.0319201 	0.84573462
0.0024835806 	-0.063072949 	-0.032618287 	0.84232027
0.0025248186 	-0.054033363 	-0.031038931 	0.84127426
0.0025654865 	-0.043295479 	-0.027302435 	0.84265279
0.0026055923 	-0.031423901 	-0.021723235 	0.84631404
0.0026451437 	-0.019056993 	-0.014698065 	0.85189291
0.0026841484 	-0.0067937632 	-0.0066749345 	0.8588309
0.002722614 	0.0047623473 	0.0019026779 	0.86645468
0.0027605478 	0.015125055 	0.010598209 	0.87408152
0.0027979573 	0.023936842 	0.018944664 	0.88102452
0.0028348498 	0.030927686 	0.026528218 	0.88678048
0.0028712322 	0.035910673 	0.032970443 	0.89105913
0.0029071118 	0.038812267 	0.037954742 	0.89366091
0.0029424953 	0.039822094 	0.04128813 	0.89446071
0.0029773898 	0.039323318 	0.04297419 	0.89333881
0.003011802 	0.037847129 	0.043237077 	0.89011684
0.0030457385 	0.03596492 	0.042488383 	0.88456244
0.0030792059 	0.034156774 	0.041214341 	0.87651102
0.0031122107 	0.032708557 	0.039863421 	0.86604884
0.0031447592 	0.031678454 	0.038743325 	0.8536185
0.0031768579 	0.03094561 	0.03799313 	0.8399432
0.0032085129 	0.030300537 	0.037658619 	0.82584652
0.0032397303 	0.02953437 	0.037768113 	0.81219978
0.0032705162 	0.028495387 	0.038260741 	0.80005893
0.0033008765 	0.027112943 	0.038767733 	0.79071085
0.0033308172 	0.025398085 	0.038464296 	0.78529107
0.0033603441 	0.023425587 	0.0362908 	0.78412005
0.0033894627 	0.021291849 	0.031549041 	0.78633308
0.0034181789 	0.019121975 	0.024411069 	0.79014333
0.0034464982 	0.017119164 	0.015863971 	0.79353247
0.003474426 	0.015551414 	0.0071151003 	0.79496439
0.0035019678 	0.014648669 	-0.00093988717 	0.79373561
0.0035291288 	0.014452243 	-0.0079513626 	0.78990796
0.0035559144 	0.014831776 	-0.014031681 	0.78393055
0.0035823298 	0.015517363 	-0.019493055 	0.77630003
0.0036083801 	0.016158914 	-0.024565692 	0.76725168
0.0036340702 	0.016489869 	-0.029204448 	0.75653154
0.0036594053 	0.016391148 	-0.033045794 	0.74336295
0.0036843901 	0.015902101 	-0.035538606 	0.72665951
0.0037090296 	0.015148059 	-0.03625629 	0.70543143
0.0037333285 	0.014233124 	-0.035257877 	0.67919233
0.0037572915 	0.01316924 	-0.033256222 	0.64807492
0.0037809233 	0.011883766 	-0.031389024 	0.61246625
0.0038042285 	0.010296277 	-0.030651985 	0.5723472
0.0038272115 	0.0084075745 	-0.031344711 	0.5268667
0.0038498768 	0.0063412992 	-0.032896803 	0.4745991
0.0038722288 	0.004314087 	-0.034160142 	0.41441575
0.0038942718 	0.0025554877 	-0.033918718 	0.34638939
0.0039160102 	0.0012277762 	-0.031283992 	0.27210544
0.003937448 	0.00038883549 	-0.025823973 	0.19420377
0.0039585896 	2.055809e-06 	-0.017502239 	0.11547886
0.0039794389 	-4.2782967e-05 	-0.006570029 	0.03799104
0.004 	-3.328983e-05 	-0.0042838907 	0.020897715
