0 	-0.046364968 	0.00087816723 	1.0662737
5.5555625e-05 	-0.039165755 	0.027800356 	1.0595682
0.00011111111 	-0.031577242 	0.035733634 	1.0546295
0.00016666667 	-0.02536755 	0.037550291 	1.0522197
0.00022222222 	-0.020514555 	0.036061742 	1.0518365
0.00027777778 	-0.017026376 	0.032860131 	1.0526389
0.00033333333 	-0.014743703 	0.029233949 	1.053763
0.00038888889 	-0.01329869 	0.026226099 	1.054107
0.00044444444 	-0.012049188 	0.024468592 	1.052154
0.0005 	-0.010194443 	0.023873456 	1.0465741
0.00055555556 	-0.0071983721 	0.023454764 	1.0377603
0.00061111111 	-0.0033657668 	0.022025329 	1.0286849
0.00066666667 	0.00011420036 	0.019261837 	1.0231702
0.00072222222 	0.0020001509 	0.015779991 	1.0234418
0.00077777778 	0.0017133292 	0.012179496 	1.0297006
0.00083333333 	-0.00049123239 	0.0082304889 	1.0407313
0.00088888889 	-0.0040669586 	0.0026622737 	1.0540858
0.00094444444 	-0.0081853899 	-0.0066142662 	1.0656213
0.001 	-0.012060552 	-0.021546752 	1.0697784
0.0010617199 	-0.014385169 	-0.041273243 	1.0583922
0.0011225874 	-0.014905746 	-0.060543251 	1.0327098
0.0011826143 	-0.015025514 	-0.076157924 	1.0013944
0.0012418122 	-0.015628471 	-0.087406918 	0.9714308
0.0013001926 	-0.017010817 	-0.09358155 	0.94343595
0.0013577668 	-0.019993227 	-0.093001481 	0.91760724
0.0014145458 	-0.025676702 	-0.08451775 	0.8959648
0.0014705407 	-0.034116277 	-0.069418391 	0.87941245
0.0015257623 	-0.044414802 	-0.051497027 	0.86786495
0.0015802213 	-0.055683733 	-0.034895105 	0.86024233
0.0016339282 	-0.067080327 	-0.021733394 	0.85391024
0.0016868934 	-0.077825843 	-0.012192692 	0.84664834
0.0017391271 	-0.086947189 	-0.0058700134 	0.83762344
0.0017906395 	-0.09374553 	-0.0023268672 	0.82703463
0.0018414404 	-0.097751431 	-0.0010987955 	0.81567474
0.0018915398 	-0.098741146 	-0.0016672847 	0.80454115
0.0019409473 	-0.097000571 	-0.0034473067 	0.79452804
0.0019896725 	-0.092938307 	-0.0057880061 	0.78626313
0.0020377248 	-0.087060332 	-0.0079898756 	0.78023731
0.0020851134 	-0.079960037 	-0.009345149 	0.77679201
0.0021318476 	-0.072319281 	-0.0091773922 	0.77610476
0.0021779364 	-0.064738834 	-0.0070036239 	0.77806396
0.0022233887 	-0.057742255 	-0.0026356067 	0.78225793
0.0022682133 	-0.051810261 	0.0038604791 	0.78808737
0.0023124189 	-0.047250708 	0.011999663 	0.79500411
0.0023560139 	-0.044069658 	0.020975197 	0.80276516
0.0023990069 	-0.042132745 	0.029845194 	0.81152073
0.0024414062 	-0.041089666 	0.037778346 	0.8213807
0.0024832199 	-0.040477545 	0.04416563 	0.83212069
0.0025244562 	-0.039988934 	0.048634767 	0.84319827
0.002565123 	-0.039426367 	0.051006161 	0.85393938
0.0026052281 	-0.038739884 	0.051305965 	0.86381683
0.0026447794 	-0.037901989 	0.049717114 	0.87248183
0.0026837845 	-0.036933415 	0.04651834 	0.87974353
0.0027222509 	-0.035831864 	0.041942984 	0.88546756
0.0027601861 	-0.034575508 	0.036172704 	0.88950529
0.0027975974 	-0.03311702 	0.029360059 	0.89167725
0.002834492 	-0.031387051 	0.02164539 	0.89178496
0.0028708772 	-0.029343751 	0.013229437 	0.88973259
0.0029067598 	-0.026966836 	0.0044236728 	0.88556847
0.0029421469 	-0.024297521 	-0.0043971016 	0.87957856
0.0029770452 	-0.021375357 	-0.012813555 	0.87225833
0.0030114616 	-0.018329821 	-0.020447174 	0.86417695
0.0030454028 	-0.015397323 	-0.026892277 	0.85591671
0.0030788752 	-0.01280827 	-0.031792248 	0.84788322
0.0031118853 	-0.01082094 	-0.034847776 	0.84032317
0.0031444395 	-0.0096329416 	-0.035790878 	0.83333392
0.0031765442 	-0.0093900512 	-0.034340643 	0.82696036
0.0032082055 	-0.010184017 	-0.030117972 	0.82137922
0.0032394295 	-0.012059002 	-0.022707282 	0.81701388
0.0032702223 	-0.01496678 	-0.011936042 	0.81437539
0.0033005899 	-0.018781965 	0.0017317919 	0.81355462
0.0033305381 	-0.023231851 	0.017107433 	0.81394937
0.0033600727 	-0.028040018 	0.032592841 	0.81410835
0.0033891994 	-0.032975155 	0.046594136 	0.81202917
0.0034179239 	-0.037579837 	0.057858859 	0.8054491
0.0034462517 	-0.041158495 	0.065687731 	0.79197329
0.0034741882 	-0.042891493 	0.069984225 	0.76935564
0.003501739 	-0.042132154 	0.071157161 	0.73603306
0.0035289093 	-0.038758223 	0.069960784 	0.69179827
0.0035557043 	-0.0333323 	0.067354872 	0.63837842
0.0035821293 	-0.026921655 	0.064279381 	0.5794747
0.0036081894 	-0.020671018 	0.061315022 	0.51989988
0.0036338895 	-0.015398664 	0.05849617 	0.46410288
0.0036592348 	-0.011432849 	0.055502245 	0.41490369
0.00368423 	-0.0087027012 	0.052011049 	0.37305386
0.00370888 	-0.0069283268 	0.047944917 	0.33763266
0.0037331896 	-0.0057818111 	0.043481108 	0.30687292
0.0037571635 	-0.0049852465 	0.03892977 	0.27895379
0.0037808063 	-0.0043483201 	0.034600292 	0.25247721
0.0038041226 	-0.0037645158 	0.030715448 	0.22659042
0.0038271169 	-0.0031882979 	0.027379112 	0.20087909
0.0038497936 	-0.0026100321 	0.024576178 	0.17518283
0.0038721572 	-0.0020372928 	0.022179404 	0.14943645
0.0038942119 	-0.001484646 	0.019948156 	0.12357641
0.003915962 	-0.00097098817 	0.017521047 	0.097502021
0.0039374118 	-0.00052366008 	0.014422145 	0.071045888
0.0039585653 	-0.00018376151 	0.010108543 	0.043893026
0.0039794267 	-1.4192685e-05 	0.004071079 	0.015436372
0.004 	-1.4192685e-05 	0.004071079 	0.015436372
