0 	0.0017847559 	-0.017438608 	1.1428677
2.0100503e-05 	0.0017847559 	-0.017438608 	1.1428677
4.0201005e-05 	0.0017847559 	-0.017438608 	1.1428677
6.0301508e-05 	0.010968396 	-0.010506115 	1.1444158
8.040201e-05 	0.010968396 	-0.010506115 	1.1444158
0.00010050251 	0.010968396 	-0.010506115 	1.1444158
0.00012060302 	0.013149546 	-0.0044819594 	1.1451606
0.00014070352 	0.013149546 	-0.0044819594 	1.1451606
0.00016080402 	0.013149546 	-0.0044819594 	1.1451606
0.00018090452 	0.013935395 	0.00091755187 	1.1451853
0.00020100503 	0.013935395 	0.00091755187 	1.1451853
0.00022110553 	0.013935395 	0.00091755187 	1.1451853
0.00024120603 	0.014065022 	0.0058370866 	1.1445224
0.00026130653 	0.014065022 	0.0058370866 	1.1445224
0.00028140704 	0.013706315 	0.010064481 	1.143139
0.00030150754 	0.013706315 	0.010064481 	1.143139
0.00032160804 	0.013706315 	0.010064481 	1.143139
0.00034170854 	0.012928136 	0.013281494 	1.1409602
0.00036180905 	0.012928136 	0.013281494 	1.1409602
0.00038190955 	0.012928136 	0.013281494 	1.1409602
0.00040201005 	0.011810027 	0.015242779 	1.1379012
0.00042211055 	0.011810027 	0.015242779 	1.1379012
0.00044221106 	0.011810027 	0.015242779 	1.1379012
0.00046231156 	0.010451897 	0.015882039 	1.1339299
0.00048241206 	0.010451897 	0.015882039 	1.1339299
0.00050251256 	0.0089654562 	0.015322633 	1.129115
0.00052261307 	0.0089654562 	0.015322633 	1.129115
0.00054271357 	0.0089654562 	0.015322633 	1.129115
0.00056281407 	0.0074737868 	0.013818229 	1.1236189
0.00058291457 	0.0074737868 	0.013818229 	1.1236189
0.00060301508 	0.0074737868 	0.013818229 	1.1236189
0.00062311558 	0.003671981 	0.010144099 	1.1190168
0.00064321608 	0.003671981 	0.010144099 	1.1190168
0.00066331658 	0.003671981 	0.010144099 	1.1190168
0.00068341709 	0.0030783724 	0.0078181036 	1.1123962
0.00070351759 	0.0050014549 	0.0091411858 	1.1112678
0.00072361809 	0.0042356656 	0.0064821512 	1.1046647
0.00074371859 	0.0042356656 	0.0064821512 	1.1046647
0.0007638191 	0.0042356656 	0.0064821512 	1.1046647
0.0007839196 	0.003853371 	0.0038999098 	1.0979869
0.0008040201 	0.003853371 	0.0038999098 	1.0979869
0.0008241206 	0.003853371 	0.0038999098 	1.0979869
0.00084422111 	0.0038265659 	0.0015931406 	1.0915408
0.00086432161 	0.0038265659 	0.0015931406 	1.0915408
0.00088442211 	0.002994944 	0.0013322091 	1.0921542
0.00090452261 	0.00345624 	-0.0001202007 	1.0864539
0.00092462312 	0.00345624 	-0.0001202007 	1.0864539
0.00094472362 	0.0041111034 	-0.00095144092 	1.0818688
0.00096482412 	0.0041111034 	-0.00095144092 	1.0818688
0.00098492462 	0.0041111034 	-0.00095144092 	1.0818688
0.0010050251 	0.0049724221 	-0.0011491443 	1.0781337
0.0010251256 	0.0049724221 	-0.0011491443 	1.0781337
0.0010452261 	0.0049724221 	-0.0011491443 	1.0781337
0.0010653266 	0.0062564483 	-0.00066418259 	1.0748047
0.0010854271 	0.0062564483 	-0.00066418259 	1.0748047
0.0011055276 	0.0062564483 	-0.00066418259 	1.0748047
0.0011256281 	0.007673967 	0.00026502366 	1.0716229
0.0011457286 	0.007673967 	0.00026502366 	1.0716229
0.0011658291 	0.007673967 	0.00026502366 	1.0716229
0.0011859296 	0.0088534487 	0.0011571244 	1.0691328
0.0012060302 	0.0088534487 	0.0011571244 	1.0691328
0.0012261307 	0.0088534487 	0.0011571244 	1.0691328
0.0012462312 	0.0095434554 	0.0014581993 	1.0680851
0.0012663317 	0.0095434554 	0.0014581993 	1.0680851
0.0012864322 	0.0095434554 	0.0014581993 	1.0680851
0.0013065327 	0.0099115001 	0.00072596672 	1.0684587
0.0013266332 	0.0099115001 	0.00072596672 	1.0684587
0.0013467337 	0.0099115001 	0.00072596672 	1.0684587
0.0013668342 	0.010333643 	-0.0010401004 	1.069764
0.0013869347 	0.010333643 	-0.0010401004 	1.069764
0.0014070352 	0.010333643 	-0.0010401004 	1.069764
0.0014271357 	0.010813397 	-0.0034000348 	1.0717488
0.0014472362 	0.01275131 	0.0037949036 	1.0867936
0.0014673367 	0.01275131 	0.0037949036 	1.0867936
0.0014874372 	0.010725386 	-0.0056735638 	1.0747405
0.0015075377 	0.010725386 	-0.0056735638 	1.0747405
0.0015276382 	0.0090178261 	-0.0074166593 	1.0792567
0.0015477387 	0.0090178261 	-0.0074166593 	1.0792567
0.0015678392 	0.0090178261 	-0.0074166593 	1.0792567
0.0015879397 	0.0044415604 	-0.0087961248 	1.0851129
0.0016080402 	0.0044415604 	-0.0087961248 	1.0851129
0.0016281407 	0.0044415604 	-0.0087961248 	1.0851129
0.0016482412 	-0.0040812883 	-0.010721983 	1.0906402
0.0016683417 	-0.0040812883 	-0.010721983 	1.0906402
0.0016884422 	-0.016500537 	-0.014017086 	1.0932881
0.0017085427 	-0.016500537 	-0.014017086 	1.0932881
0.0017286432 	-0.016500537 	-0.014017086 	1.0932881
0.0017487437 	-0.031244182 	-0.018674133 	1.0906606
0.0017688442 	-0.031244182 	-0.018674133 	1.0906606
0.0017889447 	-0.031244182 	-0.018674133 	1.0906606
0.0018090452 	-0.046225247 	-0.024441298 	1.0811529
0.0018291457 	-0.046225247 	-0.024441298 	1.0811529
0.0018492462 	-0.059905869 	-0.031771499 	1.0645702
0.0018693467 	-0.059905869 	-0.031771499 	1.0645702
0.0018894472 	-0.059905869 	-0.031771499 	1.0645702
0.0019095477 	-0.071270037 	-0.041304195 	1.0422592
0.0019296482 	-0.071270037 	-0.041304195 	1.0422592
0.0019497487 	-0.07944647 	-0.052584838 	1.0159262
0.0019698492 	-0.07944647 	-0.052584838 	1.0159262
0.0019899497 	-0.083868834 	-0.063914263 	0.98694684
0.0020100503 	-0.083868834 	-0.063914263 	0.98694684
0.0020301508 	-0.083868834 	-0.063914263 	0.98694684
0.0020502513 	-0.084662635 	-0.073281313 	0.95664724
0.0020703518 	-0.084662635 	-0.073281313 	0.95664724
0.0020904523 	-0.082602038 	-0.079397096 	0.92624103
0.0021105528 	-0.082602038 	-0.079397096 	0.92624103
0.0021306533 	-0.082602038 	-0.079397096 	0.92624103
0.0021507538 	-0.078667633 	-0.082060049 	0.89643185
0.0021708543 	-0.078667633 	-0.082060049 	0.89643185
0.0021909548 	-0.073709447 	-0.081999025 	0.86755335
0.0022110553 	-0.073709447 	-0.081999025 	0.86755335
0.0022311558 	-0.0683207 	-0.080527655 	0.8398035
0.0022512563 	-0.0683207 	-0.080527655 	0.8398035
0.0022713568 	-0.062747605 	-0.079006471 	0.81339747
0.0022914573 	-0.062747605 	-0.079006471 	0.81339747
0.0023115578 	-0.062747605 	-0.079006471 	0.81339747
0.0023316583 	-0.056884864 	-0.078208358 	0.78878532
0.0023517588 	-0.056884864 	-0.078208358 	0.78878532
0.0023718593 	-0.050401721 	-0.078024432 	0.76669606
0.0023919598 	-0.050401721 	-0.078024432 	0.76669606
0.0024120603 	-0.042932689 	-0.07792578 	0.7482543
0.0024321608 	-0.042932689 	-0.07792578 	0.7482543
0.0024522613 	-0.034271992 	-0.077567253 	0.7349953
0.0024723618 	-0.034271992 	-0.077567253 	0.7349953
0.0024924623 	-0.024589183 	-0.076900253 	0.72820376
0.0025125628 	-0.024589183 	-0.076900253 	0.72820376
0.0025326633 	-0.014503958 	-0.075735829 	0.72828824
0.0025527638 	-0.014503958 	-0.075735829 	0.72828824
0.0025728643 	-0.0046468798 	-0.073396294 	0.73548101
0.0025929648 	-0.0046468798 	-0.073396294 	0.73548101
0.0026130653 	0.0044706099 	-0.068973065 	0.75018374
0.0026331658 	0.0044706099 	-0.068973065 	0.75018374
0.0026532663 	0.011977264 	-0.062088699 	0.77172564
0.0026733668 	0.011977264 	-0.062088699 	0.77172564
0.0026934673 	0.017380491 	-0.053426404 	0.79743761
0.0027135678 	0.017380491 	-0.053426404 	0.79743761
0.0027336683 	0.020839121 	-0.044377521 	0.82374321
0.0027537688 	0.020839121 	-0.044377521 	0.82374321
0.0027738693 	0.022565333 	-0.036371577 	0.84761142
0.0027939698 	0.022565333 	-0.036371577 	0.84761142
0.0028140704 	0.022832672 	-0.030245373 	0.86721036
0.0028341709 	0.022832672 	-0.030245373 	0.86721036
0.0028542714 	0.021839589 	-0.02615363 	0.88176971
0.0028743719 	0.019739065 	-0.02370402 	0.89126069
0.0028944724 	0.019739065 	-0.02370402 	0.89126069
0.0029145729 	0.01666962 	-0.022234155 	0.89614818
0.0029346734 	0.01666962 	-0.022234155 	0.89614818
0.0029547739 	0.012787345 	-0.02104741 	0.89722025
0.0029748744 	0.012787345 	-0.02104741 	0.89722025
0.0029949749 	0.0082753312 	-0.019590069 	0.89545693
0.0030150754 	0.0034539907 	-0.017507166 	0.89191956
0.0030351759 	0.0034539907 	-0.017507166 	0.89191956
0.0030552764 	-0.0014329714 	-0.014662042 	0.88757208
0.0030753769 	-0.0014329714 	-0.014662042 	0.88757208
0.0030954774 	-0.0062388199 	-0.011097244 	0.88295277
0.0031155779 	-0.010757833 	-0.0069592189 	0.87793064
0.0031356784 	-0.010757833 	-0.0069592189 	0.87793064
0.0031557789 	-0.014834837 	-0.0024004093 	0.87184698
0.0031758794 	-0.014834837 	-0.0024004093 	0.87184698
0.0031959799 	-0.018372522 	0.0024836809 	0.86408891
0.0032160804 	-0.021394495 	0.0076227095 	0.85464499
0.0032361809 	-0.021394495 	0.0076227095 	0.85464499
0.0032562814 	-0.024041541 	0.012920028 	0.84420726
0.0032763819 	-0.026415797 	0.018185589 	0.83384668
0.0032964824 	-0.026415797 	0.018185589 	0.83384668
0.0033165829 	-0.028559074 	0.023161059 	0.8245044
0.0033366834 	-0.030387758 	0.027560934 	0.81661979
0.0033567839 	-0.030387758 	0.027560934 	0.81661979
0.0033768844 	-0.031733103 	0.031120988 	0.81001374
0.0033969849 	-0.032383606 	0.033641348 	0.8040419
0.0034170854 	-0.032383606 	0.033641348 	0.8040419
0.0034371859 	-0.032155471 	0.035035864 	0.79789034
0.0034572864 	-0.030953243 	0.035335909 	0.79082061
0.0034773869 	-0.028804049 	0.034689822 	0.7823147
0.0034974874 	-0.028804049 	0.034689822 	0.7823147
0.0035175879 	-0.02586081 	0.03334779 	0.7720982
0.0035376884 	-0.022370923 	0.031641894 	0.76009613
0.0035577889 	-0.018629857 	0.029968577 	0.74638115
0.0035778894 	-0.018629857 	0.029968577 	0.74638115
0.0035979899 	-0.014936366 	0.028762457 	0.73113473
0.0036180905 	-0.011556997 	0.028456785 	0.71461124
0.003638191 	-0.0087010173 	0.029437474 	0.69708455
0.0036582915 	-0.0087010173 	0.029437474 	0.69708455
0.003678392 	-0.0065085568 	0.031975641 	0.67876451
0.0036984925 	-0.0050437834 	0.036153356 	0.65969076
0.003718593 	-0.0042926495 	0.041797639 	0.63962035
0.0037386935 	-0.0041643942 	0.048458216 	0.61793694
0.003758794 	-0.0044989734 	0.055446355 	0.59361422
0.0037788945 	-0.0044989734 	0.055446355 	0.59361422
0.003798995 	-0.0050848556 	0.061922953 	0.56526202
0.0038190955 	-0.0056803835 	0.067012251 	0.5312829
0.003839196 	-0.0060593963 	0.069918669 	0.49016061
0.0038592965 	-0.0060562334 	0.070030736 	0.44086672
0.003879397 	-0.0055906704 	0.066991253 	0.38329407
0.0038994975 	-0.0046776771 	0.060704695 	0.31854866
0.003919598 	-0.0034257172 	0.051286738 	0.24887037
0.0039396985 	-0.0020389529 	0.039024621 	0.17704009
0.003959799 	-0.00080823085 	0.024418397 	0.10539999
0.0039798995 	-8.1808907e-05 	0.0082810124 	0.034974081
0.004 	-8.1808907e-05 	0.0082810124 	0.034974081
