0 	0.028252428 	-0.010765526 	1.0199323
2.0100503e-05 	0.0093243703 	0.026195042 	1.0182426
4.0201005e-05 	0.0093243703 	0.026195042 	1.0182426
6.0301508e-05 	-0.0034205681 	0.024863776 	1.0171059
8.040201e-05 	-0.0034205681 	0.024863776 	1.0171059
0.00010050251 	-0.0034205681 	0.024863776 	1.0171059
0.00012060302 	-0.0057829309 	0.021325845 	1.0166274
0.00014070352 	-0.0057829309 	0.021325845 	1.0166274
0.00016080402 	-0.0057829309 	0.021325845 	1.0166274
0.00018090452 	-0.0056526211 	0.017988803 	1.0168094
0.00020100503 	-0.0056526211 	0.017988803 	1.0168094
0.00022110553 	-0.0056526211 	0.017988803 	1.0168094
0.00024120603 	-0.0043325011 	0.014902715 	1.0175026
0.00026130653 	-0.0043325011 	0.014902715 	1.0175026
0.00028140704 	-0.0021874287 	0.012154429 	1.0184487
0.00030150754 	-0.0021874287 	0.012154429 	1.0184487
0.00032160804 	-0.0021874287 	0.012154429 	1.0184487
0.00034170854 	0.00061946335 	0.0098440584 	1.0194037
0.00036180905 	0.00061946335 	0.0098440584 	1.0194037
0.00038190955 	0.00061946335 	0.0098440584 	1.0194037
0.00040201005 	0.0039452709 	0.0080343601 	1.020255
0.00042211055 	0.0039452709 	0.0080343601 	1.020255
0.00044221106 	0.0039452709 	0.0080343601 	1.020255
0.00046231156 	0.0076167369 	0.0067229569 	1.0210392
0.00048241206 	0.0076167369 	0.0067229569 	1.0210392
0.00050251256 	0.011430155 	0.0058416228 	1.02187
0.00052261307 	0.011430155 	0.0058416228 	1.02187
0.00054271357 	0.011430155 	0.0058416228 	1.02187
0.00056281407 	0.015175099 	0.0052657325 	1.0228519
0.00058291457 	0.015175099 	0.0052657325 	1.0228519
0.00060301508 	0.015175099 	0.0052657325 	1.0228519
0.00062311558 	0.018666063 	0.0048481686 	1.0240264
0.00064321608 	0.018666063 	0.0048481686 	1.0240264
0.00066331658 	0.018666063 	0.0048481686 	1.0240264
0.00068341709 	0.021756143 	0.0044370395 	1.0253667
0.00070351759 	0.021756143 	0.0044370395 	1.0253667
0.00072361809 	0.024337449 	0.0039097664 	1.0267974
0.00074371859 	0.024337449 	0.0039097664 	1.0267974
0.0007638191 	0.024337449 	0.0039097664 	1.0267974
0.0007839196 	0.026343747 	0.0031770128 	1.0282273
0.0008040201 	0.026343747 	0.0031770128 	1.0282273
0.0008241206 	0.026343747 	0.0031770128 	1.0282273
0.00084422111 	0.027761356 	0.0021755193 	1.029577
0.00086432161 	0.027761356 	0.0021755193 	1.029577
0.00088442211 	0.027761356 	0.0021755193 	1.029577
0.00090452261 	0.028582979 	0.00091074939 	1.030808
0.00092462312 	0.028582979 	0.00091074939 	1.030808
0.00094472362 	0.028864428 	-0.00063711304 	1.031939
0.00096482412 	0.028864428 	-0.00063711304 	1.031939
0.00098492462 	0.028864428 	-0.00063711304 	1.031939
0.0010050251 	0.025032139 	0.0013255541 	1.0332147
0.0010251256 	0.025032139 	0.0013255541 	1.0332147
0.0010452261 	0.025032139 	0.0013255541 	1.0332147
0.0010653266 	0.024622467 	-0.00053418364 	1.0342451
0.0010854271 	0.024622467 	-0.00053418364 	1.0342451
0.0011055276 	0.024622467 	-0.00053418364 	1.0342451
0.0011256281 	0.02403776 	-0.0020749557 	1.0353493
0.0011457286 	0.02403776 	-0.0020749557 	1.0353493
0.0011658291 	0.02403776 	-0.0020749557 	1.0353493
0.0011859296 	0.023322235 	-0.0028692286 	1.0365086
0.0012060302 	0.023322235 	-0.0028692286 	1.0365086
0.0012261307 	0.023322235 	-0.0028692286 	1.0365086
0.0012462312 	0.02250673 	-0.0024241641 	1.0375807
0.0012663317 	0.02250673 	-0.0024241641 	1.0375807
0.0012864322 	0.02250673 	-0.0024241641 	1.0375807
0.0013065327 	0.021555027 	-0.00042805666 	1.0383028
0.0013266332 	0.021555027 	-0.00042805666 	1.0383028
0.0013467337 	0.021555027 	-0.00042805666 	1.0383028
0.0013668342 	0.020378414 	0.0030758139 	1.0383737
0.0013869347 	0.020378414 	0.0030758139 	1.0383737
0.0014070352 	0.020378414 	0.0030758139 	1.0383737
0.0014271357 	0.018905545 	0.0076219342 	1.0375344
0.0014472362 	0.018905545 	0.0076219342 	1.0375344
0.0014673367 	0.018905545 	0.0076219342 	1.0375344
0.0014874372 	0.017127089 	0.012434487 	1.0356149
0.0015075377 	0.017127089 	0.012434487 	1.0356149
0.0015276382 	0.015134092 	0.016648401 	1.0325026
0.0015477387 	0.015134092 	0.016648401 	1.0325026
0.0015678392 	0.015134092 	0.016648401 	1.0325026
0.0015879397 	0.013126524 	0.019521375 	1.02804
0.0016080402 	0.013126524 	0.019521375 	1.02804
0.0016281407 	0.013126524 	0.019521375 	1.02804
0.0016482412 	0.011367763 	0.020597008 	1.0219556
0.0016683417 	0.011367763 	0.020597008 	1.0219556
0.0016884422 	0.010078236 	0.019751842 	1.0139951
0.0017085427 	0.010078236 	0.019751842 	1.0139951
0.0017286432 	0.010078236 	0.019751842 	1.0139951
0.0017487437 	0.0093437527 	0.017066713 	1.0041645
0.0017688442 	0.0093437527 	0.017066713 	1.0041645
0.0017889447 	0.0093437527 	0.017066713 	1.0041645
0.0018090452 	0.0091014378 	0.012574726 	0.9927441
0.0018291457 	0.0091014378 	0.012574726 	0.9927441
0.0018492462 	0.0092505984 	0.0061131689 	0.97985581
0.0018693467 	0.0092505984 	0.0061131689 	0.97985581
0.0018894472 	0.0092505984 	0.0061131689 	0.97985581
0.0019095477 	0.0097552491 	-0.0024813236 	0.96499148
0.0019296482 	0.0097552491 	-0.0024813236 	0.96499148
0.0019497487 	0.010775571 	-0.013056696 	0.94737628
0.0019698492 	0.010775571 	-0.013056696 	0.94737628
0.0019899497 	0.010775571 	-0.013056696 	0.94737628
0.0020100503 	0.012773058 	-0.025091055 	0.92693788
0.0020301508 	0.012773058 	-0.025091055 	0.92693788
0.0020502513 	0.016131154 	-0.037674127 	0.9049807
0.0020703518 	0.016131154 	-0.037674127 	0.9049807
0.0020904523 	0.020532495 	-0.049187522 	0.88397891
0.0021105528 	0.020532495 	-0.049187522 	0.88397891
0.0021306533 	0.020532495 	-0.049187522 	0.88397891
0.0021507538 	0.02492991 	-0.057461769 	0.86646446
0.0021708543 	0.02492991 	-0.057461769 	0.86646446
0.0021909548 	0.028247139 	-0.060831332 	0.85381049
0.0022110553 	0.028247139 	-0.060831332 	0.85381049
0.0022311558 	0.02999722 	-0.059126519 	0.84575642
0.0022512563 	0.02999722 	-0.059126519 	0.84575642
0.0022713568 	0.030293566 	-0.053668809 	0.84104468
0.0022914573 	0.030293566 	-0.053668809 	0.84104468
0.0023115578 	0.030293566 	-0.053668809 	0.84104468
0.0023316583 	0.029521974 	-0.046491801 	0.83824772
0.0023517588 	0.029521974 	-0.046491801 	0.83824772
0.0023718593 	0.028051665 	-0.039445504 	0.8363162
0.0023919598 	0.028051665 	-0.039445504 	0.8363162
0.0024120603 	0.026117526 	-0.033638538 	0.83473242
0.0024321608 	0.026117526 	-0.033638538 	0.83473242
0.0024522613 	0.023865769 	-0.02938847 	0.83339879
0.0024723618 	0.023865769 	-0.02938847 	0.83339879
0.0024924623 	0.021390199 	-0.026437921 	0.83251022
0.0025125628 	0.021390199 	-0.026437921 	0.83251022
0.0025326633 	0.01875707 	-0.02427233 	0.83233904
0.0025527638 	0.01875707 	-0.02427233 	0.83233904
0.0025728643 	0.016036931 	-0.022367806 	0.8330359
0.0025929648 	0.016036931 	-0.022367806 	0.8330359
0.0026130653 	0.013320936 	-0.020391163 	0.83448906
0.0026331658 	0.013320936 	-0.020391163 	0.83448906
0.0026532663 	0.010725758 	-0.018275546 	0.83630373
0.0026733668 	0.010725758 	-0.018275546 	0.83630373
0.0026934673 	0.0083827945 	-0.016170911 	0.83793775
0.0027135678 	0.0083827945 	-0.016170911 	0.83793775
0.0027336683 	0.0064165147 	-0.014311453 	0.83892274
0.0027537688 	0.0064165147 	-0.014311453 	0.83892274
0.0027738693 	0.0049214434 	-0.012884255 	0.83905628
0.0027939698 	0.0049214434 	-0.012884255 	0.83905628
0.0028140704 	0.003943565 	-0.011948485 	0.838467
0.0028341709 	0.003943565 	-0.011948485 	0.838467
0.0028542714 	0.0034734119 	-0.011429548 	0.83754332
0.0028743719 	0.0034526183 	-0.011165659 	0.83677156
0.0028944724 	0.0034526183 	-0.011165659 	0.83677156
0.0029145729 	0.0037860195 	-0.010964352 	0.83657372
0.0029346734 	0.0037860195 	-0.010964352 	0.83657372
0.0029547739 	0.0043607151 	-0.010643648 	0.83719106
0.0029748744 	0.0043607151 	-0.010643648 	0.83719106
0.0029949749 	0.0050638634 	-0.010052046 	0.83864354
0.0030150754 	0.0058013204 	-0.0090658854 	0.84075943
0.0030351759 	0.0058013204 	-0.0090658854 	0.84075943
0.0030552764 	0.0065126723 	-0.0075813128 	0.84324568
0.0030753769 	0.0065126723 	-0.0075813128 	0.84324568
0.0030954774 	0.0071754099 	-0.0055061674 	0.84576851
0.0031155779 	0.0078086069 	-0.0027594942 	0.84801562
0.0031356784 	0.0078086069 	-0.0027594942 	0.84801562
0.0031557789 	0.0084540452 	0.00072055071 	0.849733
0.0031758794 	0.0084540452 	0.00072055071 	0.849733
0.0031959799 	0.0091469573 	0.0049643205 	0.85072913
0.0032160804 	0.0099362473 	0.0099527838 	0.85088575
0.0032361809 	0.0099362473 	0.0099527838 	0.85088575
0.0032562814 	0.010867276 	0.015616904 	0.85015232
0.0032763819 	0.011940823 	0.02183405 	0.84853731
0.0032964824 	0.011940823 	0.02183405 	0.84853731
0.0033165829 	0.013119393 	0.028432817 	0.84609983
0.0033366834 	0.014331513 	0.035202222 	0.84292398
0.0033567839 	0.014331513 	0.035202222 	0.84292398
0.0033768844 	0.015481768 	0.041901319 	0.83906703
0.0033969849 	0.016468467 	0.048264194 	0.8344777
0.0034170854 	0.016468467 	0.048264194 	0.8344777
0.0034371859 	0.017202145 	0.05399675 	0.828903
0.0034572864 	0.01761672 	0.058765941 	0.82183418
0.0034773869 	0.017665891 	0.062188984 	0.81256301
0.0034974874 	0.017665891 	0.062188984 	0.81256301
0.0035175879 	0.017305376 	0.06383459 	0.80039821
0.0035376884 	0.016473846 	0.06324929 	0.78500216
0.0035577889 	0.015093914 	0.060019519 	0.76668057
0.0035778894 	0.015093914 	0.060019519 	0.76668057
0.0035979899 	0.013107474 	0.053875519 	0.74639951
0.0036180905 	0.010533732 	0.044826162 	0.72542827
0.003638191 	0.0075135037 	0.033281308 	0.70477353
0.0036582915 	0.0075135037 	0.033281308 	0.70477353
0.003678392 	0.0043086639 	0.020092192 	0.68474013
0.0036984925 	0.0012328597 	0.0064587853 	0.66484765
0.003718593 	-0.0013409718 	-0.0062695443 	0.64406801
0.0037386935 	-0.0031506397 	-0.016834822 	0.6212815
0.003758794 	-0.0041343519 	-0.024275604 	0.59551931
0.0037788945 	-0.0041343519 	-0.024275604 	0.59551931
0.003798995 	-0.0043296665 	-0.028090138 	0.56606633
0.0038190955 	-0.0039074477 	-0.028341041 	0.53230371
0.003839196 	-0.0031199189 	-0.02567978 	0.49342446
0.0038592965 	-0.0022377168 	-0.021236472 	0.44831232
0.003879397 	-0.0014767299 	-0.016312448 	0.39580498
0.0038994975 	-0.00094077781 	-0.011928219 	0.33529638
0.003919598 	-0.00061020406 	-0.0084567612 	0.26731716
0.0039396985 	-0.00039014167 	-0.0056225011 	0.19363569
0.003959799 	-0.00019941917 	-0.0029466623 	0.11671611
0.0039798995 	-3.2050265e-05 	-0.00046752845 	0.038859107
0.004 	-3.2050265e-05 	-0.00046752845 	0.038859107
