0 	0.0027451236 	0.0040652054 	1.0369858
2.0100503e-05 	-0.0016111346 	0.00062298819 	1.0280978
4.0201005e-05 	-0.0016111346 	0.00062298819 	1.0280978
6.0301508e-05 	-0.0068484695 	0.012160743 	1.0174124
8.040201e-05 	-0.0068484695 	0.012160743 	1.0174124
0.00010050251 	-0.0068484695 	0.012160743 	1.0174124
0.00012060302 	-0.010528976 	0.028211295 	1.004985
0.00014070352 	-0.010528976 	0.028211295 	1.004985
0.00016080402 	-0.010528976 	0.028211295 	1.004985
0.00018090452 	-0.013578127 	0.045476057 	0.99118694
0.00020100503 	-0.013578127 	0.045476057 	0.99118694
0.00022110553 	-0.013578127 	0.045476057 	0.99118694
0.00024120603 	-0.016044029 	0.061218011 	0.97757361
0.00026130653 	-0.016044029 	0.061218011 	0.97757361
0.00028140704 	-0.017838061 	0.073511597 	0.96607847
0.00030150754 	-0.017838061 	0.073511597 	0.96607847
0.00032160804 	-0.017838061 	0.073511597 	0.96607847
0.00034170854 	-0.018976145 	0.081492307 	0.95751418
0.00036180905 	-0.018976145 	0.081492307 	0.95751418
0.00038190955 	-0.018976145 	0.081492307 	0.95751418
0.00040201005 	-0.019709413 	0.085300352 	0.95143735
0.00042211055 	-0.019709413 	0.085300352 	0.95143735
0.00044221106 	-0.019709413 	0.085300352 	0.95143735
0.00046231156 	-0.020381323 	0.085760709 	0.94709023
0.00048241206 	-0.020381323 	0.085760709 	0.94709023
0.00050251256 	-0.021201533 	0.084011205 	0.94406406
0.00052261307 	-0.021201533 	0.084011205 	0.94406406
0.00054271357 	-0.021201533 	0.084011205 	0.94406406
0.00056281407 	-0.022119257 	0.080883248 	0.94242121
0.00058291457 	-0.022119257 	0.080883248 	0.94242121
0.00060301508 	-0.022119257 	0.080883248 	0.94242121
0.00062311558 	-0.022977568 	0.076707118 	0.94254905
0.00064321608 	-0.022977568 	0.076707118 	0.94254905
0.00066331658 	-0.022977568 	0.076707118 	0.94254905
0.00068341709 	-0.023671102 	0.071475138 	0.94497191
0.00070351759 	-0.023671102 	0.071475138 	0.94497191
0.00072361809 	-0.024194 	0.065166578 	0.95001518
0.00074371859 	-0.024194 	0.065166578 	0.95001518
0.0007638191 	-0.024194 	0.065166578 	0.95001518
0.0007839196 	-0.024569488 	0.057888079 	0.95736023
0.0008040201 	-0.024569488 	0.057888079 	0.95736023
0.0008241206 	-0.024569488 	0.057888079 	0.95736023
0.00084422111 	-0.024768845 	0.049839301 	0.96590833
0.00086432161 	-0.024768845 	0.049839301 	0.96590833
0.00088442211 	-0.024768845 	0.049839301 	0.96590833
0.00090452261 	-0.014953593 	0.041386498 	0.97482849
0.00092462312 	-0.014953593 	0.041386498 	0.97482849
0.00094472362 	-0.014399297 	0.032328534 	0.98103198
0.00096482412 	-0.024149571 	0.032888001 	0.98146189
0.00098492462 	-0.024149571 	0.032888001 	0.98146189
0.0010050251 	-0.023066343 	0.024705697 	0.98755382
0.0010251256 	-0.023066343 	0.024705697 	0.98755382
0.0010452261 	-0.023066343 	0.024705697 	0.98755382
0.0010653266 	-0.021745501 	0.018048637 	0.99242722
0.0010854271 	-0.021745501 	0.018048637 	0.99242722
0.0011055276 	-0.021745501 	0.018048637 	0.99242722
0.0011256281 	-0.020134636 	0.013653157 	0.99617495
0.0011457286 	-0.020134636 	0.013653157 	0.99617495
0.0011658291 	-0.020134636 	0.013653157 	0.99617495
0.0011859296 	-0.0069690965 	0.0090324637 	0.99635178
0.0012060302 	-0.018809128 	0.011290261 	0.99910659
0.0012261307 	-0.018809128 	0.011290261 	0.99910659
0.0012462312 	-0.01799608 	0.010180976 	1.0014342
0.0012663317 	-0.01799608 	0.010180976 	1.0014342
0.0012864322 	-0.01799608 	0.010180976 	1.0014342
0.0013065327 	-0.017871125 	0.0093077853 	1.0033947
0.0013266332 	-0.0049695812 	0.0069684654 	1.0019577
0.0013467337 	-0.0049695812 	0.0069684654 	1.0019577
0.0013668342 	-0.0048553444 	0.0051329263 	1.0052395
0.0013869347 	-0.018333289 	0.0076676195 	1.0052606
0.0014070352 	-0.018333289 	0.0076676195 	1.0052606
0.0014271357 	-0.018939681 	0.004534252 	1.0071492
0.0014472362 	-0.018939681 	0.004534252 	1.0071492
0.0014673367 	-0.018939681 	0.004534252 	1.0071492
0.0014874372 	-0.019053603 	-0.00036260678 	1.0087879
0.0015075377 	-0.019053603 	-0.00036260678 	1.0087879
0.0015276382 	-0.01800909 	-0.0067615356 	1.0095128
0.0015477387 	-0.01800909 	-0.0067615356 	1.0095128
0.0015678392 	-0.01800909 	-0.0067615356 	1.0095128
0.0015879397 	0.00062908527 	-0.018929618 	1.0141129
0.0016080402 	-0.015382644 	-0.014113593 	1.0086416
0.0016281407 	-0.015382644 	-0.014113593 	1.0086416
0.0016482412 	-0.011125507 	-0.021889729 	1.0057926
0.0016683417 	-0.011125507 	-0.021889729 	1.0057926
0.0016884422 	-0.0054623655 	-0.029725439 	1.0009892
0.0017085427 	-0.0054623655 	-0.029725439 	1.0009892
0.0017286432 	-0.0054623655 	-0.029725439 	1.0009892
0.0017487437 	0.0012542686 	-0.037351871 	0.9945104
0.0017688442 	0.0012542686 	-0.037351871 	0.9945104
0.0017889447 	0.0012542686 	-0.037351871 	0.9945104
0.0018090452 	0.0084574461 	-0.044496657 	0.98678112
0.0018291457 	0.0084574461 	-0.044496657 	0.98678112
0.0018492462 	0.015437217 	-0.050862125 	0.9782819
0.0018693467 	0.015437217 	-0.050862125 	0.9782819
0.0018894472 	0.015437217 	-0.050862125 	0.9782819
0.0019095477 	0.021540879 	-0.056095643 	0.96948272
0.0019296482 	0.021540879 	-0.056095643 	0.96948272
0.0019497487 	0.026154884 	-0.059923338 	0.9608557
0.0019698492 	0.026154884 	-0.059923338 	0.9608557
0.0019899497 	0.02886596 	-0.062219452 	0.95295183
0.0020100503 	0.02886596 	-0.062219452 	0.95295183
0.0020301508 	0.02886596 	-0.062219452 	0.95295183
0.0020502513 	0.029560982 	-0.063034633 	0.94642581
0.0020703518 	0.029560982 	-0.063034633 	0.94642581
0.0020904523 	0.028502288 	-0.06254191 	0.94189681
0.0021105528 	0.028502288 	-0.06254191 	0.94189681
0.0021306533 	0.028502288 	-0.06254191 	0.94189681
0.0021507538 	0.026257782 	-0.061016037 	0.93969561
0.0021708543 	0.026257782 	-0.061016037 	0.93969561
0.0021909548 	0.023508941 	-0.058830152 	0.93973579
0.0022110553 	0.023508941 	-0.058830152 	0.93973579
0.0022311558 	0.02086216 	-0.056415189 	0.94159124
0.0022512563 	0.02086216 	-0.056415189 	0.94159124
0.0022713568 	0.018745056 	-0.054176956 	0.944688
0.0022914573 	0.018745056 	-0.054176956 	0.944688
0.0023115578 	0.018745056 	-0.054176956 	0.944688
0.0023316583 	0.017400631 	-0.052412104 	0.94846593
0.0023517588 	0.017400631 	-0.052412104 	0.94846593
0.0023718593 	0.016920374 	-0.051239558 	0.95249079
0.0023919598 	0.016920374 	-0.051239558 	0.95249079
0.0024120603 	0.017259547 	-0.050595128 	0.95651154
0.0024321608 	0.017259547 	-0.050595128 	0.95651154
0.0024522613 	0.018265319 	-0.050318684 	0.96041436
0.0024723618 	0.018265319 	-0.050318684 	0.96041436
0.0024924623 	0.019731694 	-0.050265611 	0.9641348
0.0025125628 	0.019731694 	-0.050265611 	0.9641348
0.0025326633 	0.021458143 	-0.050337094 	0.96762781
0.0025527638 	0.021458143 	-0.050337094 	0.96762781
0.0025728643 	0.023273339 	-0.050458255 	0.97087571
0.0025929648 	0.023273339 	-0.050458255 	0.97087571
0.0026130653 	0.025038469 	-0.05056978 	0.97387698
0.0026331658 	0.025038469 	-0.05056978 	0.97387698
0.0026532663 	0.026657082 	-0.050624435 	0.97659974
0.0026733668 	0.026657082 	-0.050624435 	0.97659974
0.0026934673 	0.028088132 	-0.050581007 	0.97894052
0.0027135678 	0.028088132 	-0.050581007 	0.97894052
0.0027336683 	0.029348927 	-0.05039421 	0.98070308
0.0027537688 	0.029348927 	-0.05039421 	0.98070308
0.0027738693 	0.030509292 	-0.050015507 	0.98159809
0.0027939698 	0.030509292 	-0.050015507 	0.98159809
0.0028140704 	0.03167529 	-0.049416267 	0.98130674
0.0028341709 	0.03167529 	-0.049416267 	0.98130674
0.0028542714 	0.0329435 	-0.048617909 	0.97958836
0.0028743719 	0.034361167 	-0.047726613 	0.97643482
0.0028944724 	0.034361167 	-0.047726613 	0.97643482
0.0029145729 	0.03588939 	-0.046949325 	0.97217306
0.0029346734 	0.03588939 	-0.046949325 	0.97217306
0.0029547739 	0.03740549 	-0.04658393 	0.96744412
0.0029748744 	0.03740549 	-0.04658393 	0.96744412
0.0029949749 	0.038741733 	-0.046982654 	0.96300855
0.0030150754 	0.039741262 	-0.048499007 	0.95943461
0.0030351759 	0.039741262 	-0.048499007 	0.95943461
0.0030552764 	0.040302769 	-0.051417376 	0.95680246
0.0030753769 	0.040302769 	-0.051417376 	0.95680246
0.0030954774 	0.040380176 	-0.055849382 	0.95457935
0.0031155779 	0.039937076 	-0.061582634 	0.95174726
0.0031356784 	0.039937076 	-0.061582634 	0.95174726
0.0031557789 	0.038886265 	-0.067933959 	0.94713132
0.0031758794 	0.038886265 	-0.067933959 	0.94713132
0.0031959799 	0.037062755 	-0.073722553 	0.93975724
0.0032160804 	0.034290452 	-0.077484902 	0.92902912
0.0032361809 	0.034290452 	-0.077484902 	0.92902912
0.0032562814 	0.030530129 	-0.077906264 	0.91461497
0.0032763819 	0.026030656 	-0.074265295 	0.89615298
0.0032964824 	0.026030656 	-0.074265295 	0.89615298
0.0033165829 	0.021355323 	-0.066657186 	0.87307109
0.0033366834 	0.017171538 	-0.055963089 	0.84481894
0.0033567839 	0.017171538 	-0.055963089 	0.84481894
0.0033768844 	0.013939663 	-0.04366818 	0.81148101
0.0033969849 	0.011722974 	-0.031495618 	0.77426458
0.0034170854 	0.011722974 	-0.031495618 	0.77426458
0.0034371859 	0.010228827 	-0.020900757 	0.73536666
0.0034572864 	0.0090381505 	-0.01264869 	0.69723942
0.0034773869 	0.0078518797 	-0.006719416 	0.66180338
0.0034974874 	0.0078518797 	-0.006719416 	0.66180338
0.0035175879 	0.0065630347 	-0.0025599603 	0.63005729
0.0035376884 	0.0051877461 	0.00059629612 	0.60215561
0.0035577889 	0.0037933482 	0.0034246811 	0.57771091
0.0035778894 	0.0037933482 	0.0034246811 	0.57771091
0.0035979899 	0.0024753636 	0.0063772665 	0.55609569
0.0036180905 	0.0013118583 	0.0096578896 	0.53659065
0.003638191 	0.00033543668 	0.013270368 	0.51844833
0.0036582915 	0.00033543668 	0.013270368 	0.51844833
0.003678392 	-0.00043336505 	0.017068063 	0.50090134
0.0036984925 	-0.00098566976 	0.02081585 	0.48318031
0.003718593 	-0.0013266921 	0.02424118 	0.46453839
0.0037386935 	-0.0014724167 	0.027074672 	0.44428606
0.003758794 	-0.0014502334 	0.029083061 	0.42182376
0.0037788945 	-0.0014502334 	0.029083061 	0.42182376
0.003798995 	-0.001297694 	0.03009493 	0.39666444
0.0038190955 	-0.001058622 	0.030017172 	0.36844162
0.003839196 	-0.00077795602 	0.028839472 	0.33691126
0.0038592965 	-0.00049655866 	0.026626636 	0.30195015
0.003879397 	-0.00024710026 	0.023501864 	0.26355626
0.0038994975 	-5.2589303e-05 	0.019627556 	0.22184325
0.003919598 	7.2995649e-05 	0.015195596 	0.17702663
0.0039396985 	0.00012078941 	0.01044085 	0.12939239
0.003959799 	9.684795e-05 	0.0056906391 	0.079264528
0.0039798995 	2.4599357e-05 	0.0014590456 	0.027023709
0.004 	2.4599357e-05 	0.0014590456 	0.027023709
