0 	-0.039029607 	-0.061436351 	1.0966565
2.0100503e-05 	-0.058703348 	0.030763583 	1.1000777
4.0201005e-05 	-0.058703348 	0.030763583 	1.1000777
6.0301508e-05 	-0.039007761 	0.044392708 	1.1037653
8.040201e-05 	-0.039007761 	0.044392708 	1.1037653
0.00010050251 	-0.039007761 	0.044392708 	1.1037653
0.00012060302 	-0.033522164 	0.039293846 	1.1079905
0.00014070352 	-0.033522164 	0.039293846 	1.1079905
0.00016080402 	-0.033522164 	0.039293846 	1.1079905
0.00018090452 	-0.030942904 	0.031775106 	1.1129481
0.00020100503 	-0.030942904 	0.031775106 	1.1129481
0.00022110553 	-0.030942904 	0.031775106 	1.1129481
0.00024120603 	-0.028697888 	0.024243379 	1.1187035
0.00026130653 	-0.028697888 	0.024243379 	1.1187035
0.00028140704 	-0.026105861 	0.017660991 	1.1251866
0.00030150754 	-0.026105861 	0.017660991 	1.1251866
0.00032160804 	-0.026105861 	0.017660991 	1.1251866
0.00034170854 	-0.023047376 	0.012553582 	1.1322052
0.00036180905 	-0.023047376 	0.012553582 	1.1322052
0.00038190955 	-0.023047376 	0.012553582 	1.1322052
0.00040201005 	-0.019602957 	0.0091691669 	1.1394663
0.00042211055 	-0.019602957 	0.0091691669 	1.1394663
0.00044221106 	-0.019602957 	0.0091691669 	1.1394663
0.00046231156 	-0.015919426 	0.0075476634 	1.1466017
0.00048241206 	-0.015919426 	0.0075476634 	1.1466017
0.00050251256 	-0.012162893 	0.0075777976 	1.1531913
0.00052261307 	-0.012162893 	0.0075777976 	1.1531913
0.00054271357 	-0.012162893 	0.0075777976 	1.1531913
0.00056281407 	-0.008476228 	0.009019455 	1.1587978
0.00058291457 	-0.008476228 	0.009019455 	1.1587978
0.00060301508 	-0.008476228 	0.009019455 	1.1587978
0.00062311558 	-0.00495407 	0.011577973 	1.1629947
0.00064321608 	-0.00495407 	0.011577973 	1.1629947
0.00066331658 	-0.00495407 	0.011577973 	1.1629947
0.00068341709 	-0.0015956231 	0.014960034 	1.1654069
0.00070351759 	-0.0015956231 	0.014960034 	1.1654069
0.00072361809 	0.0016923144 	0.018915413 	1.1657509
0.00074371859 	0.0016923144 	0.018915413 	1.1657509
0.0007638191 	0.0016923144 	0.018915413 	1.1657509
0.0007839196 	0.0050852252 	0.023286767 	1.1639009
0.0008040201 	0.0050852252 	0.023286767 	1.1639009
0.0008241206 	0.0050852252 	0.023286767 	1.1639009
0.00084422111 	0.0087735192 	0.027874702 	1.1599064
0.00086432161 	0.0087735192 	0.027874702 	1.1599064
0.00088442211 	0.0087735192 	0.027874702 	1.1599064
0.00090452261 	0.01281678 	0.03259669 	1.1539945
0.00092462312 	0.01281678 	0.03259669 	1.1539945
0.00094472362 	0.017206459 	0.037223233 	1.1466233
0.00096482412 	0.017206459 	0.037223233 	1.1466233
0.00098492462 	0.017206459 	0.037223233 	1.1466233
0.0010050251 	0.021956515 	0.042053255 	1.1372958
0.0010251256 	0.021956515 	0.042053255 	1.1372958
0.0010452261 	0.021956515 	0.042053255 	1.1372958
0.0010653266 	0.026829461 	0.046409361 	1.1270535
0.0010854271 	0.026829461 	0.046409361 	1.1270535
0.0011055276 	0.026829461 	0.046409361 	1.1270535
0.0011256281 	0.031125696 	0.049701553 	1.1170181
0.0011457286 	0.031125696 	0.049701553 	1.1170181
0.0011658291 	0.031125696 	0.049701553 	1.1170181
0.0011859296 	0.034703667 	0.051602527 	1.1077409
0.0012060302 	0.034703667 	0.051602527 	1.1077409
0.0012261307 	0.034703667 	0.051602527 	1.1077409
0.0012462312 	0.037793499 	0.05192032 	1.0996525
0.0012663317 	0.037793499 	0.05192032 	1.0996525
0.0012864322 	0.037793499 	0.05192032 	1.0996525
0.0013065327 	0.040508853 	0.050468877 	1.0929048
0.0013266332 	0.040508853 	0.050468877 	1.0929048
0.0013467337 	0.040508853 	0.050468877 	1.0929048
0.0013668342 	0.043063639 	0.047138803 	1.0874934
0.0013869347 	0.043063639 	0.047138803 	1.0874934
0.0014070352 	0.043063639 	0.047138803 	1.0874934
0.0014271357 	0.04566757 	0.042034024 	1.0832834
0.0014472362 	0.04566757 	0.042034024 	1.0832834
0.0014673367 	0.04566757 	0.042034024 	1.0832834
0.0014874372 	0.048348757 	0.035383562 	1.0800355
0.0015075377 	0.048348757 	0.035383562 	1.0800355
0.0015276382 	0.051076358 	0.027514561 	1.0774668
0.0015477387 	0.051076358 	0.027514561 	1.0774668
0.0015678392 	0.051076358 	0.027514561 	1.0774668
0.0015879397 	0.053798128 	0.018825448 	1.075348
0.0016080402 	0.053798128 	0.018825448 	1.075348
0.0016281407 	0.053798128 	0.018825448 	1.075348
0.0016482412 	0.056444407 	0.0096484421 	1.0734877
0.0016683417 	0.056444407 	0.0096484421 	1.0734877
0.0016884422 	0.058975626 	0.00022226107 	1.0717797
0.0017085427 	0.058975626 	0.00022226107 	1.0717797
0.0017286432 	0.058975626 	0.00022226107 	1.0717797
0.0017487437 	0.061340127 	-0.0093126283 	1.0701868
0.0017688442 	0.061340127 	-0.0093126283 	1.0701868
0.0017889447 	0.061340127 	-0.0093126283 	1.0701868
0.0018090452 	0.063481558 	-0.018910085 	1.0686892
0.0018291457 	0.063481558 	-0.018910085 	1.0686892
0.0018492462 	0.065324407 	-0.028475094 	1.0672147
0.0018693467 	0.065324407 	-0.028475094 	1.0672147
0.0018894472 	0.065324407 	-0.028475094 	1.0672147
0.0019095477 	0.066755699 	-0.037671265 	1.0655494
0.0019296482 	0.066755699 	-0.037671265 	1.0655494
0.0019497487 	0.067699225 	-0.045820442 	1.063111
0.0019698492 	0.067699225 	-0.045820442 	1.063111
0.0019899497 	0.067699225 	-0.045820442 	1.063111
0.0020100503 	0.068190634 	-0.05203141 	1.0587891
0.0020301508 	0.068190634 	-0.05203141 	1.0587891
0.0020502513 	0.068332123 	-0.055499527 	1.0513748
0.0020703518 	0.068332123 	-0.055499527 	1.0513748
0.0020904523 	0.068105069 	-0.055790618 	1.0405975
0.0021105528 	0.068105069 	-0.055790618 	1.0405975
0.0021306533 	0.068105069 	-0.055790618 	1.0405975
0.0021507538 	0.067229437 	-0.052921867 	1.0277762
0.0021708543 	0.067229437 	-0.052921867 	1.0277762
0.0021909548 	0.065266438 	-0.047253002 	1.0152637
0.0022110553 	0.065266438 	-0.047253002 	1.0152637
0.0022311558 	0.061920958 	-0.03932286 	1.0051209
0.0022512563 	0.061920958 	-0.03932286 	1.0051209
0.0022713568 	0.057277695 	-0.029734493 	0.99794569
0.0022914573 	0.057277695 	-0.029734493 	0.99794569
0.0023115578 	0.057277695 	-0.029734493 	0.99794569
0.0023316583 	0.051733791 	-0.019144 	0.99242993
0.0023517588 	0.051733791 	-0.019144 	0.99242993
0.0023718593 	0.045789645 	-0.0082823232 	0.98594824
0.0023919598 	0.045789645 	-0.0082823232 	0.98594824
0.0024120603 	0.039784741 	0.0018463333 	0.97626046
0.0024321608 	0.039784741 	0.0018463333 	0.97626046
0.0024522613 	0.03373775 	0.0094955498 	0.96323991
0.0024723618 	0.03373775 	0.0094955498 	0.96323991
0.0024924623 	0.027456851 	0.012113142 	0.94881151
0.0025125628 	0.027456851 	0.012113142 	0.94881151
0.0025326633 	0.020952225 	0.0078486986 	0.93460891
0.0025527638 	0.020952225 	0.0078486986 	0.93460891
0.0025728643 	0.01454054 	-0.0024863446 	0.92046674
0.0025929648 	0.01454054 	-0.0024863446 	0.92046674
0.0026130653 	0.0083038937 	-0.014941893 	0.90563922
0.0026331658 	0.0083038937 	-0.014941893 	0.90563922
0.0026532663 	0.0017425471 	-0.024226606 	0.8905557
0.0026733668 	0.0017425471 	-0.024226606 	0.8905557
0.0026934673 	-0.0056402445 	-0.026221473 	0.87581058
0.0027135678 	-0.0056402445 	-0.026221473 	0.87581058
0.0027336683 	-0.013616429 	-0.019033683 	0.85907692
0.0027537688 	-0.013616429 	-0.019033683 	0.85907692
0.0027738693 	-0.021323439 	-0.0021836815 	0.83514162
0.0027939698 	-0.021323439 	-0.0021836815 	0.83514162
0.0028140704 	-0.027462906 	0.023562882 	0.80160949
0.0028341709 	-0.027462906 	0.023562882 	0.80160949
0.0028542714 	-0.030940293 	0.054228414 	0.76333598
0.0028743719 	-0.03205987 	0.082397073 	0.72834714
0.0028944724 	-0.03205987 	0.082397073 	0.72834714
0.0029145729 	-0.032352101 	0.10092162 	0.70123634
0.0029346734 	-0.032352101 	0.10092162 	0.70123634
0.0029547739 	-0.033470077 	0.10621782 	0.68307083
0.0029748744 	-0.033470077 	0.10621782 	0.68307083
0.0029949749 	-0.036484616 	0.099165566 	0.67385825
0.0030150754 	-0.041293466 	0.085107296 	0.67208008
0.0030351759 	-0.041293466 	0.085107296 	0.67208008
0.0030552764 	-0.046423091 	0.070348153 	0.67448308
0.0030753769 	-0.046423091 	0.070348153 	0.67448308
0.0030954774 	-0.050045309 	0.057627573 	0.67880661
0.0031155779 	-0.051565682 	0.046067879 	0.68561028
0.0031356784 	-0.051565682 	0.046067879 	0.68561028
0.0031557789 	-0.05186421 	0.034024957 	0.69609926
0.0031758794 	-0.05186421 	0.034024957 	0.69609926
0.0031959799 	-0.05236107 	0.020650379 	0.70904903
0.0032160804 	-0.05407642 	0.0056209046 	0.720675
0.0032361809 	-0.05407642 	0.0056209046 	0.720675
0.0032562814 	-0.056987391 	-0.011134476 	0.72703901
0.0032763819 	-0.060550425 	-0.028912245 	0.72588663
0.0032964824 	-0.060550425 	-0.028912245 	0.72588663
0.0033165829 	-0.063786091 	-0.045773889 	0.71710568
0.0033366834 	-0.065808859 	-0.059262584 	0.70205048
0.0033567839 	-0.065808859 	-0.059262584 	0.70205048
0.0033768844 	-0.066302554 	-0.067585379 	0.68275107
0.0033969849 	-0.065443501 	-0.070213205 	0.66128371
0.0034170854 	-0.065443501 	-0.070213205 	0.66128371
0.0034371859 	-0.063708229 	-0.067904969 	0.63934983
0.0034572864 	-0.061572026 	-0.062237182 	0.61797654
0.0034773869 	-0.05930224 	-0.054914989 	0.59744395
0.0034974874 	-0.05930224 	-0.054914989 	0.59744395
0.0035175879 	-0.056901773 	-0.047248545 	0.57751496
0.0035376884 	-0.054225507 	-0.040020606 	0.55783949
0.0035577889 	-0.051142784 	-0.03361133 	0.53823193
0.0035778894 	-0.051142784 	-0.03361133 	0.53823193
0.0035979899 	-0.047623199 	-0.028134368 	0.51865375
0.0036180905 	-0.043731292 	-0.023521642 	0.49900525
0.003638191 	-0.039578105 	-0.019607211 	0.47899555
0.0036582915 	-0.039578105 	-0.019607211 	0.47899555
0.003678392 	-0.035280661 	-0.016219455 	0.45818907
0.0036984925 	-0.030940765 	-0.013241859 	0.43612988
0.003718593 	-0.026681923 	-0.010625933 	0.41244344
0.0037386935 	-0.022620166 	-0.0083732026 	0.38686863
0.003758794 	-0.018832151 	-0.0064920567 	0.35924929
0.0037788945 	-0.018832151 	-0.0064920567 	0.35924929
0.003798995 	-0.015386662 	-0.0049700397 	0.32956589
0.0038190955 	-0.012334604 	-0.003749537 	0.29793502
0.003839196 	-0.0096996481 	-0.0027227525 	0.26461724
0.0038592965 	-0.0074721348 	-0.0017445861 	0.22998545
0.003879397 	-0.0056093648 	-0.00067023117 	0.19448247
0.0038994975 	-0.0040445638 	0.00058621199 	0.15856461
0.003919598 	-0.002709252 	0.0019727262 	0.12264206
0.0039396985 	-0.0015678033 	0.0031952807 	0.087026965
0.003959799 	-0.00065130424 	0.0036041694 	0.051885362
0.0039798995 	-7.1824595e-05 	0.0021699167 	0.017212585
0.004 	-7.1824595e-05 	0.0021699167 	0.017212585
