0 	0.032175084 	0.0099830014 	1.0408369
5.5555625e-05 	0.032565473 	-0.0049790612 	1.0484424
0.00011111111 	0.031176056 	-0.008945913 	1.0563388
0.00016666667 	0.030364592 	-0.010866749 	1.0642113
0.00022222222 	0.030149001 	-0.012044221 	1.0717063
0.00027777778 	0.030579483 	-0.012794269 	1.0784135
0.00033333333 	0.031691525 	-0.013295355 	1.0839661
0.00038888889 	0.033454178 	-0.0137908 	1.0882476
0.00044444444 	0.03572362 	-0.014619139 	1.0915349
0.0005 	0.038235017 	-0.016098043 	1.0943907
0.00055555556 	0.040675923 	-0.018355926 	1.0973802
0.00061111111 	0.042790172 	-0.021297679 	1.1008778
0.00066666667 	0.044408706 	-0.024760189 	1.1050015
0.00072222222 	0.045421418 	-0.028546637 	1.1095214
0.00077777778 	0.045781607 	-0.032321274 	1.1136956
0.00083333333 	0.045594729 	-0.035469437 	1.116316
0.00088888889 	0.045095762 	-0.03732065 	1.1161776
0.00094444444 	0.044580748 	-0.037546996 	1.1127143
0.001 	0.044146653 	-0.036502869 	1.10583
0.0010617199 	0.043971459 	-0.035469941 	1.0962563
0.0011225874 	0.044316421 	-0.035982947 	1.0858782
0.0011826143 	0.045444224 	-0.038392791 	1.0758723
0.0012418122 	0.04738076 	-0.042249741 	1.0671459
0.0013001926 	0.049988285 	-0.046730528 	1.0603644
0.0013577668 	0.052998041 	-0.051012456 	1.0559112
0.0014145458 	0.056093247 	-0.054433175 	1.0538693
0.0014705407 	0.058984053 	-0.056597949 	1.0540336
0.0015257623 	0.061514351 	-0.057452185 	1.0559915
0.0015802213 	0.063680616 	-0.057217982 	1.0592001
0.0016339282 	0.065582578 	-0.056243143 	1.0630579
0.0016868934 	0.067354512 	-0.054858253 	1.0670024
0.0017391271 	0.069105646 	-0.053299717 	1.0706033
0.0017906395 	0.070883129 	-0.051698423 	1.0736143
0.0018414404 	0.072631069 	-0.050092464 	1.0759929
0.0018915398 	0.074183211 	-0.048460862 	1.0778525
0.0019409473 	0.075292824 	-0.046742592 	1.0794158
0.0019896725 	0.075670882 	-0.044863061 	1.0809608
0.0020377248 	0.075049479 	-0.042783228 	1.0827557
0.0020851134 	0.073278577 	-0.040534033 	1.0849726
0.0021318476 	0.070365134 	-0.038226939 	1.0876346
0.0021779364 	0.06646797 	-0.036043696 	1.0906315
0.0022233887 	0.061830153 	-0.034212584 	1.09378
0.0022682133 	0.056681394 	-0.032975556 	1.0968195
0.0023124189 	0.051190412 	-0.032547299 	1.0993413
0.0023560139 	0.04548453 	-0.033066553 	1.1007691
0.0023990069 	0.03972493 	-0.034579334 	1.1004855
0.0024414062 	0.034120237 	-0.037051528 	1.0980234
0.0024832199 	0.02887437 	-0.040417082 	1.0931545
0.0025244562 	0.024113518 	-0.044561747 	1.0858455
0.002565123 	0.019842672 	-0.049343679 	1.0761877
0.0026052281 	0.015953757 	-0.054547732 	1.0643952
0.0026447794 	0.012233785 	-0.059816964 	1.0508454
0.0026837845 	0.0084714447 	-0.0645602 	1.0360361
0.0027222509 	0.0045558516 	-0.06795529 	1.0204517
0.0027601861 	0.00050658278 	-0.069142737 	1.0044585
0.0027975974 	-0.0035403556 	-0.067558782 	0.98828181
0.002834492 	-0.0074092697 	-0.063202497 	0.97208873
0.0028708772 	-0.010962689 	-0.056562877 	0.95603577
0.0029067598 	-0.014080645 	-0.048317152 	0.94030503
0.0029421469 	-0.016654998 	-0.03894716 	0.92512039
0.0029770452 	-0.018571454 	-0.028713275 	0.91077084
0.0030114616 	-0.019688187 	-0.017858695 	0.89766219
0.0030454028 	-0.019963724 	-0.0066592118 	0.88622036
0.0030788752 	-0.019558178 	0.0046476858 	0.87670126
0.0031118853 	-0.018684028 	0.015872966 	0.86911633
0.0031444395 	-0.017321947 	0.026890383 	0.86319573
0.0031765442 	-0.015313624 	0.037554919 	0.85844982
0.0032082055 	-0.012565313 	0.047555355 	0.85425398
0.0032394295 	-0.0090354964 	0.056353217 	0.84998951
0.0032702223 	-0.004768914 	0.063213518 	0.8451839
0.0033005899 	7.8534032e-05 	0.067322295 	0.83962296
0.0033305381 	0.0052400353 	0.067951957 	0.83337177
0.0033600727 	0.010343677 	0.064661964 	0.826685
0.0033891994 	0.015002905 	0.057493881 	0.81978071
0.0034179239 	0.018884481 	0.047053056 	0.81263278
0.0034462517 	0.021735796 	0.034436452 	0.80494132
0.0034741882 	0.023418755 	0.020985691 	0.7963336
0.003501739 	0.023898922 	0.0079865719 	0.78664863
0.0035289093 	0.023196477 	-0.0035343866 	0.77609612
0.0035557043 	0.021367926 	-0.012859322 	0.76506327
0.0035821293 	0.01859552 	-0.019518096 	0.75350505
0.0036081894 	0.015244842 	-0.023281656 	0.73991262
0.0036338895 	0.011893559 	-0.024275072 	0.72067039
0.0036592348 	0.009236983 	-0.023107152 	0.69091017
0.00368423 	0.0077805288 	-0.020794734 	0.64720937
0.00370888 	0.0075073358 	-0.018367385 	0.59041138
0.0037331896 	0.0079154203 	-0.016425889 	0.52588681
0.0037571635 	0.008375881 	-0.015030154 	0.46069365
0.0037808063 	0.0084549913 	-0.013947133 	0.40014611
0.0038041226 	0.0080385306 	-0.012965954 	0.34631532
0.0038271169 	0.0072273441 	-0.012029842 	0.29864914
0.0038497936 	0.0061812631 	-0.011188751 	0.25539065
0.0038721572 	0.0050268446 	-0.010496021 	0.21470526
0.0038942119 	0.0038388013 	-0.00993079 	0.17521746
0.003915962 	0.0026672615 	-0.0093532606 	0.13612017
0.0039374118 	0.0015753447 	-0.0084638092 	0.097088096
0.0039585653 	0.00066936938 	-0.0067307756 	0.058123068
0.0039794267 	8.9500697e-05 	-0.0032711957 	0.019365817
0.004 	8.9500697e-05 	-0.0032711957 	0.019365817
