0 	-0.077787788 	0.033295898 	1.0634562
5.5555556e-05 	0.066808884 	0.056061667 	1.0617073
0.00011111111 	0.074596027 	0.047083065 	1.0614295
0.00016666667 	0.078347055 	0.041834069 	1.0612386
0.00022222222 	0.080592047 	0.037690425 	1.0610052
0.00027777778 	0.081882524 	0.034056123 	1.0607647
0.00033333333 	0.082389571 	0.030913947 	1.0607037
0.00038888889 	0.082219816 	0.028373148 	1.0610952
0.00044444444 	0.081492021 	0.026484376 	1.0622323
0.0005 	0.08034523 	0.02519139 	1.0643785
0.00055555556 	0.07893504 	0.024343136 	1.0677315
0.00061111111 	0.077418667 	0.02372077 	1.0723828
0.00066666667 	0.075946612 	0.023044061 	1.0782831
0.00072222222 	0.074616622 	0.021981662 	1.0852382
0.00077777778 	0.073495552 	0.02018235 	1.0929379
0.00083333333 	0.072522054 	0.017311169 	1.1010431
0.00088888889 	0.071670837 	0.013223549 	1.109204
0.00094444444 	0.070695415 	0.0078006051 	1.1172479
0.001 	0.069572095 	0.0011781869 	1.1253229
0.0010617199 	0.068193118 	-0.0063017994 	1.1330543
0.0011225874 	0.066694702 	-0.013489972 	1.1396751
0.0011826143 	0.065633558 	-0.019941613 	1.1443591
0.0012418122 	0.06576025 	-0.025873013 	1.1457219
0.0013001926 	0.067556221 	-0.031750725 	1.1424148
0.0013577668 	0.070920224 	-0.037816977 	1.1339978
0.0014145458 	0.07527333 	-0.043761643 	1.1212629
0.0014705407 	0.079984048 	-0.048738518 	1.1058086
0.0015257623 	0.08456117 	-0.051495513 	1.0893128
0.0015802213 	0.088529122 	-0.050557174 	1.0730839
0.0016339282 	0.091188387 	-0.044498082 	1.0579821
0.0016868934 	0.091426239 	-0.032584722 	1.0447249
0.0017391271 	0.08805144 	-0.015466846 	1.0340679
0.0017906395 	0.080477735 	0.0047322959 	1.0265157
0.0018414404 	0.068743379 	0.025687667 	1.021814
0.0018915398 	0.053633573 	0.045188572 	1.0186062
0.0019409473 	0.036844978 	0.061951992 	1.0144893
0.0019896725 	0.02026992 	0.075067724 	1.0078056
0.0020377248 	0.0053465547 	0.084292025 	0.99970702
0.0020851134 	-0.0073038085 	0.090074055 	0.99370127
0.0021318476 	-0.017822983 	0.093433615 	0.99235546
0.0021779364 	-0.026535209 	0.095474596 	0.99544852
0.0022233887 	-0.03373346 	0.096964729 	1.0010887
0.0022682133 	-0.039588631 	0.098305014 	1.0074292
0.0023124189 	-0.044172951 	0.099640711 	1.0132525
0.0023560139 	-0.047481429 	0.10091964 	1.0178344
0.0023990069 	-0.049487869 	0.10194359 	1.0207444
0.0024414062 	-0.050205902 	0.10244314 	1.021781
0.0024832199 	-0.049735074 	0.10217614 	1.0209709
0.0025244562 	-0.048267415 	0.10102029 	1.0185708
0.002565123 	-0.046073024 	0.099031121 	1.0150133
0.0026052281 	-0.043449737 	0.096435885 	1.010815
0.0026447794 	-0.040671575 	0.093562066 	1.0064746
0.0026837845 	-0.037962299 	0.09074067 	1.0024035
0.0027222509 	-0.035481407 	0.088218766 	0.99889796
0.0027601861 	-0.033332396 	0.086127843 	0.99613391
0.0027975974 	-0.031565928 	0.084510979 	0.99418153
0.002834492 	-0.03017472 	0.083367261 	0.99302091
0.0028708772 	-0.029093612 	0.082676266 	0.99255443
0.0029067598 	-0.028194879 	0.082399718 	0.99261436
0.0029421469 	-0.027306528 	0.082450287 	0.99294747
0.0029770452 	-0.026242865 	0.082665885 	0.99319309
0.0030114616 	-0.02483036 	0.082778035 	0.99287005
0.0030454028 	-0.022927628 	0.082437771 	0.99139955
0.0030788752 	-0.020445348 	0.081268309 	0.98817081
0.0031118853 	-0.01736075 	0.078972651 	0.98265614
0.0031444395 	-0.013727624 	0.075445911 	0.97455482
0.0031765442 	-0.0096813817 	0.070855712 	0.96392815
0.0032082055 	-0.0054218135 	0.065634433 	0.95125494
0.0032394295 	-0.0011716144 	0.060366173 	0.9373465
0.0032702223 	0.0028692144 	0.055598755 	0.92312503
0.0033005899 	0.0065626268 	0.051663281 	0.90936762
0.0033305381 	0.0098356862 	0.048573176 	0.89655848
0.0033600727 	0.012639964 	0.04605128 	0.88493476
0.0033891994 	0.014908822 	0.043670316 	0.87462547
0.0034179239 	0.016541384 	0.041054928 	0.86568477
0.0034462517 	0.017456215 	0.0380531 	0.85789233
0.0034741882 	0.017686356 	0.034783441 	0.85045955
0.003501739 	0.01742676 	0.031549215 	0.84198813
0.0035289093 	0.016973282 	0.028675486 	0.83087582
0.0035557043 	0.016585032 	0.02634942 	0.81597751
0.0035821293 	0.016368962 	0.024528341 	0.79710233
0.0036081894 	0.016254511 	0.022948343 	0.77505826
0.0036338895 	0.01605301 	0.021214273 	0.75125628
0.0036592348 	0.015551822 	0.01892444 	0.72709962
0.00368423 	0.014596187 	0.015780395 	0.70340497
0.00370888 	0.013135334 	0.011660837 	0.68000584
0.0037331896 	0.011235997 	0.0066629859 	0.65559158
0.0037571635 	0.009071678 	0.0011201398 	0.62784132
0.0037808063 	0.0068846235 	-0.0044253992 	0.5939016
0.0038041226 	0.0049202932 	-0.0093273753 	0.55119481
0.0038271169 	0.0033504862 	-0.013002859 	0.49838608
0.0038497936 	0.002232312 	-0.015114283 	0.43606506
0.0038721572 	0.0015057026 	-0.015651713 	0.36672918
0.0038942119 	0.0010322087 	-0.014861457 	0.29400949
0.003915962 	0.00067658055 	-0.013067652 	0.22154316
0.0039374118 	0.00036939901 	-0.010484407 	0.15209206
0.0039585653 	0.00012192851 	-0.0071077891 	0.087252677
0.0039794267 	3.4545318e-06 	-0.0027500384 	0.027607211
0.004 	3.4545318e-06 	-0.0027500384 	0.027607211
