0 	-0.028052929 	-0.048751979 	1.073643
2.0100503e-05 	-0.052957659 	0.028113427 	1.0747952
4.0201005e-05 	-0.052957659 	0.028113427 	1.0747952
6.0301508e-05 	-0.038724066 	0.049017283 	1.0741566
8.040201e-05 	-0.038724066 	0.049017283 	1.0741566
0.00010050251 	-0.038724066 	0.049017283 	1.0741566
0.00012060302 	-0.035996115 	0.052732422 	1.072771
0.00014070352 	-0.035996115 	0.052732422 	1.072771
0.00016080402 	-0.035996115 	0.052732422 	1.072771
0.00018090452 	-0.035894931 	0.052992519 	1.0711588
0.00020100503 	-0.035894931 	0.052992519 	1.0711588
0.00022110553 	-0.035894931 	0.052992519 	1.0711588
0.00024120603 	-0.036026674 	0.05167376 	1.0695119
0.00026130653 	-0.036026674 	0.05167376 	1.0695119
0.00028140704 	-0.03573083 	0.049580308 	1.068043
0.00030150754 	-0.03573083 	0.049580308 	1.068043
0.00032160804 	-0.03573083 	0.049580308 	1.068043
0.00034170854 	-0.03497388 	0.047274669 	1.0670768
0.00036180905 	-0.03497388 	0.047274669 	1.0670768
0.00038190955 	-0.03497388 	0.047274669 	1.0670768
0.00040201005 	-0.033970115 	0.045113352 	1.0669666
0.00042211055 	-0.033970115 	0.045113352 	1.0669666
0.00044221106 	-0.033970115 	0.045113352 	1.0669666
0.00046231156 	-0.033006894 	0.043261118 	1.067989
0.00048241206 	-0.033006894 	0.043261118 	1.067989
0.00050251256 	-0.032351364 	0.041753727 	1.0702786
0.00052261307 	-0.032351364 	0.041753727 	1.0702786
0.00054271357 	-0.032351364 	0.041753727 	1.0702786
0.00056281407 	-0.032186372 	0.040546612 	1.0738168
0.00058291457 	-0.032186372 	0.040546612 	1.0738168
0.00060301508 	-0.032186372 	0.040546612 	1.0738168
0.00062311558 	-0.032570232 	0.039543346 	1.0784601
0.00064321608 	-0.032570232 	0.039543346 	1.0784601
0.00066331658 	-0.032570232 	0.039543346 	1.0784601
0.00068341709 	-0.033442145 	0.038613376 	1.0839715
0.00070351759 	-0.033442145 	0.038613376 	1.0839715
0.00072361809 	-0.034660015 	0.03761186 	1.0900425
0.00074371859 	-0.034660015 	0.03761186 	1.0900425
0.0007638191 	-0.034660015 	0.03761186 	1.0900425
0.0007839196 	-0.036035008 	0.036404657 	1.096308
0.0008040201 	-0.036035008 	0.036404657 	1.096308
0.0008241206 	-0.036035008 	0.036404657 	1.096308
0.00084422111 	-0.037395809 	0.034884199 	1.1023707
0.00086432161 	-0.037395809 	0.034884199 	1.1023707
0.00088442211 	-0.037395809 	0.034884199 	1.1023707
0.00090452261 	-0.038588961 	0.032978796 	1.1078172
0.00092462312 	-0.038588961 	0.032978796 	1.1078172
0.00094472362 	-0.03947349 	0.030668181 	1.1122215
0.00096482412 	-0.03947349 	0.030668181 	1.1122215
0.00098492462 	-0.03947349 	0.030668181 	1.1122215
0.0010050251 	-0.04001368 	0.027782242 	1.115348
0.0010251256 	-0.04001368 	0.027782242 	1.115348
0.0010452261 	-0.04001368 	0.027782242 	1.115348
0.0010653266 	-0.040030167 	0.024185801 	1.116282
0.0010854271 	-0.040030167 	0.024185801 	1.116282
0.0011055276 	-0.040066085 	0.030256385 	1.1211688
0.0011256281 	-0.039574141 	0.026976203 	1.1197204
0.0011457286 	-0.039574141 	0.026976203 	1.1197204
0.0011658291 	-0.039574141 	0.026976203 	1.1197204
0.0011859296 	-0.038686345 	0.023394847 	1.11575
0.0012060302 	-0.038796513 	0.015998843 	1.1111804
0.0012261307 	-0.038796513 	0.015998843 	1.1111804
0.0012462312 	-0.037662125 	0.011463084 	1.1053176
0.0012663317 	-0.037662125 	0.011463084 	1.1053176
0.0012864322 	-0.037662125 	0.011463084 	1.1053176
0.0013065327 	-0.036263724 	0.0066820413 	1.0977986
0.0013266332 	-0.036263724 	0.0066820413 	1.0977986
0.0013467337 	-0.036263724 	0.0066820413 	1.0977986
0.0013668342 	-0.034609734 	0.0017427718 	1.0893185
0.0013869347 	-0.034609734 	0.0017427718 	1.0893185
0.0014070352 	-0.034609734 	0.0017427718 	1.0893185
0.0014271357 	-0.032704438 	-0.0032073868 	1.0807148
0.0014472362 	-0.032704438 	-0.0032073868 	1.0807148
0.0014673367 	-0.032704438 	-0.0032073868 	1.0807148
0.0014874372 	-0.030573044 	-0.0080103639 	1.0727534
0.0015075377 	-0.030573044 	-0.0080103639 	1.0727534
0.0015276382 	-0.028276923 	-0.012565859 	1.0658271
0.0015477387 	-0.028276923 	-0.012565859 	1.0658271
0.0015678392 	-0.028276923 	-0.012565859 	1.0658271
0.0015879397 	-0.025884254 	-0.016840193 	1.0597585
0.0016080402 	-0.025884254 	-0.016840193 	1.0597585
0.0016281407 	-0.025884254 	-0.016840193 	1.0597585
0.0016482412 	-0.023182749 	-0.012592222 	1.0488765
0.0016683417 	-0.023410184 	-0.020700109 	1.0538349
0.0016884422 	-0.020760597 	-0.023803195 	1.0471792
0.0017085427 	-0.020760597 	-0.023803195 	1.0471792
0.0017286432 	-0.020760597 	-0.023803195 	1.0471792
0.0017487437 	-0.017801414 	-0.025724174 	1.0392365
0.0017688442 	-0.017801414 	-0.025724174 	1.0392365
0.0017889447 	-0.017801414 	-0.025724174 	1.0392365
0.0018090452 	-0.014561258 	-0.026210804 	1.0301238
0.0018291457 	-0.014561258 	-0.026210804 	1.0301238
0.0018492462 	-0.011261744 	-0.025313456 	1.0204085
0.0018693467 	-0.011261744 	-0.025313456 	1.0204085
0.0018894472 	-0.011261744 	-0.025313456 	1.0204085
0.0019095477 	-0.0081654386 	-0.023292504 	1.0107019
0.0019296482 	-0.0081654386 	-0.023292504 	1.0107019
0.0019497487 	-0.0054905655 	-0.020455055 	1.0013413
0.0019698492 	-0.0054905655 	-0.020455055 	1.0013413
0.0019899497 	-0.0033662209 	-0.017035456 	0.99231599
0.0020100503 	-0.0033662209 	-0.017035456 	0.99231599
0.0020301508 	-0.0033662209 	-0.017035456 	0.99231599
0.0020502513 	-0.0018615153 	-0.013157544 	0.98347588
0.0020703518 	-0.0018615153 	-0.013157544 	0.98347588
0.0020904523 	-0.0010743373 	-0.0088521674 	0.97487641
0.0021105528 	-0.0010743373 	-0.0088521674 	0.97487641
0.0021306533 	-0.0010743373 	-0.0088521674 	0.97487641
0.0021507538 	-0.0011287617 	-0.0041005198 	0.96692698
0.0021708543 	-0.0011287617 	-0.0041005198 	0.96692698
0.0021909548 	-0.0021253401 	0.0011040759 	0.96017513
0.0022110553 	-0.0021253401 	0.0011040759 	0.96017513
0.0022311558 	-0.0040299405 	0.0066565951 	0.95495297
0.0022512563 	-0.0040299405 	0.0066565951 	0.95495297
0.0022713568 	-0.0066446003 	0.012272423 	0.95117043
0.0022914573 	-0.0066446003 	0.012272423 	0.95117043
0.0023115578 	-0.0066446003 	0.012272423 	0.95117043
0.0023316583 	-0.0096560533 	0.017516994 	0.94838641
0.0023517588 	-0.0096560533 	0.017516994 	0.94838641
0.0023718593 	-0.012696235 	0.021935958 	0.9460612
0.0023919598 	-0.012696235 	0.021935958 	0.9460612
0.0024120603 	-0.015408228 	0.025232547 	0.94377724
0.0024321608 	-0.015408228 	0.025232547 	0.94377724
0.0024522613 	-0.01750552 	0.027342296 	0.94130522
0.0024723618 	-0.01750552 	0.027342296 	0.94130522
0.0024924623 	-0.018776664 	0.028412179 	0.93855672
0.0025125628 	-0.018776664 	0.028412179 	0.93855672
0.0025326633 	-0.019073707 	0.028707331 	0.93549644
0.0025527638 	-0.019073707 	0.028707331 	0.93549644
0.0025728643 	-0.018326299 	0.028529269 	0.9321066
0.0025929648 	-0.018326299 	0.028529269 	0.9321066
0.0026130653 	-0.016546384 	0.028162354 	0.92840349
0.0026331658 	-0.016546384 	0.028162354 	0.92840349
0.0026532663 	-0.013825811 	0.02785429 	0.92445748
0.0026733668 	-0.013825811 	0.02785429 	0.92445748
0.0026934673 	-0.010324977 	0.027820611 	0.92040547
0.0027135678 	-0.010324977 	0.027820611 	0.92040547
0.0027336683 	-0.0062604628 	0.028264573 	0.91644209
0.0027537688 	-0.0062604628 	0.028264573 	0.91644209
0.0027738693 	-0.0018891224 	0.029393037 	0.91279402
0.0027939698 	-0.0018891224 	0.029393037 	0.91279402
0.0028140704 	0.0025081096 	0.031417268 	0.9097014
0.0028341709 	0.0025081096 	0.031417268 	0.9097014
0.0028542714 	0.0066639561 	0.034543376 	0.90738935
0.0028743719 	0.010366747 	0.03894366 	0.90602901
0.0028944724 	0.010366747 	0.03894366 	0.90602901
0.0029145729 	0.013487938 	0.044715819 	0.90567704
0.0029346734 	0.013487938 	0.044715819 	0.90567704
0.0029547739 	0.01602212 	0.0518407 	0.90625762
0.0029748744 	0.01602212 	0.0518407 	0.90625762
0.0029949749 	0.018070847 	0.06012505 	0.90748238
0.0030150754 	0.019800092 	0.069181408 	0.90877301
0.0030351759 	0.019800092 	0.069181408 	0.90877301
0.0030552764 	0.021419591 	0.078466405 	0.90930991
0.0030753769 	0.021419591 	0.078466405 	0.90930991
0.0030954774 	0.023077651 	0.087334386 	0.90815775
0.0031155779 	0.024770036 	0.095155782 	0.90474388
0.0031356784 	0.024770036 	0.095155782 	0.90474388
0.0031557789 	0.026249056 	0.10146081 	0.89923732
0.0031758794 	0.026249056 	0.10146081 	0.89923732
0.0031959799 	0.027075677 	0.10609227 	0.89250921
0.0032160804 	0.026869081 	0.10929505 	0.88536553
0.0032361809 	0.026869081 	0.10929505 	0.88536553
0.0032562814 	0.025608725 	0.11157136 	0.87738365
0.0032763819 	0.023730043 	0.11340867 	0.86631299
0.0032964824 	0.023730043 	0.11340867 	0.86631299
0.0033165829 	0.021887963 	0.1150919 	0.8490928
0.0033366834 	0.020586465 	0.11642047 	0.82448965
0.0033567839 	0.020586465 	0.11642047 	0.82448965
0.0033768844 	0.019877145 	0.1156085 	0.7954926
0.0033969849 	0.01920291 	0.10926705 	0.76803401
0.0034170854 	0.01920291 	0.10926705 	0.76803401
0.0034371859 	0.017728772 	0.095189948 	0.74610904
0.0034572864 	0.014935108 	0.074161763 	0.72944829
0.0034773869 	0.010962636 	0.048405442 	0.71628263
0.0034974874 	0.010962636 	0.048405442 	0.71628263
0.0035175879 	0.0063766723 	0.01980426 	0.70620925
0.0035376884 	0.0016149227 	-0.0097898796 	0.69950723
0.0035577889 	-0.0026477936 	-0.037831318 	0.69485571
0.0035778894 	-0.0026477936 	-0.037831318 	0.69485571
0.0035979899 	-0.0059277545 	-0.061550443 	0.68879598
0.0036180905 	-0.0081169464 	-0.078935703 	0.67743011
0.003638191 	-0.0090102167 	-0.08924007 	0.65828668
0.0036582915 	-0.0090102167 	-0.08924007 	0.65828668
0.003678392 	-0.0087163442 	-0.092926931 	0.63116205
0.0036984925 	-0.0075948976 	-0.091374254 	0.59766379
0.003718593 	-0.0060928917 	-0.086472322 	0.56008794
0.0037386935 	-0.004582109 	-0.080134861 	0.52040699
0.003758794 	-0.0032855884 	-0.073818741 	0.47983177
0.0037788945 	-0.0032855884 	-0.073818741 	0.47983177
0.003798995 	-0.0022933808 	-0.068222627 	0.43890106
0.0038190955 	-0.0016106175 	-0.063300451 	0.3977273
0.003839196 	-0.0012027251 	-0.058549436 	0.35613327
0.0038592965 	-0.0010099193 	-0.053400328 	0.31369603
0.003879397 	-0.00094627838 	-0.047510308 	0.26984799
0.0038994975 	-0.00091600177 	-0.040843721 	0.22410217
0.003919598 	-0.00083371645 	-0.033540522 	0.17631502
0.0039396985 	-0.00064515415 	-0.025655473 	0.12682584
0.003959799 	-0.00036097822 	-0.016893679 	0.076349019
0.0039798995 	-6.3762294e-05 	-0.0065017446 	0.02558273
0.004 	-6.3762294e-05 	-0.0065017446 	0.02558273
