0 	-0.028052929 	-0.048751979 	1.073643
5.5555556e-05 	0.059392436 	-0.0057863708 	1.0720889
0.00011111111 	0.060793876 	0.0010941537 	1.0710123
0.00016666667 	0.061402046 	0.0044389733 	1.0696614
0.00022222222 	0.061592245 	0.0068476253 	1.067991
0.00027777778 	0.061385713 	0.0090890405 	1.0660127
0.00033333333 	0.060776501 	0.011425164 	1.0638265
0.00038888889 	0.059770225 	0.013931738 	1.0616288
0.00044444444 	0.058389566 	0.016636808 	1.059685
0.0005 	0.056674201 	0.019603489 	1.0582691
0.00055555556 	0.054654794 	0.022974284 	1.0575889
0.00061111111 	0.052358638 	0.026959625 	1.0577037
0.00066666667 	0.049793543 	0.031779098 	1.0584712
0.00072222222 	0.046935025 	0.037577538 	1.0595794
0.00077777778 	0.043795338 	0.044320411 	1.0606987
0.00083333333 	0.040370471 	0.051707798 	1.0616646
0.00088888889 	0.036660848 	0.05916628 	1.0624977
0.00094444444 	0.032590649 	0.065981598 	1.0631663
0.001 	0.028023955 	0.071832991 	1.0634929
0.0010617451 	0.022672667 	0.07596148 	1.0631007
0.0011226367 	0.016697862 	0.077926625 	1.0619642
0.0011826866 	0.010169374 	0.078288286 	1.0601254
0.0012419064 	0.0037069801 	0.078252432 	1.0573382
0.0013003077 	-0.00167205 	0.079314291 	1.0525468
0.0013579017 	-0.0049704518 	0.082258406 	1.0441247
0.0014146996 	-0.0057671623 	0.085949326 	1.0310665
0.0014707124 	-0.0042606877 	0.087445597 	1.0140699
0.0015259509 	-0.00089151326 	0.083664098 	0.99500565
0.001580426 	0.003725493 	0.072902634 	0.97557597
0.001634148 	0.0089136495 	0.055207864 	0.9567564
0.0016871274 	0.01362307 	0.031962118 	0.93852261
0.0017393745 	0.016483404 	0.004344179 	0.92054883
0.0017908994 	0.01685441 	-0.028980814 	0.90346692
0.0018417121 	0.015516942 	-0.069400494 	0.88733865
0.0018918224 	0.013053665 	-0.11009971 	0.8727319
0.0019412401 	0.0091451845 	-0.14085145 	0.86095944
0.0019899746 	0.0038629113 	-0.15567592 	0.85389605
0.0020380356 	-0.0026152778 	-0.15306666 	0.85537579
0.0020854322 	-0.0096509839 	-0.13608064 	0.86783166
0.0021321736 	-0.015330601 	-0.11083149 	0.88662622
0.002178269 	-0.018218067 	-0.08305294 	0.90254441
0.0022237272 	-0.018600272 	-0.055901312 	0.90992784
0.002268557 	-0.017042655 	-0.030235679 	0.91028336
0.0023127672 	-0.014563855 	-0.0065307828 	0.9084471
0.0023563662 	-0.011720023 	0.014162518 	0.90852397
0.0023993626 	-0.0089751104 	0.030822442 	0.91158308
0.0024417647 	-0.0069079736 	0.043024209 	0.91602204
0.0024835806 	-0.005482948 	0.051199908 	0.91971327
0.0025248186 	-0.004460981 	0.056459174 	0.92123663
0.0025654865 	-0.0035679208 	0.060091796 	0.91990979
0.0026055923 	-0.0026200321 	0.063192538 	0.9155553
0.0026451437 	-0.001668995 	0.066469262 	0.90851615
0.0026841484 	-0.00099079014 	0.070101127 	0.89967338
0.002722614 	-0.000893291 	0.073631474 	0.89014754
0.0027605478 	-0.0015323056 	0.075987727 	0.880873
0.0027979573 	-0.0028654303 	0.075745998 	0.87243816
0.0028348498 	-0.0047506981 	0.071624693 	0.86528663
0.0028712322 	-0.0070832901 	0.063044048 	0.85987097
0.0029071118 	-0.0097795745 	0.050480221 	0.85623623
0.0029424953 	-0.01256401 	0.035372941 	0.85304456
0.0029773898 	-0.014773203 	0.019555351 	0.84694117
0.003011802 	-0.015472888 	0.004531414 	0.83341628
0.0030457385 	-0.013892749 	-0.0088734826 	0.80922192
0.0030792059 	-0.0099753618 	-0.02031274 	0.7746355
0.0031122107 	-0.0046149067 	-0.029431222 	0.73383225
0.0031447592 	0.00075007381 	-0.035571611 	0.69324018
0.0031768579 	0.0046761763 	-0.037921278 	0.65911769
0.0032085129 	0.0060975937 	-0.035888536 	0.63566107
0.0032397303 	0.0045414772 	-0.029397656 	0.62408407
0.0032705162 	0.0001852022 	-0.018944631 	0.62263339
0.0033008765 	-0.0062766949 	-0.005470652 	0.62746961
0.0033308172 	-0.013779889 	0.0098375361 	0.63392024
0.0033603441 	-0.021151735 	0.025633442 	0.63768711
0.0033894627 	-0.027397419 	0.040507981 	0.63556143
0.0034181789 	-0.031736568 	0.053094908 	0.62574336
0.0034464982 	-0.033716921 	0.062257961 	0.60793446
0.003474426 	-0.033329491 	0.067266162 	0.5833228
0.0035019678 	-0.031018159 	0.067929708 	0.55432584
0.0035291288 	-0.027532268 	0.064654925 	0.5239833
0.0035559144 	-0.023677549 	0.058343096 	0.4951148
0.0035823298 	-0.020082004 	0.050138892 	0.46958779
0.0036083801 	-0.017076616 	0.041139419 	0.44801149
0.0036340702 	-0.014713648 	0.032197039 	0.42990589
0.0036594053 	-0.012871787 	0.023864515 	0.41414259
0.0036843901 	-0.01137419 	0.016444163 	0.39939275
0.0037090296 	-0.010079837 	0.010069747 	0.38442822
0.0037333285 	-0.0088674314 	0.0047813504 	0.36825176
0.0037572915 	-0.0076743597 	0.0005686334 	0.35009851
0.0037809233 	-0.0065148987 	-0.0026076804 	0.32944246
0.0038042285 	-0.0054109224 	-0.0048012632 	0.30595504
0.0038272115 	-0.0043856296 	-0.0060780305 	0.27947464
0.0038498768 	-0.0034456472 	-0.0065187496 	0.24998396
0.0038722288 	-0.0025910141 	-0.0062222322 	0.21758002
0.0038942718 	-0.0018331529 	-0.0053147157 	0.18244829
0.0039160102 	-0.0011860172 	-0.0039680463 	0.14484848
0.003937448 	-0.00066011805 	-0.0024192012 	0.10511098
0.0039585896 	-0.00026896125 	-0.00098647743 	0.063682463
0.0039794389 	-3.6638157e-05 	-5.5064064e-05 	0.021255784
0.004 	1.7949548e-05 	0.0013108385 	0.01914027
