0 	-0.022848227 	0.01264124 	1.0127704
5.5555556e-05 	-0.014923851 	0.0012453428 	1.0172457
0.00011111111 	-0.0078482692 	-0.00045880966 	1.0234268
0.00016666667 	-0.003767318 	-0.0028520236 	1.0281075
0.00022222222 	-0.00078796227 	-0.0075640144 	1.0310419
0.00027777778 	0.0016860624 	-0.013687759 	1.0342679
0.00033333333 	0.0031510695 	-0.019983907 	1.0398611
0.00038888889 	0.0028216628 	-0.026126801 	1.048175
0.00044444444 	0.00049162618 	-0.03208751 	1.0579854
0.0005 	-0.0031328232 	-0.037379635 	1.067444
0.00055555556 	-0.0069326422 	-0.041207846 	1.0747718
0.00061111111 	-0.0099838422 	-0.043114408 	1.0786188
0.00066666667 	-0.011762788 	-0.043139383 	1.0782891
0.00072222222 	-0.012088474 	-0.041692039 	1.073777
0.00077777778 	-0.011112637 	-0.039478895 	1.0655137
0.00083333333 	-0.009304889 	-0.037293942 	1.0541225
0.00088888889 	-0.0072903308 	-0.035525409 	1.0403164
0.00094444444 	-0.0059145208 	-0.033474523 	1.0248985
0.001 	-0.0052738773 	-0.029477317 	1.0078527
0.0010617199 	-0.0060401443 	-0.020374701 	0.9908305
0.0011225874 	-0.0084159133 	-0.0069571883 	0.97617538
0.0011826143 	-0.012712313 	0.0034984397 	0.9643904
0.0012418122 	-0.01858332 	-0.0010291455 	0.95405251
0.0013001926 	-0.024506259 	-0.027703037 	0.9432391
0.0013577668 	-0.031114992 	-0.068078707 	0.93414308
0.0014145458 	-0.038860403 	-0.10560514 	0.93028907
0.0014705407 	-0.046735616 	-0.1274398 	0.92903599
0.0015257623 	-0.053858113 	-0.12370397 	0.92687897
0.0015802213 	-0.059208512 	-0.090737089 	0.92558921
0.0016339282 	-0.064281976 	-0.040003534 	0.92745449
0.0016868934 	-0.071643857 	0.0075504043 	0.92968204
0.0017391271 	-0.079955887 	0.042606014 	0.92807995
0.0017906395 	-0.086823498 	0.066686576 	0.92186511
0.0018414404 	-0.092399771 	0.082856096 	0.91180643
0.0018915398 	-0.097965723 	0.095080653 	0.89971894
0.0019409473 	-0.10423842 	0.10628587 	0.88845369
0.0019896725 	-0.11053941 	0.11562286 	0.8795003
0.0020377248 	-0.1153877 	0.12041513 	0.87299124
0.0020851134 	-0.11766423 	0.11939805 	0.86952408
0.0021318476 	-0.11709089 	0.1132306 	0.86981648
0.0021779364 	-0.11414167 	0.10340346 	0.87359804
0.0022233887 	-0.10965622 	0.091530915 	0.87986109
0.0022682133 	-0.10448523 	0.078899381 	0.88740834
0.0023124189 	-0.099290699 	0.066322798 	0.89514187
0.0023560139 	-0.094416222 	0.054240535 	0.90224072
0.0023990069 	-0.089947312 	0.04286528 	0.90821132
0.0024414062 	-0.085822235 	0.032254281 	0.91288891
0.0024832199 	-0.081884713 	0.022407403 	0.91636914
0.0025244562 	-0.077951752 	0.013317748 	0.91890436
0.002565123 	-0.073879881 	0.0049681471 	0.92077007
0.0026052281 	-0.069587503 	-0.002643903 	0.92213939
0.0026447794 	-0.06506265 	-0.009563468 	0.92309483
0.0026837845 	-0.060330257 	-0.015823239 	0.92364898
0.0027222509 	-0.055483726 	-0.02142658 	0.92376495
0.0027601861 	-0.050626266 	-0.026345006 	0.92337284
0.0027975974 	-0.045867878 	-0.030555147 	0.92233854
0.002834492 	-0.041289998 	-0.034005971 	0.92052348
0.0028708772 	-0.036911441 	-0.036632154 	0.9178057
0.0029067598 	-0.032681518 	-0.038326962 	0.91408333
0.0029421469 	-0.028483274 	-0.03890233 	0.90934783
0.0029770452 	-0.02416387 	-0.038113477 	0.90368367
0.0030114616 	-0.019551497 	-0.035710658 	0.89720427
0.0030454028 	-0.014505104 	-0.031539618 	0.88994164
0.0030788752 	-0.0089193917 	-0.025618666 	0.88167859
0.0031118853 	-0.0027578802 	-0.018184784 	0.87190357
0.0031444395 	0.0038011295 	-0.0097516989 	0.86000476
0.0031765442 	0.010404999 	-0.0011582753 	0.84557962
0.0032082055 	0.016541605 	0.006506041 	0.82881071
0.0032394295 	0.021526404 	0.012174359 	0.81069442
0.0032702223 	0.024629786 	0.015382301 	0.79264702
0.0033005899 	0.025265632 	0.016488413 	0.77586903
0.0033305381 	0.023121869 	0.016052405 	0.7610648
0.0033600727 	0.018375072 	0.013769494 	0.74889269
0.0033891994 	0.011519565 	0.0077387461 	0.74002584
0.0034179239 	0.0033112114 	-0.0046208488 	0.73485865
0.0034462517 	-0.0053464019 	-0.024613518 	0.73224426
0.0034741882 	-0.013736878 	-0.050466086 	0.729018
0.003501739 	-0.021406723 	-0.077185847 	0.72051482
0.0035289093 	-0.027708729 	-0.098290113 	0.70163276
0.0035557043 	-0.031873399 	-0.10825923 	0.66914289
0.0035821293 	-0.033459819 	-0.10450405 	0.6246562
0.0036081894 	-0.032829377 	-0.088394879 	0.57506793
0.0036338895 	-0.031019709 	-0.064630078 	0.52825868
0.0036592348 	-0.029053539 	-0.038922207 	0.48809513
0.00368423 	-0.027406065 	-0.015699134 	0.45381051
0.00370888 	-0.025895991 	0.0026857607 	0.42253121
0.0037331896 	-0.02412353 	0.015644027 	0.39169422
0.0037571635 	-0.021888341 	0.023649396 	0.36016741
0.0037808063 	-0.019216851 	0.02763292 	0.32801061
0.0038041226 	-0.016270213 	0.028649523 	0.29578715
0.0038271169 	-0.013257081 	0.027662917 	0.26396568
0.0038497936 	-0.010357093 	0.025405499 	0.23261776
0.0038721572 	-0.0076873857 	0.022307841 	0.20140726
0.0038942119 	-0.0053136519 	0.018518121 	0.16972996
0.003915962 	-0.003284537 	0.01401969 	0.13685508
0.0039374118 	-0.0016669415 	0.0088695195 	0.10198373
0.0039585653 	-0.00056335268 	0.0035821253 	0.064236331
0.0039794267 	-4.2048628e-05 	-0.00030605567 	0.022774141
0.004 	-0.00010592484 	0.0040049703 	0.023741528
