0 	-0.044364881 	-0.031019481 	1.0935805
2.0100503e-05 	-0.044364881 	-0.031019481 	1.0935805
4.0201005e-05 	-0.044364881 	-0.031019481 	1.0935805
6.0301508e-05 	-0.053710746 	-0.0070085531 	1.1008275
8.040201e-05 	-0.053710746 	-0.0070085531 	1.1008275
0.00010050251 	-0.053710746 	-0.0070085531 	1.1008275
0.00012060302 	-0.053708229 	0.00079531525 	1.1078027
0.00014070352 	-0.053708229 	0.00079531525 	1.1078027
0.00016080402 	-0.053708229 	0.00079531525 	1.1078027
0.00018090452 	-0.05254041 	0.0051156711 	1.1142119
0.00020100503 	-0.05254041 	0.0051156711 	1.1142119
0.00022110553 	-0.05254041 	0.0051156711 	1.1142119
0.00024120603 	-0.05075781 	0.0084105115 	1.1198254
0.00026130653 	-0.05075781 	0.0084105115 	1.1198254
0.00028140704 	-0.048469765 	0.011423013 	1.1245119
0.00030150754 	-0.048469765 	0.011423013 	1.1245119
0.00032160804 	-0.048469765 	0.011423013 	1.1245119
0.00034170854 	-0.045748158 	0.014417519 	1.1282458
0.00036180905 	-0.045748158 	0.014417519 	1.1282458
0.00038190955 	-0.045748158 	0.014417519 	1.1282458
0.00040201005 	-0.04268816 	0.017464223 	1.1311005
0.00042211055 	-0.04268816 	0.017464223 	1.1311005
0.00044221106 	-0.04268816 	0.017464223 	1.1311005
0.00046231156 	-0.039404896 	0.02055495 	1.1332178
0.00048241206 	-0.039404896 	0.02055495 	1.1332178
0.00050251256 	-0.036014296 	0.023656509 	1.1347645
0.00052261307 	-0.036014296 	0.023656509 	1.1347645
0.00054271357 	-0.036014296 	0.023656509 	1.1347645
0.00056281407 	-0.032621175 	0.026741226 	1.1358653
0.00058291457 	-0.032621175 	0.026741226 	1.1358653
0.00060301508 	-0.032621175 	0.026741226 	1.1358653
0.00062311558 	-0.027216867 	0.035018244 	1.1390801
0.00064321608 	-0.027216867 	0.035018244 	1.1390801
0.00066331658 	-0.027216867 	0.035018244 	1.1390801
0.00068341709 	-0.023913433 	0.037886971 	1.1385811
0.00070351759 	-0.023913433 	0.037886971 	1.1385811
0.00072361809 	-0.023252231 	0.036093604 	1.1362277
0.00074371859 	-0.023252231 	0.036093604 	1.1362277
0.0007638191 	-0.023252231 	0.036093604 	1.1362277
0.0007839196 	-0.020659979 	0.039387341 	1.1346674
0.0008040201 	-0.020659979 	0.039387341 	1.1346674
0.0008241206 	-0.020659979 	0.039387341 	1.1346674
0.00084422111 	-0.016207228 	0.047126357 	1.1295118
0.00086432161 	-0.016207228 	0.047126357 	1.1295118
0.00088442211 	-0.016207228 	0.047126357 	1.1295118
0.00090452261 	-0.016933994 	0.046392449 	1.1272829
0.00092462312 	-0.016933994 	0.046392449 	1.1272829
0.00094472362 	-0.016150858 	0.050018788 	1.1213395
0.00096482412 	-0.016150858 	0.050018788 	1.1213395
0.00098492462 	-0.016150858 	0.050018788 	1.1213395
0.0010050251 	-0.016093286 	0.053966125 	1.1139209
0.0010251256 	-0.016093286 	0.053966125 	1.1139209
0.0010452261 	-0.016093286 	0.053966125 	1.1139209
0.0010653266 	-0.017057326 	0.057898233 	1.1059081
0.0010854271 	-0.017057326 	0.057898233 	1.1059081
0.0011055276 	-0.017057326 	0.057898233 	1.1059081
0.0011256281 	-0.018556336 	0.061466356 	1.0986594
0.0011457286 	-0.018556336 	0.061466356 	1.0986594
0.0011658291 	-0.018556336 	0.061466356 	1.0986594
0.0011859296 	-0.020210592 	0.064410759 	1.0928773
0.0012060302 	-0.020210592 	0.064410759 	1.0928773
0.0012261307 	-0.020210592 	0.064410759 	1.0928773
0.0012462312 	-0.021414324 	0.066244827 	1.0886905
0.0012663317 	-0.021414324 	0.066244827 	1.0886905
0.0012864322 	-0.021414324 	0.066244827 	1.0886905
0.0013065327 	-0.021525952 	0.066167059 	1.0855167
0.0013266332 	-0.021525952 	0.066167059 	1.0855167
0.0013467337 	-0.021525952 	0.066167059 	1.0855167
0.0013668342 	-0.019916317 	0.063142297 	1.0821965
0.0013869347 	-0.019916317 	0.063142297 	1.0821965
0.0014070352 	-0.019916317 	0.063142297 	1.0821965
0.0014271357 	-0.016085069 	0.056242515 	1.0773705
0.0014472362 	-0.016085069 	0.056242515 	1.0773705
0.0014673367 	-0.016085069 	0.056242515 	1.0773705
0.0014874372 	-0.0099073515 	0.045175952 	1.0699596
0.0015075377 	-0.0099073515 	0.045175952 	1.0699596
0.0015276382 	-0.0017880221 	0.030612731 	1.0595574
0.0015477387 	-0.0017880221 	0.030612731 	1.0595574
0.0015678392 	-0.0017880221 	0.030612731 	1.0595574
0.0015879397 	0.0074080869 	0.014087119 	1.0466262
0.0016080402 	0.0074080869 	0.014087119 	1.0466262
0.0016281407 	0.0074080869 	0.014087119 	1.0466262
0.0016482412 	0.016636751 	-0.0024796283 	1.0323866
0.0016683417 	0.016636751 	-0.0024796283 	1.0323866
0.0016884422 	0.024798334 	-0.017382808 	1.0185525
0.0017085427 	0.024798334 	-0.017382808 	1.0185525
0.0017286432 	0.024798334 	-0.017382808 	1.0185525
0.0017487437 	0.030987824 	-0.029388397 	1.0068526
0.0017688442 	0.030987824 	-0.029388397 	1.0068526
0.0017889447 	0.030987824 	-0.029388397 	1.0068526
0.0018090452 	0.034742658 	-0.037855246 	0.99852136
0.0018291457 	0.034742658 	-0.037855246 	0.99852136
0.0018492462 	0.035995393 	-0.042676566 	0.99398372
0.0018693467 	0.035995393 	-0.042676566 	0.99398372
0.0018894472 	0.035995393 	-0.042676566 	0.99398372
0.0019095477 	0.035018357 	-0.044118915 	0.99289308
0.0019296482 	0.035018357 	-0.044118915 	0.99289308
0.0019497487 	0.032249383 	-0.042636657 	0.99442115
0.0019698492 	0.032249383 	-0.042636657 	0.99442115
0.0019899497 	0.02810749 	-0.038684116 	0.99764029
0.0020100503 	0.02810749 	-0.038684116 	0.99764029
0.0020301508 	0.02810749 	-0.038684116 	0.99764029
0.0020502513 	0.022896638 	-0.032616875 	1.001814
0.0020703518 	0.022896638 	-0.032616875 	1.001814
0.0020904523 	0.016827597 	-0.024712529 	1.0065174
0.0021105528 	0.016827597 	-0.024712529 	1.0065174
0.0021306533 	0.016827597 	-0.024712529 	1.0065174
0.0021507538 	0.010110918 	-0.015287045 	1.0115807
0.0021708543 	0.010110918 	-0.015287045 	1.0115807
0.0021909548 	0.0030833796 	-0.0048376646 	1.016892
0.0022110553 	0.0030833796 	-0.0048376646 	1.016892
0.0022311558 	-0.0038705017 	0.0058573497 	1.0221274
0.0022512563 	-0.0038705017 	0.0058573497 	1.0221274
0.0022713568 	-0.010241077 	0.015748383 	1.0265746
0.0022914573 	-0.010241077 	0.015748383 	1.0265746
0.0023115578 	-0.010241077 	0.015748383 	1.0265746
0.0023316583 	-0.015576932 	0.023783882 	1.0291286
0.0023517588 	-0.015576932 	0.023783882 	1.0291286
0.0023718593 	-0.019747665 	0.029200218 	1.0285616
0.0023919598 	-0.019747665 	0.029200218 	1.0285616
0.0024120603 	-0.022809559 	0.031808126 	1.0239462
0.0024321608 	-0.022809559 	0.031808126 	1.0239462
0.0024522613 	-0.024962986 	0.031955627 	1.0149477
0.0024723618 	-0.024962986 	0.031955627 	1.0149477
0.0024924623 	-0.026478047 	0.030285779 	1.0019554
0.0025125628 	-0.026478047 	0.030285779 	1.0019554
0.0025326633 	-0.027624344 	0.027507218 	0.98601694
0.0025527638 	-0.027624344 	0.027507218 	0.98601694
0.0025728643 	-0.028663591 	0.024229727 	0.96864081
0.0025929648 	-0.028663591 	0.024229727 	0.96864081
0.0026130653 	-0.029854255 	0.021001978 	0.95146723
0.0026331658 	-0.029854255 	0.021001978 	0.95146723
0.0026532663 	-0.031332238 	0.018459661 	0.93575128
0.0026733668 	-0.031332238 	0.018459661 	0.93575128
0.0026934673 	-0.032892962 	0.017288893 	0.92180696
0.0027135678 	-0.032892962 	0.017288893 	0.92180696
0.0027336683 	-0.034049595 	0.017859996 	0.90906253
0.0027537688 	-0.034049595 	0.017859996 	0.90906253
0.0027738693 	-0.03438668 	0.019974761 	0.89681158
0.0027939698 	-0.03438668 	0.019974761 	0.89681158
0.0028140704 	-0.033751178 	0.023087439 	0.88468392
0.0028341709 	-0.033751178 	0.023087439 	0.88468392
0.0028542714 	-0.032062964 	0.026708548 	0.87238869
0.0028743719 	-0.029210033 	0.030564079 	0.85943613
0.0028944724 	-0.029210033 	0.030564079 	0.85943613
0.0029145729 	-0.025137061 	0.034468085 	0.84545
0.0029346734 	-0.025137061 	0.034468085 	0.84545
0.0029547739 	-0.020061412 	0.038133775 	0.83071068
0.0029748744 	-0.020061412 	0.038133775 	0.83071068
0.0029949749 	-0.01449754 	0.041176588 	0.81644121
0.0030150754 	-0.0090792649 	0.043216932 	0.80443031
0.0030351759 	-0.0090792649 	0.043216932 	0.80443031
0.0030552764 	-0.0043998411 	0.04409392 	0.79619015
0.0030753769 	-0.0043998411 	0.04409392 	0.79619015
0.0030954774 	-0.00073396992 	0.043990341 	0.79215396
0.0031155779 	0.0020157096 	0.043329053 	0.79147896
0.0031356784 	0.0020157096 	0.043329053 	0.79147896
0.0031557789 	0.0041353972 	0.042499853 	0.79261463
0.0031758794 	0.0041353972 	0.042499853 	0.79261463
0.0031959799 	0.0058239117 	0.041628013 	0.79424489
0.0032160804 	0.006983276 	0.040551041 	0.79597768
0.0032361809 	0.006983276 	0.040551041 	0.79597768
0.0032562814 	0.0072299678 	0.038970957 	0.79840261
0.0032763819 	0.0061205393 	0.036628715 	0.80256002
0.0032964824 	0.0061205393 	0.036628715 	0.80256002
0.0033165829 	0.0034580555 	0.033419104 	0.80908637
0.0033366834 	-0.00049303715 	0.029435715 	0.81735387
0.0033567839 	-0.00049303715 	0.029435715 	0.81735387
0.0033768844 	-0.0050427017 	0.02495598 	0.82505288
0.0033969849 	-0.0092627031 	0.020346935 	0.82853519
0.0034170854 	-0.0092627031 	0.020346935 	0.82853519
0.0034371859 	-0.012255413 	0.015921043 	0.82395725
0.0034572864 	-0.013430535 	0.011825205 	0.80872224
0.0034773869 	-0.012667978 	0.0080423327 	0.78254842
0.0034974874 	-0.012667978 	0.0080423327 	0.78254842
0.0035175879 	-0.010301449 	0.0044503567 	0.74755185
0.0035376884 	-0.0069055932 	0.00095126164 	0.70742403
0.0035577889 	-0.0031117926 	-0.0023904801 	0.66621366
0.0035778894 	-0.0031117926 	-0.0023904801 	0.66621366
0.0035979899 	0.00051771858 	-0.0053171884 	0.62723964
0.0036180905 	0.0036069562 	-0.0074893436 	0.59252554
0.003638191 	0.0059719632 	-0.0086282888 	0.56273036
0.0036582915 	0.0059719632 	-0.0086282888 	0.56273036
0.003678392 	0.0075580083 	-0.00860957 	0.5374134
0.0036984925 	0.0084168065 	-0.0074789837 	0.515452
0.003718593 	0.008659275 	-0.0054114186 	0.49538251
0.0037386935 	0.0084345636 	-0.0026615287 	0.47563272
0.003758794 	0.0078879453 	0.00048403573 	0.4547187
0.0037788945 	0.0078879453 	0.00048403573 	0.4547187
0.003798995 	0.0071237445 	0.0037438737 	0.43128377
0.0038190955 	0.0062260135 	0.0068560697 	0.40418326
0.003839196 	0.0052644727 	0.0095795832 	0.37254919
0.0038592965 	0.0042926547 	0.011691496 	0.33584989
0.003879397 	0.0033488984 	0.012981507 	0.29393873
0.0038994975 	0.0024598433 	0.013253397 	0.24708016
0.003919598 	0.0016467521 	0.012338241 	0.19594226
0.0039396985 	0.00093703593 	0.010129315 	0.14154984
0.003959799 	0.00037982441 	0.0066591375 	0.085192125
0.0039798995 	4.3824499e-05 	0.0022506488 	0.028271509
0.004 	4.3824499e-05 	0.0022506488 	0.028271509
