0 	-0.034830144 	0.017761368 	1.0150867
2.0100503e-05 	-0.034830144 	0.017761368 	1.0150867
4.0201005e-05 	-0.034830144 	0.017761368 	1.0150867
6.0301508e-05 	-0.039450984 	-0.0034446864 	1.0165179
8.040201e-05 	-0.039450984 	-0.0034446864 	1.0165179
0.00010050251 	-0.039450984 	-0.0034446864 	1.0165179
0.00012060302 	-0.038302425 	-0.01243341 	1.0179497
0.00014070352 	-0.038302425 	-0.01243341 	1.0179497
0.00016080402 	-0.038302425 	-0.01243341 	1.0179497
0.00018090452 	-0.02911435 	-0.022690877 	1.0253612
0.00020100503 	-0.02911435 	-0.022690877 	1.0253612
0.00022110553 	-0.02911435 	-0.022690877 	1.0253612
0.00024120603 	-0.027747266 	-0.025633591 	1.0268342
0.00026130653 	-0.03418291 	-0.024858337 	1.0208882
0.00028140704 	-0.031400946 	-0.030584932 	1.022142
0.00030150754 	-0.031400946 	-0.030584932 	1.022142
0.00032160804 	-0.031400946 	-0.030584932 	1.022142
0.00034170854 	-0.022989241 	-0.033511811 	1.0293519
0.00036180905 	-0.022989241 	-0.033511811 	1.0293519
0.00038190955 	-0.022989241 	-0.033511811 	1.0293519
0.00040201005 	-0.024582432 	-0.041993777 	1.0229452
0.00042211055 	-0.024582432 	-0.041993777 	1.0229452
0.00044221106 	-0.024582432 	-0.041993777 	1.0229452
0.00046231156 	-0.020741559 	-0.047615857 	1.0220734
0.00048241206 	-0.020741559 	-0.047615857 	1.0220734
0.00050251256 	-0.016814455 	-0.053027101 	1.0203287
0.00052261307 	-0.016814455 	-0.053027101 	1.0203287
0.00054271357 	-0.016814455 	-0.053027101 	1.0203287
0.00056281407 	-0.013006154 	-0.058014433 	1.0179208
0.00058291457 	-0.013006154 	-0.058014433 	1.0179208
0.00060301508 	-0.013006154 	-0.058014433 	1.0179208
0.00062311558 	-0.0095309393 	-0.062267663 	1.0151667
0.00064321608 	-0.0095309393 	-0.062267663 	1.0151667
0.00066331658 	-0.0095309393 	-0.062267663 	1.0151667
0.00068341709 	-0.0065545568 	-0.06544586 	1.0123582
0.00070351759 	-0.0065545568 	-0.06544586 	1.0123582
0.00072361809 	-0.0041551309 	-0.067265501 	1.0096544
0.00074371859 	-0.0041551309 	-0.067265501 	1.0096544
0.0007638191 	-0.0041551309 	-0.067265501 	1.0096544
0.0007839196 	-0.0023217783 	-0.067588826 	1.0070522
0.0008040201 	-0.0023217783 	-0.067588826 	1.0070522
0.0008241206 	-0.0023217783 	-0.067588826 	1.0070522
0.00084422111 	-0.0010044696 	-0.066433387 	1.0044647
0.00086432161 	-0.0010044696 	-0.066433387 	1.0044647
0.00088442211 	-0.0010044696 	-0.066433387 	1.0044647
0.00090452261 	-0.00017236936 	-0.064029521 	1.0018911
0.00092462312 	-0.00017236936 	-0.064029521 	1.0018911
0.00094472362 	0.00025345768 	-0.060654868 	0.99950934
0.00096482412 	0.00025345768 	-0.060654868 	0.99950934
0.00098492462 	0.00025345768 	-0.060654868 	0.99950934
0.0010050251 	0.0086590067 	-0.055022961 	1.0005097
0.0010251256 	0.0086590067 	-0.055022961 	1.0005097
0.0010452261 	0.0086590067 	-0.055022961 	1.0005097
0.0010653266 	0.0073973679 	-0.05079404 	1.0000354
0.0010854271 	0.0073973679 	-0.05079404 	1.0000354
0.0011055276 	-0.002144184 	-0.050726499 	0.99669285
0.0011256281 	-0.0055074088 	-0.043804153 	0.99593285
0.0011457286 	-0.0055074088 	-0.043804153 	0.99593285
0.0011658291 	0.0046070384 	-0.045451735 	1.0007435
0.0011859296 	0.00054237173 	-0.038129164 	1.00021
0.0012060302 	0.00054237173 	-0.038129164 	1.00021
0.0012261307 	0.00054237173 	-0.038129164 	1.00021
0.0012462312 	-0.00355492 	-0.028498928 	0.99481117
0.0012663317 	-0.00355492 	-0.028498928 	0.99481117
0.0012864322 	-0.00355492 	-0.028498928 	0.99481117
0.0013065327 	-0.006218625 	-0.017562217 	0.98278231
0.0013266332 	-0.006218625 	-0.017562217 	0.98278231
0.0013467337 	-0.006218625 	-0.017562217 	0.98278231
0.0013668342 	-0.0066267404 	-0.0079069043 	0.96583435
0.0013869347 	-0.0066267404 	-0.0079069043 	0.96583435
0.0014070352 	-0.0066267404 	-0.0079069043 	0.96583435
0.0014271357 	-0.0049315525 	-0.0020662541 	0.9468689
0.0014472362 	-0.0049315525 	-0.0020662541 	0.9468689
0.0014673367 	-0.0049315525 	-0.0020662541 	0.9468689
0.0014874372 	-0.0020608931 	-0.00052079474 	0.92726994
0.0015075377 	-0.0020608931 	-0.00052079474 	0.92726994
0.0015276382 	0.00087648558 	-0.00053372115 	0.90850336
0.0015477387 	0.00087648558 	-0.00053372115 	0.90850336
0.0015678392 	0.00087648558 	-0.00053372115 	0.90850336
0.0015879397 	0.0030428381 	0.0010821405 	0.89307931
0.0016080402 	0.0030428381 	0.0010821405 	0.89307931
0.0016281407 	0.0030428381 	0.0010821405 	0.89307931
0.0016482412 	0.0042525993 	0.0053799771 	0.88216543
0.0016683417 	0.0042525993 	0.0053799771 	0.88216543
0.0016884422 	0.0048677829 	0.011637616 	0.87515393
0.0017085427 	0.0048677829 	0.011637616 	0.87515393
0.0017286432 	0.0048677829 	0.011637616 	0.87515393
0.0017487437 	0.0051955156 	0.018679133 	0.87100081
0.0017688442 	0.0051955156 	0.018679133 	0.87100081
0.0017889447 	0.0051955156 	0.018679133 	0.87100081
0.0018090452 	0.0053969703 	0.025628865 	0.8689833
0.0018291457 	0.0053969703 	0.025628865 	0.8689833
0.0018492462 	0.00551334 	0.032098 	0.86867752
0.0018693467 	0.00551334 	0.032098 	0.86867752
0.0018894472 	0.00551334 	0.032098 	0.86867752
0.0019095477 	0.0055408179 	0.038084418 	0.86975442
0.0019296482 	0.0055408179 	0.038084418 	0.86975442
0.0019497487 	0.0055081328 	0.043797325 	0.87187517
0.0019698492 	0.0055081328 	0.043797325 	0.87187517
0.0019899497 	0.0054661648 	0.049452904 	0.87469882
0.0020100503 	0.0054661648 	0.049452904 	0.87469882
0.0020301508 	0.0054661648 	0.049452904 	0.87469882
0.0020502513 	0.0054697428 	0.055159165 	0.87792402
0.0020703518 	0.0054697428 	0.055159165 	0.87792402
0.0020904523 	0.0055588636 	0.060878813 	0.88131023
0.0021105528 	0.0055588636 	0.060878813 	0.88131023
0.0021306533 	0.0055588636 	0.060878813 	0.88131023
0.0021507538 	0.0057370664 	0.066460603 	0.88469645
0.0021708543 	0.0057370664 	0.066460603 	0.88469645
0.0021909548 	0.0059638297 	0.071675152 	0.88800241
0.0022110553 	0.0059638297 	0.071675152 	0.88800241
0.0022311558 	0.0061712309 	0.076262719 	0.89122399
0.0022512563 	0.0061712309 	0.076262719 	0.89122399
0.0022713568 	0.0063121517 	0.07997171 	0.89441422
0.0022914573 	0.0063121517 	0.07997171 	0.89441422
0.0023115578 	0.0063121517 	0.07997171 	0.89441422
0.0023316583 	0.0063534419 	0.082615339 	0.89766921
0.0023517588 	0.0063534419 	0.082615339 	0.89766921
0.0023718593 	0.006349825 	0.084125703 	0.90107323
0.0023919598 	0.006349825 	0.084125703 	0.90107323
0.0024120603 	0.0064865632 	0.084574525 	0.90459344
0.0024321608 	0.0064865632 	0.084574525 	0.90459344
0.0024522613 	0.0070134745 	0.084127476 	0.90797131
0.0024723618 	0.0070134745 	0.084127476 	0.90797131
0.0024924623 	0.0082066851 	0.082949285 	0.91069396
0.0025125628 	0.0082066851 	0.082949285 	0.91069396
0.0025326633 	0.010280277 	0.081127021 	0.91212598
0.0025527638 	0.010280277 	0.081127021 	0.91212598
0.0025728643 	0.013283198 	0.078650506 	0.91175128
0.0025929648 	0.013283198 	0.078650506 	0.91175128
0.0026130653 	0.017108534 	0.075460228 	0.90936089
0.0026331658 	0.017108534 	0.075460228 	0.90936089
0.0026532663 	0.021542174 	0.071507638 	0.90507437
0.0026733668 	0.021542174 	0.071507638 	0.90507437
0.0026934673 	0.026305285 	0.066805962 	0.89924965
0.0027135678 	0.026305285 	0.066805962 	0.89924965
0.0027336683 	0.031100585 	0.061437862 	0.8923412
0.0027537688 	0.031100585 	0.061437862 	0.8923412
0.0027738693 	0.035637322 	0.05554949 	0.88480035
0.0027939698 	0.035637322 	0.05554949 	0.88480035
0.0028140704 	0.039662376 	0.04934248 	0.87701948
0.0028341709 	0.039662376 	0.04934248 	0.87701948
0.0028542714 	0.042971547 	0.043064608 	0.86931225
0.0028743719 	0.045405594 	0.037005391 	0.86191424
0.0028944724 	0.045405594 	0.037005391 	0.86191424
0.0029145729 	0.046847003 	0.031482577 	0.85499187
0.0029346734 	0.046847003 	0.031482577 	0.85499187
0.0029547739 	0.047224463 	0.026816276 	0.84865495
0.0029748744 	0.047224463 	0.026816276 	0.84865495
0.0029949749 	0.046519633 	0.02328889 	0.84296885
0.0030150754 	0.044775338 	0.021103254 	0.83797178
0.0030351759 	0.044775338 	0.021103254 	0.83797178
0.0030552764 	0.042100126 	0.02036123 	0.83370407
0.0030753769 	0.042100126 	0.02036123 	0.83370407
0.0030954774 	0.038662649 	0.021074905 	0.83022568
0.0031155779 	0.034675745 	0.023192625 	0.82758669
0.0031356784 	0.034675745 	0.023192625 	0.82758669
0.0031557789 	0.030375873 	0.026596226 	0.82573342
0.0031758794 	0.030375873 	0.026596226 	0.82573342
0.0031959799 	0.026001584 	0.031044367 	0.82439754
0.0032160804 	0.021774817 	0.036103544 	0.82305606
0.0032361809 	0.021774817 	0.036103544 	0.82305606
0.0032562814 	0.017884749 	0.041151753 	0.82101032
0.0032763819 	0.014477026 	0.0454922 	0.81754059
0.0032964824 	0.014477026 	0.0454922 	0.81754059
0.0033165829 	0.011647986 	0.048527107 	0.81206557
0.0033366834 	0.0094416454 	0.049892718 	0.80425325
0.0033567839 	0.0094416454 	0.049892718 	0.80425325
0.0033768844 	0.0078492368 	0.049497566 	0.79406614
0.0033969849 	0.0068142053 	0.047477393 	0.78172643
0.0034170854 	0.0068142053 	0.047477393 	0.78172643
0.0034371859 	0.006244021 	0.044119321 	0.76759522
0.0034572864 	0.0060267556 	0.039798067 	0.75200023
0.0034773869 	0.0060481237 	0.034933431 	0.73508655
0.0034974874 	0.0060481237 	0.034933431 	0.73508655
0.0035175879 	0.0062046449 	0.029952655 	0.71676143
0.0035376884 	0.0064124971 	0.025242525 	0.6967527
0.0035577889 	0.0066117768 	0.021090693 	0.67474112
0.0035778894 	0.0066117768 	0.021090693 	0.67474112
0.0035979899 	0.0067662915 	0.017638508 	0.65049846
0.0036180905 	0.0068575884 	0.014876792 	0.62397474
0.003638191 	0.0068749363 	0.012698374 	0.59531175
0.0036582915 	0.0068749363 	0.012698374 	0.59531175
0.003678392 	0.0068051359 	0.010984023 	0.56479253
0.0036984925 	0.0066272995 	0.009673494 	0.53275375
0.003718593 	0.0063156042 	0.0087830729 	0.49948987
0.0037386935 	0.0058493904 	0.0083661289 	0.46517307
0.003758794 	0.0052260948 	0.0084451514 	0.42980944
0.0037788945 	0.0052260948 	0.0084451514 	0.42980944
0.003798995 	0.0044706269 	0.0089544996 	0.39325071
0.0038190955 	0.0036357338 	0.0097225656 	0.35527085
0.003839196 	0.002791575 	0.010499484 	0.31569175
0.0038592965 	0.0020083286 	0.011013639 	0.27451296
0.003879397 	0.0013392663 	0.011029718 	0.23198894
0.0038994975 	0.00081166688 	0.010388052 	0.18861966
0.003919598 	0.00042832331 	0.0090205861 	0.14506258
0.0039396985 	0.00017672518 	0.0069555568 	0.10200713
0.003959799 	3.8241875e-05 	0.0043278239 	0.060052977
0.0039798995 	-3.6447378e-06 	0.0014040754 	0.019593689
0.004 	-3.6447378e-06 	0.0014040754 	0.019593689
