0 	0.034521209 	0.026237005 	1.0429411
5.5555556e-05 	0.026461664 	0.039986887 	1.0421046
0.00011111111 	0.028311953 	0.044591723 	1.041163
0.00016666667 	0.032514616 	0.047739484 	1.0400216
0.00022222222 	0.037418674 	0.050217026 	1.0385569
0.00027777778 	0.04248938 	0.052238493 	1.0366589
0.00033333333 	0.047469784 	0.053933661 	1.0342843
0.00038888889 	0.052161684 	0.055414576 	1.0314853
0.00044444444 	0.056357491 	0.056777379 	1.0284036
0.0005 	0.059841906 	0.058098002 	1.0252291
0.00055555556 	0.062434545 	0.059429385 	1.0221459
0.00061111111 	0.064053919 	0.060793426 	1.0192732
0.00066666667 	0.064733401 	0.062168345 	1.0166183
0.00072222222 	0.064665606 	0.063457192 	1.0140431
0.00077777778 	0.064009163 	0.064405546 	1.0113364
0.00083333333 	0.062872482 	0.064568712 	1.0083538
0.00088888889 	0.060819861 	0.063220243 	1.0053218
0.00094444444 	0.057445794 	0.059732173 	1.003008
0.001 	0.051308236 	0.052901313 	1.0028272
0.0010617199 	0.040967075 	0.041378729 	1.0064406
0.0011225874 	0.027425446 	0.025957957 	1.0116321
0.0011826143 	0.013983655 	0.0097644218 	1.0103829
0.0012418122 	0.0047261888 	-0.0015785279 	0.99335015
0.0013001926 	0.00088895024 	-0.0045720633 	0.96050869
0.0013577668 	-0.00064103327 	-0.0016266526 	0.92304972
0.0014145458 	-0.0031350281 	0.002061602 	0.89285426
0.0014705407 	-0.0072336004 	0.0030480922 	0.87425141
0.0015257623 	-0.012051446 	0.00097878076 	0.86515344
0.0015802213 	-0.016579311 	-0.0026411732 	0.8617566
0.0016339282 	-0.020337076 	-0.0061259821 	0.8610695
0.0016868934 	-0.023163324 	-0.0086255052 	0.86119461
0.0017391271 	-0.025003501 	-0.010246127 	0.86115405
0.0017906395 	-0.025902252 	-0.011525681 	0.86062101
0.0018414404 	-0.026000625 	-0.012948187 	0.85959764
0.0018915398 	-0.025515029 	-0.014771681 	0.85814957
0.0019409473 	-0.024674489 	-0.017029472 	0.85633204
0.0019896725 	-0.023661777 	-0.019571519 	0.85421519
0.0020377248 	-0.022624095 	-0.022098204 	0.85191907
0.0020851134 	-0.021670284 	-0.024234099 	0.84960785
0.0021318476 	-0.020888803 	-0.025571518 	0.8474631
0.0021779364 	-0.020360899 	-0.025764129 	0.84564937
0.0022233887 	-0.020171184 	-0.024567357 	0.84434432
0.0022682133 	-0.020408691 	-0.021867948 	0.84369548
0.0023124189 	-0.021145196 	-0.017685632 	0.8438959
0.0023560139 	-0.022400238 	-0.01218093 	0.84515651
0.0023990069 	-0.02417992 	-0.0056280464 	0.84768269
0.0024414062 	-0.026408041 	0.0016312529 	0.85160622
0.0024832199 	-0.028862679 	0.009247358 	0.85693088
0.0025244562 	-0.031212217 	0.016880738 	0.86346826
0.002565123 	-0.033126973 	0.02429661 	0.87080627
0.0026052281 	-0.034374365 	0.03128731 	0.87836214
0.0026447794 	-0.034826605 	0.037677989 	0.88549999
0.0026837845 	-0.034465483 	0.043321639 	0.89166055
0.0027222509 	-0.033371203 	0.048099448 	0.89643324
0.0027601861 	-0.03167181 	0.051933648 	0.89958461
0.0027975974 	-0.029512191 	0.054789328 	0.90104047
0.002834492 	-0.027051881 	0.056686327 	0.90083243
0.0028708772 	-0.024431448 	0.057699509 	0.89904722
0.0029067598 	-0.021756427 	0.057947666 	0.89578788
0.0029421469 	-0.019107123 	0.057595036 	0.89115289
0.0029770452 	-0.016527853 	0.056824779 	0.88523207
0.0030114616 	-0.014042226 	0.055817602 	0.87811637
0.0030454028 	-0.01164527 	0.054723222 	0.86991604
0.0030788752 	-0.0093089151 	0.053632005 	0.86079148
0.0031118853 	-0.0070142731 	0.052555522 	0.85097639
0.0031444395 	-0.0047539358 	0.051432905 	0.84079069
0.0031765442 	-0.0025653671 	0.050177428 	0.83061958
0.0032082055 	-0.00054950005 	0.048759251 	0.82084143
0.0032394295 	0.0011248592 	0.047284435 	0.81168898
0.0032702223 	0.0022438687 	0.046005418 	0.8030745
0.0033005899 	0.0026193084 	0.045207714 	0.79444999
0.0033305381 	0.0021689656 	0.045014804 	0.78479992
0.0033600727 	0.00097959264 	0.045232683 	0.77283776
0.0033891994 	-0.00068768235 	0.045365461 	0.75738953
0.0034179239 	-0.0024641156 	0.044807966 	0.73781625
0.0034462517 	-0.0039879341 	0.043106086 	0.7142351
0.0034741882 	-0.0050153295 	0.040160096 	0.68738558
0.003501739 	-0.0054737374 	0.036295654 	0.65823455
0.0035289093 	-0.0054438429 	0.032167382 	0.62759719
0.0035557043 	-0.0051048572 	0.028522243 	0.59599445
0.0035821293 	-0.0046639995 	0.025925453 	0.56372585
0.0036081894 	-0.0042906326 	0.02457779 	0.53099723
0.0036338895 	-0.0040712153 	0.024296005 	0.49798972
0.0036592348 	-0.0039987121 	0.024638804 	0.46487178
0.00368423 	-0.0039972995 	0.025098435 	0.43180375
0.00370888 	-0.0039682286 	0.025267527 	0.3989528
0.0037331896 	-0.0038341625 	0.024925859 	0.36649483
0.0037571635 	-0.0035632746 	0.024042865 	0.33458013
0.0037808063 	-0.0031683527 	0.022725151 	0.30327246
0.0038041226 	-0.002689504 	0.021143294 	0.27249893
0.0038271169 	-0.0021741698 	0.019462208 	0.24204464
0.0038497936 	-0.0016639776 	0.017787967 	0.21159819
0.0038721572 	-0.0011906815 	0.016136648 	0.18082592
0.0038942119 	-0.00077792305 	0.01442575 	0.14944457
0.003915962 	-0.00044406894 	0.012485011 	0.11727429
0.0039374118 	-0.00020254912 	0.010078955 	0.084278113
0.0039585653 	-5.8146448e-05 	0.0069308167 	0.050615017
0.0039794267 	-3.4306739e-06 	0.0027462269 	0.0167333
0.004 	2.5540853e-05 	0.0026608568 	0.019754285
