0 	-0.0052437681 	0.022996568 	0.9861556
5.5555625e-05 	0.010816813 	0.021641642 	0.9959293
0.00011111111 	0.017482209 	0.01747546 	1.0056401
0.00016666667 	0.021524197 	0.013237695 	1.0146844
0.00022222222 	0.024303049 	0.0092019999 	1.0226197
0.00027777778 	0.026327594 	0.0055676889 	1.0292432
0.00033333333 	0.02783275 	0.0024999914 	1.0345667
0.00038888889 	0.028932112 	8.0914257e-05 	1.0387482
0.00044444444 	0.029683839 	-0.0017010466 	1.0420158
0.0005 	0.030125302 	-0.0029569877 	1.0446108
0.00055555556 	0.030300228 	-0.0038916251 	1.0467452
0.00061111111 	0.030266939 	-0.0047905769 	1.0485662
0.00066666667 	0.030092453 	-0.0060120937 	1.0501694
0.00072222222 	0.029870409 	-0.0079562238 	1.0516235
0.00077777778 	0.029701336 	-0.011006544 	1.0530026
0.00083333333 	0.02972487 	-0.015457886 	1.0543929
0.00088888889 	0.030140799 	-0.021437038 	1.0558268
0.00094444444 	0.031093443 	-0.028868507 	1.0572872
0.001 	0.033011079 	-0.038024678 	1.0586174
0.0010617199 	0.036126615 	-0.048494679 	1.0593685
0.0011225874 	0.040154386 	-0.058966765 	1.0589792
0.0011826143 	0.044661308 	-0.068622283 	1.0569384
0.0012418122 	0.049023172 	-0.076672978 	1.0527271
0.0013001926 	0.052427623 	-0.082268056 	1.0458196
0.0013577668 	0.053980811 	-0.084433968 	1.03594
0.0014145458 	0.052996259 	-0.082297088 	1.0234374
0.0014705407 	0.049387792 	-0.075651807 	1.0092087
0.0015257623 	0.043803655 	-0.065308782 	0.99421009
0.0015802213 	0.037336951 	-0.052909616 	0.97925518
0.0016339282 	0.031111181 	-0.040364503 	0.96519208
0.0016868934 	0.025975137 	-0.029211963 	0.95300642
0.0017391271 	0.022352527 	-0.020032287 	0.9437013
0.0017906395 	0.020162245 	-0.012263333 	0.93812427
0.0018414404 	0.018846238 	-0.0046172301 	0.93683978
0.0018915398 	0.017654291 	0.0041212302 	0.93987862
0.0019409473 	0.01591224 	0.014431977 	0.94639752
0.0019896725 	0.013290734 	0.025839077 	0.95423058
0.0020377248 	0.010040122 	0.037171338 	0.95941286
0.0020851134 	0.0069146396 	0.047055388 	0.95656905
0.0021318476 	0.0046705295 	0.05433567 	0.94111013
0.0021779364 	0.003312818 	0.05830207 	0.91271732
0.0022233887 	0.0019053123 	0.058817253 	0.8770371
0.0022682133 	-0.0006877616 	0.056448407 	0.84272343
0.0023124189 	-0.0047406858 	0.052367854 	0.81590979
0.0023560139 	-0.0096852739 	0.047815545 	0.79759355
0.0023990069 	-0.014880106 	0.043371064 	0.78531705
0.0024414062 	-0.019902434 	0.038764313 	0.77583005
0.0024832199 	-0.024476657 	0.033490367 	0.76631848
0.0025244562 	-0.028396403 	0.027709138 	0.75486465
0.002565123 	-0.031634593 	0.022560046 	0.74108787
0.0026052281 	-0.034398968 	0.019520784 	0.72638351
0.0026447794 	-0.036990977 	0.01939855 	0.71301862
0.0026837845 	-0.039637434 	0.021903917 	0.70271547
0.0027222509 	-0.042413791 	0.026040833 	0.69581154
0.0027601861 	-0.045243424 	0.030783902 	0.69138549
0.0027975974 	-0.047956706 	0.035460793 	0.68803075
0.002834492 	-0.050376497 	0.039743155 	0.68460385
0.0028708772 	-0.052366971 	0.043457685 	0.68052648
0.0029067598 	-0.053837372 	0.046441248 	0.67570223
0.0029421469 	-0.054730029 	0.048493433 	0.670316
0.0029770452 	-0.055016252 	0.049392658 	0.6646781
0.0030114616 	-0.054700364 	0.048932011 	0.65913771
0.0030454028 	-0.053825009 	0.046950234 	0.65403907
0.0030788752 	-0.052471107 	0.04335483 	0.64969337
0.0031118853 	-0.050747286 	0.038130722 	0.64635483
0.0031444395 	-0.048775571 	0.031340917 	0.64419752
0.0031765442 	-0.046692806 	0.023145106 	0.64329626
0.0032082055 	-0.044630116 	0.013765629 	0.64361064
0.0032394295 	-0.042634305 	0.0035044332 	0.64497307
0.0032702223 	-0.040746684 	-0.0072961537 	0.64705541
0.0033005899 	-0.038963212 	-0.018285543 	0.64944799
0.0033305381 	-0.037222519 	-0.029102188 	0.65164973
0.0033600727 	-0.035513743 	-0.039373972 	0.65306475
0.0033891994 	-0.033788466 	-0.048725342 	0.65301211
0.0034179239 	-0.031943806 	-0.056778024 	0.65074014
0.0034462517 	-0.029844164 	-0.063152021 	0.64548168
0.0034741882 	-0.027363015 	-0.067489042 	0.63662987
0.003501739 	-0.024442862 	-0.069496422 	0.62402051
0.0035289093 	-0.02114847 	-0.069003351 	0.6081699
0.0035557043 	-0.017671757 	-0.066009618 	0.59025475
0.0035821293 	-0.01427423 	-0.060705681 	0.57175372
0.0036081894 	-0.011198866 	-0.05345751 	0.55390991
0.0036338895 	-0.0086013216 	-0.04476513 	0.53729473
0.0036592348 	-0.006529655 	-0.035204013 	0.52166374
0.00368423 	-0.0049471596 	-0.02537365 	0.50610612
0.00370888 	-0.003773832 	-0.015836704 	0.48935974
0.0037331896 	-0.0029236358 	-0.007071418 	0.47014256
0.0037571635 	-0.0023073491 	0.00056143241 	0.44740877
0.0037808063 	-0.0018528884 	0.0068336799 	0.42047757
0.0038041226 	-0.0015137711 	0.011647619 	0.3890666
0.0038271169 	-0.0012529556 	0.015008172 	0.35325885
0.0038497936 	-0.0010378866 	0.016984895 	0.31343125
0.0038721572 	-0.00084099574 	0.017668053 	0.27017185
0.0038942119 	-0.0006448673 	0.01712932 	0.22418685
0.003915962 	-0.0004461111 	0.015398021 	0.17619757
0.0039374118 	-0.00025699163 	0.012464937 	0.12683735
0.0039585653 	-0.00010270328 	0.0083239249 	0.076579374
0.0039794267 	-1.3695253e-05 	0.0030579704 	0.025739134
0.004 	-1.3695253e-05 	0.0030579704 	0.025739134
