0 	0.037993139 	0.018633378 	1.0141286
2.0100503e-05 	-0.019495734 	0.037352989 	1.0120592
4.0201005e-05 	-0.019495734 	0.037352989 	1.0120592
6.0301508e-05 	-0.03456666 	0.023608549 	1.0086208
8.040201e-05 	-0.03456666 	0.023608549 	1.0086208
0.00010050251 	-0.03456666 	0.023608549 	1.0086208
0.00012060302 	-0.0374461 	0.017524913 	1.0036329
0.00014070352 	-0.0374461 	0.017524913 	1.0036329
0.00016080402 	-0.0374461 	0.017524913 	1.0036329
0.00018090452 	-0.038290393 	0.012853005 	0.99709736
0.00020100503 	-0.038290393 	0.012853005 	0.99709736
0.00022110553 	-0.038290393 	0.012853005 	0.99709736
0.00024120603 	-0.03806542 	0.0076986493 	0.98925676
0.00026130653 	-0.03806542 	0.0076986493 	0.98925676
0.00028140704 	-0.03671495 	0.0013274337 	0.98063595
0.00030150754 	-0.03671495 	0.0013274337 	0.98063595
0.00032160804 	-0.03671495 	0.0013274337 	0.98063595
0.00034170854 	-0.034018702 	-0.0064288055 	0.97197492
0.00036180905 	-0.034018702 	-0.0064288055 	0.97197492
0.00038190955 	-0.034018702 	-0.0064288055 	0.97197492
0.00040201005 	-0.029776034 	-0.015260535 	0.9640237
0.00042211055 	-0.029776034 	-0.015260535 	0.9640237
0.00044221106 	-0.029776034 	-0.015260535 	0.9640237
0.00046231156 	-0.023907124 	-0.02448487 	0.95728585
0.00048241206 	-0.023907124 	-0.02448487 	0.95728585
0.00050251256 	-0.016495198 	-0.033189497 	0.95192306
0.00052261307 	-0.016495198 	-0.033189497 	0.95192306
0.00054271357 	-0.016495198 	-0.033189497 	0.95192306
0.00056281407 	-0.0077895861 	-0.040476097 	0.94787565
0.00058291457 	-0.0077895861 	-0.040476097 	0.94787565
0.00060301508 	-0.0077895861 	-0.040476097 	0.94787565
0.00062311558 	0.0021878029 	-0.035081423 	0.96122989
0.00064321608 	0.0021878029 	-0.035081423 	0.96122989
0.00066331658 	0.0021878029 	-0.035081423 	0.96122989
0.00068341709 	0.012573395 	-0.036109086 	0.96012632
0.00070351759 	0.012573395 	-0.036109086 	0.96012632
0.00072361809 	0.022681142 	-0.047492215 	0.94274767
0.00074371859 	0.022681142 	-0.047492215 	0.94274767
0.0007638191 	0.022681142 	-0.047492215 	0.94274767
0.0007839196 	0.033240272 	-0.044149502 	0.94358
0.0008040201 	0.033240272 	-0.044149502 	0.94358
0.0008241206 	0.033240272 	-0.044149502 	0.94358
0.00084422111 	0.043714639 	-0.038066023 	0.94612381
0.00086432161 	0.043714639 	-0.038066023 	0.94612381
0.00088442211 	0.043714639 	-0.038066023 	0.94612381
0.00090452261 	0.053866644 	-0.02950199 	0.95062682
0.00092462312 	0.053866644 	-0.02950199 	0.95062682
0.00094472362 	0.063319191 	-0.019126737 	0.9575201
0.00096482412 	0.063319191 	-0.019126737 	0.9575201
0.00098492462 	0.063319191 	-0.019126737 	0.9575201
0.0010050251 	0.071957939 	-0.0076973095 	0.9660493
0.0010251256 	0.071957939 	-0.0076973095 	0.9660493
0.0010452261 	0.071957939 	-0.0076973095 	0.9660493
0.0010653266 	0.079229337 	0.0034611988 	0.97587656
0.0010854271 	0.076549528 	0.009354311 	0.99443766
0.0011055276 	0.076549528 	0.009354311 	0.99443766
0.0011256281 	0.081159163 	0.015899612 	1.0007573
0.0011457286 	0.081159163 	0.015899612 	1.0007573
0.0011658291 	0.084288192 	0.012426095 	0.98546471
0.0011859296 	0.087466967 	0.018563332 	0.99417199
0.0012060302 	0.084162197 	0.01995112 	1.0062108
0.0012261307 	0.084162197 	0.01995112 	1.0062108
0.0012462312 	0.086048008 	0.021663098 	1.0111121
0.0012663317 	0.086048008 	0.021663098 	1.0111121
0.0012864322 	0.086048008 	0.021663098 	1.0111121
0.0013065327 	0.087299079 	0.021463592 	1.0156551
0.0013266332 	0.087299079 	0.021463592 	1.0156551
0.0013467337 	0.087299079 	0.021463592 	1.0156551
0.0013668342 	0.088295569 	0.019890564 	1.0199982
0.0013869347 	0.088295569 	0.019890564 	1.0199982
0.0014070352 	0.088295569 	0.019890564 	1.0199982
0.0014271357 	0.089180313 	0.01749746 	1.0243324
0.0014472362 	0.089180313 	0.01749746 	1.0243324
0.0014673367 	0.089180313 	0.01749746 	1.0243324
0.0014874372 	0.089874566 	0.01471719 	1.0288584
0.0015075377 	0.089874566 	0.01471719 	1.0288584
0.0015276382 	0.09015912 	0.011751294 	1.0336731
0.0015477387 	0.09015912 	0.011751294 	1.0336731
0.0015678392 	0.09015912 	0.011751294 	1.0336731
0.0015879397 	0.089789311 	0.0085970761 	1.0386897
0.0016080402 	0.089789311 	0.0085970761 	1.0386897
0.0016281407 	0.09057095 	0.012396226 	1.032656
0.0016482412 	0.088585819 	0.0052170776 	1.0436422
0.0016683417 	0.088585819 	0.0052170776 	1.0436422
0.0016884422 	0.0864728 	0.0016568689 	1.0481705
0.0017085427 	0.0864728 	0.0016568689 	1.0481705
0.0017286432 	0.0864728 	0.0016568689 	1.0481705
0.0017487437 	0.083454726 	-0.0019438125 	1.0519343
0.0017688442 	0.083454726 	-0.0019438125 	1.0519343
0.0017889447 	0.083454726 	-0.0019438125 	1.0519343
0.0018090452 	0.079565996 	-0.0053722155 	1.0547431
0.0018291457 	0.079565996 	-0.0053722155 	1.0547431
0.0018492462 	0.0748025 	-0.0083126747 	1.0566888
0.0018693467 	0.0748025 	-0.0083126747 	1.0566888
0.0018894472 	0.0748025 	-0.0083126747 	1.0566888
0.0019095477 	0.069092191 	-0.010327789 	1.0582362
0.0019296482 	0.069092191 	-0.010327789 	1.0582362
0.0019497487 	0.062384012 	-0.010978735 	1.0601616
0.0019698492 	0.062384012 	-0.010978735 	1.0601616
0.0019899497 	0.054754966 	-0.010117402 	1.063212
0.0020100503 	0.054754966 	-0.010117402 	1.063212
0.0020301508 	0.054754966 	-0.010117402 	1.063212
0.0020502513 	0.046499203 	-0.0080663532 	1.0676236
0.0020703518 	0.046499203 	-0.0080663532 	1.0676236
0.0020904523 	0.038146097 	-0.0054715793 	1.0729183
0.0021105528 	0.038146097 	-0.0054715793 	1.0729183
0.0021306533 	0.038146097 	-0.0054715793 	1.0729183
0.0021507538 	0.030240912 	-0.0029955022 	1.0781361
0.0021708543 	0.030240912 	-0.0029955022 	1.0781361
0.0021909548 	0.023191577 	-0.00094801603 	1.0822234
0.0022110553 	0.023191577 	-0.00094801603 	1.0822234
0.0022311558 	0.017259504 	0.00079160256 	1.0842203
0.0022512563 	0.017259504 	0.00079160256 	1.0842203
0.0022713568 	0.012594971 	0.0025922826 	1.0832908
0.0022914573 	0.012594971 	0.0025922826 	1.0832908
0.0023115578 	0.012594971 	0.0025922826 	1.0832908
0.0023316583 	0.0092760173 	0.0047798448 	1.0787754
0.0023517588 	0.0092760173 	0.0047798448 	1.0787754
0.0023718593 	0.0073150304 	0.0074508123 	1.0703365
0.0023919598 	0.0073150304 	0.0074508123 	1.0703365
0.0024120603 	0.0066570902 	0.010466347 	1.0580714
0.0024321608 	0.0066570902 	0.010466347 	1.0580714
0.0024522613 	0.007159702 	0.013561946 	1.0425421
0.0024723618 	0.007159702 	0.013561946 	1.0425421
0.0024924623 	0.0086164951 	0.01650325 	1.0246997
0.0025125628 	0.0086164951 	0.01650325 	1.0246997
0.0025326633 	0.010794637 	0.019165107 	1.0057033
0.0025527638 	0.010794637 	0.019165107 	1.0057033
0.0025728643 	0.013497196 	0.021489237 	0.98667317
0.0025929648 	0.013497196 	0.021489237 	0.98667317
0.0026130653 	0.016634896 	0.023451995 	0.96846308
0.0026331658 	0.016634896 	0.023451995 	0.96846308
0.0026532663 	0.020205393 	0.025011379 	0.95150426
0.0026733668 	0.020205393 	0.025011379 	0.95150426
0.0026934673 	0.024252875 	0.026105652 	0.9358096
0.0027135678 	0.024252875 	0.026105652 	0.9358096
0.0027336683 	0.028782401 	0.0266384 	0.92112083
0.0027537688 	0.028782401 	0.0266384 	0.92112083
0.0027738693 	0.033665459 	0.026468948 	0.90711606
0.0027939698 	0.033665459 	0.026468948 	0.90711606
0.0028140704 	0.03863475 	0.025406871 	0.89362555
0.0028341709 	0.03863475 	0.025406871 	0.89362555
0.0028542714 	0.043339836 	0.023290055 	0.88069235
0.0028743719 	0.047440903 	0.02008704 	0.86850727
0.0028944724 	0.047440903 	0.02008704 	0.86850727
0.0029145729 	0.050681331 	0.015933021 	0.85728835
0.0029346734 	0.050681331 	0.015933021 	0.85728835
0.0029547739 	0.052907965 	0.011104338 	0.84719934
0.0029748744 	0.052907965 	0.011104338 	0.84719934
0.0029949749 	0.054115132 	0.0059208156 	0.83834259
0.0030150754 	0.054424641 	0.00062498496 	0.83079994
0.0030351759 	0.054424641 	0.00062498496 	0.83079994
0.0030552764 	0.054153754 	-0.0046542677 	0.824614
0.0030753769 	0.054153754 	-0.0046542677 	0.824614
0.0030954774 	0.053646297 	-0.0098926059 	0.81974998
0.0031155779 	0.053151203 	-0.01512324 	0.81604683
0.0031356784 	0.053151203 	-0.01512324 	0.81604683
0.0031557789 	0.052988421 	-0.020297116 	0.81323608
0.0031758794 	0.052988421 	-0.020297116 	0.81323608
0.0031959799 	0.053435309 	-0.025224874 	0.81096538
0.0032160804 	0.054539616 	-0.029623721 	0.80882421
0.0032361809 	0.054539616 	-0.029623721 	0.80882421
0.0032562814 	0.056029682 	-0.033200782 	0.80636687
0.0032763819 	0.057434765 	-0.03572436 	0.803133
0.0032964824 	0.057434765 	-0.03572436 	0.803133
0.0033165829 	0.058275115 	-0.037020014 	0.79867636
0.0033366834 	0.058146841 	-0.036903909 	0.79267511
0.0033567839 	0.058146841 	-0.036903909 	0.79267511
0.0033768844 	0.056717227 	-0.035273958 	0.78505237
0.0033969849 	0.053781962 	-0.032315233 	0.77584149
0.0034170854 	0.053781962 	-0.032315233 	0.77584149
0.0034371859 	0.049386873 	-0.028301145 	0.76472596
0.0034572864 	0.043913464 	-0.02301497 	0.75079141
0.0034773869 	0.037984281 	-0.015745038 	0.73295983
0.0034974874 	0.037984281 	-0.015745038 	0.73295983
0.0035175879 	0.032226144 	-0.00620891 	0.71081939
0.0035376884 	0.027056241 	0.0045754727 	0.6848973
0.0035577889 	0.022555577 	0.014458722 	0.65611083
0.0035778894 	0.022555577 	0.014458722 	0.65611083
0.0035979899 	0.018689964 	0.021172196 	0.62515037
0.0036180905 	0.015432633 	0.023255491 	0.59232004
0.003638191 	0.012705403 	0.020355525 	0.55771346
0.0036582915 	0.012705403 	0.020355525 	0.55771346
0.003678392 	0.010497001 	0.013149521 	0.52161829
0.0036984925 	0.0087991325 	0.0028925414 	0.4844494
0.003718593 	0.0075008446 	-0.0088950462 	0.44689777
0.0037386935 	0.0065029373 	-0.02051716 	0.41003038
0.003758794 	0.0057398668 	-0.030240801 	0.37478805
0.0037788945 	0.0057398668 	-0.030240801 	0.37478805
0.003798995 	0.0050880055 	-0.036508309 	0.34199326
0.0038190955 	0.0044486474 	-0.038374536 	0.31194402
0.003839196 	0.003750649 	-0.035882413 	0.28405073
0.0038592965 	0.0029360176 	-0.030084585 	0.25670727
0.003879397 	0.0019982547 	-0.02266099 	0.22763434
0.0038994975 	0.0010289022 	-0.015340487 	0.19469986
0.003919598 	0.00019461049 	-0.0093801603 	0.15680387
0.0039396985 	-0.00030645931 	-0.0052683963 	0.11433239
0.003959799 	-0.00037608331 	-0.0027131288 	0.068935544
0.0039798995 	-0.00011495286 	-0.00091013848 	0.022775515
0.004 	-0.00011495286 	-0.00091013848 	0.022775515
