0 	-0.0038889171 	0.012797812 	1.0129076
2.0100503e-05 	0.0095070836 	0.0028748372 	1.0036599
4.0201005e-05 	0.0095070836 	0.0028748372 	1.0036599
6.0301508e-05 	0.0063019559 	-0.00023164133 	0.994432
8.040201e-05 	0.0063019559 	-0.00023164133 	0.994432
0.00010050251 	0.0063019559 	-0.00023164133 	0.994432
0.00012060302 	0.0031372022 	0.0016188885 	0.98596538
0.00014070352 	0.0031372022 	0.0016188885 	0.98596538
0.00016080402 	0.0031372022 	0.0016188885 	0.98596538
0.00018090452 	0.00070255784 	0.0044560528 	0.97893135
0.00020100503 	0.00070255784 	0.0044560528 	0.97893135
0.00022110553 	0.00070255784 	0.0044560528 	0.97893135
0.00024120603 	-0.0010670878 	0.0070294966 	0.97383291
0.00026130653 	-0.0010670878 	0.0070294966 	0.97383291
0.00028140704 	-0.0023053684 	0.0086524998 	0.97093796
0.00030150754 	-0.0023053684 	0.0086524998 	0.97093796
0.00032160804 	-0.0023053684 	0.0086524998 	0.97093796
0.00034170854 	-0.0032045863 	0.0091059561 	0.97024175
0.00036180905 	-0.0032045863 	0.0091059561 	0.97024175
0.00038190955 	-0.0032045863 	0.0091059561 	0.97024175
0.00040201005 	-0.0039919463 	0.0085930157 	0.97146022
0.00042211055 	-0.0039919463 	0.0085930157 	0.97146022
0.00044221106 	-0.0039919463 	0.0085930157 	0.97146022
0.00046231156 	-0.0048794804 	0.0075740024 	0.97407276
0.00048241206 	-0.0048794804 	0.0075740024 	0.97407276
0.00050251256 	-0.0060266494 	0.0065741613 	0.97740705
0.00052261307 	-0.0060266494 	0.0065741613 	0.97740705
0.00054271357 	-0.0060266494 	0.0065741613 	0.97740705
0.00056281407 	-0.0075113913 	0.0059802324 	0.98078437
0.00058291457 	-0.0075113913 	0.0059802324 	0.98078437
0.00060301508 	-0.0075113913 	0.0059802324 	0.98078437
0.00062311558 	-0.0093008266 	0.0059608875 	0.98365451
0.00064321608 	-0.0093008266 	0.0059608875 	0.98365451
0.00066331658 	-0.0093008266 	0.0059608875 	0.98365451
0.00068341709 	-0.01125242 	0.0065044791 	0.98566978
0.00070351759 	-0.01125242 	0.0065044791 	0.98566978
0.00072361809 	-0.013132556 	0.0075213806 	0.98667933
0.00074371859 	-0.013132556 	0.0075213806 	0.98667933
0.0007638191 	-0.013132556 	0.0075213806 	0.98667933
0.0007839196 	-0.01464919 	0.0089311236 	0.9866604
0.0008040201 	-0.01464919 	0.0089311236 	0.9866604
0.0008241206 	-0.01464919 	0.0089311236 	0.9866604
0.00084422111 	-0.015512003 	0.010687164 	0.98564353
0.00086432161 	-0.015512003 	0.010687164 	0.98564353
0.00088442211 	-0.015512003 	0.010687164 	0.98564353
0.00090452261 	-0.0093159687 	0.01446639 	0.99023745
0.00092462312 	-0.0093159687 	0.01446639 	0.99023745
0.00094472362 	-0.0087305538 	0.016431803 	0.98842833
0.00096482412 	-0.014554658 	0.01498973 	0.98088553
0.00098492462 	-0.014554658 	0.01498973 	0.98088553
0.0010050251 	-0.012571486 	0.017433775 	0.97713276
0.0010251256 	-0.012571486 	0.017433775 	0.97713276
0.0010452261 	-0.012571486 	0.017433775 	0.97713276
0.0010653266 	-0.0096659512 	0.019867371 	0.9724552
0.0010854271 	-0.0096659512 	0.019867371 	0.9724552
0.0011055276 	-0.0096659512 	0.019867371 	0.9724552
0.0011256281 	-0.0062517712 	0.021909588 	0.96776354
0.0011457286 	-0.0062517712 	0.021909588 	0.96776354
0.0011658291 	-0.0062517712 	0.021909588 	0.96776354
0.0011859296 	0.0032988251 	0.022661063 	0.97477724
0.0012060302 	-0.0029255621 	0.023409638 	0.96350155
0.0012261307 	-0.0029255621 	0.023409638 	0.96350155
0.0012462312 	-0.00024480851 	0.024237444 	0.9599885
0.0012663317 	-0.00024480851 	0.024237444 	0.9599885
0.0012864322 	-0.00024480851 	0.024237444 	0.9599885
0.0013065327 	0.0013163884 	0.02429865 	0.95733405
0.0013266332 	0.0093339392 	0.022912809 	0.96919761
0.0013467337 	0.0093339392 	0.022912809 	0.96919761
0.0013668342 	0.010765532 	0.022174922 	0.96753571
0.0013869347 	0.0015076625 	0.023498197 	0.95542133
0.0014070352 	0.0015076625 	0.023498197 	0.95542133
0.0014271357 	0.00029412505 	0.021697926 	0.95399452
0.0014472362 	0.00029412505 	0.021697926 	0.95399452
0.0014673367 	0.00029412505 	0.021697926 	0.95399452
0.0014874372 	-0.0021922361 	0.01867138 	0.952806
0.0015075377 	-0.0021922361 	0.01867138 	0.952806
0.0015276382 	-0.0056947967 	0.014169395 	0.95167341
0.0015477387 	-0.0056947967 	0.014169395 	0.95167341
0.0015678392 	-0.0056947967 	0.014169395 	0.95167341
0.0015879397 	0.0042551558 	0.0087792135 	0.96511119
0.0016080402 	-0.0098387017 	0.0080274447 	0.95043423
0.0016281407 	-0.0098387017 	0.0080274447 	0.95043423
0.0016482412 	-0.014190439 	0.00025714082 	0.94884502
0.0016683417 	-0.014190439 	0.00025714082 	0.94884502
0.0016884422 	-0.018245144 	-0.0088594171 	0.94658269
0.0017085427 	-0.018245144 	-0.0088594171 	0.94658269
0.0017286432 	-0.018245144 	-0.0088594171 	0.94658269
0.0017487437 	-0.021551303 	-0.018811724 	0.9433023
0.0017688442 	-0.021551303 	-0.018811724 	0.9433023
0.0017889447 	-0.021551303 	-0.018811724 	0.9433023
0.0018090452 	-0.023837425 	-0.02892965 	0.93887115
0.0018291457 	-0.023837425 	-0.02892965 	0.93887115
0.0018492462 	-0.025001796 	-0.038579898 	0.93342566
0.0018693467 	-0.025001796 	-0.038579898 	0.93342566
0.0018894472 	-0.025001796 	-0.038579898 	0.93342566
0.0019095477 	-0.025125023 	-0.047243391 	0.92735603
0.0019296482 	-0.025125023 	-0.047243391 	0.92735603
0.0019497487 	-0.024365234 	-0.054584424 	0.92114908
0.0019698492 	-0.024365234 	-0.054584424 	0.92114908
0.0019899497 	-0.022881692 	-0.060386511 	0.91527894
0.0020100503 	-0.022881692 	-0.060386511 	0.91527894
0.0020301508 	-0.022881692 	-0.060386511 	0.91527894
0.0020502513 	-0.020776713 	-0.064486733 	0.91010695
0.0020703518 	-0.020776713 	-0.064486733 	0.91010695
0.0020904523 	-0.018062487 	-0.066687792 	0.90581332
0.0021105528 	-0.018062487 	-0.066687792 	0.90581332
0.0021306533 	-0.018062487 	-0.066687792 	0.90581332
0.0021507538 	-0.014696272 	-0.066784865 	0.9023769
0.0021708543 	-0.014696272 	-0.066784865 	0.9023769
0.0021909548 	-0.010662733 	-0.064665465 	0.89958078
0.0022110553 	-0.010662733 	-0.064665465 	0.89958078
0.0022311558 	-0.006061113 	-0.060400693 	0.89716899
0.0022512563 	-0.006061113 	-0.060400693 	0.89716899
0.0022713568 	-0.0012332244 	-0.054251051 	0.89508872
0.0022914573 	-0.0012332244 	-0.054251051 	0.89508872
0.0023115578 	-0.0012332244 	-0.054251051 	0.89508872
0.0023316583 	0.0032629678 	-0.046654132 	0.89373775
0.0023517588 	0.0032629678 	-0.046654132 	0.89373775
0.0023718593 	0.0068215236 	-0.038153221 	0.89390894
0.0023919598 	0.0068215236 	-0.038153221 	0.89390894
0.0024120603 	0.0089730245 	-0.02928878 	0.89626842
0.0024321608 	0.0089730245 	-0.02928878 	0.89626842
0.0024522613 	0.0096210127 	-0.020505321 	0.90070932
0.0024723618 	0.0096210127 	-0.020505321 	0.90070932
0.0024924623 	0.0092113396 	-0.012161711 	0.90602232
0.0025125628 	0.0092113396 	-0.012161711 	0.90602232
0.0025326633 	0.0085741691 	-0.0045179628 	0.91032253
0.0025527638 	0.0085741691 	-0.0045179628 	0.91032253
0.0025728643 	0.0085331182 	0.0022238894 	0.91187563
0.0025929648 	0.0085331182 	0.0022238894 	0.91187563
0.0026130653 	0.0096028685 	0.0079277135 	0.90981104
0.0026331658 	0.0096028685 	0.0079277135 	0.90981104
0.0026532663 	0.011893157 	0.012539162 	0.90427391
0.0026733668 	0.011893157 	0.012539162 	0.90427391
0.0026934673 	0.015161335 	0.016102809 	0.89610546
0.0027135678 	0.015161335 	0.016102809 	0.89610546
0.0027336683 	0.018957707 	0.018750476 	0.88637169
0.0027537688 	0.018957707 	0.018750476 	0.88637169
0.0027738693 	0.022785214 	0.020665444 	0.8759932
0.0027939698 	0.022785214 	0.020665444 	0.8759932
0.0028140704 	0.026207647 	0.022054145 	0.86558606
0.0028341709 	0.026207647 	0.022054145 	0.86558606
0.0028542714 	0.028916083 	0.023122532 	0.85545181
0.0028743719 	0.030723446 	0.024051504 	0.84565924
0.0028944724 	0.030723446 	0.024051504 	0.84565924
0.0029145729 	0.031531758 	0.024949951 	0.8361067
0.0029346734 	0.031531758 	0.024949951 	0.8361067
0.0029547739 	0.031296916 	0.025808208 	0.82662506
0.0029748744 	0.031296916 	0.025808208 	0.82662506
0.0029949749 	0.030041259 	0.026435762 	0.81706142
0.0030150754 	0.027838496 	0.026434015 	0.80736905
0.0030351759 	0.027838496 	0.026434015 	0.80736905
0.0030552764 	0.024865071 	0.025238373 	0.79765173
0.0030753769 	0.024865071 	0.025238373 	0.79765173
0.0030954774 	0.021433207 	0.022271656 	0.78814673
0.0031155779 	0.017965029 	0.017201073 	0.77914739
0.0031356784 	0.017965029 	0.017201073 	0.77914739
0.0031557789 	0.014946678 	0.010111323 	0.77082585
0.0031758794 	0.014946678 	0.010111323 	0.77082585
0.0031959799 	0.012802511 	0.0015049038 	0.76305688
0.0032160804 	0.0118633 	-0.007917052 	0.75535975
0.0032361809 	0.0118633 	-0.007917052 	0.75535975
0.0032562814 	0.012367789 	-0.017615905 	0.74708564
0.0032763819 	0.014256222 	-0.02740425 	0.73778519
0.0032964824 	0.014256222 	-0.02740425 	0.73778519
0.0033165829 	0.017194881 	-0.037354505 	0.7277092
0.0033366834 	0.020643553 	-0.047599038 	0.7179945
0.0033567839 	0.020643553 	-0.047599038 	0.7179945
0.0033768844 	0.023820769 	-0.058174384 	0.71053118
0.0033969849 	0.025920483 	-0.068922082 	0.70734804
0.0034170854 	0.025920483 	-0.068922082 	0.70734804
0.0034371859 	0.026292802 	-0.079629396 	0.70994117
0.0034572864 	0.024585948 	-0.090181257 	0.71879172
0.0034773869 	0.020831645 	-0.10086285 	0.73292645
0.0034974874 	0.020831645 	-0.10086285 	0.73292645
0.0035175879 	0.015546399 	-0.11239122 	0.74922237
0.0035376884 	0.0097960664 	-0.12545266 	0.76169462
0.0035577889 	0.0049754659 	-0.13990926 	0.76203765
0.0035778894 	0.0049754659 	-0.13990926 	0.76203765
0.0035979899 	0.0022773513 	-0.15437397 	0.74259646
0.0036180905 	0.0020222858 	-0.16666194 	0.70086543
0.003638191 	0.0034326557 	-0.17472167 	0.64219933
0.0036582915 	0.0034326557 	-0.17472167 	0.64219933
0.003678392 	0.0051244236 	-0.17723303 	0.57773202
0.0036984925 	0.0059313988 	-0.17367328 	0.51882404
0.003718593 	0.0053929788 	-0.1641951 	0.47255817
0.0037386935 	0.0036446136 	-0.14948326 	0.44081363
0.003758794 	0.0010582909 	-0.13057128 	0.42156209
0.0037788945 	0.0010582909 	-0.13057128 	0.42156209
0.003798995 	-0.0018379089 	-0.10869787 	0.41032817
0.0038190955 	-0.0045469854 	-0.085260013 	0.40132416
0.003839196 	-0.0066987609 	-0.06176292 	0.388652
0.0038592965 	-0.0079707664 	-0.039694666 	0.36751109
0.003879397 	-0.0082247544 	-0.020419429 	0.33508231
0.0038994975 	-0.0074755787 	-0.0051810904 	0.29082102
0.003919598 	-0.0058925621 	0.004897185 	0.23610063
0.0039396985 	-0.0038134493 	0.0090960324 	0.17358259
0.003959799 	-0.0017441394 	0.007605003 	0.10620227
0.0039798995 	-0.00025245126 	0.0022886015 	0.036124797
0.004 	-0.00025245126 	0.0022886015 	0.036124797
