0 	0.034521209 	0.026237005 	1.0429411
2.0100503e-05 	0.028269939 	-0.027304506 	1.0437153
4.0201005e-05 	0.028269939 	-0.027304506 	1.0437153
6.0301508e-05 	0.017879076 	-0.031281221 	1.0444075
8.040201e-05 	0.017879076 	-0.031281221 	1.0444075
0.00010050251 	0.017879076 	-0.031281221 	1.0444075
0.00012060302 	0.019062091 	-0.027850576 	1.0449283
0.00014070352 	0.019062091 	-0.027850576 	1.0449283
0.00016080402 	0.019062091 	-0.027850576 	1.0449283
0.00018090452 	0.022642296 	-0.023447081 	1.0451231
0.00020100503 	0.022642296 	-0.023447081 	1.0451231
0.00022110553 	0.022642296 	-0.023447081 	1.0451231
0.00024120603 	0.026793925 	-0.018536812 	1.0448085
0.00026130653 	0.026793925 	-0.018536812 	1.0448085
0.00028140704 	0.030848159 	-0.013187197 	1.0438495
0.00030150754 	0.030848159 	-0.013187197 	1.0438495
0.00032160804 	0.030848159 	-0.013187197 	1.0438495
0.00034170854 	0.034376817 	-0.0074102705 	1.0422557
0.00036180905 	0.034376817 	-0.0074102705 	1.0422557
0.00038190955 	0.034376817 	-0.0074102705 	1.0422557
0.00040201005 	0.037029316 	-0.0011670392 	1.0402399
0.00042211055 	0.037029316 	-0.0011670392 	1.0402399
0.00044221106 	0.037029316 	-0.0011670392 	1.0402399
0.00046231156 	0.038557381 	0.0056801376 	1.0381879
0.00048241206 	0.038557381 	0.0056801376 	1.0381879
0.00050251256 	0.038893772 	0.013359642 	1.03653
0.00052261307 	0.038893772 	0.013359642 	1.03653
0.00054271357 	0.038893772 	0.013359642 	1.03653
0.00056281407 	0.038194998 	0.022051595 	1.0354909
0.00058291457 	0.038194998 	0.022051595 	1.0354909
0.00060301508 	0.038194998 	0.022051595 	1.0354909
0.00062311558 	0.036755293 	0.031410197 	1.0345665
0.00064321608 	0.036755293 	0.031410197 	1.0345665
0.00066331658 	0.036755293 	0.031410197 	1.0345665
0.00068341709 	0.034655198 	0.039761109 	1.0319365
0.00070351759 	0.034655198 	0.039761109 	1.0319365
0.00072361809 	0.03132442 	0.043691726 	1.0250943
0.00074371859 	0.03132442 	0.043691726 	1.0250943
0.0007638191 	0.03132442 	0.043691726 	1.0250943
0.0007839196 	0.025524989 	0.039221116 	1.0134153
0.0008040201 	0.025524989 	0.039221116 	1.0134153
0.0008241206 	0.025524989 	0.039221116 	1.0134153
0.00084422111 	0.016050371 	0.024798892 	0.99908357
0.00086432161 	0.016050371 	0.024798892 	0.99908357
0.00088442211 	0.016050371 	0.024798892 	0.99908357
0.00090452261 	0.0029809157 	0.004291064 	0.98383435
0.00092462312 	0.0029809157 	0.004291064 	0.98383435
0.00094472362 	-0.011409615 	-0.013611297 	0.966926
0.00096482412 	-0.011409615 	-0.013611297 	0.966926
0.00098492462 	-0.011409615 	-0.013611297 	0.966926
0.0010050251 	-0.025065128 	-0.021758389 	0.94623624
0.0010251256 	-0.025065128 	-0.021758389 	0.94623624
0.0010452261 	-0.025065128 	-0.021758389 	0.94623624
0.0010653266 	-0.035677945 	-0.016674018 	0.9213871
0.0010854271 	-0.035677945 	-0.016674018 	0.9213871
0.0011055276 	-0.035677945 	-0.016674018 	0.9213871
0.0011256281 	-0.043928068 	-0.0065567442 	0.89409923
0.0011457286 	-0.043928068 	-0.0065567442 	0.89409923
0.0011658291 	-0.037649399 	0.00018841819 	0.90876473
0.0011859296 	-0.045009132 	0.0085003679 	0.88418867
0.0012060302 	-0.052359692 	0.00077681365 	0.86840564
0.0012261307 	-0.052359692 	0.00077681365 	0.86840564
0.0012462312 	-0.059736084 	0.0068305244 	0.84981359
0.0012663317 	-0.059736084 	0.0068305244 	0.84981359
0.0012864322 	-0.059736084 	0.0068305244 	0.84981359
0.0013065327 	-0.063535374 	0.014557766 	0.84159465
0.0013266332 	-0.063535374 	0.014557766 	0.84159465
0.0013467337 	-0.063535374 	0.014557766 	0.84159465
0.0013668342 	-0.0642625 	0.021252457 	0.8432163
0.0013869347 	-0.0642625 	0.021252457 	0.8432163
0.0014070352 	-0.0642625 	0.021252457 	0.8432163
0.0014271357 	-0.064256865 	0.024219722 	0.84967488
0.0014472362 	-0.064256865 	0.024219722 	0.84967488
0.0014673367 	-0.064256865 	0.024219722 	0.84967488
0.0014874372 	-0.064526454 	0.025793343 	0.85574098
0.0015075377 	-0.064526454 	0.025793343 	0.85574098
0.0015276382 	-0.064900723 	0.029005619 	0.85940546
0.0015477387 	-0.064900723 	0.029005619 	0.85940546
0.0015678392 	-0.064900723 	0.029005619 	0.85940546
0.0015879397 	-0.065368356 	0.033949863 	0.86066799
0.0016080402 	-0.065368356 	0.033949863 	0.86066799
0.0016281407 	-0.065368356 	0.033949863 	0.86066799
0.0016482412 	-0.065908932 	0.039240273 	0.86020374
0.0016683417 	-0.065908932 	0.039240273 	0.86020374
0.0016884422 	-0.066186694 	0.043737793 	0.85908377
0.0017085427 	-0.066186694 	0.043737793 	0.85908377
0.0017286432 	-0.066186694 	0.043737793 	0.85908377
0.0017487437 	-0.065820921 	0.046782521 	0.85829149
0.0017688442 	-0.065820921 	0.046782521 	0.85829149
0.0017889447 	-0.065820921 	0.046782521 	0.85829149
0.0018090452 	-0.064620785 	0.048080108 	0.85821886
0.0018291457 	-0.064620785 	0.048080108 	0.85821886
0.0018492462 	-0.062558331 	0.047640744 	0.85880535
0.0018693467 	-0.062558331 	0.047640744 	0.85880535
0.0018894472 	-0.062558331 	0.047640744 	0.85880535
0.0019095477 	-0.059694437 	0.045676894 	0.85990248
0.0019296482 	-0.059694437 	0.045676894 	0.85990248
0.0019497487 	-0.05615207 	0.042525827 	0.86141176
0.0019698492 	-0.05615207 	0.042525827 	0.86141176
0.0019899497 	-0.052094966 	0.038604487 	0.86326491
0.0020100503 	-0.052094966 	0.038604487 	0.86326491
0.0020301508 	-0.052094966 	0.038604487 	0.86326491
0.0020502513 	-0.047695547 	0.034328549 	0.8654008
0.0020703518 	-0.047695547 	0.034328549 	0.8654008
0.0020904523 	-0.043105582 	0.03004466 	0.86776256
0.0021105528 	-0.043105582 	0.03004466 	0.86776256
0.0021306533 	-0.043105582 	0.03004466 	0.86776256
0.0021507538 	-0.038446944 	0.025990923 	0.87030565
0.0021708543 	-0.038446944 	0.025990923 	0.87030565
0.0021909548 	-0.033820202 	0.022289697 	0.8730081
0.0022110553 	-0.033820202 	0.022289697 	0.8730081
0.0022311558 	-0.02927949 	0.018956143 	0.87586959
0.0022512563 	-0.02927949 	0.018956143 	0.87586959
0.0022713568 	-0.024848958 	0.015936326 	0.87891077
0.0022914573 	-0.024848958 	0.015936326 	0.87891077
0.0023115578 	-0.024848958 	0.015936326 	0.87891077
0.0023316583 	-0.020535163 	0.013141756 	0.88213992
0.0023517588 	-0.020535163 	0.013141756 	0.88213992
0.0023718593 	-0.016273655 	0.0104783 	0.88551856
0.0023919598 	-0.016273655 	0.0104783 	0.88551856
0.0024120603 	-0.011975675 	0.0079054959 	0.88886291
0.0024321608 	-0.011975675 	0.0079054959 	0.88886291
0.0024522613 	-0.0075052161 	0.005457424 	0.89177964
0.0024723618 	-0.0075052161 	0.005457424 	0.89177964
0.0024924623 	-0.0027045895 	0.0032248223 	0.89367348
0.0025125628 	-0.0027045895 	0.0032248223 	0.89367348
0.0025326633 	0.0025513546 	0.0012739851 	0.8939121
0.0025527638 	0.0025513546 	0.0012739851 	0.8939121
0.0025728643 	0.0082613276 	-0.00048266264 	0.89206828
0.0025929648 	0.0082613276 	-0.00048266264 	0.89206828
0.0026130653 	0.014221798 	-0.0023938671 	0.8882045
0.0026331658 	0.014221798 	-0.0023938671 	0.8882045
0.0026532663 	0.020094984 	-0.0050430464 	0.88299061
0.0026733668 	0.020094984 	-0.0050430464 	0.88299061
0.0026934673 	0.025449862 	-0.0089743188 	0.87766647
0.0027135678 	0.025449862 	-0.0089743188 	0.87766647
0.0027336683 	0.029859907 	-0.014430707 	0.87373119
0.0027537688 	0.029859907 	-0.014430707 	0.87373119
0.0027738693 	0.0329297 	-0.021251402 	0.87245579
0.0027939698 	0.0329297 	-0.021251402 	0.87245579
0.0028140704 	0.034420219 	-0.029076154 	0.87447484
0.0028341709 	0.034420219 	-0.029076154 	0.87447484
0.0028542714 	0.034379558 	-0.037568949 	0.87969136
0.0028743719 	0.033141603 	-0.046504282 	0.88738821
0.0028944724 	0.033141603 	-0.046504282 	0.88738821
0.0029145729 	0.031250865 	-0.055724867 	0.89650451
0.0029346734 	0.031250865 	-0.055724867 	0.89650451
0.0029547739 	0.029334588 	-0.065074968 	0.90591403
0.0029748744 	0.029334588 	-0.065074968 	0.90591403
0.0029949749 	0.027983815 	-0.074379772 	0.91459616
0.0030150754 	0.02767897 	-0.083462777 	0.92165661
0.0030351759 	0.02767897 	-0.083462777 	0.92165661
0.0030552764 	0.028766779 	-0.092194507 	0.92629767
0.0030753769 	0.028766779 	-0.092194507 	0.92629767
0.0030954774 	0.031458249 	-0.10052453 	0.9278402
0.0031155779 	0.035827243 	-0.10845397 	0.92579841
0.0031356784 	0.035827243 	-0.10845397 	0.92579841
0.0031557789 	0.041797987 	-0.11595288 	0.91998091
0.0031758794 	0.041797987 	-0.11595288 	0.91998091
0.0031959799 	0.049101024 	-0.12284972 	0.91058288
0.0032160804 	0.057216663 	-0.12878636 	0.89824532
0.0032361809 	0.057216663 	-0.12878636 	0.89824532
0.0032562814 	0.065382612 	-0.13329477 	0.8840258
0.0032763819 	0.072676354 	-0.1359608 	0.86918504
0.0032964824 	0.072676354 	-0.1359608 	0.86918504
0.0033165829 	0.078200643 	-0.1365839 	0.85483063
0.0033366834 	0.08130198 	-0.13524364 	0.84158245
0.0033567839 	0.08130198 	-0.13524364 	0.84158245
0.0033768844 	0.081719231 	-0.13224803 	0.82942008
0.0033969849 	0.079592938 	-0.12799087 	0.81770154
0.0034170854 	0.079592938 	-0.12799087 	0.81770154
0.0034371859 	0.075359059 	-0.1227854 	0.80532139
0.0034572864 	0.069575072 	-0.11673514 	0.79108239
0.0034773869 	0.06269983 	-0.10961165 	0.77443032
0.0034974874 	0.06269983 	-0.10961165 	0.77443032
0.0035175879 	0.054920458 	-0.10073469 	0.75640577
0.0035376884 	0.046179503 	-0.088989654 	0.73996972
0.0035577889 	0.036476963 	-0.073227181 	0.72866354
0.0035778894 	0.036476963 	-0.073227181 	0.72866354
0.0035979899 	0.026228328 	-0.053010135 	0.72386284
0.0036180905 	0.016316576 	-0.029294598 	0.72300369
0.003638191 	0.00766801 	-0.0043669334 	0.72052268
0.0036582915 	0.00766801 	-0.0043669334 	0.72052268
0.003678392 	0.00096968552 	0.018940174 	0.7109199
0.0036984925 	-0.0035018434 	0.03842994 	0.69110594
0.003718593 	-0.0059752302 	0.053332871 	0.66077969
0.0037386935 	-0.0068806118 	0.064035445 	0.62167867
0.003758794 	-0.006612695 	0.071414073 	0.57644458
0.0037788945 	-0.006612695 	0.071414073 	0.57644458
0.003798995 	-0.0055317398 	0.076122313 	0.52785166
0.0038190955 	-0.0040080466 	0.078288942 	0.47840913
0.003839196 	-0.0024273312 	0.077657855 	0.42998737
0.0038592965 	-0.001138533 	0.073957326 	0.3832781
0.003879397 	-0.00032287941 	0.067223509 	0.33735272
0.0038994975 	-1.2457027e-05 	0.057917323 	0.28974006
0.003919598 	-9.2239956e-05 	0.046822249 	0.23724626
0.0039396985 	-0.00028392159 	0.034748631 	0.17734222
0.003959799 	-0.00032612893 	0.022083463 	0.10960814
0.0039798995 	-0.00011460918 	0.0083009814 	0.036618143
0.004 	-0.00011460918 	0.0083009814 	0.036618143
