0 	0.034521209 	0.026237005 	1.0429411
2.0100503e-05 	-0.035067134 	0.038623473 	1.0311243
4.0201005e-05 	-0.035067134 	0.038623473 	1.0311243
6.0301508e-05 	-0.057683682 	0.012718516 	1.0117147
8.040201e-05 	-0.057683682 	0.012718516 	1.0117147
0.00010050251 	-0.057683682 	0.012718516 	1.0117147
0.00012060302 	-0.065319155 	-0.0043017407 	0.9886258
0.00014070352 	-0.065319155 	-0.0043017407 	0.9886258
0.00016080402 	-0.065319155 	-0.0043017407 	0.9886258
0.00018090452 	-0.069851293 	-0.016827508 	0.96880023
0.00020100503 	-0.069851293 	-0.016827508 	0.96880023
0.00022110553 	-0.069851293 	-0.016827508 	0.96880023
0.00024120603 	-0.073349682 	-0.02554917 	0.95580675
0.00026130653 	-0.073349682 	-0.02554917 	0.95580675
0.00028140704 	-0.076205964 	-0.03176586 	0.94844091
0.00030150754 	-0.076205964 	-0.03176586 	0.94844091
0.00032160804 	-0.076205964 	-0.03176586 	0.94844091
0.00034170854 	-0.078427281 	-0.036403881 	0.94431049
0.00036180905 	-0.078427281 	-0.036403881 	0.94431049
0.00038190955 	-0.078427281 	-0.036403881 	0.94431049
0.00040201005 	-0.079998077 	-0.039661783 	0.94205382
0.00042211055 	-0.079998077 	-0.039661783 	0.94205382
0.00044221106 	-0.079998077 	-0.039661783 	0.94205382
0.00046231156 	-0.08090908 	-0.041550327 	0.94117015
0.00048241206 	-0.08090908 	-0.041550327 	0.94117015
0.00050251256 	-0.081174564 	-0.042256207 	0.94141145
0.00052261307 	-0.081174564 	-0.042256207 	0.94141145
0.00054271357 	-0.081174564 	-0.042256207 	0.94141145
0.00056281407 	-0.080842155 	-0.042107012 	0.94254104
0.00058291457 	-0.080842155 	-0.042107012 	0.94254104
0.00060301508 	-0.080842155 	-0.042107012 	0.94254104
0.00062311558 	-0.079979861 	-0.041433286 	0.94429269
0.00064321608 	-0.079979861 	-0.041433286 	0.94429269
0.00066331658 	-0.079979861 	-0.041433286 	0.94429269
0.00068341709 	-0.078659324 	-0.040502934 	0.94634398
0.00070351759 	-0.078659324 	-0.040502934 	0.94634398
0.00072361809 	-0.076942541 	-0.039505771 	0.94832696
0.00074371859 	-0.076942541 	-0.039505771 	0.94832696
0.0007638191 	-0.076942541 	-0.039505771 	0.94832696
0.0007839196 	-0.074886889 	-0.038565834 	0.94985944
0.0008040201 	-0.074886889 	-0.038565834 	0.94985944
0.0008241206 	-0.074886889 	-0.038565834 	0.94985944
0.00084422111 	-0.072550677 	-0.037759524 	0.95060359
0.00086432161 	-0.072550677 	-0.037759524 	0.95060359
0.00088442211 	-0.072550677 	-0.037759524 	0.95060359
0.00090452261 	-0.070005099 	-0.037163903 	0.95032282
0.00092462312 	-0.070005099 	-0.037163903 	0.95032282
0.00094472362 	-0.067257305 	-0.036794468 	0.94889877
0.00096482412 	-0.067257305 	-0.036794468 	0.94889877
0.00098492462 	-0.067257305 	-0.036794468 	0.94889877
0.0010050251 	-0.056874424 	-0.045967879 	0.95087992
0.0010251256 	-0.056874424 	-0.045967879 	0.95087992
0.0010452261 	-0.056874424 	-0.045967879 	0.95087992
0.0010653266 	-0.053551961 	-0.045259636 	0.94580042
0.0010854271 	-0.053551961 	-0.045259636 	0.94580042
0.0011055276 	-0.053551961 	-0.045259636 	0.94580042
0.0011256281 	-0.05015954 	-0.04397516 	0.93943756
0.0011457286 	-0.05015954 	-0.04397516 	0.93943756
0.0011658291 	-0.05015954 	-0.04397516 	0.93943756
0.0011859296 	-0.04632815 	-0.041710719 	0.93189811
0.0012060302 	-0.04632815 	-0.041710719 	0.93189811
0.0012261307 	-0.04632815 	-0.041710719 	0.93189811
0.0012462312 	-0.041745727 	-0.0383359 	0.92350638
0.0012663317 	-0.041745727 	-0.0383359 	0.92350638
0.0012864322 	-0.041745727 	-0.0383359 	0.92350638
0.0013065327 	-0.036333716 	-0.034128694 	0.91457269
0.0013266332 	-0.036333716 	-0.034128694 	0.91457269
0.0013467337 	-0.036333716 	-0.034128694 	0.91457269
0.0013668342 	-0.030273596 	-0.029596983 	0.90543882
0.0013869347 	-0.030273596 	-0.029596983 	0.90543882
0.0014070352 	-0.030273596 	-0.029596983 	0.90543882
0.0014271357 	-0.023976996 	-0.025246392 	0.89638122
0.0014472362 	-0.023976996 	-0.025246392 	0.89638122
0.0014673367 	-0.023976996 	-0.025246392 	0.89638122
0.0014874372 	-0.01790597 	-0.021421738 	0.88764348
0.0015075377 	-0.01790597 	-0.021421738 	0.88764348
0.0015276382 	-0.012475231 	-0.018275084 	0.87952252
0.0015477387 	-0.012475231 	-0.018275084 	0.87952252
0.0015678392 	-0.012475231 	-0.018275084 	0.87952252
0.0015879397 	-0.0079851247 	-0.015766801 	0.87243819
0.0016080402 	-0.0079851247 	-0.015766801 	0.87243819
0.0016281407 	-0.0079851247 	-0.015766801 	0.87243819
0.0016482412 	-0.0045942118 	-0.013699639 	0.86689316
0.0016683417 	-0.0045942118 	-0.013699639 	0.86689316
0.0016884422 	-0.0022008154 	-0.011735522 	0.86330858
0.0017085427 	-0.0022008154 	-0.011735522 	0.86330858
0.0017286432 	-0.0022008154 	-0.011735522 	0.86330858
0.0017487437 	-0.00041969259 	-0.0095019408 	0.86176947
0.0017688442 	-0.00041969259 	-0.0095019408 	0.86176947
0.0017889447 	-0.00041969259 	-0.0095019408 	0.86176947
0.0018090452 	0.0012931296 	-0.0065979123 	0.86188931
0.0018291457 	0.0012931296 	-0.0065979123 	0.86188931
0.0018492462 	0.0035072728 	-0.0028497692 	0.8629556
0.0018693467 	0.0035072728 	-0.0028497692 	0.8629556
0.0018894472 	0.0035072728 	-0.0028497692 	0.8629556
0.0019095477 	0.0064934284 	0.0016102095 	0.86426383
0.0019296482 	0.0064934284 	0.0016102095 	0.86426383
0.0019497487 	0.010215328 	0.006460433 	0.86540499
0.0019698492 	0.010215328 	0.006460433 	0.86540499
0.0019899497 	0.010215328 	0.006460433 	0.86540499
0.0020100503 	0.014450178 	0.011289437 	0.866267
0.0020301508 	0.014450178 	0.011289437 	0.866267
0.0020502513 	0.018837369 	0.015773641 	0.86693027
0.0020703518 	0.018837369 	0.015773641 	0.86693027
0.0020904523 	0.023068144 	0.019707629 	0.86752885
0.0021105528 	0.023068144 	0.019707629 	0.86752885
0.0021306533 	0.023068144 	0.019707629 	0.86752885
0.0021507538 	0.026945244 	0.022984075 	0.86815308
0.0021708543 	0.026945244 	0.022984075 	0.86815308
0.0021909548 	0.030391934 	0.025566086 	0.86883746
0.0022110553 	0.030391934 	0.025566086 	0.86883746
0.0022311558 	0.033438758 	0.027457502 	0.86956529
0.0022512563 	0.033438758 	0.027457502 	0.86956529
0.0022713568 	0.036178015 	0.028700636 	0.87028677
0.0022914573 	0.036178015 	0.028700636 	0.87028677
0.0023115578 	0.036178015 	0.028700636 	0.87028677
0.0023316583 	0.038725268 	0.029383586 	0.87094287
0.0023517588 	0.038725268 	0.029383586 	0.87094287
0.0023718593 	0.041187926 	0.029644933 	0.87147844
0.0023919598 	0.041187926 	0.029644933 	0.87147844
0.0024120603 	0.043652026 	0.029664382 	0.8718544
0.0024321608 	0.043652026 	0.029664382 	0.8718544
0.0024522613 	0.046178329 	0.029637889 	0.87204096
0.0024723618 	0.046178329 	0.029637889 	0.87204096
0.0024924623 	0.048804858 	0.029742669 	0.87201414
0.0025125628 	0.048804858 	0.029742669 	0.87201414
0.0025326633 	0.051554313 	0.03011088 	0.87175141
0.0025527638 	0.051554313 	0.03011088 	0.87175141
0.0025728643 	0.054429509 	0.030813864 	0.87123582
0.0025929648 	0.054429509 	0.030813864 	0.87123582
0.0026130653 	0.057415211 	0.031861763 	0.87046378
0.0026331658 	0.057415211 	0.031861763 	0.87046378
0.0026532663 	0.060480794 	0.033211377 	0.86944842
0.0026733668 	0.060480794 	0.033211377 	0.86944842
0.0026934673 	0.063582706 	0.03478408 	0.8682177
0.0027135678 	0.063582706 	0.03478408 	0.8682177
0.0027336683 	0.066665197 	0.036476751 	0.86680995
0.0027537688 	0.066665197 	0.036476751 	0.86680995
0.0027738693 	0.069664564 	0.038183962 	0.86526997
0.0027939698 	0.069664564 	0.038183962 	0.86526997
0.0028140704 	0.072513021 	0.039813809 	0.86364259
0.0028341709 	0.072513021 	0.039813809 	0.86364259
0.0028542714 	0.075142423 	0.041297335 	0.8619655
0.0028743719 	0.077488254 	0.042594029 	0.86026552
0.0028944724 	0.077488254 	0.042594029 	0.86026552
0.0029145729 	0.079492987 	0.043686525 	0.85855506
0.0029346734 	0.079492987 	0.043686525 	0.85855506
0.0029547739 	0.081110272 	0.044572239 	0.85682339
0.0029748744 	0.081110272 	0.044572239 	0.85682339
0.0029949749 	0.082306069 	0.045255534 	0.85502908
0.0030150754 	0.083060975 	0.045745509 	0.85309355
0.0030351759 	0.083060975 	0.045745509 	0.85309355
0.0030552764 	0.083366208 	0.046055877 	0.85090351
0.0030753769 	0.083366208 	0.046055877 	0.85090351
0.0030954774 	0.08322015 	0.046204261 	0.84832324
0.0031155779 	0.082617345 	0.046207208 	0.84522057
0.0031356784 	0.082617345 	0.046207208 	0.84522057
0.0031557789 	0.08153229 	0.046076619 	0.84150253
0.0031758794 	0.08153229 	0.046076619 	0.84150253
0.0031959799 	0.079902219 	0.04582968 	0.83715818
0.0032160804 	0.077611274 	0.045528414 	0.83230672
0.0032361809 	0.077611274 	0.045528414 	0.83230672
0.0032562814 	0.074479148 	0.045324547 	0.82724856
0.0032763819 	0.070269 	0.045432641 	0.82251968
0.0032964824 	0.070269 	0.045432641 	0.82251968
0.0033165829 	0.064702017 	0.045874647 	0.81889529
0.0033366834 	0.057511798 	0.04604241 	0.81714503
0.0033567839 	0.057511798 	0.04604241 	0.81714503
0.0033768844 	0.048596738 	0.044362156 	0.8173284
0.0033969849 	0.038265664 	0.038691117 	0.81788034
0.0034170854 	0.038265664 	0.038691117 	0.81788034
0.0034371859 	0.02738687 	0.027596499 	0.81538551
0.0034572864 	0.017209738 	0.011616691 	0.80575921
0.0034773869 	0.0088440645 	-0.0067785791 	0.78626226
0.0034974874 	0.0088440645 	-0.0067785791 	0.78626226
0.0035175879 	0.0028749637 	-0.024408223 	0.75698412
0.0035376884 	-0.00086241069 	-0.038867809 	0.72070365
0.0035577889 	-0.0028989633 	-0.04901837 	0.68149326
0.0035778894 	-0.0028989633 	-0.04901837 	0.68149326
0.0035979899 	-0.0038141719 	-0.054816783 	0.64306593
0.0036180905 	-0.0041664348 	-0.05686257 	0.60781325
0.003638191 	-0.0042791722 	-0.056024786 	0.57663065
0.0036582915 	-0.0042791722 	-0.056024786 	0.57663065
0.003678392 	-0.0042834262 	-0.053207304 	0.54923768
0.0036984925 	-0.0041906363 	-0.0492055 	0.52465326
0.003718593 	-0.0039691702 	-0.044654062 	0.50161248
0.0037386935 	-0.0035953856 	-0.040025969 	0.47883857
0.003758794 	-0.0030771989 	-0.035648205 	0.45517482
0.0037788945 	-0.0030771989 	-0.035648205 	0.45517482
0.003798995 	-0.00245309 	-0.031723221 	0.42962311
0.0038190955 	-0.0017814007 	-0.028342606 	0.40134023
0.003839196 	-0.0011261503 	-0.025502674 	0.36963013
0.0038592965 	-0.0005443703 	-0.023117002 	0.33395232
0.003879397 	-7.4025375e-05 	-0.021020291 	0.29394254
0.0038994975 	0.00024707359 	-0.018969829 	0.24943789
0.003919598 	0.00039937473 	-0.016643567 	0.20048856
0.0039396985 	0.00039121981 	-0.013637959 	0.14735476
0.003959799 	0.00025276781 	-0.009491577 	0.090517073
0.0039798995 	5.1181876e-05 	-0.0037685215 	0.030780998
0.004 	5.1181876e-05 	-0.0037685215 	0.030780998
