0 	-0.0052437681 	0.022996568 	0.9861556
2.0100503e-05 	-0.0052437681 	0.022996568 	0.9861556
4.0201005e-05 	-0.0052437681 	0.022996568 	0.9861556
6.0301508e-05 	0.010816813 	0.021641642 	0.9959293
8.040201e-05 	0.010816813 	0.021641642 	0.9959293
0.00010050251 	0.010816813 	0.021641642 	0.9959293
0.00012060302 	0.017482209 	0.01747546 	1.0056401
0.00014070352 	0.017482209 	0.01747546 	1.0056401
0.00016080402 	0.017482209 	0.01747546 	1.0056401
0.00018090452 	0.021524197 	0.013237695 	1.0146844
0.00020100503 	0.021524197 	0.013237695 	1.0146844
0.00022110553 	0.021524197 	0.013237695 	1.0146844
0.00024120603 	0.024303049 	0.0092019999 	1.0226197
0.00026130653 	0.024303049 	0.0092019999 	1.0226197
0.00028140704 	0.021788117 	-0.00057589752 	1.0296713
0.00030150754 	0.021788117 	-0.00057589752 	1.0296713
0.00032160804 	0.021788117 	-0.00057589752 	1.0296713
0.00034170854 	0.02783275 	0.0024999914 	1.0345667
0.00036180905 	0.02783275 	0.0024999914 	1.0345667
0.00038190955 	0.02783275 	0.0024999914 	1.0345667
0.00040201005 	0.028932112 	8.0914257e-05 	1.0387482
0.00042211055 	0.028932112 	8.0914257e-05 	1.0387482
0.00044221106 	0.028932112 	8.0914257e-05 	1.0387482
0.00046231156 	0.029683839 	-0.0017010466 	1.0420158
0.00048241206 	0.029683839 	-0.0017010466 	1.0420158
0.00050251256 	0.030125302 	-0.0029569877 	1.0446108
0.00052261307 	0.030125302 	-0.0029569877 	1.0446108
0.00054271357 	0.030125302 	-0.0029569877 	1.0446108
0.00056281407 	0.030300228 	-0.0038916251 	1.0467452
0.00058291457 	0.030300228 	-0.0038916251 	1.0467452
0.00060301508 	0.030300228 	-0.0038916251 	1.0467452
0.00062311558 	0.030266939 	-0.0047905769 	1.0485662
0.00064321608 	0.030266939 	-0.0047905769 	1.0485662
0.00066331658 	0.025900221 	-0.0073292827 	1.0471825
0.00068341709 	0.025643435 	-0.0086501232 	1.0495178
0.00070351759 	0.025643435 	-0.0086501232 	1.0495178
0.00072361809 	0.025345637 	-0.01086346 	1.0518318
0.00074371859 	0.025345637 	-0.01086346 	1.0518318
0.0007638191 	0.025345637 	-0.01086346 	1.0518318
0.0007839196 	0.025173391 	-0.014313338 	1.0540854
0.0008040201 	0.025173391 	-0.014313338 	1.0540854
0.0008241206 	0.025173391 	-0.014313338 	1.0540854
0.00084422111 	0.025337355 	-0.019250893 	1.0562256
0.00086432161 	0.025337355 	-0.019250893 	1.0562256
0.00088442211 	0.025337355 	-0.019250893 	1.0562256
0.00090452261 	0.026087826 	-0.025756779 	1.0581393
0.00092462312 	0.026087826 	-0.025756779 	1.0581393
0.00094472362 	0.031093443 	-0.028868507 	1.0572872
0.00096482412 	0.031093443 	-0.028868507 	1.0572872
0.00098492462 	0.031093443 	-0.028868507 	1.0572872
0.0010050251 	0.033011079 	-0.038024678 	1.0586174
0.0010251256 	0.033011079 	-0.038024678 	1.0586174
0.0010452261 	0.033011079 	-0.038024678 	1.0586174
0.0010653266 	0.036126615 	-0.048494679 	1.0593685
0.0010854271 	0.036126615 	-0.048494679 	1.0593685
0.0011055276 	0.036126615 	-0.048494679 	1.0593685
0.0011256281 	0.040154386 	-0.058966765 	1.0589792
0.0011457286 	0.040154386 	-0.058966765 	1.0589792
0.0011658291 	0.040154386 	-0.058966765 	1.0589792
0.0011859296 	0.044661308 	-0.068622283 	1.0569384
0.0012060302 	0.044661308 	-0.068622283 	1.0569384
0.0012261307 	0.044661308 	-0.068622283 	1.0569384
0.0012462312 	0.049023172 	-0.076672978 	1.0527271
0.0012663317 	0.049023172 	-0.076672978 	1.0527271
0.0012864322 	0.049023172 	-0.076672978 	1.0527271
0.0013065327 	0.052427623 	-0.082268056 	1.0458196
0.0013266332 	0.052427623 	-0.082268056 	1.0458196
0.0013467337 	0.052427623 	-0.082268056 	1.0458196
0.0013668342 	0.053980811 	-0.084433968 	1.03594
0.0013869347 	0.053980811 	-0.084433968 	1.03594
0.0014070352 	0.053980811 	-0.084433968 	1.03594
0.0014271357 	0.052996259 	-0.082297088 	1.0234374
0.0014472362 	0.052996259 	-0.082297088 	1.0234374
0.0014673367 	0.052996259 	-0.082297088 	1.0234374
0.0014874372 	0.049387792 	-0.075651807 	1.0092087
0.0015075377 	0.049387792 	-0.075651807 	1.0092087
0.0015276382 	0.043803655 	-0.065308782 	0.99421009
0.0015477387 	0.043803655 	-0.065308782 	0.99421009
0.0015678392 	0.043803655 	-0.065308782 	0.99421009
0.0015879397 	0.037336951 	-0.052909616 	0.97925518
0.0016080402 	0.037336951 	-0.052909616 	0.97925518
0.0016281407 	0.037336951 	-0.052909616 	0.97925518
0.0016482412 	0.031111181 	-0.040364503 	0.96519208
0.0016683417 	0.031111181 	-0.040364503 	0.96519208
0.0016884422 	0.025975137 	-0.029211963 	0.95300642
0.0017085427 	0.025975137 	-0.029211963 	0.95300642
0.0017286432 	0.025975137 	-0.029211963 	0.95300642
0.0017487437 	0.022352527 	-0.020032287 	0.9437013
0.0017688442 	0.022352527 	-0.020032287 	0.9437013
0.0017889447 	0.022352527 	-0.020032287 	0.9437013
0.0018090452 	0.020162245 	-0.012263333 	0.93812427
0.0018291457 	0.020162245 	-0.012263333 	0.93812427
0.0018492462 	0.018846238 	-0.0046172301 	0.93683978
0.0018693467 	0.018846238 	-0.0046172301 	0.93683978
0.0018894472 	0.018846238 	-0.0046172301 	0.93683978
0.0019095477 	0.017654291 	0.0041212302 	0.93987862
0.0019296482 	0.017654291 	0.0041212302 	0.93987862
0.0019497487 	0.01591224 	0.014431977 	0.94639752
0.0019698492 	0.01591224 	0.014431977 	0.94639752
0.0019899497 	0.013290734 	0.025839077 	0.95423058
0.0020100503 	0.013290734 	0.025839077 	0.95423058
0.0020301508 	0.013290734 	0.025839077 	0.95423058
0.0020502513 	0.010040122 	0.037171338 	0.95941286
0.0020703518 	0.010040122 	0.037171338 	0.95941286
0.0020904523 	0.0069146396 	0.047055388 	0.95656905
0.0021105528 	0.0069146396 	0.047055388 	0.95656905
0.0021306533 	0.0069146396 	0.047055388 	0.95656905
0.0021507538 	0.0046705295 	0.05433567 	0.94111013
0.0021708543 	0.0046705295 	0.05433567 	0.94111013
0.0021909548 	0.003312818 	0.05830207 	0.91271732
0.0022110553 	0.003312818 	0.05830207 	0.91271732
0.0022311558 	0.0019053123 	0.058817253 	0.8770371
0.0022512563 	0.0019053123 	0.058817253 	0.8770371
0.0022713568 	-0.0006877616 	0.056448407 	0.84272343
0.0022914573 	-0.0006877616 	0.056448407 	0.84272343
0.0023115578 	-0.0006877616 	0.056448407 	0.84272343
0.0023316583 	-0.0047406858 	0.052367854 	0.81590979
0.0023517588 	-0.0047406858 	0.052367854 	0.81590979
0.0023718593 	-0.0096852739 	0.047815545 	0.79759355
0.0023919598 	-0.0096852739 	0.047815545 	0.79759355
0.0024120603 	-0.014880106 	0.043371064 	0.78531705
0.0024321608 	-0.014880106 	0.043371064 	0.78531705
0.0024522613 	-0.019902434 	0.038764313 	0.77583005
0.0024723618 	-0.019902434 	0.038764313 	0.77583005
0.0024924623 	-0.024476657 	0.033490367 	0.76631848
0.0025125628 	-0.024476657 	0.033490367 	0.76631848
0.0025326633 	-0.028396403 	0.027709138 	0.75486465
0.0025527638 	-0.028396403 	0.027709138 	0.75486465
0.0025728643 	-0.031634593 	0.022560046 	0.74108787
0.0025929648 	-0.031634593 	0.022560046 	0.74108787
0.0026130653 	-0.034398968 	0.019520784 	0.72638351
0.0026331658 	-0.034398968 	0.019520784 	0.72638351
0.0026532663 	-0.036990977 	0.01939855 	0.71301862
0.0026733668 	-0.036990977 	0.01939855 	0.71301862
0.0026934673 	-0.039637434 	0.021903917 	0.70271547
0.0027135678 	-0.039637434 	0.021903917 	0.70271547
0.0027336683 	-0.042413791 	0.026040833 	0.69581154
0.0027537688 	-0.042413791 	0.026040833 	0.69581154
0.0027738693 	-0.045243424 	0.030783902 	0.69138549
0.0027939698 	-0.045243424 	0.030783902 	0.69138549
0.0028140704 	-0.047956706 	0.035460793 	0.68803075
0.0028341709 	-0.047956706 	0.035460793 	0.68803075
0.0028542714 	-0.050376497 	0.039743155 	0.68460385
0.0028743719 	-0.052366971 	0.043457685 	0.68052648
0.0028944724 	-0.052366971 	0.043457685 	0.68052648
0.0029145729 	-0.053837372 	0.046441248 	0.67570223
0.0029346734 	-0.053837372 	0.046441248 	0.67570223
0.0029547739 	-0.054730029 	0.048493433 	0.670316
0.0029748744 	-0.054730029 	0.048493433 	0.670316
0.0029949749 	-0.055016252 	0.049392658 	0.6646781
0.0030150754 	-0.054700364 	0.048932011 	0.65913771
0.0030351759 	-0.054700364 	0.048932011 	0.65913771
0.0030552764 	-0.053825009 	0.046950234 	0.65403907
0.0030753769 	-0.053825009 	0.046950234 	0.65403907
0.0030954774 	-0.052471107 	0.04335483 	0.64969337
0.0031155779 	-0.050747286 	0.038130722 	0.64635483
0.0031356784 	-0.050747286 	0.038130722 	0.64635483
0.0031557789 	-0.048775571 	0.031340917 	0.64419752
0.0031758794 	-0.048775571 	0.031340917 	0.64419752
0.0031959799 	-0.046692806 	0.023145106 	0.64329626
0.0032160804 	-0.044630116 	0.013765629 	0.64361064
0.0032361809 	-0.044630116 	0.013765629 	0.64361064
0.0032562814 	-0.042634305 	0.0035044332 	0.64497307
0.0032763819 	-0.040746684 	-0.0072961537 	0.64705541
0.0032964824 	-0.040746684 	-0.0072961537 	0.64705541
0.0033165829 	-0.038963212 	-0.018285543 	0.64944799
0.0033366834 	-0.037222519 	-0.029102188 	0.65164973
0.0033567839 	-0.037222519 	-0.029102188 	0.65164973
0.0033768844 	-0.035513743 	-0.039373972 	0.65306475
0.0033969849 	-0.033788466 	-0.048725342 	0.65301211
0.0034170854 	-0.033788466 	-0.048725342 	0.65301211
0.0034371859 	-0.031943806 	-0.056778024 	0.65074014
0.0034572864 	-0.029844164 	-0.063152021 	0.64548168
0.0034773869 	-0.027363015 	-0.067489042 	0.63662987
0.0034974874 	-0.027363015 	-0.067489042 	0.63662987
0.0035175879 	-0.024442862 	-0.069496422 	0.62402051
0.0035376884 	-0.02114847 	-0.069003351 	0.6081699
0.0035577889 	-0.017671757 	-0.066009618 	0.59025475
0.0035778894 	-0.017671757 	-0.066009618 	0.59025475
0.0035979899 	-0.01427423 	-0.060705681 	0.57175372
0.0036180905 	-0.011198866 	-0.05345751 	0.55390991
0.003638191 	-0.0086013216 	-0.04476513 	0.53729473
0.0036582915 	-0.0086013216 	-0.04476513 	0.53729473
0.003678392 	-0.006529655 	-0.035204013 	0.52166374
0.0036984925 	-0.0049471596 	-0.02537365 	0.50610612
0.003718593 	-0.003773832 	-0.015836704 	0.48935974
0.0037386935 	-0.0029236358 	-0.007071418 	0.47014256
0.003758794 	-0.0023073491 	0.00056143241 	0.44740877
0.0037788945 	-0.0023073491 	0.00056143241 	0.44740877
0.003798995 	-0.0018528884 	0.0068336799 	0.42047757
0.0038190955 	-0.0015137711 	0.011647619 	0.3890666
0.003839196 	-0.0012529556 	0.015008172 	0.35325885
0.0038592965 	-0.0010378866 	0.016984895 	0.31343125
0.003879397 	-0.00084099574 	0.017668053 	0.27017185
0.0038994975 	-0.0006448673 	0.01712932 	0.22418685
0.003919598 	-0.0004461111 	0.015398021 	0.17619757
0.0039396985 	-0.00025699163 	0.012464937 	0.12683735
0.003959799 	-0.00010270328 	0.0083239249 	0.076579374
0.0039798995 	-1.3695253e-05 	0.0030579704 	0.025739134
0.004 	-1.3695253e-05 	0.0030579704 	0.025739134
