0 	-0.0038676669 	0.013832599 	1.0348901
5.5555556e-05 	-0.0032723139 	0.017384662 	1.0446464
0.00011111111 	-0.0063815645 	0.020527146 	1.052444
0.00016666667 	-0.0096600575 	0.022423309 	1.0583694
0.00022222222 	-0.012132738 	0.022732157 	1.062425
0.00027777778 	-0.01318898 	0.021581809 	1.0646503
0.00033333333 	-0.012435175 	0.019344862 	1.0652349
0.00038888889 	-0.0097039539 	0.016370433 	1.0644939
0.00044444444 	-0.0050526587 	0.012813251 	1.0627489
0.0005 	0.0012723695 	0.0086696836 	1.060236
0.00055555556 	0.0088403453 	0.0040188107 	1.0571688
0.00061111111 	0.01709743 	-0.00071550503 	1.0538564
0.00066666667 	0.025476297 	-0.0048008291 	1.0508097
0.00072222222 	0.033391871 	-0.0074004858 	1.0485626
0.00077777778 	0.04026259 	-0.0079898514 	1.0474191
0.00083333333 	0.045651211 	-0.0065409738 	1.0473947
0.00088888889 	0.049330934 	-0.0033452822 	1.0483764
0.00094444444 	0.051145491 	0.0011253805 	1.0502024
0.001 	0.051331801 	0.0069765387 	1.0531666
0.0010617199 	0.049391098 	0.014060393 	1.0571875
0.0011225874 	0.045554392 	0.0211889 	1.0617713
0.0011826143 	0.040082769 	0.026939494 	1.0660593
0.0012418122 	0.033160264 	0.0300315 	1.0689051
0.0013001926 	0.025106809 	0.030121784 	1.0697096
0.0013577668 	0.016255309 	0.028069263 	1.068742
0.0014145458 	0.0070883884 	0.025439294 	1.066399
0.0014705407 	-0.0016266964 	0.023957956 	1.062264
0.0015257623 	-0.0089138448 	0.025023876 	1.0552706
0.0015802213 	-0.013933061 	0.029394163 	1.0447573
0.0016339282 	-0.016292572 	0.037000652 	1.0312227
0.0016868934 	-0.01609828 	0.047067814 	1.0161294
0.0017391271 	-0.013808508 	0.058447625 	1.0011411
0.0017906395 	-0.0099933082 	0.069973686 	0.98750879
0.0018414404 	-0.0051434767 	0.080681772 	0.97588517
0.0018915398 	0.00037840545 	0.089841998 	0.96655676
0.0019409473 	0.0062434068 	0.096863872 	0.95974271
0.0019896725 	0.012097634 	0.10127062 	0.95573829
0.0020377248 	0.017538043 	0.10287785 	0.95476583
0.0020851134 	0.022143328 	0.10194781 	0.95673243
0.0021318476 	0.025610169 	0.099188157 	0.96116074
0.0021779364 	0.027848208 	0.095483902 	0.96731319
0.0022233887 	0.028994759 	0.091615366 	0.97431129
0.0022682133 	0.029380084 	0.088139512 	0.98111036
0.0023124189 	0.029452622 	0.085411395 	0.98640989
0.0023560139 	0.029700134 	0.083602349 	0.98869743
0.0023990069 	0.030501536 	0.082717099 	0.98663166
0.0024414062 	0.031845167 	0.082610843 	0.97983077
0.0024832199 	0.033064342 	0.083083135 	0.96982143
0.0025244562 	0.032846797 	0.083903909 	0.96039234
0.002565123 	0.029725329 	0.084734887 	0.95642772
0.0026052281 	0.022948067 	0.085108879 	0.96104892
0.0026447794 	0.013164077 	0.084598451 	0.97272365
0.0026837845 	0.0023306992 	0.083067977 	0.98510078
0.0027222509 	-0.0073284458 	0.080683292 	0.99061069
0.0027601861 	-0.014580307 	0.077668154 	0.98522358
0.0027975974 	-0.019611164 	0.073937192 	0.97019688
0.002834492 	-0.023395609 	0.068890018 	0.9498896
0.0028708772 	-0.02682801 	0.061535957 	0.92853451
0.0029067598 	-0.030389284 	0.051128302 	0.90870518
0.0029421469 	-0.034139241 	0.037799487 	0.89093899
0.0029770452 	-0.037615698 	0.022601599 	0.87368544
0.0030114616 	-0.039894416 	0.0070891809 	0.85411605
0.0030454028 	-0.040233648 	-0.0071483721 	0.82982107
0.0030788752 	-0.038558802 	-0.019018469 	0.80008908
0.0031118853 	-0.035323378 	-0.028113856 	0.76611453
0.0031444395 	-0.03131872 	-0.034660689 	0.73026843
0.0031765442 	-0.027405886 	-0.039241087 	0.69513423
0.0032082055 	-0.024236715 	-0.042500872 	0.66274476
0.0032394295 	-0.022110082 	-0.044954202 	0.63425506
0.0032702223 	-0.020980409 	-0.04690934 	0.60997394
0.0033005899 	-0.020573382 	-0.048491887 	0.58960636
0.0033305381 	-0.020533431 	-0.049701205 	0.57255021
0.0033600727 	-0.02054249 	-0.05046614 	0.55813861
0.0033891994 	-0.020386077 	-0.050690315 	0.54578439
0.0034179239 	-0.019968129 	-0.050280467 	0.53503354
0.0034462517 	-0.01929241 	-0.049159876 	0.5255558
0.0034741882 	-0.018427484 	-0.047274247 	0.51710109
0.003501739 	-0.017471501 	-0.04459269 	0.50944485
0.0035289093 	-0.016525429 	-0.041106865 	0.50233929
0.0035557043 	-0.015676266 	-0.036832878 	0.49547743
0.0035821293 	-0.014988132 	-0.031814826 	0.48847472
0.0036081894 	-0.014498323 	-0.026132852 	0.48086566
0.0036338895 	-0.014216605 	-0.019910386 	0.47211534
0.0036592348 	-0.014122179 	-0.013322059 	0.46164398
0.00368423 	-0.014161752 	-0.0065941849 	0.44886266
0.00370888 	-0.014241148 	-1.2965033e-06 	0.43319965
0.0037331896 	-0.014278604 	0.0061488685 	0.41420984
0.0037571635 	-0.014160635 	0.011529831 	0.39159419
0.0037808063 	-0.013728725 	0.015835825 	0.36523615
0.0038041226 	-0.012884817 	0.01879865 	0.33523903
0.0038271169 	-0.01160138 	0.02022789 	0.30196485
0.0038497936 	-0.0099228257 	0.020054775 	0.26600528
0.0038721572 	-0.007963026 	0.018367101 	0.22806855
0.0038942119 	-0.0058841862 	0.015419012 	0.18881428
0.003915962 	-0.0038695501 	0.011613849 	0.14870182
0.0039374118 	-0.0021065207 	0.0074735245 	0.10790111
0.0039585653 	-0.00077985065 	0.003607473 	0.066243227
0.0039794267 	-7.058145e-05 	0.00067750501 	0.023110672
0.004 	-7.058145e-05 	0.00067750501 	0.023110672
