0 	-0.043936995 	-0.065477642 	1.0646632
2.0100503e-05 	-0.043936995 	-0.065477642 	1.0646632
4.0201005e-05 	-0.043936995 	-0.065477642 	1.0646632
6.0301508e-05 	-0.0056863732 	-0.083452505 	1.0559419
8.040201e-05 	-0.0056863732 	-0.083452505 	1.0559419
0.00010050251 	-0.0056863732 	-0.083452505 	1.0559419
0.00012060302 	0.0091702995 	-0.08787009 	1.0468841
0.00014070352 	0.0091702995 	-0.08787009 	1.0468841
0.00016080402 	0.0091702995 	-0.08787009 	1.0468841
0.00018090452 	0.017816929 	-0.091173353 	1.0376301
0.00020100503 	0.017816929 	-0.091173353 	1.0376301
0.00022110553 	0.017816929 	-0.091173353 	1.0376301
0.00024120603 	0.023201022 	-0.094633872 	1.0282208
0.00026130653 	0.023201022 	-0.094633872 	1.0282208
0.00028140704 	0.025964444 	-0.098878206 	1.0187228
0.00030150754 	0.025964444 	-0.098878206 	1.0187228
0.00032160804 	0.025964444 	-0.098878206 	1.0187228
0.00034170854 	0.02626473 	-0.10425783 	1.0094375
0.00036180905 	0.02626473 	-0.10425783 	1.0094375
0.00038190955 	0.02626473 	-0.10425783 	1.0094375
0.00040201005 	0.024188419 	-0.11075747 	1.000911
0.00042211055 	0.024188419 	-0.11075747 	1.000911
0.00044221106 	0.024188419 	-0.11075747 	1.000911
0.00046231156 	0.019929227 	-0.11802885 	0.99366514
0.00048241206 	0.019929227 	-0.11802885 	0.99366514
0.00050251256 	0.013986146 	-0.12539062 	0.98803069
0.00052261307 	0.013986146 	-0.12539062 	0.98803069
0.00054271357 	0.013986146 	-0.12539062 	0.98803069
0.00056281407 	0.0073207296 	-0.13165714 	0.98439975
0.00058291457 	0.0073207296 	-0.13165714 	0.98439975
0.00060301508 	0.0073207296 	-0.13165714 	0.98439975
0.00062311558 	0.0013165221 	-0.13511038 	0.98357039
0.00064321608 	0.0013165221 	-0.13511038 	0.98357039
0.00066331658 	0.0013165221 	-0.13511038 	0.98357039
0.00068341709 	-0.0025717566 	-0.13397234 	0.98663974
0.00070351759 	-0.0025717566 	-0.13397234 	0.98663974
0.00072361809 	-0.0035018221 	-0.12733482 	0.99446853
0.00074371859 	-0.0035018221 	-0.12733482 	0.99446853
0.0007638191 	-0.0035018221 	-0.12733482 	0.99446853
0.0007839196 	-0.001871641 	-0.11597393 	1.0071516
0.0008040201 	-0.001871641 	-0.11597393 	1.0071516
0.0008241206 	-0.001871641 	-0.11597393 	1.0071516
0.00084422111 	0.00068082793 	-0.1020925 	1.023722
0.00086432161 	0.00068082793 	-0.1020925 	1.023722
0.00088442211 	0.00068082793 	-0.1020925 	1.023722
0.00090452261 	0.0024948763 	-0.087794809 	1.0420022
0.00092462312 	0.0024948763 	-0.087794809 	1.0420022
0.00094472362 	0.0024796975 	-0.073392052 	1.0584138
0.00096482412 	0.0024796975 	-0.073392052 	1.0584138
0.00098492462 	0.0024796975 	-0.073392052 	1.0584138
0.0010050251 	-0.0028054179 	-0.051111715 	1.0659521
0.0010251256 	-0.0028054179 	-0.051111715 	1.0659521
0.0010452261 	-0.0028054179 	-0.051111715 	1.0659521
0.0010653266 	-0.0083134199 	-0.029804765 	1.0603638
0.0010854271 	-0.0083134199 	-0.029804765 	1.0603638
0.0011055276 	-0.0083134199 	-0.029804765 	1.0603638
0.0011256281 	-0.014738095 	-0.0097320623 	1.0497135
0.0011457286 	-0.014738095 	-0.0097320623 	1.0497135
0.0011658291 	-0.014738095 	-0.0097320623 	1.0497135
0.0011859296 	-0.022049173 	0.0034645104 	1.0391961
0.0012060302 	-0.022049173 	0.0034645104 	1.0391961
0.0012261307 	-0.022049173 	0.0034645104 	1.0391961
0.0012462312 	-0.029104201 	0.0075826692 	1.0302073
0.0012663317 	-0.029104201 	0.0075826692 	1.0302073
0.0012864322 	-0.029104201 	0.0075826692 	1.0302073
0.0013065327 	-0.034493521 	0.0035174297 	1.0231341
0.0013266332 	-0.034493521 	0.0035174297 	1.0231341
0.0013467337 	-0.034493521 	0.0035174297 	1.0231341
0.0013668342 	-0.037676463 	-0.0055407486 	1.017799
0.0013869347 	-0.037676463 	-0.0055407486 	1.017799
0.0014070352 	-0.037676463 	-0.0055407486 	1.017799
0.0014271357 	-0.039160817 	-0.014561903 	1.0131069
0.0014472362 	-0.039160817 	-0.014561903 	1.0131069
0.0014673367 	-0.039160817 	-0.014561903 	1.0131069
0.0014874372 	-0.039813922 	-0.018543722 	1.008063
0.0015075377 	-0.039813922 	-0.018543722 	1.008063
0.0015276382 	-0.040110421 	-0.014809714 	1.0026626
0.0015477387 	-0.040110421 	-0.014809714 	1.0026626
0.0015678392 	-0.040110421 	-0.014809714 	1.0026626
0.0015879397 	-0.040049999 	-0.0037070826 	0.99735521
0.0016080402 	-0.040049999 	-0.0037070826 	0.99735521
0.0016281407 	-0.040049999 	-0.0037070826 	0.99735521
0.0016482412 	-0.039603713 	0.012358372 	0.99216259
0.0016683417 	-0.039603713 	0.012358372 	0.99216259
0.0016884422 	-0.038940858 	0.030085623 	0.9864881
0.0017085427 	-0.038940858 	0.030085623 	0.9864881
0.0017286432 	-0.038940858 	0.030085623 	0.9864881
0.0017487437 	-0.03822561 	0.045895478 	0.97965323
0.0017688442 	-0.03822561 	0.045895478 	0.97965323
0.0017889447 	-0.03822561 	0.045895478 	0.97965323
0.0018090452 	-0.037447222 	0.056640295 	0.97153286
0.0018291457 	-0.037447222 	0.056640295 	0.97153286
0.0018492462 	-0.036500159 	0.060587746 	0.96238091
0.0018693467 	-0.036500159 	0.060587746 	0.96238091
0.0018894472 	-0.036500159 	0.060587746 	0.96238091
0.0019095477 	-0.035350383 	0.058196999 	0.95197185
0.0019296482 	-0.035350383 	0.058196999 	0.95197185
0.0019497487 	-0.034108558 	0.052006896 	0.93923436
0.0019698492 	-0.034108558 	0.052006896 	0.93923436
0.0019899497 	-0.032892475 	0.045294812 	0.92327636
0.0020100503 	-0.032892475 	0.045294812 	0.92327636
0.0020301508 	-0.032892475 	0.045294812 	0.92327636
0.0020502513 	-0.031616423 	0.040240679 	0.90498273
0.0020703518 	-0.031616423 	0.040240679 	0.90498273
0.0020904523 	-0.030068146 	0.037117306 	0.88741857
0.0021105528 	-0.030068146 	0.037117306 	0.88741857
0.0021306533 	-0.030068146 	0.037117306 	0.88741857
0.0021507538 	-0.028190508 	0.035051396 	0.87431805
0.0021708543 	-0.028190508 	0.035051396 	0.87431805
0.0021909548 	-0.026178616 	0.033244034 	0.86804989
0.0022110553 	-0.026178616 	0.033244034 	0.86804989
0.0022311558 	-0.024340188 	0.031448803 	0.86852691
0.0022512563 	-0.024340188 	0.031448803 	0.86852691
0.0022713568 	-0.02291143 	0.029691588 	0.87359569
0.0022914573 	-0.02291143 	0.029691588 	0.87359569
0.0023115578 	-0.02291143 	0.029691588 	0.87359569
0.0023316583 	-0.021912571 	0.027859094 	0.88032114
0.0023517588 	-0.021912571 	0.027859094 	0.88032114
0.0023718593 	-0.021260319 	0.025549858 	0.88621192
0.0023919598 	-0.021260319 	0.025549858 	0.88621192
0.0024120603 	-0.020790304 	0.022199638 	0.88992736
0.0024321608 	-0.020790304 	0.022199638 	0.88992736
0.0024522613 	-0.02022695 	0.01723316 	0.89124796
0.0024723618 	-0.02022695 	0.01723316 	0.89124796
0.0024924623 	-0.019290021 	0.010299982 	0.89067853
0.0025125628 	-0.019290021 	0.010299982 	0.89067853
0.0025326633 	-0.017683821 	0.0014471329 	0.88897544
0.0025527638 	-0.017683821 	0.0014471329 	0.88897544
0.0025728643 	-0.015131339 	-0.0088516204 	0.88681991
0.0025929648 	-0.015131339 	-0.0088516204 	0.88681991
0.0026130653 	-0.011569257 	-0.019816403 	0.88468568
0.0026331658 	-0.011569257 	-0.019816403 	0.88468568
0.0026532663 	-0.0071317292 	-0.030609621 	0.88282426
0.0026733668 	-0.0071317292 	-0.030609621 	0.88282426
0.0026934673 	-0.0020326539 	-0.040561165 	0.88126305
0.0027135678 	-0.0020326539 	-0.040561165 	0.88126305
0.0027336683 	0.0034430878 	-0.049272874 	0.87987691
0.0027537688 	0.0034430878 	-0.049272874 	0.87987691
0.0027738693 	0.0089903848 	-0.056567505 	0.87841463
0.0027939698 	0.0089903848 	-0.056567505 	0.87841463
0.0028140704 	0.014290645 	-0.062369936 	0.87654759
0.0028341709 	0.014290645 	-0.062369936 	0.87654759
0.0028542714 	0.019024513 	-0.066587364 	0.87393721
0.0028743719 	0.022883587 	-0.069048112 	0.87030504
0.0028944724 	0.022883587 	-0.069048112 	0.87030504
0.0029145729 	0.025606188 	-0.069502383 	0.86550078
0.0029346734 	0.025606188 	-0.069502383 	0.86550078
0.0029547739 	0.027018823 	-0.067679337 	0.85954655
0.0029748744 	0.027018823 	-0.067679337 	0.85954655
0.0029949749 	0.027075289 	-0.063383546 	0.85266392
0.0030150754 	0.025882868 	-0.056621745 	0.84524842
0.0030351759 	0.025882868 	-0.056621745 	0.84524842
0.0030552764 	0.023678709 	-0.04776465 	0.83777922
0.0030753769 	0.023678709 	-0.04776465 	0.83777922
0.0030954774 	0.020762584 	-0.037733774 	0.83064271
0.0031155779 	0.017406922 	-0.028143218 	0.82387874
0.0031356784 	0.017406922 	-0.028143218 	0.82387874
0.0031557789 	0.01379176 	-0.021204246 	0.81696272
0.0031758794 	0.01379176 	-0.021204246 	0.81696272
0.0031959799 	0.010000291 	-0.019143999 	0.80886633
0.0032160804 	0.0060611627 	-0.023163893 	0.7985478
0.0032361809 	0.0060611627 	-0.023163893 	0.7985478
0.0032562814 	0.0019806728 	-0.032512358 	0.7856845
0.0032763819 	-0.0022233331 	-0.044448242 	0.77110131
0.0032964824 	-0.0022233331 	-0.044448242 	0.77110131
0.0033165829 	-0.0064120456 	-0.055243638 	0.75634445
0.0033366834 	-0.010297316 	-0.061634627 	0.74253008
0.0033567839 	-0.010297316 	-0.061634627 	0.74253008
0.0033768844 	-0.013449498 	-0.061919414 	0.72935225
0.0033969849 	-0.015407872 	-0.056259492 	0.71498079
0.0034170854 	-0.015407872 	-0.056259492 	0.71498079
0.0034371859 	-0.015927804 	-0.04628116 	0.69676966
0.0034572864 	-0.01510954 	-0.034341828 	0.67256904
0.0034773869 	-0.0134425 	-0.022716697 	0.64222577
0.0034974874 	-0.0134425 	-0.022716697 	0.64222577
0.0035175879 	-0.011720542 	-0.012926522 	0.60829127
0.0035376884 	-0.010762932 	-0.0054805283 	0.57506589
0.0035577889 	-0.011062897 	-0.00010120308 	0.5463686
0.0035778894 	-0.011062897 	-0.00010120308 	0.5463686
0.0035979899 	-0.012570825 	0.0037561275 	0.52371532
0.0036180905 	-0.014747112 	0.0064256968 	0.50618916
0.003638191 	-0.016842101 	0.0078937643 	0.49172038
0.0036582915 	-0.016842101 	0.0078937643 	0.49172038
0.003678392 	-0.018222256 	0.008020374 	0.47841984
0.0036984925 	-0.018541192 	0.0068339358 	0.46509912
0.003718593 	-0.017761805 	0.0046620826 	0.45108579
0.0037386935 	-0.016065456 	0.0020390836 	0.43591533
0.003758794 	-0.013732227 	-0.00046087512 	0.41914529
0.0037788945 	-0.013732227 	-0.00046087512 	0.41914529
0.003798995 	-0.011051156 	-0.002325339 	0.40029993
0.0038190955 	-0.0083003829 	-0.0031879349 	0.37883924
0.003839196 	-0.0057353242 	-0.002909388 	0.35411508
0.0038592965 	-0.0035654206 	-0.001641957 	0.32531115
0.003879397 	-0.0019203908 	0.00018508557 	0.29144205
0.0038994975 	-0.00082871176 	0.0019791452 	0.25151539
0.003919598 	-0.00022543601 	0.0031591301 	0.20487288
0.0039396985 	1.1553202e-05 	0.0033432323 	0.15160047
0.003959799 	3.8643316e-05 	0.0024939724 	0.092861577
0.0039798995 	6.674568e-06 	0.00093955811 	0.031013077
0.004 	6.674568e-06 	0.00093955811 	0.031013077
