0 	0.026650797 	0.008725523 	1.0161527
2.0100503e-05 	0.018762346 	-0.028773271 	1.014474
4.0201005e-05 	0.018762346 	-0.028773271 	1.014474
6.0301508e-05 	0.011662651 	-0.040816737 	1.0132797
8.040201e-05 	0.011662651 	-0.040816737 	1.0132797
0.00010050251 	0.011662651 	-0.040816737 	1.0132797
0.00012060302 	0.012769688 	-0.049534402 	1.0124112
0.00014070352 	0.012769688 	-0.049534402 	1.0124112
0.00016080402 	0.012769688 	-0.049534402 	1.0124112
0.00018090452 	0.015016938 	-0.057780404 	1.011618
0.00020100503 	0.015016938 	-0.057780404 	1.011618
0.00022110553 	0.015016938 	-0.057780404 	1.011618
0.00024120603 	0.017040289 	-0.065434105 	1.0104663
0.00026130653 	0.017040289 	-0.065434105 	1.0104663
0.00028140704 	0.018472132 	-0.07207015 	1.008117
0.00030150754 	0.018472132 	-0.07207015 	1.008117
0.00032160804 	0.018472132 	-0.07207015 	1.008117
0.00034170854 	0.019318867 	-0.076609774 	1.0032893
0.00036180905 	0.019318867 	-0.076609774 	1.0032893
0.00038190955 	0.019318867 	-0.076609774 	1.0032893
0.00040201005 	0.01965235 	-0.077388551 	0.99523776
0.00042211055 	0.01965235 	-0.077388551 	0.99523776
0.00044221106 	0.01965235 	-0.077388551 	0.99523776
0.00046231156 	0.019442494 	-0.073381386 	0.98515145
0.00048241206 	0.019442494 	-0.073381386 	0.98515145
0.00050251256 	0.018501087 	-0.065944414 	0.97577561
0.00052261307 	0.018501087 	-0.065944414 	0.97577561
0.00054271357 	0.018501087 	-0.065944414 	0.97577561
0.00056281407 	0.01644952 	-0.058530463 	0.9693502
0.00058291457 	0.01644952 	-0.058530463 	0.9693502
0.00060301508 	0.01644952 	-0.058530463 	0.9693502
0.00062311558 	0.012279615 	-0.054210817 	0.9621952
0.00064321608 	0.012279615 	-0.054210817 	0.9621952
0.00066331658 	0.012279615 	-0.054210817 	0.9621952
0.00068341709 	0.0076874873 	-0.052494539 	0.96130042
0.00070351759 	0.0076874873 	-0.052494539 	0.96130042
0.00072361809 	0.0022148727 	-0.054291857 	0.96328864
0.00074371859 	0.0022148727 	-0.054291857 	0.96328864
0.0007638191 	0.0022148727 	-0.054291857 	0.96328864
0.0007839196 	-0.0034276466 	-0.057166611 	0.96798395
0.0008040201 	-0.0034276466 	-0.057166611 	0.96798395
0.0008241206 	-0.0034276466 	-0.057166611 	0.96798395
0.00084422111 	-0.0084809477 	-0.058605282 	0.97491879
0.00086432161 	-0.0084809477 	-0.058605282 	0.97491879
0.00088442211 	-0.0084809477 	-0.058605282 	0.97491879
0.00090452261 	-0.012250135 	-0.056936571 	0.9830133
0.00092462312 	-0.012250135 	-0.056936571 	0.9830133
0.00094472362 	-0.014304398 	-0.051507686 	0.99105817
0.00096482412 	-0.014304398 	-0.051507686 	0.99105817
0.00098492462 	-0.014304398 	-0.051507686 	0.99105817
0.0010050251 	-0.014799065 	-0.042184329 	0.99875397
0.0010251256 	-0.014799065 	-0.042184329 	0.99875397
0.0010452261 	-0.0097796686 	-0.040887224 	1.0006131
0.0010653266 	-0.009224876 	-0.028348 	1.0065073
0.0010854271 	-0.009224876 	-0.028348 	1.0065073
0.0011055276 	-0.009224876 	-0.028348 	1.0065073
0.0011256281 	-0.0088714538 	-0.016873844 	1.0104892
0.0011457286 	-0.0088714538 	-0.016873844 	1.0104892
0.0011658291 	-0.012324161 	-0.018294855 	1.0106065
0.0011859296 	-0.011021372 	-0.0084247875 	1.0135526
0.0012060302 	-0.0091008175 	-0.0079308735 	1.0117924
0.0012261307 	-0.0091008175 	-0.0079308735 	1.0117924
0.0012462312 	-0.0099647207 	-0.0019479171 	1.0101627
0.0012663317 	-0.0099647207 	-0.0019479171 	1.0101627
0.0012864322 	-0.0099647207 	-0.0019479171 	1.0101627
0.0013065327 	-0.011225845 	0.0014874462 	1.0061553
0.0013266332 	-0.011225845 	0.0014874462 	1.0061553
0.0013467337 	-0.011225845 	0.0014874462 	1.0061553
0.0013668342 	-0.012545996 	0.0032878863 	1.0008169
0.0013869347 	-0.012545996 	0.0032878863 	1.0008169
0.0014070352 	-0.012545996 	0.0032878863 	1.0008169
0.0014271357 	-0.013583314 	0.0045027071 	0.99517156
0.0014472362 	-0.013583314 	0.0045027071 	0.99517156
0.0014673367 	-0.013583314 	0.0045027071 	0.99517156
0.0014874372 	-0.014236973 	0.0058628371 	0.9899845
0.0015075377 	-0.014236973 	0.0058628371 	0.9899845
0.0015276382 	-0.014790109 	0.0074819166 	0.98574854
0.0015477387 	-0.014790109 	0.0074819166 	0.98574854
0.0015678392 	-0.014790109 	0.0074819166 	0.98574854
0.0015879397 	-0.015791873 	0.0089075645 	0.98262889
0.0016080402 	-0.015791873 	0.0089075645 	0.98262889
0.0016281407 	-0.015791873 	0.0089075645 	0.98262889
0.0016482412 	-0.017709168 	0.0095161403 	0.98034197
0.0016683417 	-0.017709168 	0.0095161403 	0.98034197
0.0016884422 	-0.02061219 	0.0089708701 	0.97815256
0.0017085427 	-0.02061219 	0.0089708701 	0.97815256
0.0017286432 	-0.02061219 	0.0089708701 	0.97815256
0.0017487437 	-0.024134951 	0.0074222075 	0.97514353
0.0017688442 	-0.024134951 	0.0074222075 	0.97514353
0.0017889447 	-0.024134951 	0.0074222075 	0.97514353
0.0018090452 	-0.027712908 	0.0053511606 	0.97064986
0.0018291457 	-0.027712908 	0.0053511606 	0.97064986
0.0018492462 	-0.030878698 	0.0032339844 	0.96456495
0.0018693467 	-0.030878698 	0.0032339844 	0.96456495
0.0018894472 	-0.030878698 	0.0032339844 	0.96456495
0.0019095477 	-0.033420009 	0.0013105818 	0.95729132
0.0019296482 	-0.033420009 	0.0013105818 	0.95729132
0.0019497487 	-0.035373351 	-0.00041615088 	0.94941443
0.0019698492 	-0.035373351 	-0.00041615088 	0.94941443
0.0019899497 	-0.036944269 	-0.0020084405 	0.94131653
0.0020100503 	-0.036944269 	-0.0020084405 	0.94131653
0.0020301508 	-0.036944269 	-0.0020084405 	0.94131653
0.0020502513 	-0.038455681 	-0.0034144994 	0.93302709
0.0020703518 	-0.038455681 	-0.0034144994 	0.93302709
0.0020904523 	-0.040225535 	-0.0044891421 	0.92437433
0.0021105528 	-0.040225535 	-0.0044891421 	0.92437433
0.0021306533 	-0.040225535 	-0.0044891421 	0.92437433
0.0021507538 	-0.042385371 	-0.0052172033 	0.91532498
0.0021708543 	-0.042385371 	-0.0052172033 	0.91532498
0.0021909548 	-0.04475283 	-0.0058762954 	0.9062537
0.0022110553 	-0.04475283 	-0.0058762954 	0.9062537
0.0022311558 	-0.046942814 	-0.0069162719 	0.89794436
0.0022512563 	-0.046942814 	-0.0069162719 	0.89794436
0.0022713568 	-0.04864683 	-0.0086422543 	0.89127138
0.0022914573 	-0.04864683 	-0.0086422543 	0.89127138
0.0023115578 	-0.04864683 	-0.0086422543 	0.89127138
0.0023316583 	-0.049799998 	-0.011017642 	0.8867494
0.0023517588 	-0.049799998 	-0.011017642 	0.8867494
0.0023718593 	-0.050503462 	-0.013793819 	0.88436423
0.0023919598 	-0.050503462 	-0.013793819 	0.88436423
0.0024120603 	-0.050848031 	-0.016732318 	0.88376552
0.0024321608 	-0.050848031 	-0.016732318 	0.88376552
0.0024522613 	-0.05084102 	-0.019735375 	0.88450964
0.0024723618 	-0.05084102 	-0.019735375 	0.88450964
0.0024924623 	-0.05041773 	-0.022805923 	0.88615197
0.0025125628 	-0.05041773 	-0.022805923 	0.88615197
0.0025326633 	-0.049463629 	-0.025983169 	0.88824778
0.0025527638 	-0.049463629 	-0.025983169 	0.88824778
0.0025728643 	-0.047850348 	-0.029312706 	0.89034626
0.0025929648 	-0.047850348 	-0.029312706 	0.89034626
0.0026130653 	-0.045481888 	-0.032817137 	0.89200279
0.0026331658 	-0.045481888 	-0.032817137 	0.89200279
0.0026532663 	-0.042283408 	-0.036468074 	0.8928205
0.0026733668 	-0.042283408 	-0.036468074 	0.8928205
0.0026934673 	-0.038227761 	-0.040215932 	0.89248535
0.0027135678 	-0.038227761 	-0.040215932 	0.89248535
0.0027336683 	-0.033306994 	-0.043991877 	0.89078807
0.0027537688 	-0.033306994 	-0.043991877 	0.89078807
0.0027738693 	-0.027534363 	-0.047707059 	0.8876238
0.0027939698 	-0.027534363 	-0.047707059 	0.8876238
0.0028140704 	-0.020948646 	-0.051269084 	0.88298718
0.0028341709 	-0.020948646 	-0.051269084 	0.88298718
0.0028542714 	-0.013625146 	-0.054586308 	0.87697996
0.0028743719 	-0.0056725433 	-0.057571008 	0.86978493
0.0028944724 	-0.0056725433 	-0.057571008 	0.86978493
0.0029145729 	0.0027656547 	-0.060145963 	0.8616568
0.0029346734 	0.0027656547 	-0.060145963 	0.8616568
0.0029547739 	0.011510265 	-0.062243244 	0.85289227
0.0029748744 	0.011510265 	-0.062243244 	0.85289227
0.0029949749 	0.020354154 	-0.063802631 	0.84383728
0.0030150754 	0.029070547 	-0.06474928 	0.83487559
0.0030351759 	0.029070547 	-0.06474928 	0.83487559
0.0030552764 	0.037429549 	-0.06497335 	0.82642335
0.0030753769 	0.037429549 	-0.06497335 	0.82642335
0.0030954774 	0.045206236 	-0.064329095 	0.818981
0.0031155779 	0.052183936 	-0.062675242 	0.81300708
0.0031356784 	0.052183936 	-0.062675242 	0.81300708
0.0031557789 	0.058189334 	-0.059940378 	0.80884488
0.0031758794 	0.058189334 	-0.059940378 	0.80884488
0.0031959799 	0.06312279 	-0.05617088 	0.80662824
0.0032160804 	0.066974913 	-0.051528812 	0.80626109
0.0032361809 	0.066974913 	-0.051528812 	0.80626109
0.0032562814 	0.069807921 	-0.046242796 	0.80748551
0.0032763819 	0.071725685 	-0.040549248 	0.80997716
0.0032964824 	0.071725685 	-0.040549248 	0.80997716
0.0033165829 	0.07283235 	-0.034650103 	0.81342058
0.0033366834 	0.073218491 	-0.028705638 	0.81756592
0.0033567839 	0.073218491 	-0.028705638 	0.81756592
0.0033768844 	0.072947419 	-0.022833931 	0.82219358
0.0033969849 	0.072061403 	-0.017124077 	0.82713726
0.0034170854 	0.072061403 	-0.017124077 	0.82713726
0.0034371859 	0.070581333 	-0.011632762 	0.83221855
0.0034572864 	0.068531652 	-0.0063947586 	0.83728912
0.0034773869 	0.065894004 	-0.0014243314 	0.84224114
0.0034974874 	0.065894004 	-0.0014243314 	0.84224114
0.0035175879 	0.062653566 	0.003274848 	0.84703148
0.0035376884 	0.058843178 	0.0076934857 	0.85165966
0.0035577889 	0.05444986 	0.011794383 	0.85614644
0.0035778894 	0.05444986 	0.011794383 	0.85614644
0.0035979899 	0.049407808 	0.01548001 	0.86049223
0.0036180905 	0.043650279 	0.018576008 	0.86457315
0.003638191 	0.03716408 	0.020883087 	0.86801365
0.0036582915 	0.03716408 	0.020883087 	0.86801365
0.003678392 	0.030050709 	0.022338333 	0.86990145
0.0036984925 	0.022611514 	0.023223841 	0.86827886
0.003718593 	0.015409392 	0.024167021 	0.85961786
0.0037386935 	0.0091980373 	0.025731757 	0.83896288
0.003758794 	0.0046480154 	0.027784604 	0.8014632
0.0037788945 	0.0046480154 	0.027784604 	0.8014632
0.003798995 	0.0019929632 	0.029333003 	0.74490396
0.0038190955 	0.00089864807 	0.02923952 	0.67139031
0.003839196 	0.00071268524 	0.027200143 	0.58660876
0.0038592965 	0.00085730714 	0.023954759 	0.49722129
0.003879397 	0.0010041379 	0.020594484 	0.40860509
0.0038994975 	0.0010164814 	0.017758065 	0.32404041
0.003919598 	0.00087183713 	0.015347731 	0.24490738
0.0039396985 	0.00060768793 	0.012744684 	0.17114565
0.003959799 	0.00030086593 	0.0091777757 	0.10164715
0.0039798995 	5.5673216e-05 	0.0039178155 	0.034386844
0.004 	5.5673216e-05 	0.0039178155 	0.034386844
