0 	0.015391773 	0.0093011777 	1.0756475
2.0100503e-05 	0.0050155032 	-0.011896501 	1.0716979
4.0201005e-05 	0.0050155032 	-0.011896501 	1.0716979
6.0301508e-05 	-0.0043448331 	-0.0062943039 	1.0640595
8.040201e-05 	-0.0043448331 	-0.0062943039 	1.0640595
0.00010050251 	-0.0043448331 	-0.0062943039 	1.0640595
0.00012060302 	-0.008538789 	0.0022980516 	1.053639
0.00014070352 	-0.008538789 	0.0022980516 	1.053639
0.00016080402 	-0.008538789 	0.0022980516 	1.053639
0.00018090452 	-0.011748841 	0.010852548 	1.041857
0.00020100503 	-0.011748841 	0.010852548 	1.041857
0.00022110553 	-0.011748841 	0.010852548 	1.041857
0.00024120603 	-0.014651224 	0.017785177 	1.030165
0.00026130653 	-0.014651224 	0.017785177 	1.030165
0.00028140704 	-0.017620203 	0.021999348 	1.0193412
0.00030150754 	-0.017620203 	0.021999348 	1.0193412
0.00032160804 	-0.017620203 	0.021999348 	1.0193412
0.00034170854 	-0.020902865 	0.023499845 	1.0092036
0.00036180905 	-0.020902865 	0.023499845 	1.0092036
0.00038190955 	-0.020902865 	0.023499845 	1.0092036
0.00040201005 	-0.024572475 	0.023113778 	0.99903646
0.00042211055 	-0.024572475 	0.023113778 	0.99903646
0.00044221106 	-0.024572475 	0.023113778 	0.99903646
0.00046231156 	-0.028650365 	0.021660246 	0.98830494
0.00048241206 	-0.028650365 	0.021660246 	0.98830494
0.00050251256 	-0.033245955 	0.019478402 	0.97698524
0.00052261307 	-0.033245955 	0.019478402 	0.97698524
0.00054271357 	-0.033245955 	0.019478402 	0.97698524
0.00056281407 	-0.038523263 	0.016653443 	0.96521874
0.00058291457 	-0.038523263 	0.016653443 	0.96521874
0.00060301508 	-0.038523263 	0.016653443 	0.96521874
0.00062311558 	-0.037536931 	0.019092212 	0.9610149
0.00064321608 	-0.037536931 	0.019092212 	0.9610149
0.00066331658 	-0.037536931 	0.019092212 	0.9610149
0.00068341709 	-0.043941946 	0.017757862 	0.94678282
0.00070351759 	-0.043941946 	0.017757862 	0.94678282
0.00072361809 	-0.049436538 	0.019062004 	0.9303652
0.00074371859 	-0.049436538 	0.019062004 	0.9303652
0.0007638191 	-0.049436538 	0.019062004 	0.9303652
0.0007839196 	-0.052384756 	0.024857364 	0.91133197
0.0008040201 	-0.052384756 	0.024857364 	0.91133197
0.0008241206 	-0.052384756 	0.024857364 	0.91133197
0.00084422111 	-0.05214378 	0.034587952 	0.89150358
0.00086432161 	-0.05214378 	0.034587952 	0.89150358
0.00088442211 	-0.05214378 	0.034587952 	0.89150358
0.00090452261 	-0.04980485 	0.044846831 	0.87472604
0.00092462312 	-0.04980485 	0.044846831 	0.87472604
0.00094472362 	-0.046897527 	0.052378679 	0.86394179
0.00096482412 	-0.046897527 	0.052378679 	0.86394179
0.00098492462 	-0.046897527 	0.052378679 	0.86394179
0.0010050251 	-0.043939806 	0.057125433 	0.85877011
0.0010251256 	-0.043939806 	0.057125433 	0.85877011
0.0010452261 	-0.046952614 	0.054081778 	0.85705674
0.0010653266 	-0.044244028 	0.057013328 	0.8573582
0.0010854271 	-0.044244028 	0.057013328 	0.8573582
0.0011055276 	-0.044244028 	0.057013328 	0.8573582
0.0011256281 	-0.042097993 	0.059418497 	0.8603546
0.0011457286 	-0.042097993 	0.059418497 	0.8603546
0.0011658291 	-0.039014513 	0.061939127 	0.86128798
0.0011859296 	-0.036768434 	0.063624245 	0.8651567
0.0012060302 	-0.040034151 	0.06151626 	0.86453758
0.0012261307 	-0.040034151 	0.06151626 	0.86453758
0.0012462312 	-0.037693345 	0.063381317 	0.86907987
0.0012663317 	-0.037693345 	0.063381317 	0.86907987
0.0012864322 	-0.037693345 	0.063381317 	0.86907987
0.0013065327 	-0.034945507 	0.065020885 	0.87336469
0.0013266332 	-0.034945507 	0.065020885 	0.87336469
0.0013467337 	-0.034945507 	0.065020885 	0.87336469
0.0013668342 	-0.031890818 	0.06639073 	0.87702205
0.0013869347 	-0.031890818 	0.06639073 	0.87702205
0.0014070352 	-0.031890818 	0.06639073 	0.87702205
0.0014271357 	-0.028629544 	0.067486899 	0.87999798
0.0014472362 	-0.028629544 	0.067486899 	0.87999798
0.0014673367 	-0.028629544 	0.067486899 	0.87999798
0.0014874372 	-0.025245652 	0.068395135 	0.88247514
0.0015075377 	-0.025245652 	0.068395135 	0.88247514
0.0015276382 	-0.021843235 	0.069259169 	0.88468883
0.0015477387 	-0.021843235 	0.069259169 	0.88468883
0.0015678392 	-0.021843235 	0.069259169 	0.88468883
0.0015879397 	-0.018567034 	0.070199017 	0.88675726
0.0016080402 	-0.018567034 	0.070199017 	0.88675726
0.0016281407 	-0.018567034 	0.070199017 	0.88675726
0.0016482412 	-0.01554327 	0.071223902 	0.88864173
0.0016683417 	-0.01554327 	0.071223902 	0.88864173
0.0016884422 	-0.0128693 	0.072245491 	0.89022196
0.0017085427 	-0.0128693 	0.072245491 	0.89022196
0.0017286432 	-0.0128693 	0.072245491 	0.89022196
0.0017487437 	-0.010607207 	0.073026441 	0.89139699
0.0017688442 	-0.010607207 	0.073026441 	0.89139699
0.0017889447 	-0.010607207 	0.073026441 	0.89139699
0.0018090452 	-0.0087702466 	0.07316144 	0.89216033
0.0018291457 	-0.0087702466 	0.07316144 	0.89216033
0.0018492462 	-0.0073008295 	0.072150094 	0.89259371
0.0018693467 	-0.0073008295 	0.072150094 	0.89259371
0.0018894472 	-0.0073008295 	0.072150094 	0.89259371
0.0019095477 	-0.006060157 	0.069580106 	0.89279877
0.0019296482 	-0.006060157 	0.069580106 	0.89279877
0.0019497487 	-0.0048362606 	0.065394304 	0.89286588
0.0019698492 	-0.0048362606 	0.065394304 	0.89286588
0.0019899497 	-0.003486998 	0.060030825 	0.89288805
0.0020100503 	-0.003486998 	0.060030825 	0.89288805
0.0020301508 	-0.003486998 	0.060030825 	0.89288805
0.0020502513 	-0.0019979941 	0.054303081 	0.89306657
0.0020703518 	-0.0019979941 	0.054303081 	0.89306657
0.0020904523 	-0.00042367663 	0.049024229 	0.89369086
0.0021105528 	-0.00042367663 	0.049024229 	0.89369086
0.0021306533 	-0.00042367663 	0.049024229 	0.89369086
0.0021507538 	0.0011062983 	0.044817154 	0.89496131
0.0021708543 	0.0011062983 	0.044817154 	0.89496131
0.0021909548 	0.002432937 	0.042079552 	0.89687328
0.0022110553 	0.002432937 	0.042079552 	0.89687328
0.0022311558 	0.0034754142 	0.041049674 	0.89914823
0.0022512563 	0.0034754142 	0.041049674 	0.89914823
0.0022713568 	0.0041760024 	0.04168301 	0.90132865
0.0022914573 	0.0041760024 	0.04168301 	0.90132865
0.0023115578 	0.0041760024 	0.04168301 	0.90132865
0.0023316583 	0.0046089296 	0.043574714 	0.90295023
0.0023517588 	0.0046089296 	0.043574714 	0.90295023
0.0023718593 	0.0050668285 	0.045963823 	0.90360787
0.0023919598 	0.0050668285 	0.045963823 	0.90360787
0.0024120603 	0.005712846 	0.047945543 	0.90309189
0.0024321608 	0.005712846 	0.047945543 	0.90309189
0.0024522613 	0.0068130509 	0.048799202 	0.90132445
0.0024723618 	0.0068130509 	0.048799202 	0.90132445
0.0024924623 	0.0084743438 	0.048002945 	0.8983972
0.0025125628 	0.0084743438 	0.048002945 	0.8983972
0.0025326633 	0.01064432 	0.045474712 	0.89458885
0.0025527638 	0.01064432 	0.045474712 	0.89458885
0.0025728643 	0.013280188 	0.041300569 	0.8902785
0.0025929648 	0.013280188 	0.041300569 	0.8902785
0.0026130653 	0.01602534 	0.035705666 	0.88586893
0.0026331658 	0.01602534 	0.035705666 	0.88586893
0.0026532663 	0.018404886 	0.028896372 	0.88173263
0.0026733668 	0.018404886 	0.028896372 	0.88173263
0.0026934673 	0.020006328 	0.020973304 	0.87818121
0.0027135678 	0.020006328 	0.020973304 	0.87818121
0.0027336683 	0.020466574 	0.011876458 	0.87543205
0.0027537688 	0.020466574 	0.011876458 	0.87543205
0.0027738693 	0.019524347 	0.0015311321 	0.87357933
0.0027939698 	0.019524347 	0.0015311321 	0.87357933
0.0028140704 	0.017064821 	-0.01015206 	0.87258507
0.0028341709 	0.017064821 	-0.01015206 	0.87258507
0.0028542714 	0.01317525 	-0.023017164 	0.87229075
0.0028743719 	0.0081754232 	-0.036495155 	0.87245016
0.0028944724 	0.0081754232 	-0.036495155 	0.87245016
0.0029145729 	0.002603453 	-0.049619392 	0.87274429
0.0029346734 	0.002603453 	-0.049619392 	0.87274429
0.0029547739 	-0.0028805718 	-0.06123203 	0.8728667
0.0029748744 	-0.0028805718 	-0.06123203 	0.8728667
0.0029949749 	-0.0075622302 	-0.070268809 	0.87250645
0.0030150754 	-0.010802365 	-0.076008261 	0.87139006
0.0030351759 	-0.010802365 	-0.076008261 	0.87139006
0.0030552764 	-0.012144843 	-0.078166902 	0.86928242
0.0030753769 	-0.012144843 	-0.078166902 	0.86928242
0.0030954774 	-0.011349047 	-0.076859709 	0.86599653
0.0031155779 	-0.0083936874 	-0.072494145 	0.86139076
0.0031356784 	-0.0083936874 	-0.072494145 	0.86139076
0.0031557789 	-0.0034327043 	-0.065665763 	0.85539619
0.0031758794 	-0.0034327043 	-0.065665763 	0.85539619
0.0031959799 	0.0032547375 	-0.057092276 	0.84803593
0.0032160804 	0.011250697 	-0.047598632 	0.83952251
0.0032361809 	0.011250697 	-0.047598632 	0.83952251
0.0032562814 	0.020049146 	-0.038105434 	0.83031402
0.0032763819 	0.029046633 	-0.029625594 	0.82124806
0.0032964824 	0.029046633 	-0.029625594 	0.82124806
0.0033165829 	0.037495709 	-0.023180305 	0.81354849
0.0033366834 	0.044513012 	-0.019661471 	0.80867829
0.0033567839 	0.044513012 	-0.019661471 	0.80867829
0.0033768844 	0.049233839 	-0.019569658 	0.80777873
0.0033969849 	0.051135042 	-0.022828961 	0.81065871
0.0034170854 	0.051135042 	-0.022828961 	0.81065871
0.0034371859 	0.050313349 	-0.028681736 	0.81464034
0.0034572864 	0.047544656 	-0.035900117 	0.81445773
0.0034773869 	0.044015875 	-0.043213497 	0.80424459
0.0034974874 	0.044015875 	-0.043213497 	0.80424459
0.0035175879 	0.040810168 	-0.049687396 	0.7808948
0.0035376884 	0.03850364 	-0.054824734 	0.74622294
0.0035577889 	0.037121264 	-0.058368667 	0.70610438
0.0035778894 	0.037121264 	-0.058368667 	0.70610438
0.0035979899 	0.036349652 	-0.060008444 	0.66757037
0.0036180905 	0.035780387 	-0.059288299 	0.63617859
0.003638191 	0.03507924 	-0.055833763 	0.61482959
0.0036582915 	0.03507924 	-0.055833763 	0.61482959
0.003678392 	0.034083541 	-0.049655921 	0.60380975
0.0036984925 	0.032824033 	-0.041226192 	0.60148744
0.003718593 	0.03146609 	-0.031283164 	0.60522322
0.0037386935 	0.030193291 	-0.020579835 	0.61215336
0.003758794 	0.029092092 	-0.0097662733 	0.61958897
0.0037788945 	0.029092092 	-0.0097662733 	0.61958897
0.003798995 	0.028098093 	0.00056539222 	0.62492456
0.0038190955 	0.027001225 	0.0097694236 	0.62515571
0.003839196 	0.025401568 	0.017104462 	0.61636993
0.0038592965 	0.022888575 	0.021856205 	0.59336883
0.003879397 	0.01925523 	0.023839203 	0.55055787
0.0038994975 	0.014636894 	0.023849007 	0.48362679
0.003919598 	0.0096506908 	0.023009352 	0.3922455
0.0039396985 	0.005165277 	0.021110321 	0.28248823
0.003959799 	0.0018746566 	0.016312197 	0.16567569
0.0039798995 	0.00017255835 	0.0070301293 	0.052655807
0.004 	0.00017255835 	0.0070301293 	0.052655807
