0 	-0.0381999 	0.0038739248 	0.93049339
5.5555625e-05 	-0.039498322 	-0.015360585 	0.91622094
0.00011111111 	-0.040171012 	-0.02207662 	0.91002757
0.00016666667 	-0.041036388 	-0.026749006 	0.91044482
0.00022222222 	-0.041786421 	-0.031077274 	0.91445067
0.00027777778 	-0.042499096 	-0.035342699 	0.91969997
0.00033333333 	-0.043173652 	-0.039653285 	0.92543871
0.00038888889 	-0.043628088 	-0.04424796 	0.93189796
0.00044444444 	-0.043631576 	-0.049371286 	0.9392828
0.0005 	-0.043026824 	-0.055083226 	0.94720959
0.00055555556 	-0.041773005 	-0.061202779 	0.95467294
0.00061111111 	-0.039941795 	-0.067362944 	0.96031156
0.00066666667 	-0.037685069 	-0.073080548 	0.96286802
0.00072222222 	-0.035197827 	-0.077812881 	0.96180298
0.00077777778 	-0.032731059 	-0.08105728 	0.9577489
0.00083333333 	-0.030617333 	-0.082483123 	0.95222416
0.00088888889 	-0.029181156 	-0.082004683 	0.94670629
0.00094444444 	-0.028588731 	-0.079720484 	0.94196301
0.001 	-0.028788382 	-0.075511843 	0.93786518
0.0010617224 	-0.029734756 	-0.069302154 	0.93454287
0.0011225923 	-0.030664546 	-0.062329585 	0.93221078
0.0011826215 	-0.031109269 	-0.055415888 	0.9311843
0.0012418217 	-0.030947445 	-0.049264017 	0.93176196
0.0013002041 	-0.030443066 	-0.04411788 	0.93377927
0.0013577803 	-0.030027398 	-0.039790773 	0.93647207
0.0014145612 	-0.029911428 	-0.035776854 	0.93869807
0.0014705579 	-0.029948913 	-0.031535606 	0.93922717
0.0015257812 	-0.029804212 	-0.026802983 	0.93695361
0.0015802418 	-0.029228424 	-0.021721945 	0.93111527
0.0016339502 	-0.028185185 	-0.016690496 	0.92153096
0.0016869168 	-0.026793527 	-0.01220993 	0.90866605
0.0017391518 	-0.02522762 	-0.0087799358 	0.89347856
0.0017906654 	-0.023629365 	-0.006775488 	0.87718802
0.0018414676 	-0.02195814 	-0.0062895783 	0.86111144
0.0018915681 	-0.019992961 	-0.0071346133 	0.84638727
0.0019409766 	-0.017408509 	-0.0088940505 	0.83364615
0.0019897027 	-0.01392475 	-0.011115289 	0.82288723
0.0020377558 	-0.0094876596 	-0.013392508 	0.81364754
0.0020851453 	-0.0042900335 	-0.015426157 	0.80531344
0.0021318802 	0.0013560416 	-0.017112394 	0.79740034
0.0021779697 	0.0070622865 	-0.018574265 	0.78967814
0.0022234225 	0.012523739 	-0.020167679 	0.78224265
0.0022682477 	0.017556215 	-0.022298493 	0.77544176
0.0023124537 	0.021899455 	-0.0252108 	0.76972684
0.0023560491 	0.025250269 	-0.02882028 	0.76534649
0.0023990425 	0.02726324 	-0.032738995 	0.76189731
0.002441442 	0.027727132 	-0.036627943 	0.75834759
0.002483256 	0.026706948 	-0.040490773 	0.75334187
0.0025244924 	0.024587089 	-0.044598217 	0.74577354
0.0025651593 	0.021902469 	-0.04910384 	0.73527149
0.0026052645 	0.019063936 	-0.05384383 	0.72240613
0.0026448158 	0.016218588 	-0.058461245 	0.70861378
0.0026838209 	0.013334923 	-0.062686818 	0.69591066
0.0027222872 	0.010360474 	-0.066481036 	0.68635225
0.0027602223 	0.0073448365 	-0.070016638 	0.68142903
0.0027976334 	0.0044546898 	-0.073533638 	0.68158714
0.0028345278 	0.0019283989 	-0.07715925 	0.68617086
0.0028709126 	2.7892612e-05 	-0.080795864 	0.69368009
0.002906795 	-0.0010438021 	-0.08410708 	0.70217319
0.0029421817 	-0.0012170253 	-0.086628915 	0.70969514
0.0029770797 	-0.00058425472 	-0.087997227 	0.71469586
0.0030114957 	0.00064423686 	-0.088158288 	0.71635979
0.0030454363 	0.0022608204 	-0.087365861 	0.71470009
0.0030789082 	0.0041231324 	-0.085948546 	0.71035153
0.0031119178 	0.0061028788 	-0.084056464 	0.70424684
0.0031444715 	0.0080760093 	-0.081572022 	0.69736015
0.0031765755 	0.0099121768 	-0.078165425 	0.69055405
0.0032082362 	0.011472414 	-0.073410289 	0.68455086
0.0032394596 	0.01263836 	-0.066885405 	0.67994836
0.0032702517 	0.013329437 	-0.058255379 	0.67724389
0.0033006186 	0.013500425 	-0.047340418 	0.67681116
0.003330566 	0.013143441 	-0.03417503 	0.67880246
0.0033600998 	0.012296134 	-0.019016719 	0.68299171
0.0033892257 	0.011088048 	-0.0022847871 	0.68878335
0.0034179494 	0.0097534744 	0.01546268 	0.69544049
0.0034462763 	0.0085570928 	0.033353347 	0.7026718
0.003474212 	0.0077815395 	0.050123333 	0.71099932
0.0035017619 	0.0076487271 	0.064426463 	0.72154962
0.0035289312 	0.0082035308 	0.075384412 	0.73507232
0.0035557253 	0.009290847 	0.082834822 	0.75099762
0.0035821494 	0.010625284 	0.087179258 	0.76735365
0.0036082084 	0.011881572 	0.089165514 	0.78148082
0.0036339076 	0.01282048 	0.089665435 	0.79084034
0.0036592518 	0.013350073 	0.08949255 	0.79355462
0.003684246 	0.013474046 	0.089192893 	0.78861836
0.003708895 	0.013223158 	0.088971093 	0.77581501
0.0037332035 	0.012612684 	0.088755519 	0.75526578
0.0037571763 	0.011666139 	0.088261079 	0.72670004
0.003780818 	0.010477515 	0.086812324 	0.68899541
0.0038041332 	0.0091879268 	0.083245085 	0.6405229
0.0038271264 	0.0078550437 	0.076658042 	0.58000397
0.0038498019 	0.0064320366 	0.067618173 	0.50717775
0.0038721643 	0.0049546156 	0.0579808 	0.42354125
0.0038942179 	0.0035917185 	0.049133771 	0.33367535
0.0039159668 	0.0024340178 	0.040943086 	0.24503972
0.0039374154 	0.0014428519 	0.032245144 	0.16440867
0.0039585677 	0.00062887877 	0.021682711 	0.094076098
0.0039794279 	9.7646561e-05 	0.0082603886 	0.031132884
0.004 	0.00017064396 	-0.0016762602 	0.026078207
