0 	-0.019266705 	-0.037255376 	0.99548209
5.5555625e-05 	-0.034647006 	-0.023665428 	1.0010679
0.00011111111 	-0.036627822 	-0.017994394 	1.0050371
0.00016666667 	-0.035841583 	-0.015226313 	1.0071578
0.00022222222 	-0.033917058 	-0.014270918 	1.0075439
0.00027777778 	-0.031411626 	-0.014780316 	1.0066191
0.00033333333 	-0.02856324 	-0.016466805 	1.0050153
0.00038888889 	-0.02549697 	-0.01904188 	1.0034029
0.00044444444 	-0.022343534 	-0.022223152 	1.0022933
0.0005 	-0.019291053 	-0.025725688 	1.0019535
0.00055555556 	-0.016580714 	-0.029248773 	1.0024167
0.00061111111 	-0.014501362 	-0.03250979 	1.0035447
0.00066666667 	-0.013338447 	-0.035293303 	1.0050703
0.00072222222 	-0.01327853 	-0.037423568 	1.00661
0.00077777778 	-0.014326514 	-0.038667227 	1.0076828
0.00083333333 	-0.016341132 	-0.038657927 	1.0078103
0.00088888889 	-0.019153259 	-0.03692301 	1.0066952
0.00094444444 	-0.0226712 	-0.033040232 	1.004372
0.001 	-0.02713865 	-0.026532619 	1.0009352
0.0010617199 	-0.032220306 	-0.017512093 	0.99645011
0.0011225874 	-0.037011635 	-0.0079302135 	0.99035703
0.0011826143 	-0.040561922 	-4.8239577e-05 	0.98084911
0.0012418122 	-0.042517193 	0.0043165715 	0.96633393
0.0013001926 	-0.043491751 	0.0050210222 	0.94734689
0.0013577668 	-0.044612627 	0.0036703853 	0.92724094
0.0014145458 	-0.046688829 	0.0023407275 	0.91067706
0.0014705407 	-0.049677946 	0.0021893071 	0.90088013
0.0015257623 	-0.052950204 	0.0033791402 	0.89810411
0.0015802213 	-0.055731268 	0.0056969086 	0.90040284
0.0016339282 	-0.057371737 	0.0087681309 	0.9054213
0.0016868934 	-0.057494013 	0.011932424 	0.91158685
0.0017391271 	-0.056054156 	0.014376097 	0.91819659
0.0017906395 	-0.053346258 	0.015537017 	0.92501536
0.0018414404 	-0.049819078 	0.015226159 	0.9319645
0.0018915398 	-0.045903991 	0.013487105 	0.93901641
0.0019409473 	-0.041868212 	0.010476156 	0.94613764
0.0019896725 	-0.037801344 	0.0064404257 	0.95316677
0.0020377248 	-0.033686802 	0.0017548603 	0.95975363
0.0020851134 	-0.029505366 	-0.0030580685 	0.96536728
0.0021318476 	-0.025226307 	-0.0074549714 	0.96939969
0.0021779364 	-0.020824939 	-0.010966303 	0.97133396
0.0022233887 	-0.016352215 	-0.013275112 	0.97090573
0.0022682133 	-0.011995021 	-0.014353428 	0.96820369
0.0023124189 	-0.0081838856 	-0.014463927 	0.96369523
0.0023560139 	-0.0055160439 	-0.014106643 	0.95820082
0.0023990069 	-0.0045506522 	-0.013884432 	0.95260307
0.0024414062 	-0.0056305903 	-0.014372384 	0.94773731
0.0024832199 	-0.0087936286 	-0.016123352 	0.94430172
0.0025244562 	-0.013852613 	-0.019710889 	0.94285167
0.002565123 	-0.020560428 	-0.025601083 	0.94347626
0.0026052281 	-0.028641832 	-0.034051083 	0.94538603
0.0026447794 	-0.037760919 	-0.044802001 	0.9465035
0.0026837845 	-0.047530138 	-0.057129412 	0.94340811
0.0027222509 	-0.05734849 	-0.070060922 	0.93179462
0.0027601861 	-0.065636833 	-0.082261371 	0.90766034
0.0027975974 	-0.070003365 	-0.090501919 	0.86903113
0.002834492 	-0.068284862 	-0.08978686 	0.81800534
0.0028708772 	-0.059787893 	-0.077048419 	0.76112322
0.0029067598 	-0.04573086 	-0.054745867 	0.70615476
0.0029421469 	-0.028547087 	-0.028667824 	0.65820927
0.0029770452 	-0.010869378 	-0.0037694445 	0.61944723
0.0030114616 	0.005515712 	0.016601469 	0.59116014
0.0030454028 	0.019681978 	0.031007505 	0.57361261
0.0030788752 	0.031440107 	0.039480115 	0.56586401
0.0031118853 	0.040803691 	0.042799878 	0.56610975
0.0031444395 	0.04784876 	0.042045598 	0.57225068
0.0031765442 	0.052784075 	0.038255588 	0.58235047
0.0032082055 	0.055845249 	0.032296962 	0.59485569
0.0032394295 	0.057231875 	0.024833445 	0.60863799
0.0032702223 	0.057033197 	0.016349937 	0.62296165
0.0033005899 	0.055529891 	0.0072092436 	0.63745512
0.0033305381 	0.053199162 	-0.0023212622 	0.65201072
0.0033600727 	0.049966325 	-0.011896915 	0.66642641
0.0033891994 	0.046040833 	-0.021232844 	0.68066759
0.0034179239 	0.041599903 	-0.030066595 	0.69480658
0.0034462517 	0.036595066 	-0.038114921 	0.7090074
0.0034741882 	0.031063509 	-0.045129079 	0.72346713
0.003501739 	0.025031211 	-0.050948999 	0.73841363
0.0035289093 	0.018620491 	-0.055605678 	0.75405949
0.0035557043 	0.011883305 	-0.059418571 	0.77053344
0.0035821293 	0.0048760689 	-0.063007378 	0.78753469
0.0036081894 	-0.0021768355 	-0.067140288 	0.80386814
0.0036338895 	-0.0088973452 	-0.072403884 	0.81688457
0.0036592348 	-0.01468392 	-0.078774062 	0.82242981
0.00368423 	-0.018840777 	-0.085271566 	0.81568358
0.00370888 	-0.020849545 	-0.089954894 	0.792694
0.0037331896 	-0.020559591 	-0.090447999 	0.75185797
0.0037571635 	-0.01826965 	-0.084962263 	0.6945489
0.0037808063 	-0.014663191 	-0.073378946 	0.62465999
0.0038041226 	-0.010617359 	-0.057656864 	0.54743486
0.0038271169 	-0.0069289109 	-0.041076376 	0.46811166
0.0038497936 	-0.0040803473 	-0.026682172 	0.39083135
0.0038721572 	-0.002173664 	-0.016052662 	0.31813025
0.0038942119 	-0.001046454 	-0.009132443 	0.25102857
0.003915962 	-0.00045074673 	-0.0049795685 	0.18940623
0.0039374118 	-0.0001561277 	-0.0026138134 	0.13239361
0.0039585653 	-1.056274e-05 	-0.0013776722 	0.078621179
0.0039794267 	2.2461065e-05 	-0.00066872758 	0.026377558
0.004 	2.2461065e-05 	-0.00066872758 	0.026377558
