0 	-0.021926083 	-0.021593271 	0.96099741
5.5555556e-05 	-0.0098212166 	0.020614405 	0.96474338
0.00011111111 	-0.0074423567 	0.017587912 	0.96635597
0.00016666667 	-0.0063502235 	0.014270789 	0.96729372
0.00022222222 	-0.005167444 	0.011250625 	0.96729577
0.00027777778 	-0.0034743648 	0.0087045659 	0.96625812
0.00033333333 	-0.0011964772 	0.0066881413 	0.96425032
0.00038888889 	0.0015537024 	0.005175695 	0.96149671
0.00044444444 	0.0045580896 	0.0040860409 	0.95832783
0.0005 	0.0075573509 	0.0033110661 	0.95510811
0.00055555556 	0.010299374 	0.0027456271 	0.95215456
0.00061111111 	0.012569643 	0.0023218204 	0.9496752
0.00066666667 	0.014219311 	0.0020337149 	0.9477443
0.00072222222 	0.015173468 	0.0019601239 	0.94634994
0.00077777778 	0.015418246 	0.0022944111 	0.94547033
0.00083333333 	0.014991421 	0.0033346941 	0.94514533
0.00088888889 	0.013929176 	0.0054207079 	0.94549014
0.00094444444 	0.012280033 	0.0087726259 	0.94658913
0.001 	0.0097582953 	0.013483146 	0.9484579
0.0010617451 	0.0059053564 	0.01891748 	0.9506961
0.0011226367 	0.00084054182 	0.023820229 	0.95278238
0.0011826866 	-0.0049540181 	0.027973439 	0.95467488
0.0012419064 	-0.010584151 	0.031865639 	0.95634779
0.0013003077 	-0.015326427 	0.035955694 	0.95730336
0.0013579017 	-0.018916761 	0.040341428 	0.9568805
0.0014146996 	-0.021360947 	0.04499053 	0.9548517
0.0014707124 	-0.022745224 	0.049938403 	0.95150204
0.0015259509 	-0.023225112 	0.055258043 	0.94731121
0.001580426 	-0.023057746 	0.060977538 	0.94268857
0.001634148 	-0.02255345 	0.067035245 	0.93790417
0.0016871274 	-0.022005568 	0.07321921 	0.93311347
0.0017393745 	-0.021630193 	0.079115199 	0.92835258
0.0017908994 	-0.02153351 	0.084072497 	0.9234637
0.0018417121 	-0.021706118 	0.087237895 	0.91797874
0.0018918224 	-0.022042504 	0.087669727 	0.91104033
0.0019412401 	-0.022419267 	0.084609006 	0.90154992
0.0019899746 	-0.02291019 	0.07787739 	0.88879121
0.0020380356 	-0.023994545 	0.06822406 	0.87341852
0.0020854322 	-0.026474182 	0.057194311 	0.85775866
0.0021321736 	-0.030919217 	0.046398877 	0.84432578
0.002178269 	-0.037101729 	0.036796865 	0.83385336
0.0022237272 	-0.044093183 	0.028638096 	0.82542359
0.002268557 	-0.050847131 	0.021863004 	0.81813876
0.0023127672 	-0.056573815 	0.016348801 	0.81178995
0.0023563662 	-0.060753277 	0.011920416 	0.80635589
0.0023993626 	-0.063127739 	0.0083298426 	0.80165167
0.0024417647 	-0.063668318 	0.0053223036 	0.79744929
0.0024835806 	-0.062513776 	0.002737655 	0.79356316
0.0025248186 	-0.059899695 	0.0005135345 	0.78983723
0.0025654865 	-0.056153355 	-0.0012939558 	0.78615117
0.0026055923 	-0.051623904 	-0.0025788033 	0.78241293
0.0026451437 	-0.04660093 	-0.0032891614 	0.77858117
0.0026841484 	-0.041326564 	-0.0034516063 	0.77466191
0.002722614 	-0.036022618 	-0.0031854385 	0.77071671
0.0027605478 	-0.030881115 	-0.002684207 	0.76686661
0.0027979573 	-0.026065311 	-0.0021863667 	0.76327904
0.0028348498 	-0.021709277 	-0.0019518201 	0.7601394
0.0028712322 	-0.017910473 	-0.0022408075 	0.75760438
0.0029071118 	-0.014720433 	-0.0032910453 	0.75574256
0.0029424953 	-0.012128772 	-0.00529091 	0.75448634
0.0029773898 	-0.010100276 	-0.0083492168 	0.75362063
0.003011802 	-0.0085757171 	-0.012474274 	0.75280829
0.0030457385 	-0.0074483228 	-0.017561249 	0.75171102
0.0030792059 	-0.0066195956 	-0.023392784 	0.750065
0.0031122107 	-0.0060304635 	-0.029663422 	0.74776047
0.0031447592 	-0.0056687623 	-0.03601935 	0.74488386
0.0031768579 	-0.0055632035 	-0.042081381 	0.74170817
0.0032085129 	-0.0057691945 	-0.047478487 	0.73862748
0.0032397303 	-0.0063480816 	-0.051883298 	0.73603652
0.0032705162 	-0.0073396837 	-0.055026202 	0.73417332
0.0033008765 	-0.0087383009 	-0.056741664 	0.73294526
0.0033308172 	-0.010468825 	-0.057008722 	0.73178548
0.0033603441 	-0.012379109 	-0.055980452 	0.72960173
0.0033894627 	-0.014245884 	-0.053974395 	0.72489595
0.0034181789 	-0.015815376 	-0.051403069 	0.71610389
0.0034464982 	-0.016873724 	-0.048647582 	0.70209553
0.003474426 	-0.017302976 	-0.045915498 	0.68265804
0.0035019678 	-0.017123435 	-0.043152052 	0.65870403
0.0035291288 	-0.016470222 	-0.040071138 	0.63204798
0.0035559144 	-0.015514276 	-0.036335601 	0.60482215
0.0035823298 	-0.014386717 	-0.031745414 	0.57880654
0.0036083801 	-0.013126148 	-0.026423997 	0.55496161
0.0036340702 	-0.011696984 	-0.020896353 	0.53332079
0.0036594053 	-0.010042102 	-0.015867762 	0.51319129
0.0036843901 	-0.0082572526 	-0.011984246 	0.49362427
0.0037090296 	-0.0064535593 	-0.0096499603 	0.47372814
0.0037333285 	-0.0046602265 	-0.0088716134 	0.45279301
0.0037572915 	-0.0029975117 	-0.0093050169 	0.43023477
0.0037809233 	-0.0015983088 	-0.010414711 	0.40549705
0.0038042285 	-0.0005353821 	-0.011654815 	0.3779986
0.0038272115 	0.00015849879 	-0.012593573 	0.34718848
0.0038498768 	0.00051141696 	-0.012953444 	0.31257599
0.0038722288 	0.00058657608 	-0.012613033 	0.27381991
0.0038942718 	0.00047230994 	-0.011577626 	0.23084551
0.0039160102 	0.00029523176 	-0.0099496749 	0.18393929
0.003937448 	0.00014332373 	-0.0078703234 	0.13374808
0.0039585896 	5.0214518e-05 	-0.0053998198 	0.081195395
0.0039794389 	1.6010722e-05 	-0.002295683 	0.027306475
0.004 	1.6010722e-05 	-0.002295683 	0.027306475
