0 	0.04824726 	-0.012476464 	0.92340892
2.0100503e-05 	-0.014370968 	-0.04550554 	0.92283486
4.0201005e-05 	-0.014370968 	-0.04550554 	0.92283486
6.0301508e-05 	-0.033135132 	-0.031989906 	0.92253473
8.040201e-05 	-0.033135132 	-0.031989906 	0.92253473
0.00010050251 	-0.033135132 	-0.031989906 	0.92253473
0.00012060302 	-0.036209767 	-0.026737187 	0.92264058
0.00014070352 	-0.036209767 	-0.026737187 	0.92264058
0.00016080402 	-0.036209767 	-0.026737187 	0.92264058
0.00018090452 	-0.036987622 	-0.025180519 	0.92319754
0.00020100503 	-0.036987622 	-0.025180519 	0.92319754
0.00022110553 	-0.036987622 	-0.025180519 	0.92319754
0.00024120603 	-0.037486636 	-0.02550084 	0.92433374
0.00026130653 	-0.037486636 	-0.02550084 	0.92433374
0.00028140704 	-0.038390091 	-0.026512655 	0.92650091
0.00030150754 	-0.038390091 	-0.026512655 	0.92650091
0.00032160804 	-0.038390091 	-0.026512655 	0.92650091
0.00034170854 	-0.040004574 	-0.02711786 	0.93056633
0.00036180905 	-0.040004574 	-0.02711786 	0.93056633
0.00038190955 	-0.040004574 	-0.02711786 	0.93056633
0.00040201005 	-0.042422568 	-0.026430811 	0.93748754
0.00042211055 	-0.042422568 	-0.026430811 	0.93748754
0.00044221106 	-0.042422568 	-0.026430811 	0.93748754
0.00046231156 	-0.045548689 	-0.024157873 	0.94752425
0.00048241206 	-0.045548689 	-0.024157873 	0.94752425
0.00050251256 	-0.049141729 	-0.020813428 	0.9594432
0.00052261307 	-0.049141729 	-0.020813428 	0.9594432
0.00054271357 	-0.049141729 	-0.020813428 	0.9594432
0.00056281407 	-0.052905107 	-0.017410266 	0.97042693
0.00058291457 	-0.052905107 	-0.017410266 	0.97042693
0.00060301508 	-0.052905107 	-0.017410266 	0.97042693
0.00062311558 	-0.056596045 	-0.014765777 	0.97697135
0.00064321608 	-0.056596045 	-0.014765777 	0.97697135
0.00066331658 	-0.056596045 	-0.014765777 	0.97697135
0.00068341709 	-0.060135967 	-0.013020387 	0.97634226
0.00070351759 	-0.060135967 	-0.013020387 	0.97634226
0.00072361809 	-0.063635018 	-0.01182798 	0.96782635
0.00074371859 	-0.063635018 	-0.01182798 	0.96782635
0.0007638191 	-0.063635018 	-0.01182798 	0.96782635
0.0007839196 	-0.067225277 	-0.010964091 	0.95307742
0.0008040201 	-0.067225277 	-0.010964091 	0.95307742
0.0008241206 	-0.067225277 	-0.010964091 	0.95307742
0.00084422111 	-0.070866676 	-0.010648113 	0.93528759
0.00086432161 	-0.070866676 	-0.010648113 	0.93528759
0.00088442211 	-0.070866676 	-0.010648113 	0.93528759
0.00090452261 	-0.074341971 	-0.011244846 	0.91771781
0.00092462312 	-0.074341971 	-0.011244846 	0.91771781
0.00094472362 	-0.077397325 	-0.012764701 	0.90255362
0.00096482412 	-0.075360455 	-0.0096876842 	0.89397375
0.00098492462 	-0.075360455 	-0.0096876842 	0.89397375
0.0010050251 	-0.075892361 	-0.013053556 	0.8828826
0.0010251256 	-0.08016673 	-0.015073071 	0.88993369
0.0010452261 	-0.08016673 	-0.015073071 	0.88993369
0.0010653266 	-0.082885828 	-0.018245987 	0.88081294
0.0010854271 	-0.082885828 	-0.018245987 	0.88081294
0.0011055276 	-0.082885828 	-0.018245987 	0.88081294
0.0011256281 	-0.085845429 	-0.021517714 	0.8744565
0.0011457286 	-0.085845429 	-0.021517714 	0.8744565
0.0011658291 	-0.085845429 	-0.021517714 	0.8744565
0.0011859296 	-0.088747824 	-0.025020253 	0.87001891
0.0012060302 	-0.088747824 	-0.025020253 	0.87001891
0.0012261307 	-0.088747824 	-0.025020253 	0.87001891
0.0012462312 	-0.091273896 	-0.027767772 	0.86685529
0.0012663317 	-0.091273896 	-0.027767772 	0.86685529
0.0012864322 	-0.091273896 	-0.027767772 	0.86685529
0.0013065327 	-0.092707288 	-0.02876284 	0.86424364
0.0013266332 	-0.092707288 	-0.02876284 	0.86424364
0.0013467337 	-0.092707288 	-0.02876284 	0.86424364
0.0013668342 	-0.092378646 	-0.027765074 	0.8614321
0.0013869347 	-0.092378646 	-0.027765074 	0.8614321
0.0014070352 	-0.092378646 	-0.027765074 	0.8614321
0.0014271357 	-0.089860439 	-0.025737675 	0.85805308
0.0014472362 	-0.089860439 	-0.025737675 	0.85805308
0.0014673367 	-0.089860439 	-0.025737675 	0.85805308
0.0014874372 	-0.08528934 	-0.024155329 	0.85448507
0.0015075377 	-0.08528934 	-0.024155329 	0.85448507
0.0015276382 	-0.079196284 	-0.024153667 	0.85144706
0.0015477387 	-0.079196284 	-0.024153667 	0.85144706
0.0015678392 	-0.079196284 	-0.024153667 	0.85144706
0.0015879397 	-0.072286516 	-0.026222137 	0.84941884
0.0016080402 	-0.072286516 	-0.026222137 	0.84941884
0.0016281407 	-0.072286516 	-0.026222137 	0.84941884
0.0016482412 	-0.065303547 	-0.030334247 	0.84849878
0.0016683417 	-0.065303547 	-0.030334247 	0.84849878
0.0016884422 	-0.058932757 	-0.036134567 	0.84853586
0.0017085427 	-0.058932757 	-0.036134567 	0.84853586
0.0017286432 	-0.058932757 	-0.036134567 	0.84853586
0.0017487437 	-0.053714673 	-0.043021389 	0.84917732
0.0017688442 	-0.053714673 	-0.043021389 	0.84917732
0.0017889447 	-0.053714673 	-0.043021389 	0.84917732
0.0018090452 	-0.049982442 	-0.050183328 	0.84985551
0.0018291457 	-0.049982442 	-0.050183328 	0.84985551
0.0018492462 	-0.047801003 	-0.056687731 	0.84983477
0.0018693467 	-0.047801003 	-0.056687731 	0.84983477
0.0018894472 	-0.047801003 	-0.056687731 	0.84983477
0.0019095477 	-0.046964583 	-0.061493171 	0.84829901
0.0019296482 	-0.046964583 	-0.061493171 	0.84829901
0.0019497487 	-0.046975924 	-0.063588097 	0.8446436
0.0019698492 	-0.046975924 	-0.063588097 	0.8446436
0.0019899497 	-0.047167937 	-0.062206586 	0.83882863
0.0020100503 	-0.047167937 	-0.062206586 	0.83882863
0.0020301508 	-0.047167937 	-0.062206586 	0.83882863
0.0020502513 	-0.046992674 	-0.057180988 	0.83155766
0.0020703518 	-0.046992674 	-0.057180988 	0.83155766
0.0020904523 	-0.046194315 	-0.04917116 	0.82402848
0.0021105528 	-0.046194315 	-0.04917116 	0.82402848
0.0021306533 	-0.046194315 	-0.04917116 	0.82402848
0.0021507538 	-0.044834865 	-0.039513634 	0.8172789
0.0021708543 	-0.044834865 	-0.039513634 	0.8172789
0.0021909548 	-0.043227014 	-0.029599189 	0.81167935
0.0022110553 	-0.043227014 	-0.029599189 	0.81167935
0.0022311558 	-0.041891927 	-0.020224156 	0.80690734
0.0022512563 	-0.041891927 	-0.020224156 	0.80690734
0.0022713568 	-0.041323424 	-0.011393445 	0.80234266
0.0022914573 	-0.041323424 	-0.011393445 	0.80234266
0.0023115578 	-0.041323424 	-0.011393445 	0.80234266
0.0023316583 	-0.041825338 	-0.0027643682 	0.79740229
0.0023517588 	-0.041825338 	-0.0027643682 	0.79740229
0.0023718593 	-0.043465823 	0.0058461259 	0.79168105
0.0023919598 	-0.043465823 	0.0058461259 	0.79168105
0.0024120603 	-0.046066917 	0.014251553 	0.78513807
0.0024321608 	-0.046066917 	0.014251553 	0.78513807
0.0024522613 	-0.049334486 	0.021938902 	0.77827376
0.0024723618 	-0.049334486 	0.021938902 	0.77827376
0.0024924623 	-0.052988728 	0.028469247 	0.77195261
0.0025125628 	-0.052988728 	0.028469247 	0.77195261
0.0025326633 	-0.056757954 	0.033799832 	0.76682387
0.0025527638 	-0.056757954 	0.033799832 	0.76682387
0.0025728643 	-0.060334327 	0.03815597 	0.76289652
0.0025929648 	-0.060334327 	0.03815597 	0.76289652
0.0026130653 	-0.063405076 	0.041626783 	0.75970935
0.0026331658 	-0.063405076 	0.041626783 	0.75970935
0.0026532663 	-0.065747115 	0.043945208 	0.75681954
0.0026733668 	-0.065747115 	0.043945208 	0.75681954
0.0026934673 	-0.067227668 	0.04466296 	0.75412591
0.0027135678 	-0.067227668 	0.04466296 	0.75412591
0.0027336683 	-0.067777115 	0.043447069 	0.75180479
0.0027537688 	-0.067777115 	0.043447069 	0.75180479
0.0027738693 	-0.067365744 	0.040279774 	0.75015478
0.0027939698 	-0.067365744 	0.040279774 	0.75015478
0.0028140704 	-0.065970852 	0.035469395 	0.74948111
0.0028341709 	-0.065970852 	0.035469395 	0.74948111
0.0028542714 	-0.063580289 	0.029531426 	0.74998629
0.0028743719 	-0.060221165 	0.023068884 	0.75167178
0.0028944724 	-0.060221165 	0.023068884 	0.75167178
0.0029145729 	-0.055977456 	0.016636648 	0.75429091
0.0029346734 	-0.055977456 	0.016636648 	0.75429091
0.0029547739 	-0.050993531 	0.010680827 	0.75735315
0.0029748744 	-0.050993531 	0.010680827 	0.75735315
0.0029949749 	-0.04547095 	0.0054944378 	0.76021167
0.0030150754 	-0.039623247 	0.0011924787 	0.76217712
0.0030351759 	-0.039623247 	0.0011924787 	0.76217712
0.0030552764 	-0.033597792 	-0.002289446 	0.76266235
0.0030753769 	-0.033597792 	-0.002289446 	0.76266235
0.0030954774 	-0.02745072 	-0.0051328359 	0.76129254
0.0031155779 	-0.021265623 	-0.0075633789 	0.75802676
0.0031356784 	-0.021265623 	-0.0075633789 	0.75802676
0.0031557789 	-0.015074999 	-0.0097970432 	0.75316086
0.0031758794 	-0.015074999 	-0.0097970432 	0.75316086
0.0031959799 	-0.0088223908 	-0.012029443 	0.74726046
0.0032160804 	-0.0024834267 	-0.01440866 	0.74094992
0.0032361809 	-0.0024834267 	-0.01440866 	0.74094992
0.0032562814 	0.0039646534 	-0.016964163 	0.73470341
0.0032763819 	0.010500394 	-0.019493901 	0.72866924
0.0032964824 	0.010500394 	-0.019493901 	0.72866924
0.0033165829 	0.017044273 	-0.021518414 	0.72273556
0.0033366834 	0.023391732 	-0.0223566 	0.71670868
0.0033567839 	0.023391732 	-0.0223566 	0.71670868
0.0033768844 	0.029151364 	-0.021347791 	0.71043717
0.0033969849 	0.033739603 	-0.0180842 	0.7037658
0.0034170854 	0.033739603 	-0.0180842 	0.7037658
0.0034371859 	0.036522646 	-0.012509997 	0.69640073
0.0034572864 	0.037060085 	-0.004913195 	0.68797644
0.0034773869 	0.03532071 	0.0039210488 	0.67831797
0.0034974874 	0.03532071 	0.0039210488 	0.67831797
0.0035175879 	0.031740534 	0.012532151 	0.6674835
0.0035376884 	0.026922716 	0.019083528 	0.65542506
0.0035577889 	0.02160456 	0.022191201 	0.64162479
0.0035778894 	0.02160456 	0.022191201 	0.64162479
0.0035979899 	0.016567152 	0.021745462 	0.62513926
0.0036180905 	0.012386744 	0.019022144 	0.60510872
0.003638191 	0.0093092053 	0.015940766 	0.58127914
0.0036582915 	0.0093092053 	0.015940766 	0.58127914
0.003678392 	0.0072853375 	0.014074243 	0.55417081
0.0036984925 	0.0060807901 	0.014045791 	0.5247549
0.003718593 	0.0054080481 	0.015533376 	0.49398841
0.0037386935 	0.0050165587 	0.017666033 	0.46249514
0.003758794 	0.0047286063 	0.019485851 	0.43046261
0.0037788945 	0.0047286063 	0.019485851 	0.43046261
0.003798995 	0.0044391091 	0.020276845 	0.39770412
0.0038190955 	0.0040975135 	0.019710818 	0.36379791
0.003839196 	0.0036866263 	0.01784406 	0.328244
0.0038592965 	0.0032060471 	0.015018746 	0.29060353
0.003879397 	0.0026627685 	0.011720616 	0.25060529
0.0038994975 	0.0020687894 	0.0084358828 	0.20820869
0.003919598 	0.001446057 	0.0055425013 	0.16362513
0.0039396985 	0.00083808959 	0.0032529638 	0.11732058
0.003959799 	0.00031936891 	0.0016035944 	0.070044303
0.0039798995 	2.1181468e-05 	0.00046334813 	0.022905621
0.004 	2.1181468e-05 	0.00046334813 	0.022905621
