0 	-0.019246582 	-0.012538109 	1.0375353
2.0100503e-05 	-0.019246582 	-0.012538109 	1.0375353
4.0201005e-05 	-0.019246582 	-0.012538109 	1.0375353
6.0301508e-05 	-0.013724736 	-0.013946036 	1.0350033
8.040201e-05 	-0.013724736 	-0.013946036 	1.0350033
0.00010050251 	-0.013724736 	-0.013946036 	1.0350033
0.00012060302 	-0.015396905 	-0.0092523631 	1.02724
0.00014070352 	-0.015396905 	-0.0092523631 	1.02724
0.00016080402 	-0.015396905 	-0.0092523631 	1.02724
0.00018090452 	-0.018515977 	-0.0018143372 	1.0168446
0.00020100503 	-0.018515977 	-0.0018143372 	1.0168446
0.00022110553 	-0.018515977 	-0.0018143372 	1.0168446
0.00024120603 	-0.021739611 	0.0081037993 	1.0070979
0.00026130653 	-0.021739611 	0.0081037993 	1.0070979
0.00028140704 	-0.024777618 	0.019538481 	1.000328
0.00030150754 	-0.024777618 	0.019538481 	1.000328
0.00032160804 	-0.024777618 	0.019538481 	1.000328
0.00034170854 	-0.027709013 	0.031967849 	0.99679447
0.00036180905 	-0.027709013 	0.031967849 	0.99679447
0.00038190955 	-0.027709013 	0.031967849 	0.99679447
0.00040201005 	-0.030791108 	0.04551425 	0.99505892
0.00042211055 	-0.030791108 	0.04551425 	0.99505892
0.00044221106 	-0.030791108 	0.04551425 	0.99505892
0.00046231156 	-0.034307115 	0.059550198 	0.99320369
0.00048241206 	-0.034307115 	0.059550198 	0.99320369
0.00050251256 	-0.038391657 	0.071541586 	0.98956982
0.00052261307 	-0.038391657 	0.071541586 	0.98956982
0.00054271357 	-0.038391657 	0.071541586 	0.98956982
0.00056281407 	-0.042969232 	0.077776209 	0.98312843
0.00058291457 	-0.042969232 	0.077776209 	0.98312843
0.00060301508 	-0.042969232 	0.077776209 	0.98312843
0.00062311558 	-0.047792008 	0.075747435 	0.97414158
0.00064321608 	-0.047792008 	0.075747435 	0.97414158
0.00066331658 	-0.047792008 	0.075747435 	0.97414158
0.00068341709 	-0.052527873 	0.066136066 	0.96415389
0.00070351759 	-0.052527873 	0.066136066 	0.96415389
0.00072361809 	-0.056960179 	0.052561496 	0.9546704
0.00074371859 	-0.056960179 	0.052561496 	0.9546704
0.0007638191 	-0.056960179 	0.052561496 	0.9546704
0.0007839196 	-0.06113707 	0.039562595 	0.94653313
0.0008040201 	-0.06113707 	0.039562595 	0.94653313
0.0008241206 	-0.06113707 	0.039562595 	0.94653313
0.00084422111 	-0.065148052 	0.03033134 	0.94044231
0.00086432161 	-0.065148052 	0.03033134 	0.94044231
0.00088442211 	-0.065148052 	0.03033134 	0.94044231
0.00090452261 	-0.068870099 	0.02558755 	0.93675861
0.00092462312 	-0.068870099 	0.02558755 	0.93675861
0.00094472362 	-0.071904647 	0.02412329 	0.93497773
0.00096482412 	-0.071904647 	0.02412329 	0.93497773
0.00098492462 	-0.071904647 	0.02412329 	0.93497773
0.0010050251 	-0.074379777 	0.01915666 	0.9344852
0.0010251256 	-0.074379777 	0.01915666 	0.9344852
0.0010452261 	-0.074379777 	0.01915666 	0.9344852
0.0010653266 	-0.074205115 	0.020936744 	0.93165671
0.0010854271 	-0.074205115 	0.020936744 	0.93165671
0.0011055276 	-0.074205115 	0.020936744 	0.93165671
0.0011256281 	-0.071666077 	0.022804745 	0.92840347
0.0011457286 	-0.071666077 	0.022804745 	0.92840347
0.0011658291 	-0.071666077 	0.022804745 	0.92840347
0.0011859296 	-0.066584395 	0.02414568 	0.92553363
0.0012060302 	-0.066584395 	0.02414568 	0.92553363
0.0012261307 	-0.066584395 	0.02414568 	0.92553363
0.0012462312 	-0.059213506 	0.024449365 	0.92380801
0.0012663317 	-0.059213506 	0.024449365 	0.92380801
0.0012864322 	-0.059213506 	0.024449365 	0.92380801
0.0013065327 	-0.050057464 	0.023398235 	0.92384413
0.0013266332 	-0.050057464 	0.023398235 	0.92384413
0.0013467337 	-0.050057464 	0.023398235 	0.92384413
0.0013668342 	-0.03990665 	0.020977017 	0.92584865
0.0013869347 	-0.03990665 	0.020977017 	0.92584865
0.0014070352 	-0.03990665 	0.020977017 	0.92584865
0.0014271357 	-0.02976014 	0.017610426 	0.92959856
0.0014472362 	-0.02976014 	0.017610426 	0.92959856
0.0014673367 	-0.02976014 	0.017610426 	0.92959856
0.0014874372 	-0.020509888 	0.014109082 	0.93447853
0.0015075377 	-0.020509888 	0.014109082 	0.93447853
0.0015276382 	-0.012667299 	0.011220508 	0.93964937
0.0015477387 	-0.012667299 	0.011220508 	0.93964937
0.0015678392 	-0.012667299 	0.011220508 	0.93964937
0.0015879397 	-0.0064124839 	0.0091049489 	0.94429591
0.0016080402 	-0.0064124839 	0.0091049489 	0.94429591
0.0016281407 	-0.0064124839 	0.0091049489 	0.94429591
0.0016482412 	-0.0015401228 	0.0074570325 	0.94793706
0.0016683417 	-0.0015401228 	0.0074570325 	0.94793706
0.0016884422 	0.002275369 	0.0055745924 	0.95048518
0.0017085427 	0.002275369 	0.0055745924 	0.95048518
0.0017286432 	0.002275369 	0.0055745924 	0.95048518
0.0017487437 	0.0051016677 	0.0030217839 	0.9520723
0.0017688442 	0.0051016677 	0.0030217839 	0.9520723
0.0017889447 	0.0051016677 	0.0030217839 	0.9520723
0.0018090452 	0.0068339141 	-9.8367526e-05 	0.95281969
0.0018291457 	0.0068339141 	-9.8367526e-05 	0.95281969
0.0018492462 	0.0073892817 	-0.003137425 	0.95274446
0.0018693467 	0.0073892817 	-0.003137425 	0.95274446
0.0018894472 	0.0073892817 	-0.003137425 	0.95274446
0.0019095477 	0.0068873213 	-0.0052060362 	0.95158815
0.0019296482 	0.0068873213 	-0.0052060362 	0.95158815
0.0019497487 	0.0056319112 	-0.0058164906 	0.9489954
0.0019698492 	0.0056319112 	-0.0058164906 	0.9489954
0.0019899497 	0.0056319112 	-0.0058164906 	0.9489954
0.0020100503 	0.0040079113 	-0.0052802055 	0.94485063
0.0020301508 	0.0040079113 	-0.0052802055 	0.94485063
0.0020502513 	0.002217309 	-0.004579777 	0.93948908
0.0020703518 	0.002217309 	-0.004579777 	0.93948908
0.0020904523 	0.00026717986 	-0.004807203 	0.93359019
0.0021105528 	0.00026717986 	-0.004807203 	0.93359019
0.0021306533 	0.00026717986 	-0.004807203 	0.93359019
0.0021507538 	-0.0018438907 	-0.0066054739 	0.92790245
0.0021708543 	-0.0018438907 	-0.0066054739 	0.92790245
0.0021909548 	-0.0039768526 	-0.0099931209 	0.9230566
0.0022110553 	-0.0039768526 	-0.0099931209 	0.9230566
0.0022311558 	-0.0058804454 	-0.014494518 	0.91947264
0.0022512563 	-0.0058804454 	-0.014494518 	0.91947264
0.0022713568 	-0.0073388173 	-0.019441821 	0.91726119
0.0022914573 	-0.0073388173 	-0.019441821 	0.91726119
0.0023115578 	-0.0073388173 	-0.019441821 	0.91726119
0.0023316583 	-0.0082633306 	-0.024284486 	0.91604161
0.0023517588 	-0.0082633306 	-0.024284486 	0.91604161
0.0023718593 	-0.0087064132 	-0.028850147 	0.91479077
0.0023919598 	-0.0087064132 	-0.028850147 	0.91479077
0.0024120603 	-0.0087784178 	-0.033375799 	0.91192448
0.0024321608 	-0.0087784178 	-0.033375799 	0.91192448
0.0024522613 	-0.008521711 	-0.038347576 	0.90569778
0.0024723618 	-0.008521711 	-0.038347576 	0.90569778
0.0024924623 	-0.0078721957 	-0.044089392 	0.89511965
0.0025125628 	-0.0078721957 	-0.044089392 	0.89511965
0.0025326633 	-0.0067664006 	-0.050397499 	0.88086239
0.0025527638 	-0.0067664006 	-0.050397499 	0.88086239
0.0025728643 	-0.0052810252 	-0.056561226 	0.86535363
0.0025929648 	-0.0052810252 	-0.056561226 	0.86535363
0.0026130653 	-0.0036868155 	-0.061727148 	0.85168384
0.0026331658 	-0.0036868155 	-0.061727148 	0.85168384
0.0026532663 	-0.0023148602 	-0.06529445 	0.84210298
0.0026733668 	-0.0023148602 	-0.06529445 	0.84210298
0.0026934673 	-0.0013731594 	-0.067003136 	0.83721919
0.0027135678 	-0.0013731594 	-0.067003136 	0.83721919
0.0027336683 	-0.00091845708 	-0.066815352 	0.83621782
0.0027537688 	-0.00091845708 	-0.066815352 	0.83621782
0.0027738693 	-0.00085680851 	-0.06479492 	0.83763071
0.0027939698 	-0.00085680851 	-0.06479492 	0.83763071
0.0028140704 	-0.001015912 	-0.061113066 	0.84004292
0.0028341709 	-0.001015912 	-0.061113066 	0.84004292
0.0028542714 	-0.0012457626 	-0.056138011 	0.84245978
0.0028743719 	-0.0014685051 	-0.050435243 	0.84435313
0.0028944724 	-0.0014685051 	-0.050435243 	0.84435313
0.0029145729 	-0.0016780186 	-0.044639998 	0.84552936
0.0029346734 	-0.0016780186 	-0.044639998 	0.84552936
0.0029547739 	-0.0019256441 	-0.039282208 	0.84597933
0.0029748744 	-0.0019256441 	-0.039282208 	0.84597933
0.0029949749 	-0.0022719799 	-0.034682367 	0.84575303
0.0030150754 	-0.0026884065 	-0.030939845 	0.84491222
0.0030351759 	-0.0026884065 	-0.030939845 	0.84491222
0.0030552764 	-0.0030650003 	-0.028000549 	0.84348509
0.0030753769 	-0.0030650003 	-0.028000549 	0.84348509
0.0030954774 	-0.0032140228 	-0.025738745 	0.84144567
0.0031155779 	-0.0028977303 	-0.024033563 	0.83872565
0.0031356784 	-0.0028977303 	-0.024033563 	0.83872565
0.0031557789 	-0.0018923252 	-0.02280596 	0.83524369
0.0031758794 	-0.0018923252 	-0.02280596 	0.83524369
0.0031959799 	-1.8338719e-05 	-0.022021815 	0.8309402
0.0032160804 	0.0028045871 	-0.02168102 	0.82577855
0.0032361809 	0.0028045871 	-0.02168102 	0.82577855
0.0032562814 	0.0065495331 	-0.021795869 	0.8197533
0.0032763819 	0.011104368 	-0.022363315 	0.81289503
0.0032964824 	0.011104368 	-0.022363315 	0.81289503
0.0033165829 	0.016272129 	-0.023371662 	0.8052562
0.0033366834 	0.021790607 	-0.024753929 	0.7969093
0.0033567839 	0.021790607 	-0.024753929 	0.7969093
0.0033768844 	0.027353767 	-0.026402902 	0.78794544
0.0033969849 	0.032640429 	-0.028175482 	0.77846994
0.0034170854 	0.032640429 	-0.028175482 	0.77846994
0.0034371859 	0.037324524 	-0.029888097 	0.76860147
0.0034572864 	0.041098385 	-0.031326374 	0.75848747
0.0034773869 	0.043703325 	-0.032247594 	0.74831731
0.0034974874 	0.043703325 	-0.032247594 	0.74831731
0.0035175879 	0.04495642 	-0.032417539 	0.73831557
0.0035376884 	0.044767651 	-0.03166217 	0.72870816
0.0035577889 	0.043142265 	-0.029916795 	0.71968742
0.0035778894 	0.043142265 	-0.029916795 	0.71968742
0.0035979899 	0.040170693 	-0.027238446 	0.7113945
0.0036180905 	0.036020375 	-0.023773668 	0.70388281
0.003638191 	0.030938008 	-0.019665119 	0.69697206
0.0036582915 	0.030938008 	-0.019665119 	0.69697206
0.003678392 	0.025273311 	-0.014944863 	0.68991484
0.0036984925 	0.019435152 	-0.0095489757 	0.68104043
0.003718593 	0.013948205 	-0.0035305231 	0.66771463
0.0037386935 	0.0093720284 	0.0026249426 	0.64686693
0.003758794 	0.0060536855 	0.0079252275 	0.61602958
0.0037788945 	0.0060536855 	0.0079252275 	0.61602958
0.003798995 	0.0040244846 	0.011239188 	0.57431105
0.0038190955 	0.0030176742 	0.011927692 	0.52272635
0.003839196 	0.0026243863 	0.010285351 	0.46370434
0.0038592965 	0.0024494371 	0.007403168 	0.40018902
0.003879397 	0.0022283164 	0.0045570392 	0.3348636
0.0038994975 	0.001868176 	0.0025855484 	0.26975305
0.003919598 	0.0013905185 	0.0016457913 	0.20616209
0.0039396985 	0.00087103316 	0.0013865523 	0.14475662
0.003959799 	0.00040188102 	0.0012656892 	0.08562411
0.0039798995 	6.8065295e-05 	0.00073838959 	0.028306649
0.004 	6.8065295e-05 	0.00073838959 	0.028306649
