0 	0.015968359 	-0.015580852 	1.0480118
5.5555556e-05 	0.017694886 	-0.0086140409 	1.0545789
0.00011111111 	0.015248384 	-0.009233194 	1.0603542
0.00016666667 	0.012631442 	-0.011642565 	1.0652548
0.00022222222 	0.0101933 	-0.014320783 	1.069074
0.00027777778 	0.0079800105 	-0.016484322 	1.0715911
0.00033333333 	0.0059639912 	-0.01765429 	1.0727127
0.00038888889 	0.0041260111 	-0.017574914 	1.0725445
0.00044444444 	0.0025141478 	-0.016142963 	1.0713376
0.0005 	0.0012433393 	-0.013341483 	1.0693733
0.00055555556 	0.00043410134 	-0.0092236366 	1.0669023
0.00061111111 	0.0001432603 	-0.0039321977 	1.0641711
0.00066666667 	0.00035296922 	0.0022572077 	1.0614383
0.00072222222 	0.0009999514 	0.0089570867 	1.058886
0.00077777778 	0.0020277149 	0.015730576 	1.0564422
0.00083333333 	0.0034534625 	0.022201202 	1.0536218
0.00088888889 	0.0053701978 	0.028110759 	1.0495612
0.00094444444 	0.0078959822 	0.033337828 	1.0433421
0.001 	0.01129475 	0.037963646 	1.0341048
0.0010617199 	0.015311577 	0.041331603 	1.0224183
0.0011225874 	0.018894784 	0.042382504 	1.0112361
0.0011826143 	0.021080001 	0.040472106 	1.0029084
0.0012418122 	0.021218837 	0.03578874 	0.99848744
0.0013001926 	0.019220892 	0.029377505 	0.99779785
0.0013577668 	0.015510235 	0.022631223 	1.0000495
0.0014145458 	0.010862401 	0.016837342 	1.0041945
0.0014705407 	0.006337192 	0.012953202 	1.0088898
0.0015257623 	0.0031498456 	0.011538749 	1.0123786
0.0015802213 	0.0024701275 	0.012744549 	1.0125351
0.0016339282 	0.0051080678 	0.016414249 	1.0073716
0.0016868934 	0.011231264 	0.02216244 	0.99579753
0.0017391271 	0.020281953 	0.029427586 	0.97823518
0.0017906395 	0.031061269 	0.037492397 	0.95664364
0.0018414404 	0.042110499 	0.045572155 	0.93396629
0.0018915398 	0.052098025 	0.052883671 	0.9130938
0.0019409473 	0.060155616 	0.05865439 	0.89585071
0.0019896725 	0.065868097 	0.061994418 	0.88246032
0.0020377248 	0.068953854 	0.061773975 	0.87197453
0.0020851134 	0.06913467 	0.056902346 	0.86329201
0.0021318476 	0.066077658 	0.04680021 	0.85604644
0.0021779364 	0.059661136 	0.031926867 	0.85045647
0.0022233887 	0.050291011 	0.014168894 	0.84735392
0.0022682133 	0.038964331 	-0.0035261833 	0.84784355
0.0023124189 	0.027540575 	-0.018629073 	0.85124108
0.0023560139 	0.01794142 	-0.030099029 	0.85459771
0.0023990069 	0.011085858 	-0.038294002 	0.85507497
0.0024414062 	0.0068967542 	-0.044224347 	0.85175139
0.0024832199 	0.0047736684 	-0.048905386 	0.84517681
0.0025244562 	0.0040858316 	-0.053040446 	0.8364012
0.002565123 	0.004350313 	-0.056954414 	0.82644504
0.0026052281 	0.0052846504 	-0.060670686 	0.81606289
0.0026447794 	0.0067594907 	-0.064031 	0.80561977
0.0026837845 	0.0086738269 	-0.066816282 	0.79517637
0.0027222509 	0.010912317 	-0.068821871 	0.78468623
0.0027601861 	0.013326254 	-0.069905679 	0.77417051
0.0027975974 	0.015710979 	-0.07001237 	0.76378699
0.002834492 	0.017888888 	-0.069170801 	0.75382564
0.0028708772 	0.019750488 	-0.067458655 	0.74461162
0.0029067598 	0.021265432 	-0.064953491 	0.7364313
0.0029421469 	0.022483837 	-0.061697808 	0.72948561
0.0029770452 	0.02352169 	-0.057688764 	0.72386993
0.0030114616 	0.024532674 	-0.052875329 	0.71959172
0.0030454028 	0.025674081 	-0.047192224 	0.71658957
0.0030788752 	0.027119081 	-0.040596173 	0.7147429
0.0031118853 	0.029022075 	-0.033088346 	0.71387766
0.0031444395 	0.031523886 	-0.024697633 	0.71373895
0.0031765442 	0.034732603 	-0.01549233 	0.71397727
0.0032082055 	0.038725972 	-0.0055465305 	0.7141432
0.0032394295 	0.043610591 	0.0050926017 	0.7137177
0.0032702223 	0.049415866 	0.016419945 	0.712172
0.0033005899 	0.056053484 	0.028416978 	0.70910662
0.0033305381 	0.063383119 	0.041007712 	0.70429441
0.0033600727 	0.071213951 	0.053975793 	0.69773708
0.0033891994 	0.079266579 	0.066942327 	0.68963878
0.0034179239 	0.087209911 	0.079397886 	0.68033776
0.0034462517 	0.094691423 	0.090777419 	0.67023866
0.0034741882 	0.10137121 	0.10054345 	0.65975493
0.003501739 	0.1069469 	0.10824105 	0.6492786
0.0035289093 	0.11118299 	0.11353954 	0.63914704
0.0035557043 	0.11392405 	0.11622508 	0.62965833
0.0035821293 	0.11509819 	0.11616192 	0.62111059
0.0036081894 	0.11469816 	0.11323295 	0.61384527
0.0036338895 	0.11274653 	0.1073056 	0.60824849
0.0036592348 	0.10927031 	0.098285336 	0.60468425
0.00368423 	0.1043132 	0.086268205 	0.60338099
0.00370888 	0.097997491 	0.071671867 	0.60436876
0.0037331896 	0.090613128 	0.055224239 	0.60744977
0.0037571635 	0.082648249 	0.037836071 	0.61207621
0.0037808063 	0.074631539 	0.020588291 	0.61711991
0.0038041226 	0.066870581 	0.0048337563 	0.62068941
0.0038271169 	0.059063697 	-0.0079402494 	0.62004433
0.0038497936 	0.050570549 	-0.016728957 	0.61129015
0.0038721572 	0.040884043 	-0.021942868 	0.58790773
0.0038942119 	0.030090511 	-0.025691876 	0.53924497
0.003915962 	0.019410648 	-0.029636427 	0.45468204
0.0039374118 	0.01042538 	-0.031633244 	0.3351287
0.0039585653 	0.0040198904 	-0.026854245 	0.19782089
0.0039794267 	0.00046348003 	-0.012409245 	0.063010193
0.004 	-7.9579148e-05 	-0.029313025 	0.036839324
