0 	-0.028492786 	0.021664177 	1.0421854
5.5555556e-05 	0.035747166 	0.022850265 	1.0617442
0.00011111111 	0.042105913 	0.020031709 	1.073807
0.00016666667 	0.047231842 	0.018040613 	1.0861393
0.00022222222 	0.051203126 	0.015597371 	1.097056
0.00027777778 	0.053473623 	0.01246251 	1.1047354
0.00033333333 	0.053547682 	0.0087875544 	1.107693
0.00038888889 	0.051152089 	0.0050410456 	1.1052299
0.00044444444 	0.046310831 	0.0020165322 	1.0978194
0.0005 	0.039410668 	0.00055618096 	1.0872096
0.00055555556 	0.031144218 	0.00090777446 	1.0760408
0.00061111111 	0.022280855 	0.0023472188 	1.0670675
0.00066666667 	0.01346671 	0.0036749909 	1.0621731
0.00072222222 	0.0052529644 	0.0041932878 	1.0616621
0.00077777778 	-0.0018469165 	0.0040831649 	1.0644862
0.00083333333 	-0.0073481359 	0.0039796257 	1.0691892
0.00088888889 	-0.010845813 	0.0043925701 	1.0745659
0.00094444444 	-0.01225333 	0.0054175307 	1.0798278
0.001 	-0.011303695 	0.0072472583 	1.0849273
0.0010617224 	-0.0080082281 	0.0096286258 	1.0892286
0.0011225923 	-0.0029127075 	0.011901291 	1.0921432
0.0011826215 	0.003303228 	0.013791939 	1.0938311
0.0012418217 	0.010018864 	0.015174588 	1.094668
0.0013002041 	0.016675812 	0.016070321 	1.0950907
0.0013577803 	0.022854144 	0.016612135 	1.095454
0.0014145612 	0.028301614 	0.016959912 	1.0959047
0.0014705579 	0.032925176 	0.017249955 	1.0963874
0.0015257812 	0.036743285 	0.017547424 	1.0967737
0.0015802418 	0.039841565 	0.017810097 	1.0970008
0.0016339502 	0.042348958 	0.017904956 	1.0970899
0.0016869168 	0.044413891 	0.017671173 	1.0970612
0.0017391518 	0.04616551 	0.017011005 	1.0968621
0.0017906654 	0.047695585 	0.015932099 	1.0963947
0.0018414676 	0.049052785 	0.014562402 	1.095613
0.0018915681 	0.050238002 	0.01309995 	1.0945927
0.0019409766 	0.051233335 	0.011742136 	1.093528
0.0019897027 	0.052040002 	0.010649739 	1.092665
0.0020377558 	0.052675246 	0.0099118224 	1.0922115
0.0020851453 	0.053165026 	0.0095513248 	1.092251
0.0021318802 	0.053538205 	0.0095383961 	1.0926922
0.0021779697 	0.053822522 	0.0098066045 	1.0932657
0.0022234225 	0.054048446 	0.010303297 	1.0935672
0.0022682477 	0.05423518 	0.011027375 	1.0931412
0.0023124537 	0.05438514 	0.012053565 	1.0915901
0.0023560491 	0.054484437 	0.013492626 	1.088686
0.0023990425 	0.054505602 	0.015419119 	1.0844314
0.002441442 	0.054425254 	0.017803265 	1.0790371
0.002483256 	0.054242049 	0.020499907 	1.0728333
0.0025244924 	0.053976931 	0.023294239 	1.0661638
0.0025651593 	0.053666325 	0.025993224 	1.0593149
0.0026052645 	0.053350094 	0.028494424 	1.0524837
0.0026448158 	0.053050814 	0.030824196 	1.0457755
0.0026838209 	0.052761313 	0.03311905 	1.0392115
0.0027222872 	0.052450321 	0.03556419 	1.032745
0.0027602223 	0.052092333 	0.038320525 	1.0262828
0.0027976334 	0.051710713 	0.041471192 	1.0197072
0.0028345278 	0.051363821 	0.045024455 	1.0128849
0.0028709126 	0.051098388 	0.048973047 	1.0056938
0.002906795 	0.050913148 	0.05334884 	0.99808167
0.0029421817 	0.050766497 	0.05819175 	0.99011036
0.0029770797 	0.05061012 	0.063457672 	0.98192275
0.0030114957 	0.050407668 	0.068955167 	0.97367128
0.0030454363 	0.050122813 	0.074357232 	0.96549172
0.0030789082 	0.049683615 	0.079235293 	0.9575539
0.0031119178 	0.048949503 	0.083065821 	0.95015643
0.0031444715 	0.04769304 	0.085224446 	0.94373285
0.0031765755 	0.045638177 	0.085105883 	0.93864874
0.0032082362 	0.04257731 	0.082505292 	0.9347234
0.0032394596 	0.038521993 	0.07810166 	0.93051712
0.0032702517 	0.033822096 	0.073433056 	0.92264627
0.0033006186 	0.029178913 	0.069832355 	0.90593818
0.003330566 	0.025412259 	0.067061903 	0.87559827
0.0033600998 	0.022959264 	0.063457928 	0.83123565
0.0033892257 	0.021513901 	0.05812381 	0.77918909
0.0034179494 	0.020361492 	0.052633436 	0.72924435
0.0034462763 	0.019134641 	0.050001901 	0.68844098
0.003474212 	0.018077673 	0.052271465 	0.65837635
0.0035017619 	0.017689938 	0.059220708 	0.63695511
0.0035289312 	0.018279088 	0.068734819 	0.62096489
0.0035557253 	0.019756874 	0.078030541 	0.60745975
0.0035821494 	0.02171089 	0.0848562 	0.59433959
0.0036082084 	0.023610285 	0.088061249 	0.58057797
0.0036339076 	0.02502778 	0.087343271 	0.56615361
0.0036592518 	0.025718401 	0.082597098 	0.55189297
0.003684246 	0.025505534 	0.073588466 	0.53925152
0.003708895 	0.024186453 	0.060188233 	0.52967318
0.0037332035 	0.021614489 	0.042776402 	0.5234137
0.0037571763 	0.017861425 	0.022526236 	0.51845237
0.003780818 	0.013296703 	0.0014279841 	0.51040698
0.0038041332 	0.0084650293 	-0.018013403 	0.49375584
0.0038271264 	0.0040790514 	-0.03344528 	0.46398986
0.0038498019 	0.00075014853 	-0.043335428 	0.41949607
0.0038721643 	-0.0012475005 	-0.047214164 	0.36213526
0.0038942179 	-0.002020002 	-0.045581926 	0.29628847
0.0039159668 	-0.0019426999 	-0.039533522 	0.22699035
0.0039374154 	-0.0013870585 	-0.030292562 	0.15823136
0.0039585677 	-0.00068924559 	-0.018889084 	0.092240754
0.0039794279 	-0.000117428 	-0.0062493673 	0.029747371
0.004 	-0.000117428 	-0.0062493673 	0.029747371
