0 	0.023095026 	0.010270436 	1.0285522
5.5555556e-05 	0.01355317 	0.018801806 	1.025494
0.00011111111 	0.0074259165 	0.015760418 	1.0246253
0.00016666667 	0.0017191501 	0.0074332477 	1.026492
0.00022222222 	-0.0045866159 	-0.0049175174 	1.0308947
0.00027777778 	-0.011997518 	-0.020107477 	1.0362076
0.00033333333 	-0.020713567 	-0.036755687 	1.0394778
0.00038888889 	-0.030379163 	-0.052826552 	1.038345
0.00044444444 	-0.040003185 	-0.065390485 	1.0332065
0.0005 	-0.048546325 	-0.071586505 	1.0266619
0.00055555556 	-0.055438543 	-0.070403495 	1.0209886
0.00061111111 	-0.060431211 	-0.062826895 	1.0169571
0.00066666667 	-0.063410319 	-0.05054871 	1.0142953
0.00072222222 	-0.064351794 	-0.03517019 	1.0120941
0.00077777778 	-0.063298364 	-0.018145237 	1.0090962
0.00083333333 	-0.060304167 	-0.00077379719 	1.00434
0.00088888889 	-0.055580894 	0.01574536 	0.99779812
0.00094444444 	-0.049752008 	0.030070465 	0.99032111
0.001 	-0.0433906 	0.041498789 	0.98249539
0.0010617199 	-0.03804084 	0.048099159 	0.97532373
0.0011225874 	-0.034674139 	0.050058448 	0.96939542
0.0011826143 	-0.033122447 	0.049063336 	0.96422515
0.0012418122 	-0.032535011 	0.046967031 	0.95904838
0.0013001926 	-0.0318028 	0.044960006 	0.95319618
0.0013577668 	-0.030103881 	0.04345915 	0.94656296
0.0014145458 	-0.027164188 	0.042338172 	0.93969837
0.0014705407 	-0.023251961 	0.041318805 	0.93344588
0.0015257623 	-0.018865559 	0.040180207 	0.92842376
0.0015802213 	-0.014463333 	0.03884054 	0.92482876
0.0016339282 	-0.010355438 	0.037298597 	0.92254516
0.0016868934 	-0.0066961163 	0.035609044 	0.9213183
0.0017391271 	-0.0035245138 	0.033848538 	0.92089021
0.0017906395 	-0.00080493916 	0.032099194 	0.92104902
0.0018414404 	0.0015319468 	0.030438873 	0.92163433
0.0018915398 	0.0035717379 	0.02893495 	0.9225407
0.0019409473 	0.005391759 	0.027632204 	0.92371641
0.0019896725 	0.0070570822 	0.026553392 	0.92514019
0.0020377248 	0.0086266592 	0.025707046 	0.92682552
0.0020851134 	0.010141021 	0.025085018 	0.92878004
0.0021318476 	0.01164183 	0.024667592 	0.93098603
0.0021779364 	0.013159414 	0.024435224 	0.9333872
0.0022233887 	0.014705872 	0.024361022 	0.93587523
0.0022682133 	0.016272632 	0.024417319 	0.93831311
0.0023124189 	0.017829898 	0.02457249 	0.9405626
0.0023560139 	0.019311686 	0.024788917 	0.94250853
0.0023990069 	0.020616409 	0.025023229 	0.94408322
0.0024414062 	0.02162982 	0.025221941 	0.94527532
0.0024832199 	0.022203826 	0.025328932 	0.9461191
0.0025244562 	0.022173748 	0.025285596 	0.94669675
0.002565123 	0.021370383 	0.025046244 	0.94714695
0.0026052281 	0.019623283 	0.024585466 	0.94765337
0.0026447794 	0.016801842 	0.023923114 	0.948385
0.0026837845 	0.012852187 	0.02314021 	0.94933627
0.0027222509 	0.0077735099 	0.02234867 	0.95004419
0.0027601861 	0.0015868489 	0.021542023 	0.94919323
0.0027975974 	-0.0056022661 	0.020335359 	0.94440667
0.002834492 	-0.013542881 	0.017671704 	0.93279118
0.0028708772 	-0.021695769 	0.011960123 	0.91266726
0.0029067598 	-0.029337686 	0.0019840417 	0.88580237
0.0029421469 	-0.036048886 	-0.011722797 	0.85799934
0.0029770452 	-0.041829985 	-0.026401286 	0.83655
0.0030114616 	-0.046808925 	-0.03841206 	0.82576225
0.0030454028 	-0.051019515 	-0.045120765 	0.82478798
0.0030788752 	-0.054359553 	-0.045560677 	0.82954353
0.0031118853 	-0.056661089 	-0.039945886 	0.83598409
0.0031444395 	-0.057741648 	-0.029066991 	0.84127262
0.0031765442 	-0.057257139 	-0.01395729 	0.84292558
0.0032082055 	-0.054684998 	0.0042260376 	0.83789019
0.0032394295 	-0.04944021 	0.024146873 	0.82302789
0.0032702223 	-0.041462112 	0.044156503 	0.79664957
0.0033005899 	-0.031595404 	0.062226324 	0.76003342
0.0033305381 	-0.021352828 	0.07615179 	0.71759886
0.0033600727 	-0.01249438 	0.084064626 	0.67559111
0.0033891994 	-0.0065250244 	0.084965296 	0.63987383
0.0034179239 	-0.004265867 	0.079057503 	0.61398955
0.0034462517 	-0.0057446263 	0.067639784 	0.59830793
0.0034741882 	-0.010381885 	0.0525049 	0.59060618
0.003501739 	-0.017235506 	0.035267923 	0.58753012
0.0035289093 	-0.025231196 	0.017024979 	0.58605582
0.0035557043 	-0.033350152 	-0.0015828632 	0.58424454
0.0035821293 	-0.040637202 	-0.020070872 	0.58101945
0.0036081894 	-0.046427503 	-0.037779435 	0.5754801
0.0036338895 	-0.050409815 	-0.05379312 	0.56652988
0.0036592348 	-0.052407983 	-0.067069727 	0.55299813
0.00368423 	-0.05240155 	-0.076664537 	0.53391596
0.00370888 	-0.050452773 	-0.081906485 	0.50866806
0.0037331896 	-0.046690297 	-0.08246922 	0.47706452
0.0037571635 	-0.041378263 	-0.078447959 	0.43950278
0.0037808063 	-0.035009463 	-0.070494803 	0.39719971
0.0038041226 	-0.02829087 	-0.059903682 	0.35214382
0.0038271169 	-0.021949075 	-0.048364391 	0.30647912
0.0038497936 	-0.016480107 	-0.037395035 	0.2617046
0.0038721572 	-0.012039102 	-0.027880709 	0.21839151
0.0038942119 	-0.0085130355 	-0.020011895 	0.17650652
0.003915962 	-0.0056743166 	-0.01352254 	0.13588763
0.0039374118 	-0.0033317685 	-0.0080219681 	0.096489333
0.0039585653 	-0.0014557647 	-0.0033536253 	0.058222911
0.0039794267 	-0.00019413903 	-5.2437297e-05 	0.020279948
0.004 	-8.4204185e-05 	0.00236057 	0.017492065
