0 	-0.023876478 	-0.060784672 	0.97814668
5.5555556e-05 	-0.041005789 	0.048318761 	0.98445202
0.00011111111 	-0.033317094 	0.051445719 	0.98913286
0.00016666667 	-0.029525302 	0.050919705 	0.99391753
0.00022222222 	-0.027728669 	0.049258364 	0.998095
0.00027777778 	-0.027263583 	0.047310736 	1.0010171
0.00033333333 	-0.027758303 	0.04532592 	1.0022296
0.00038888889 	-0.02894928 	0.043142945 	1.0015559
0.00044444444 	-0.030620535 	0.040323664 	0.99902221
0.0005 	-0.032567604 	0.036376076 	0.99472057
0.00055555556 	-0.034595926 	0.03108048 	0.98878994
0.00061111111 	-0.036555618 	0.024743673 	0.98152299
0.00066666667 	-0.038389641 	0.018188191 	0.97340519
0.00072222222 	-0.040208162 	0.012433215 	0.96499156
0.00077777778 	-0.042332484 	0.008250702 	0.95679186
0.00083333333 	-0.045244429 	0.0058993559 	0.94929955
0.00088888889 	-0.049463245 	0.0052524542 	0.94288565
0.00094444444 	-0.055354061 	0.0061525383 	0.93717225
0.001 	-0.063559307 	0.0084071621 	0.92985341
0.0010617224 	-0.074176925 	0.011347718 	0.91732845
0.0011225923 	-0.085994764 	0.014075009 	0.89811491
0.0011826215 	-0.097020204 	0.01628771 	0.87652273
0.0012418217 	-0.10501542 	0.01907507 	0.85888943
0.0013002041 	-0.10865838 	0.023903909 	0.8470705
0.0013577803 	-0.10828694 	0.031248009 	0.83836087
0.0014145612 	-0.10505796 	0.040346014 	0.82983056
0.0014705579 	-0.09979531 	0.0496855 	0.82046603
0.0015257812 	-0.092875238 	0.057323429 	0.81106686
0.0015802418 	-0.084791797 	0.061116946 	0.80420918
0.0016339502 	-0.076471517 	0.059374455 	0.80395203
0.0016869168 	-0.068940574 	0.05182505 	0.81327746
0.0017391518 	-0.062573262 	0.03987447 	0.82962977
0.0017906654 	-0.056934619 	0.025888777 	0.84483978
0.0018414676 	-0.051463425 	0.012645768 	0.85168299
0.0018915681 	-0.045804364 	0.0025212099 	0.84869961
0.0019409766 	-0.039884183 	-0.0033766921 	0.8393544
0.0019897027 	-0.034064329 	-0.0049573521 	0.82868574
0.0020377558 	-0.029044617 	-0.0025660872 	0.82016046
0.0020851453 	-0.025615056 	0.0029001814 	0.81451068
0.0021318802 	-0.024018866 	0.010026047 	0.81073019
0.0021779697 	-0.023565676 	0.017495972 	0.80761581
0.0022234225 	-0.023502994 	0.024673167 	0.80458464
0.0022682477 	-0.023409855 	0.031741669 	0.80133252
0.0023124537 	-0.022950403 	0.039402093 	0.79782054
0.0023560491 	-0.022003331 	0.048247768 	0.79440309
0.0023990425 	-0.020550165 	0.058197569 	0.79179593
0.002441442 	-0.018748785 	0.068512463 	0.79060897
0.002483256 	-0.016948772 	0.078191303 	0.79097876
0.0025244924 	-0.015567993 	0.086336056 	0.79262314
0.0025651593 	-0.014909969 	0.092374523 	0.79507747
0.0026052645 	-0.015057494 	0.096186925 	0.79791525
0.0026448158 	-0.015905939 	0.098040259 	0.80090503
0.0026838209 	-0.017248141 	0.098371814 	0.80397199
0.0027222872 	-0.018844734 	0.097567528 	0.80707258
0.0027602223 	-0.020451139 	0.095811885 	0.81010534
0.0027976334 	-0.021830586 	0.093021597 	0.81289435
0.0028345278 	-0.022795509 	0.088858499 	0.81520115
0.0028709126 	-0.023250766 	0.082809387 	0.81674877
0.002906795 	-0.023199725 	0.074336581 	0.81720904
0.0029421817 	-0.022777713 	0.063124576 	0.81618185
0.0029770797 	-0.022199733 	0.049273254 	0.8131169
0.0030114957 	-0.021711239 	0.033585118 	0.80727472
0.0030454363 	-0.021575468 	0.017507001 	0.79780196
0.0030789082 	-0.022043182 	0.0029139538 	0.78402766
0.0031119178 	-0.023363641 	-0.0081866048 	0.76592442
0.0031444715 	-0.025699276 	-0.013832877 	0.74446071
0.0031765755 	-0.029028567 	-0.012351689 	0.72161909
0.0032082362 	-0.033108875 	-0.0029080083 	0.69986009
0.0032394596 	-0.03761395 	0.013799917 	0.68135271
0.0032702517 	-0.042231897 	0.035398638 	0.667279
0.0033006186 	-0.046661907 	0.058679573 	0.65758246
0.003330566 	-0.050682937 	0.080797396 	0.65110279
0.0033600998 	-0.054095718 	0.099912958 	0.64610587
0.0033892257 	-0.056668967 	0.11510106 	0.64082955
0.0034179494 	-0.058128267 	0.12597507 	0.63379041
0.0034462763 	-0.058168387 	0.13236203 	0.62386523
0.003474212 	-0.056537303 	0.13419064 	0.61037531
0.0035017619 	-0.053157329 	0.13154409 	0.59333469
0.0035289312 	-0.048228708 	0.12476974 	0.57370671
0.0035557253 	-0.042234893 	0.11452251 	0.55328415
0.0035821494 	-0.035813861 	0.10169325 	0.53403578
0.0036082084 	-0.029572555 	0.087266262 	0.51728583
0.0036339076 	-0.0239539 	0.072196532 	0.50323713
0.0036592518 	-0.01918822 	0.057342824 	0.49100568
0.003684246 	-0.015323058 	0.043433951 	0.47900491
0.003708895 	-0.012285771 	0.031043222 	0.46543911
0.0037332035 	-0.0099418082 	0.020568107 	0.44872367
0.0037571763 	-0.0081399716 	0.012209593 	0.42775165
0.003780818 	-0.0067393298 	0.0059626062 	0.40199921
0.0038041332 	-0.0056194629 	0.0016345672 	0.37149337
0.0038271264 	-0.0046775269 	-0.001094422 	0.33666468
0.0038498019 	-0.0038447055 	-0.0025882728 	0.29813239
0.0038721643 	-0.0030882878 	-0.0031680309 	0.25653219
0.0038942179 	-0.0023827697 	-0.0030719452 	0.21242753
0.0039159668 	-0.0017095713 	-0.0024757282 	0.16632621
0.0039374154 	-0.0010672201 	-0.0015609669 	0.11878896
0.0039585677 	-0.00049594394 	-0.00059742742 	0.070593724
0.0039794279 	-7.731098e-05 	2.6536431e-05 	0.022909437
0.004 	-7.731098e-05 	2.6536431e-05 	0.022909437
