0 	-0.00022077861 	-0.0021827553 	1.0502374
5.5555625e-05 	-0.0025164395 	0.00038337225 	1.0479221
0.00011111111 	-0.0038544125 	0.002789715 	1.0446989
0.00016666667 	-0.0052607953 	0.0054091603 	1.0396464
0.00022222222 	-0.0069164101 	0.0086731758 	1.0320411
0.00027777778 	-0.0089112118 	0.012524781 	1.022091
0.00033333333 	-0.011139245 	0.016463941 	1.0112257
0.00038888889 	-0.013187111 	0.019973097 	1.0013444
0.00044444444 	-0.014431288 	0.02288285 	0.99356173
0.0005 	-0.014379149 	0.025208897 	0.98770953
0.00055555556 	-0.012904377 	0.026788538 	0.98279971
0.00061111111 	-0.010237093 	0.02730043 	0.97775079
0.00066666667 	-0.0068585352 	0.026660562 	0.97192042
0.00072222222 	-0.0034241817 	0.025294965 	0.96536468
0.00077777778 	-0.00066929665 	0.024004314 	0.95879565
0.00083333333 	0.00075824669 	0.023587311 	0.95327581
0.00088888889 	0.00052197309 	0.024554544 	0.94977515
0.00094444444 	-0.0011392843 	0.027153147 	0.94864681
0.001 	-0.003728395 	0.031660953 	0.94935849
0.0010617199 	-0.0060204726 	0.038385548 	0.95057669
0.0011225874 	-0.0067925142 	0.046683813 	0.95045948
0.0011826143 	-0.005677447 	0.055465051 	0.94816476
0.0012418122 	-0.0030098771 	0.063136942 	0.94398286
0.0013001926 	0.00057964976 	0.068160711 	0.93879339
0.0013577668 	0.0044780425 	0.069643942 	0.93347579
0.0014145458 	0.0081940654 	0.067521326 	0.92858971
0.0014705407 	0.011363717 	0.062394402 	0.92432425
0.0015257623 	0.013786688 	0.055260737 	0.92056356
0.0015802213 	0.015408094 	0.047212541 	0.91705949
0.0016339282 	0.016262625 	0.03921918 	0.91361774
0.0016868934 	0.016448652 	0.031984878 	0.91022658
0.0017391271 	0.016111954 	0.0259097 	0.90703023
0.0017906395 	0.015453701 	0.021147705 	0.90422211
0.0018414404 	0.014733339 	0.017622235 	0.90193435
0.0018915398 	0.014240489 	0.015080792 	0.9001997
0.0019409473 	0.014257367 	0.013120429 	0.89898115
0.0019896725 	0.015011541 	0.011272529 	0.89821214
0.0020377248 	0.016653944 	0.0091089801 	0.89782029
0.0020851134 	0.019204041 	0.0063238167 	0.89771624
0.0021318476 	0.022574118 	0.002786867 	0.89778384
0.0021779364 	0.026617374 	-0.0014758406 	0.89786457
0.0022233887 	0.031115339 	-0.0063110169 	0.89776189
0.0022682133 	0.035811922 	-0.011483952 	0.89725215
0.0023124189 	0.040430875 	-0.016721945 	0.89608803
0.0023560139 	0.044695518 	-0.021751944 	0.89400997
0.0023990069 	0.048349545 	-0.026328115 	0.89074815
0.0024414062 	0.051170887 	-0.030240115 	0.88603227
0.0024832199 	0.052990028 	-0.033291896 	0.87964259
0.0025244562 	0.053707376 	-0.03524543 	0.87152773
0.002565123 	0.053322555 	-0.035752774 	0.86197267
0.0026052281 	0.051968703 	-0.034347783 	0.8516643
0.0026447794 	0.04991287 	-0.030576082 	0.84150084
0.0026837845 	0.047488947 	-0.024220274 	0.8322461
0.0027222509 	0.04500331 	-0.015463966 	0.82430009
0.0027601861 	0.042624605 	-0.0048222108 	0.81774279
0.0027975974 	0.040341153 	0.0071142244 	0.81252828
0.002834492 	0.038108382 	0.019921519 	0.80859321
0.0028708772 	0.035956839 	0.033445346 	0.80582223
0.0029067598 	0.034012078 	0.047603227 	0.80396487
0.0029421469 	0.032429028 	0.062089464 	0.80256166
0.0029770452 	0.03132798 	0.076283551 	0.80084712
0.0030114616 	0.030784695 	0.089417544 	0.79774899
0.0030454028 	0.030867193 	0.10077184 	0.79219182
0.0030788752 	0.031641004 	0.10970574 	0.78364936
0.0031118853 	0.03312907 	0.11560544 	0.77249532
0.0031444395 	0.035283371 	0.11795125 	0.75979503
0.0031765442 	0.03800352 	0.11649576 	0.74674029
0.0032082055 	0.041178901 	0.11134862 	0.73425957
0.0032394295 	0.04470563 	0.10287708 	0.72297026
0.0032702223 	0.048469323 	0.091560497 	0.71329063
0.0033005899 	0.052329937 	0.077912318 	0.70552732
0.0033305381 	0.056129819 	0.062473217 	0.6999056
0.0033600727 	0.059718167 	0.045814381 	0.69657274
0.0033891994 	0.062968945 	0.028516226 	0.69559143
0.0034179239 	0.065753477 	0.011146538 	0.69693723
0.0034462517 	0.06808616 	-0.0057601232 	0.70046505
0.0034741882 	0.070007905 	-0.021784206 	0.70592668
0.003501739 	0.07145828 	-0.036593388 	0.71298277
0.0035289093 	0.072456728 	-0.049967553 	0.72121962
0.0035557043 	0.073035483 	-0.06180866 	0.73015937
0.0035821293 	0.0732322 	-0.072140263 	0.73925832
0.0036081894 	0.073095315 	-0.081096255 	0.74783877
0.0036338895 	0.072693391 	-0.088877358 	0.75492528
0.0036592348 	0.072101667 	-0.095617418 	0.75907984
0.00368423 	0.071321619 	-0.10114701 	0.75851448
0.00370888 	0.070141936 	-0.10482845 	0.7516684
0.0037331896 	0.068088203 	-0.10570722 	0.73789905
0.0037571635 	0.064629891 	-0.10280205 	0.71764866
0.0037808063 	0.059516607 	-0.095091207 	0.69201084
0.0038041226 	0.052861177 	-0.081513875 	0.66215622
0.0038271169 	0.044925926 	-0.06172733 	0.62853904
0.0038497936 	0.036065495 	-0.037341131 	0.58920277
0.0038721572 	0.026967843 	-0.012407507 	0.53822109
0.0038942119 	0.018539096 	0.0078869952 	0.46784879
0.003915962 	0.01148676 	0.019790896 	0.37556809
0.0039374118 	0.0060445023 	0.022701345 	0.26795306
0.0039585653 	0.0022284363 	0.018311252 	0.15620359
0.0039794267 	0.00021366089 	0.0081989216 	0.049350982
0.004 	0.00021366089 	0.0081989216 	0.049350982
