0 	-0.049341211 	0.015325791 	1.0342343
2.0100503e-05 	-0.049341211 	0.015325791 	1.0342343
4.0201005e-05 	-0.049341211 	0.015325791 	1.0342343
6.0301508e-05 	-0.051241744 	-0.006255728 	1.0310504
8.040201e-05 	-0.051241744 	-0.006255728 	1.0310504
0.00010050251 	-0.051241744 	-0.006255728 	1.0310504
0.00012060302 	-0.051403061 	-0.010034059 	1.0289118
0.00014070352 	-0.051403061 	-0.010034059 	1.0289118
0.00016080402 	-0.051403061 	-0.010034059 	1.0289118
0.00018090452 	-0.052841851 	-0.010006462 	1.0283192
0.00020100503 	-0.052841851 	-0.010006462 	1.0283192
0.00022110553 	-0.052841851 	-0.010006462 	1.0283192
0.00024120603 	-0.046976992 	-0.022019825 	1.03427
0.00026130653 	-0.046976992 	-0.022019825 	1.03427
0.00028140704 	-0.049709959 	-0.019098296 	1.038253
0.00030150754 	-0.057136265 	-0.0076569581 	1.0326538
0.00032160804 	-0.057136265 	-0.0076569581 	1.0326538
0.00034170854 	-0.059070744 	-0.0073582476 	1.0367088
0.00036180905 	-0.059070744 	-0.0073582476 	1.0367088
0.00038190955 	-0.059070744 	-0.0073582476 	1.0367088
0.00040201005 	-0.06063346 	-0.0082097575 	1.0406241
0.00042211055 	-0.06063346 	-0.0082097575 	1.0406241
0.00044221106 	-0.06063346 	-0.0082097575 	1.0406241
0.00046231156 	-0.061904757 	-0.010004212 	1.0434038
0.00048241206 	-0.0554707 	-0.016469521 	1.0548186
0.00050251256 	-0.062948664 	-0.012269404 	1.0446899
0.00052261307 	-0.062948664 	-0.012269404 	1.0446899
0.00054271357 	-0.062948664 	-0.012269404 	1.0446899
0.00056281407 	-0.063667421 	-0.014614779 	1.0447393
0.00058291457 	-0.058583719 	-0.018220326 	1.060869
0.00060301508 	-0.058583719 	-0.018220326 	1.060869
0.00062311558 	-0.060032305 	-0.019133384 	1.0617101
0.00064321608 	-0.060032305 	-0.019133384 	1.0617101
0.00066331658 	-0.060032305 	-0.019133384 	1.0617101
0.00068341709 	-0.063252903 	-0.019653258 	1.0424066
0.00070351759 	-0.063252903 	-0.019653258 	1.0424066
0.00072361809 	-0.061724919 	-0.023014406 	1.0399297
0.00074371859 	-0.061724919 	-0.023014406 	1.0399297
0.0007638191 	-0.061724919 	-0.023014406 	1.0399297
0.0007839196 	-0.059156337 	-0.027412151 	1.0364325
0.0008040201 	-0.059156337 	-0.027412151 	1.0364325
0.0008241206 	-0.059156337 	-0.027412151 	1.0364325
0.00084422111 	-0.055697358 	-0.032957453 	1.0324354
0.00086432161 	-0.055697358 	-0.032957453 	1.0324354
0.00088442211 	-0.055697358 	-0.032957453 	1.0324354
0.00090452261 	-0.051788802 	-0.039406862 	1.0290821
0.00092462312 	-0.051788802 	-0.039406862 	1.0290821
0.00094472362 	-0.048087855 	-0.046331391 	1.0274231
0.00096482412 	-0.053438567 	-0.039595959 	1.0442933
0.00098492462 	-0.053438567 	-0.039595959 	1.0442933
0.0010050251 	-0.049807433 	-0.046537083 	1.0419993
0.0010251256 	-0.049807433 	-0.046537083 	1.0419993
0.0010452261 	-0.049807433 	-0.046537083 	1.0419993
0.0010653266 	-0.046141102 	-0.054216486 	1.0406505
0.0010854271 	-0.046141102 	-0.054216486 	1.0406505
0.0011055276 	-0.046141102 	-0.054216486 	1.0406505
0.0011256281 	-0.036542941 	-0.070635759 	1.0304253
0.0011457286 	-0.036542941 	-0.070635759 	1.0304253
0.0011658291 	-0.041877794 	-0.062373069 	1.0397383
0.0011859296 	-0.036414906 	-0.070998564 	1.0389677
0.0012060302 	-0.036414906 	-0.070998564 	1.0389677
0.0012261307 	-0.036414906 	-0.070998564 	1.0389677
0.0012462312 	-0.029180401 	-0.079302326 	1.0380976
0.0012663317 	-0.024727523 	-0.08884006 	1.0344458
0.0012864322 	-0.029180401 	-0.079302326 	1.0380976
0.0013065327 	-0.020027674 	-0.086516635 	1.0365545
0.0013266332 	-0.020027674 	-0.086516635 	1.0365545
0.0013467337 	-0.020027674 	-0.086516635 	1.0365545
0.0013668342 	-0.0088258272 	-0.091948323 	1.033585
0.0013869347 	-0.0088258272 	-0.091948323 	1.033585
0.0014070352 	-0.0088258272 	-0.091948323 	1.033585
0.0014271357 	0.0041601611 	-0.095857693 	1.0290266
0.0014472362 	0.0041601611 	-0.095857693 	1.0290266
0.0014673367 	0.0041601611 	-0.095857693 	1.0290266
0.0014874372 	0.017727318 	-0.0993479 	1.0245973
0.0015075377 	0.017727318 	-0.0993479 	1.0245973
0.0015276382 	0.029917467 	-0.10338251 	1.0241257
0.0015477387 	0.029917467 	-0.10338251 	1.0241257
0.0015678392 	0.029917467 	-0.10338251 	1.0241257
0.0015879397 	0.039263105 	-0.10716054 	1.0297844
0.0016080402 	0.039263105 	-0.10716054 	1.0297844
0.0016281407 	0.039263105 	-0.10716054 	1.0297844
0.0016482412 	0.04627608 	-0.10890282 	1.0387807
0.0016683417 	0.04627608 	-0.10890282 	1.0387807
0.0016884422 	0.052545704 	-0.1079888 	1.0457424
0.0017085427 	0.052545704 	-0.1079888 	1.0457424
0.0017286432 	0.052545704 	-0.1079888 	1.0457424
0.0017487437 	0.059129944 	-0.10481183 	1.0472844
0.0017688442 	0.059129944 	-0.10481183 	1.0472844
0.0017889447 	0.059129944 	-0.10481183 	1.0472844
0.0018090452 	0.066115143 	-0.099249513 	1.0433615
0.0018291457 	0.066115143 	-0.099249513 	1.0433615
0.0018492462 	0.072716794 	-0.090687156 	1.0360337
0.0018693467 	0.072716794 	-0.090687156 	1.0360337
0.0018894472 	0.072716794 	-0.090687156 	1.0360337
0.0019095477 	0.077997893 	-0.078870621 	1.0274079
0.0019296482 	0.077997893 	-0.078870621 	1.0274079
0.0019497487 	0.081292163 	-0.064525264 	1.018103
0.0019698492 	0.081292163 	-0.064525264 	1.018103
0.0019899497 	0.082260601 	-0.049226946 	1.0076433
0.0020100503 	0.082260601 	-0.049226946 	1.0076433
0.0020301508 	0.082260601 	-0.049226946 	1.0076433
0.0020502513 	0.080594338 	-0.034728678 	0.99597478
0.0020703518 	0.080594338 	-0.034728678 	0.99597478
0.0020904523 	0.075603471 	-0.022387836 	0.98458734
0.0021105528 	0.075603471 	-0.022387836 	0.98458734
0.0021306533 	0.075603471 	-0.022387836 	0.98458734
0.0021507538 	0.066800238 	-0.012765333 	0.97558221
0.0021708543 	0.066800238 	-0.012765333 	0.97558221
0.0021909548 	0.054717418 	-0.0057427521 	0.96936996
0.0022110553 	0.054717418 	-0.0057427521 	0.96936996
0.0022311558 	0.041054717 	-0.00093535407 	0.96398658
0.0022512563 	0.041054717 	-0.00093535407 	0.96398658
0.0022713568 	0.02732194 	0.001309962 	0.95783531
0.0022914573 	0.02732194 	0.001309962 	0.95783531
0.0023115578 	0.02732194 	0.001309962 	0.95783531
0.0023316583 	0.013901141 	0.00035957127 	0.95208188
0.0023517588 	0.013901141 	0.00035957127 	0.95208188
0.0023718593 	0.0006606407 	-0.0033234003 	0.94925672
0.0023919598 	0.0006606407 	-0.0033234003 	0.94925672
0.0024120603 	-0.012470662 	-0.0080034297 	0.95020358
0.0024321608 	-0.012470662 	-0.0080034297 	0.95020358
0.0024522613 	-0.024736256 	-0.011670382 	0.95348005
0.0024723618 	-0.024736256 	-0.011670382 	0.95348005
0.0024924623 	-0.034339061 	-0.012783963 	0.95722788
0.0025125628 	-0.034339061 	-0.012783963 	0.95722788
0.0025326633 	-0.039598379 	-0.010377951 	0.96038624
0.0025527638 	-0.039598379 	-0.010377951 	0.96038624
0.0025728643 	-0.040103069 	-0.0049148903 	0.96253661
0.0025929648 	-0.040103069 	-0.0049148903 	0.96253661
0.0026130653 	-0.036993031 	0.0015203175 	0.9636636
0.0026331658 	-0.036993031 	0.0015203175 	0.9636636
0.0026532663 	-0.031973933 	0.0070071624 	0.96337029
0.0026733668 	-0.031973933 	0.0070071624 	0.96337029
0.0026934673 	-0.02637738 	0.010768876 	0.96084204
0.0027135678 	-0.02637738 	0.010768876 	0.96084204
0.0027336683 	-0.02106182 	0.012964448 	0.95596282
0.0027537688 	-0.02106182 	0.012964448 	0.95596282
0.0027738693 	-0.016438165 	0.014162859 	0.94954043
0.0027939698 	-0.016438165 	0.014162859 	0.94954043
0.0028140704 	-0.012607986 	0.014940562 	0.94263948
0.0028341709 	-0.012607986 	0.014940562 	0.94263948
0.0028542714 	-0.0095982986 	0.015567713 	0.93592279
0.0028743719 	-0.0074739558 	0.016114081 	0.92946351
0.0028944724 	-0.0074739558 	0.016114081 	0.92946351
0.0029145729 	-0.0062566571 	0.016637965 	0.92289202
0.0029346734 	-0.0062566571 	0.016637965 	0.92289202
0.0029547739 	-0.0058642618 	0.01723346 	0.91577048
0.0029748744 	-0.0058642618 	0.01723346 	0.91577048
0.0029949749 	-0.0061363127 	0.017974736 	0.90786392
0.0030150754 	-0.0068751586 	0.018884747 	0.89917644
0.0030351759 	-0.0068751586 	0.018884747 	0.89917644
0.0030552764 	-0.0078590653 	0.019879241 	0.88991783
0.0030753769 	-0.0078590653 	0.019879241 	0.88991783
0.0030954774 	-0.0088753765 	0.020825926 	0.88036699
0.0031155779 	-0.0097652846 	0.021594228 	0.87077907
0.0031356784 	-0.0097652846 	0.021594228 	0.87077907
0.0031557789 	-0.010403204 	0.022095579 	0.8613549
0.0031758794 	-0.010403204 	0.022095579 	0.8613549
0.0031959799 	-0.010693316 	0.02229299 	0.85220818
0.0032160804 	-0.010601316 	0.022202897 	0.84338726
0.0032361809 	-0.010601316 	0.022202897 	0.84338726
0.0032562814 	-0.010150023 	0.021866919 	0.83489152
0.0032763819 	-0.009416864 	0.021339301 	0.82669386
0.0032964824 	-0.009416864 	0.021339301 	0.82669386
0.0033165829 	-0.0085249078 	0.020674859 	0.81878358
0.0033366834 	-0.0076422418 	0.019942722 	0.81117237
0.0033567839 	-0.0076422418 	0.019942722 	0.81117237
0.0033768844 	-0.0069659998 	0.019246363 	0.80391651
0.0033969849 	-0.0066928666 	0.018749917 	0.79708155
0.0034170854 	-0.0066928666 	0.018749917 	0.79708155
0.0034371859 	-0.006970475 	0.018696438 	0.79064372
0.0034572864 	-0.0078444966 	0.019400006 	0.78435007
0.0034773869 	-0.0092211556 	0.021186083 	0.77757759
0.0034974874 	-0.0092211556 	0.021186083 	0.77757759
0.0035175879 	-0.010865424 	0.024287004 	0.76925757
0.0035376884 	-0.01243881 	0.028717229 	0.75795185
0.0035577889 	-0.013575046 	0.034181198 	0.74209564
0.0035778894 	-0.013575046 	0.034181198 	0.74209564
0.0035979899 	-0.013972283 	0.040068375 	0.72034505
0.0036180905 	-0.013472156 	0.045559217 	0.69191479
0.003638191 	-0.012091238 	0.049812527 	0.65682559
0.0036582915 	-0.012091238 	0.049812527 	0.65682559
0.003678392 	-0.010003277 	0.052166126 	0.61601928
0.0036984925 	-0.0074830104 	0.052309796 	0.57128009
0.003718593 	-0.0048448614 	0.050309111 	0.52490672
0.0037386935 	-0.0023891886 	0.046551006 	0.47918338
0.003758794 	-0.00033896205 	0.04162149 	0.43581717
0.0037788945 	-0.00033896205 	0.04162149 	0.43581717
0.003798995 	0.0011677154 	0.036162904 	0.395529
0.0038190955 	0.0021225714 	0.030756717 	0.3580101
0.003839196 	0.0026118095 	0.025850158 	0.32221727
0.0038592965 	0.0027323354 	0.021729314 	0.28680935
0.003879397 	0.0025848207 	0.018517178 	0.25050446
0.0038994975 	0.0022424111 	0.016168934 	0.21225428
0.003919598 	0.0017564722 	0.014433573 	0.17126746
0.0039396985 	0.0011744717 	0.01276335 	0.12696685
0.003959799 	0.0005767088 	0.010152863 	0.078986749
0.0039798995 	8.1611373e-05 	0.0049755516 	0.027346795
0.004 	8.1611373e-05 	0.0049755516 	0.027346795
