0 	0.027921155 	0.034200691 	1.013467
5.5555625e-05 	0.0078776939 	0.043548992 	1.0129385
0.00011111111 	0.00058149758 	0.043408629 	1.0128156
0.00016666667 	-0.0033424386 	0.041757106 	1.013147
0.00022222222 	-0.0057298808 	0.039438699 	1.0140912
0.00027777778 	-0.0071699393 	0.036689024 	1.0158521
0.00033333333 	-0.007944067 	0.033628385 	1.0185544
0.00038888889 	-0.0082009466 	0.030359925 	1.0221384
0.00044444444 	-0.0080351717 	0.027034119 	1.0263562
0.0005 	-0.007493132 	0.023808484 	1.0308342
0.00055555556 	-0.0066157348 	0.020874644 	1.0351728
0.00061111111 	-0.0054653917 	0.018435729 	1.0390464
0.00066666667 	-0.0040845979 	0.016696936 	1.0422558
0.00072222222 	-0.0025090974 	0.015874952 	1.04473
0.00077777778 	-0.00072666977 	0.01615005 	1.0464937
0.00083333333 	0.0012770483 	0.017644725 	1.0476353
0.00088888889 	0.0035376892 	0.020459348 	1.0482826
0.00094444444 	0.0061569082 	0.024495564 	1.0485221
0.001 	0.0094277187 	0.029850362 	1.0483485
0.0010617451 	0.013427867 	0.036488891 	1.0477229
0.0011226367 	0.018173091 	0.043383863 	1.0464293
0.0011826866 	0.023636594 	0.049932131 	1.0442223
0.0012419064 	0.029688772 	0.055519194 	1.0410711
0.0013003077 	0.036002532 	0.059624776 	1.0371636
0.0013579017 	0.042294902 	0.062067 	1.0328061
0.0014146996 	0.04839971 	0.063046969 	1.0282817
0.0014707124 	0.054202554 	0.063075149 	1.0238252
0.0015259509 	0.059604137 	0.062848722 	1.0196535
0.001580426 	0.064524177 	0.063053693 	1.0159632
0.001634148 	0.068894873 	0.064190346 	1.0128629
0.0016871274 	0.072596439 	0.066412725 	1.0102662
0.0017393745 	0.075438874 	0.069447222 	1.0078359
0.0017908994 	0.077163557 	0.072566097 	1.0051845
0.0018417121 	0.077487588 	0.074695456 	1.0020535
0.0018918224 	0.076288733 	0.074696766 	0.9983619
0.0019412401 	0.073696334 	0.071806018 	0.99400336
0.0019899746 	0.070035215 	0.065875217 	0.98865281
0.0020380356 	0.065737332 	0.057292359 	0.98191477
0.0020854322 	0.061266989 	0.046748078 	0.97365995
0.0021321736 	0.057000179 	0.034997575 	0.96420938
0.002178269 	0.053178138 	0.022742126 	0.95424948
0.0022237272 	0.049892617 	0.010562283 	0.94461178
0.002268557 	0.047159095 	-0.0010851387 	0.93603466
0.0023127672 	0.044975949 	-0.011917249 	0.92897394
0.0023563662 	0.043342518 	-0.02189322 	0.92352376
0.0023993626 	0.042328362 	-0.031182839 	0.91946645
0.0024417647 	0.042048513 	-0.040002108 	0.9163816
0.0024835806 	0.042605406 	-0.048446576 	0.91376798
0.0025248186 	0.044037715 	-0.056413649 	0.91114418
0.0025654865 	0.046290741 	-0.063656524 	0.90811612
0.0026055923 	0.049221338 	-0.069919832 	0.90442568
0.0026451437 	0.05263062 	-0.075064013 	0.89999398
0.0026841484 	0.056309135 	-0.079116655 	0.89495492
0.002722614 	0.060073684 	-0.082237314 	0.88964966
0.0027605478 	0.063779272 	-0.084624647 	0.88455338
0.0027979573 	0.067307177 	-0.086417891 	0.88014424
0.0028348498 	0.070545264 	-0.087641194 	0.87676401
0.0028712322 	0.073384452 	-0.08820866 	0.8745362
0.0029071118 	0.075736534 	-0.087966108 	0.8733798
0.0029424953 	0.077551282 	-0.086738253 	0.87309014
0.0029773898 	0.078830167 	-0.084372879 	0.87342352
0.003011802 	0.079621757 	-0.080757256 	0.87416593
0.0030457385 	0.079987835 	-0.075814886 	0.87519514
0.0030792059 	0.079956399 	-0.069498792 	0.87654101
0.0031122107 	0.079482862 	-0.061800873 	0.87835355
0.0031447592 	0.078441532 	-0.052803411 	0.88070139
0.0031768579 	0.076668586 	-0.042766889 	0.88330264
0.0032085129 	0.074051808 	-0.032196023 	0.88541233
0.0032397303 	0.070609996 	-0.021833369 	0.88600516
0.0032705162 	0.06646978 	-0.012542306 	0.88415657
0.0033008765 	0.061867379 	-0.005044456 	0.87930811
0.0033308172 	0.057016562 	0.00028326858 	0.87146869
0.0033603441 	0.051906678 	0.0035064793 	0.86090688
0.0033894627 	0.046471921 	0.0048969803 	0.84791686
0.0034181789 	0.040847089 	0.0045643388 	0.83265949
0.0034464982 	0.035440023 	0.0023493735 	0.81506266
0.003474426 	0.030811734 	-0.0018405174 	0.794879
0.0035019678 	0.027392826 	-0.0075476839 	0.7719331
0.0035291288 	0.025230197 	-0.013676017 	0.74648264
0.0035559144 	0.023791594 	-0.018916864 	0.71948665
0.0035823298 	0.022158389 	-0.022101506 	0.69242297
0.0036083801 	0.019614306 	-0.022185114 	0.66632044
0.0036340702 	0.016104822 	-0.018348925 	0.64055481
0.0036594053 	0.012248076 	-0.010637702 	0.61254488
0.0036843901 	0.0089082094 	-0.0005169239 	0.57915231
0.0037090296 	0.0066698516 	0.0094978222 	0.53875966
0.0037333285 	0.0055658511 	0.017015579 	0.49229689
0.0037572915 	0.0052017784 	0.020777161 	0.44257638
0.0037809233 	0.0050749514 	0.020937646 	0.39262665
0.0038042285 	0.0048287601 	0.018653455 	0.34436958
0.0038272115 	0.0043259322 	0.0153732 	0.29835619
0.0038498768 	0.003595849 	0.012240015 	0.25428519
0.0038722288 	0.0027437182 	0.0098117835 	0.21164701
0.0038942718 	0.0018840674 	0.0080933473 	0.17009922
0.0039160102 	0.0011141761 	0.0067484248 	0.12955978
0.003937448 	0.00051071864 	0.0053450366 	0.090174728
0.0039585896 	0.00012549432 	0.0035523371 	0.052294532
0.0039794389 	-8.9356779e-06 	0.0012778872 	0.016507069
0.004 	4.6163748e-05 	0.0015723529 	0.015192211
