0 	0.022763256 	-0.031797343 	0.9860496
2.0100503e-05 	-0.030508524 	-0.032845159 	0.9831383
4.0201005e-05 	-0.030508524 	-0.032845159 	0.9831383
6.0301508e-05 	-0.046191463 	-0.02619945 	0.98228423
8.040201e-05 	-0.046191463 	-0.02619945 	0.98228423
0.00010050251 	-0.046191463 	-0.02619945 	0.98228423
0.00012060302 	-0.054888207 	-0.030073659 	0.98448397
0.00014070352 	-0.054888207 	-0.030073659 	0.98448397
0.00016080402 	-0.054888207 	-0.030073659 	0.98448397
0.00018090452 	-0.062664635 	-0.036129134 	0.98957745
0.00020100503 	-0.062664635 	-0.036129134 	0.98957745
0.00022110553 	-0.062664635 	-0.036129134 	0.98957745
0.00024120603 	-0.070044193 	-0.043089933 	0.99573921
0.00026130653 	-0.070044193 	-0.043089933 	0.99573921
0.00028140704 	-0.077307728 	-0.050648192 	1.0001115
0.00030150754 	-0.077307728 	-0.050648192 	1.0001115
0.00032160804 	-0.077307728 	-0.050648192 	1.0001115
0.00034170854 	-0.084352097 	-0.058011333 	0.99999789
0.00036180905 	-0.084352097 	-0.058011333 	0.99999789
0.00038190955 	-0.084352097 	-0.058011333 	0.99999789
0.00040201005 	-0.090538327 	-0.063828946 	0.99367113
0.00042211055 	-0.090538327 	-0.063828946 	0.99367113
0.00044221106 	-0.090538327 	-0.063828946 	0.99367113
0.00046231156 	-0.094940101 	-0.066678868 	0.98079619
0.00048241206 	-0.094940101 	-0.066678868 	0.98079619
0.00050251256 	-0.09676713 	-0.06547632 	0.96283407
0.00052261307 	-0.09676713 	-0.06547632 	0.96283407
0.00054271357 	-0.09676713 	-0.06547632 	0.96283407
0.00056281407 	-0.095738892 	-0.059802756 	0.94294389
0.00058291457 	-0.095738892 	-0.059802756 	0.94294389
0.00060301508 	-0.095738892 	-0.059802756 	0.94294389
0.00062311558 	-0.092256919 	-0.050203367 	0.92466902
0.00064321608 	-0.092256919 	-0.050203367 	0.92466902
0.00066331658 	-0.092256919 	-0.050203367 	0.92466902
0.00068341709 	-0.087245749 	-0.038110619 	0.9100855
0.00070351759 	-0.087245749 	-0.038110619 	0.9100855
0.00072361809 	-0.081727846 	-0.025212515 	0.89912364
0.00074371859 	-0.081727846 	-0.025212515 	0.89912364
0.0007638191 	-0.081727846 	-0.025212515 	0.89912364
0.0007839196 	-0.076438745 	-0.012759412 	0.89050393
0.0008040201 	-0.076438745 	-0.012759412 	0.89050393
0.0008241206 	-0.076438745 	-0.012759412 	0.89050393
0.00084422111 	-0.071758475 	-0.0013474558 	0.88296259
0.00086432161 	-0.071758475 	-0.0013474558 	0.88296259
0.00088442211 	-0.071758475 	-0.0013474558 	0.88296259
0.00090452261 	-0.067809628 	0.0088874293 	0.87572707
0.00092462312 	-0.067809628 	0.0088874293 	0.87572707
0.00094472362 	-0.064443495 	0.018038181 	0.86840406
0.00096482412 	-0.064443495 	0.018038181 	0.86840406
0.00098492462 	-0.064443495 	0.018038181 	0.86840406
0.0010050251 	-0.061383195 	0.026656335 	0.86041719
0.0010251256 	-0.061383195 	0.026656335 	0.86041719
0.0010452261 	-0.061383195 	0.026656335 	0.86041719
0.0010653266 	-0.058322226 	0.034936755 	0.85198772
0.0010854271 	-0.058322226 	0.034936755 	0.85198772
0.0011055276 	-0.058693713 	0.036352271 	0.85099138
0.0011256281 	-0.055547563 	0.044551805 	0.84277103
0.0011457286 	-0.055547563 	0.044551805 	0.84277103
0.0011658291 	-0.055547563 	0.044551805 	0.84277103
0.0011859296 	-0.052628513 	0.052215331 	0.8349871
0.0012060302 	-0.052685538 	0.049488208 	0.83523101
0.0012261307 	-0.052685538 	0.049488208 	0.83523101
0.0012462312 	-0.050088092 	0.056018286 	0.82712403
0.0012663317 	-0.050088092 	0.056018286 	0.82712403
0.0012864322 	-0.050088092 	0.056018286 	0.82712403
0.0013065327 	-0.047849463 	0.065806887 	0.82068991
0.0013266332 	-0.047849463 	0.065806887 	0.82068991
0.0013467337 	-0.047775682 	0.061835193 	0.81930974
0.0013668342 	-0.045848787 	0.066589781 	0.81198596
0.0013869347 	-0.045848787 	0.066589781 	0.81198596
0.0014070352 	-0.045848787 	0.066589781 	0.81198596
0.0014271357 	-0.044319064 	0.069958797 	0.80546829
0.0014472362 	-0.044319064 	0.069958797 	0.80546829
0.0014673367 	-0.044319064 	0.069958797 	0.80546829
0.0014874372 	-0.043164363 	0.07182553 	0.8000866
0.0015075377 	-0.043164363 	0.07182553 	0.8000866
0.0015276382 	-0.042331039 	0.072307242 	0.79604948
0.0015477387 	-0.042331039 	0.072307242 	0.79604948
0.0015678392 	-0.042331039 	0.072307242 	0.79604948
0.0015879397 	-0.041740272 	0.071642156 	0.79341828
0.0016080402 	-0.041740272 	0.071642156 	0.79341828
0.0016281407 	-0.041740272 	0.071642156 	0.79341828
0.0016482412 	-0.0413027 	0.070020243 	0.79218394
0.0016683417 	-0.0413027 	0.070020243 	0.79218394
0.0016884422 	-0.040924218 	0.067524837 	0.79231614
0.0017085427 	-0.040924218 	0.067524837 	0.79231614
0.0017286432 	-0.040924218 	0.067524837 	0.79231614
0.0017487437 	-0.040503615 	0.064161601 	0.7936583
0.0017688442 	-0.040503615 	0.064161601 	0.7936583
0.0017889447 	-0.040503615 	0.064161601 	0.7936583
0.0018090452 	-0.03991262 	0.059993948 	0.7958686
0.0018291457 	-0.03991262 	0.059993948 	0.7958686
0.0018492462 	-0.039053318 	0.055264472 	0.79851227
0.0018693467 	-0.039053318 	0.055264472 	0.79851227
0.0018894472 	-0.039053318 	0.055264472 	0.79851227
0.0019095477 	-0.037895683 	0.050322985 	0.80122945
0.0019296482 	-0.037895683 	0.050322985 	0.80122945
0.0019497487 	-0.036428996 	0.045472946 	0.80386485
0.0019698492 	-0.036428996 	0.045472946 	0.80386485
0.0019899497 	-0.034650376 	0.04090645 	0.80648609
0.0020100503 	-0.034650376 	0.04090645 	0.80648609
0.0020301508 	-0.034650376 	0.04090645 	0.80648609
0.0020502513 	-0.032556054 	0.036731768 	0.8092829
0.0020703518 	-0.032556054 	0.036731768 	0.8092829
0.0020904523 	-0.030117914 	0.033034927 	0.81244575
0.0021105528 	-0.030117914 	0.033034927 	0.81244575
0.0021306533 	-0.030117914 	0.033034927 	0.81244575
0.0021507538 	-0.02731287 	0.029936812 	0.8160548
0.0021708543 	-0.02731287 	0.029936812 	0.8160548
0.0021909548 	-0.024156973 	0.027530345 	0.82003888
0.0022110553 	-0.024156973 	0.027530345 	0.82003888
0.0022311558 	-0.020643805 	0.025765802 	0.82421004
0.0022512563 	-0.020643805 	0.025765802 	0.82421004
0.0022713568 	-0.016730167 	0.024452589 	0.82837227
0.0022914573 	-0.016730167 	0.024452589 	0.82837227
0.0023115578 	-0.016730167 	0.024452589 	0.82837227
0.0023316583 	-0.01239699 	0.023307406 	0.8324418
0.0023517588 	-0.01239699 	0.023307406 	0.8324418
0.0023718593 	-0.0076348342 	0.022061777 	0.83646745
0.0023919598 	-0.0076348342 	0.022061777 	0.83646745
0.0024120603 	-0.0024951506 	0.020544057 	0.84055723
0.0024321608 	-0.0024951506 	0.020544057 	0.84055723
0.0024522613 	0.0028814638 	0.018681904 	0.84477514
0.0024723618 	0.0028814638 	0.018681904 	0.84477514
0.0024924623 	0.0083168424 	0.016464474 	0.84909582
0.0025125628 	0.0083168424 	0.016464474 	0.84909582
0.0025326633 	0.01362823 	0.013887127 	0.85343433
0.0025527638 	0.01362823 	0.013887127 	0.85343433
0.0025728643 	0.018632187 	0.010968001 	0.85769865
0.0025929648 	0.018632187 	0.010968001 	0.85769865
0.0026130653 	0.023151102 	0.0077275734 	0.86182346
0.0026331658 	0.023151102 	0.0077275734 	0.86182346
0.0026532663 	0.027053888 	0.0042259844 	0.86579452
0.0026733668 	0.027053888 	0.0042259844 	0.86579452
0.0026934673 	0.030256054 	0.00054296063 	0.869639
0.0027135678 	0.030256054 	0.00054296063 	0.869639
0.0027336683 	0.032718338 	-0.0032082163 	0.87343069
0.0027537688 	0.032718338 	-0.0032082163 	0.87343069
0.0027738693 	0.034447643 	-0.0068894038 	0.87728357
0.0027939698 	0.034447643 	-0.0068894038 	0.87728357
0.0028140704 	0.035482084 	-0.010348106 	0.88132017
0.0028341709 	0.035482084 	-0.010348106 	0.88132017
0.0028542714 	0.03587339 	-0.013419533 	0.88565841
0.0028743719 	0.035695995 	-0.015949042 	0.89037301
0.0028944724 	0.035695995 	-0.015949042 	0.89037301
0.0029145729 	0.035044343 	-0.017812699 	0.89544649
0.0029346734 	0.035044343 	-0.017812699 	0.89544649
0.0029547739 	0.03400566 	-0.018961773 	0.90069814
0.0029748744 	0.03400566 	-0.018961773 	0.90069814
0.0029949749 	0.032665876 	-0.019482563 	0.90569955
0.0030150754 	0.031125034 	-0.019649025 	0.90972078
0.0030351759 	0.031125034 	-0.019649025 	0.90972078
0.0030552764 	0.029514544 	-0.019938048 	0.91178435
0.0030753769 	0.029514544 	-0.019938048 	0.91178435
0.0030954774 	0.028010387 	-0.020959421 	0.91088518
0.0031155779 	0.026823032 	-0.02328799 	0.90633562
0.0031356784 	0.026823032 	-0.02328799 	0.90633562
0.0031557789 	0.026151387 	-0.027242754 	0.89809713
0.0031758794 	0.026151387 	-0.027242754 	0.89809713
0.0031959799 	0.026114599 	-0.032697155 	0.8869296
0.0032160804 	0.026695109 	-0.039029692 	0.8742655
0.0032361809 	0.026695109 	-0.039029692 	0.8742655
0.0032562814 	0.027728583 	-0.045268489 	0.86185587
0.0032763819 	0.028946876 	-0.050371947 	0.85134958
0.0032964824 	0.028946876 	-0.050371947 	0.85134958
0.0033165829 	0.030043493 	-0.053512682 	0.8439712
0.0033366834 	0.030727845 	-0.054264473 	0.84038544
0.0033567839 	0.030727845 	-0.054264473 	0.84038544
0.0033768844 	0.030758745 	-0.052670175 	0.8407433
0.0033969849 	0.029966265 	-0.04920143 	0.84482666
0.0034170854 	0.029966265 	-0.04920143 	0.84482666
0.0034371859 	0.028275888 	-0.044612596 	0.85217781
0.0034572864 	0.025732094 	-0.039708915 	0.86213447
0.0034773869 	0.02250663 	-0.035102492 	0.87378399
0.0034974874 	0.02250663 	-0.035102492 	0.87378399
0.0035175879 	0.018878388 	-0.031066274 	0.88591885
0.0035376884 	0.015183474 	-0.027562853 	0.89706598
0.0035577889 	0.011751019 	-0.024424021 	0.90559679
0.0035778894 	0.011751019 	-0.024424021 	0.90559679
0.0035979899 	0.0088454864 	-0.021567066 	0.90987027
0.0036180905 	0.006628806 	-0.019113805 	0.90836507
0.003638191 	0.0051458919 	-0.0173413 	0.8997911
0.0036582915 	0.0051458919 	-0.0173413 	0.8997911
0.003678392 	0.004328622 	-0.016492108 	0.88319355
0.0036984925 	0.0040159335 	-0.016563412 	0.85804447
0.003718593 	0.0039910195 	-0.017225393 	0.8242832
0.0037386935 	0.0040347983 	-0.017956807 	0.78226011
0.003758794 	0.0039819969 	-0.018327673 	0.73258852
0.0037788945 	0.0039819969 	-0.018327673 	0.73258852
0.003798995 	0.0037549789 	-0.018209744 	0.67598621
0.0038190955 	0.0033588023 	-0.017727302 	0.61321181
0.003839196 	0.0028466546 	-0.017005358 	0.54513091
0.0038592965 	0.0022820646 	-0.015987357 	0.47284637
0.003879397 	0.0017170741 	-0.014502664 	0.39777823
0.0038994975 	0.0011873651 	-0.012468201 	0.32159089
0.003919598 	0.0007198463 	-0.0099825868 	0.24594823
0.0039396985 	0.00034283285 	-0.007238557 	0.17220681
0.003959799 	8.8912547e-05 	-0.004379541 	0.10120101
0.0039798995 	-6.0138254e-06 	-0.0014518283 	0.033127295
0.004 	-6.0138254e-06 	-0.0014518283 	0.033127295
