0 	0.02989408 	0.052318259 	1.0616788
2.0100503e-05 	0.02989408 	0.052318259 	1.0616788
4.0201005e-05 	0.02989408 	0.052318259 	1.0616788
6.0301508e-05 	0.0018148229 	0.054513534 	1.0576912
8.040201e-05 	0.0018148229 	0.054513534 	1.0576912
0.00010050251 	0.0018148229 	0.054513534 	1.0576912
0.00012060302 	-0.0054214339 	0.047828786 	1.0536342
0.00014070352 	-0.0054214339 	0.047828786 	1.0536342
0.00016080402 	-0.0054214339 	0.047828786 	1.0536342
0.00018090452 	-0.0076515837 	0.040519747 	1.0499209
0.00020100503 	-0.0076515837 	0.040519747 	1.0499209
0.00022110553 	-0.022654557 	0.043102935 	1.0535588
0.00024120603 	-0.019133606 	0.037880045 	1.0508153
0.00026130653 	-0.019133606 	0.037880045 	1.0508153
0.00028140704 	-0.0067625137 	0.026724244 	1.0449442
0.00030150754 	-0.016031227 	0.032452113 	1.0487143
0.00032160804 	-0.016031227 	0.032452113 	1.0487143
0.00034170854 	-0.013257694 	0.027239695 	1.0472939
0.00036180905 	-0.013257694 	0.027239695 	1.0472939
0.00038190955 	-0.0053077003 	0.02100125 	1.0440398
0.00040201005 	-0.0038473311 	0.016305803 	1.0440533
0.00042211055 	-0.0038473311 	0.016305803 	1.0440533
0.00044221106 	-0.0038473311 	0.016305803 	1.0440533
0.00046231156 	-0.0026731859 	0.012678896 	1.0445593
0.00048241206 	-0.0026731859 	0.012678896 	1.0445593
0.00050251256 	-0.001956965 	0.010146041 	1.0448744
0.00052261307 	-0.001956965 	0.010146041 	1.0448744
0.00054271357 	-0.001956965 	0.010146041 	1.0448744
0.00056281407 	-0.0018803556 	0.0086741923 	1.0441308
0.00058291457 	-0.0018803556 	0.0086741923 	1.0441308
0.00060301508 	-0.0018803556 	0.0086741923 	1.0441308
0.00062311558 	-0.0028049975 	0.0080383966 	1.0415327
0.00064321608 	-0.0028049975 	0.0080383966 	1.0415327
0.00066331658 	-0.0080411772 	0.011853501 	1.036655
0.00068341709 	-0.010285104 	0.010234263 	1.0304378
0.00070351759 	-0.010285104 	0.010234263 	1.0304378
0.00072361809 	-0.0144438 	0.0089325537 	1.0228107
0.00074371859 	-0.0144438 	0.0089325537 	1.0228107
0.0007638191 	-0.0144438 	0.0089325537 	1.0228107
0.0007839196 	-0.016066008 	0.010391354 	1.0198568
0.0008040201 	-0.016066008 	0.010391354 	1.0198568
0.0008241206 	-0.016066008 	0.010391354 	1.0198568
0.00084422111 	-0.023227313 	0.01602558 	1.0076829
0.00086432161 	-0.023227313 	0.01602558 	1.0076829
0.00088442211 	-0.023227313 	0.01602558 	1.0076829
0.00090452261 	-0.034984788 	0.022673762 	0.99367023
0.00092462312 	-0.034984788 	0.022673762 	0.99367023
0.00094472362 	-0.042373637 	0.032577563 	0.98629345
0.00096482412 	-0.042373637 	0.032577563 	0.98629345
0.00098492462 	-0.042373637 	0.032577563 	0.98629345
0.0010050251 	-0.04977488 	0.04110427 	0.98047183
0.0010251256 	-0.04977488 	0.04110427 	0.98047183
0.0010452261 	-0.04977488 	0.04110427 	0.98047183
0.0010653266 	-0.056865659 	0.045420563 	0.97373512
0.0010854271 	-0.056865659 	0.045420563 	0.97373512
0.0011055276 	-0.048383449 	0.049619176 	0.96404493
0.0011256281 	-0.053146159 	0.049078098 	0.95349254
0.0011457286 	-0.062730668 	0.045721832 	0.96420644
0.0011658291 	-0.062730668 	0.045721832 	0.96420644
0.0011859296 	-0.066724553 	0.043856649 	0.95390732
0.0012060302 	-0.066724553 	0.043856649 	0.95390732
0.0012261307 	-0.066724553 	0.043856649 	0.95390732
0.0012462312 	-0.068848647 	0.041722713 	0.944893
0.0012663317 	-0.068848647 	0.041722713 	0.944893
0.0012864322 	-0.068848647 	0.041722713 	0.944893
0.0013065327 	-0.06930535 	0.040115447 	0.93740968
0.0013266332 	-0.06930535 	0.040115447 	0.93740968
0.0013467337 	-0.06930535 	0.040115447 	0.93740968
0.0013668342 	-0.068264931 	0.039126679 	0.93094289
0.0013869347 	-0.068264931 	0.039126679 	0.93094289
0.0014070352 	-0.068264931 	0.039126679 	0.93094289
0.0014271357 	-0.065798161 	0.038970155 	0.92600653
0.0014472362 	-0.065798161 	0.038970155 	0.92600653
0.0014673367 	-0.065798161 	0.038970155 	0.92600653
0.0014874372 	-0.062211654 	0.040331696 	0.92447125
0.0015075377 	-0.062211654 	0.040331696 	0.92447125
0.0015276382 	-0.057938607 	0.043880944 	0.92776401
0.0015477387 	-0.057938607 	0.043880944 	0.92776401
0.0015678392 	-0.057938607 	0.043880944 	0.92776401
0.0015879397 	-0.053354628 	0.049507306 	0.93498096
0.0016080402 	-0.053354628 	0.049507306 	0.93498096
0.0016281407 	-0.053354628 	0.049507306 	0.93498096
0.0016482412 	-0.048784318 	0.056375489 	0.94362056
0.0016683417 	-0.048784318 	0.056375489 	0.94362056
0.0016884422 	-0.044422095 	0.063587076 	0.95183821
0.0017085427 	-0.044422095 	0.063587076 	0.95183821
0.0017286432 	-0.044422095 	0.063587076 	0.95183821
0.0017487437 	-0.04030359 	0.07050888 	0.95893864
0.0017688442 	-0.04030359 	0.07050888 	0.95893864
0.0017889447 	-0.04030359 	0.07050888 	0.95893864
0.0018090452 	-0.036377019 	0.076796039 	0.96438281
0.0018291457 	-0.036377019 	0.076796039 	0.96438281
0.0018492462 	-0.032649146 	0.082457418 	0.96747318
0.0018693467 	-0.032649146 	0.082457418 	0.96747318
0.0018894472 	-0.032649146 	0.082457418 	0.96747318
0.0019095477 	-0.029186526 	0.08786664 	0.96771435
0.0019296482 	-0.029186526 	0.08786664 	0.96771435
0.0019497487 	-0.026068354 	0.093544412 	0.96515485
0.0019698492 	-0.026068354 	0.093544412 	0.96515485
0.0019899497 	-0.023315385 	0.099693432 	0.96046594
0.0020100503 	-0.023315385 	0.099693432 	0.96046594
0.0020301508 	-0.023315385 	0.099693432 	0.96046594
0.0020502513 	-0.020845115 	0.10582197 	0.95470355
0.0020703518 	-0.020845115 	0.10582197 	0.95470355
0.0020904523 	-0.018489149 	0.11070833 	0.94885156
0.0021105528 	-0.018489149 	0.11070833 	0.94885156
0.0021306533 	-0.018489149 	0.11070833 	0.94885156
0.0021507538 	-0.01601179 	0.11282917 	0.94354006
0.0021708543 	-0.01601179 	0.11282917 	0.94354006
0.0021909548 	-0.013232253 	0.11084479 	0.93918285
0.0022110553 	-0.013232253 	0.11084479 	0.93918285
0.0022311558 	-0.010204546 	0.10401429 	0.93624531
0.0022512563 	-0.010204546 	0.10401429 	0.93624531
0.0022713568 	-0.007276854 	0.092251021 	0.93522841
0.0022914573 	-0.007276854 	0.092251021 	0.93522841
0.0023115578 	-0.007276854 	0.092251021 	0.93522841
0.0023316583 	-0.0049099945 	0.075881361 	0.93639205
0.0023517588 	-0.0049099945 	0.075881361 	0.93639205
0.0023718593 	-0.0034667383 	0.055414167 	0.93938486
0.0023919598 	-0.0034667383 	0.055414167 	0.93938486
0.0024120603 	-0.0031310045 	0.031531819 	0.94318179
0.0024321608 	-0.0031310045 	0.031531819 	0.94318179
0.0024522613 	-0.0039230377 	0.0055372343 	0.94655852
0.0024723618 	-0.0039230377 	0.0055372343 	0.94655852
0.0024924623 	-0.005650832 	-0.020126271 	0.94867131
0.0025125628 	-0.005650832 	-0.020126271 	0.94867131
0.0025326633 	-0.0080181478 	-0.042082374 	0.94873925
0.0025527638 	-0.0080181478 	-0.042082374 	0.94873925
0.0025728643 	-0.010500122 	-0.057202601 	0.94519235
0.0025929648 	-0.010500122 	-0.057202601 	0.94519235
0.0026130653 	-0.012280137 	-0.063893735 	0.93591843
0.0026331658 	-0.012280137 	-0.063893735 	0.93591843
0.0026532663 	-0.012709295 	-0.062560852 	0.91970048
0.0026733668 	-0.012709295 	-0.062560852 	0.91970048
0.0026934673 	-0.011605469 	-0.055234529 	0.89729246
0.0027135678 	-0.011605469 	-0.055234529 	0.89729246
0.0027336683 	-0.0092280013 	-0.044802564 	0.87127137
0.0027537688 	-0.0092280013 	-0.044802564 	0.87127137
0.0027738693 	-0.0060682093 	-0.034232796 	0.8449576
0.0027939698 	-0.0060682093 	-0.034232796 	0.8449576
0.0028140704 	-0.0025953783 	-0.026108431 	0.8210529
0.0028341709 	-0.0025953783 	-0.026108431 	0.8210529
0.0028542714 	0.00074593002 	-0.02243663 	0.80085064
0.0028743719 	0.0037007154 	-0.024439879 	0.78444294
0.0028944724 	0.0037007154 	-0.024439879 	0.78444294
0.0029145729 	0.0061842068 	-0.032267469 	0.77142904
0.0029346734 	0.0061842068 	-0.032267469 	0.77142904
0.0029547739 	0.0080757578 	-0.044818673 	0.76130951
0.0029748744 	0.0080757578 	-0.044818673 	0.76130951
0.0029949749 	0.0093132434 	-0.059928792 	0.75326259
0.0030150754 	0.0099904609 	-0.074879535 	0.74599383
0.0030351759 	0.0099904609 	-0.074879535 	0.74599383
0.0030552764 	0.010438813 	-0.086883989 	0.73828554
0.0030753769 	0.010438813 	-0.086883989 	0.73828554
0.0030954774 	0.011093872 	-0.093348044 	0.72994327
0.0031155779 	0.012221899 	-0.092239579 	0.72205433
0.0031356784 	0.012221899 	-0.092239579 	0.72205433
0.0031557789 	0.013813946 	-0.0827807 	0.71617696
0.0031758794 	0.013813946 	-0.0827807 	0.71617696
0.0031959799 	0.015645895 	-0.06601578 	0.71317429
0.0032160804 	0.017373373 	-0.044670185 	0.71264359
0.0032361809 	0.017373373 	-0.044670185 	0.71264359
0.0032562814 	0.018726836 	-0.022218574 	0.71318953
0.0032763819 	0.019635324 	-0.0016965785 	0.71312718
0.0032964824 	0.019635324 	-0.0016965785 	0.71312718
0.0033165829 	0.020216894 	0.015061395 	0.71112231
0.0033366834 	0.02067112 	0.027511479 	0.70642696
0.0033567839 	0.02067112 	0.027511479 	0.70642696
0.0033768844 	0.021170381 	0.03596449 	0.6988658
0.0033969849 	0.021787111 	0.041072245 	0.6886951
0.0034170854 	0.021787111 	0.041072245 	0.6886951
0.0034371859 	0.022464827 	0.04348142 	0.67647695
0.0034572864 	0.023057822 	0.043705788 	0.66300641
0.0034773869 	0.023404252 	0.042136587 	0.64923889
0.0034974874 	0.023404252 	0.042136587 	0.64923889
0.0035175879 	0.023377644 	0.039093219 	0.63614171
0.0035376884 	0.022923641 	0.034870158 	0.62449511
0.0035577889 	0.022071971 	0.029758056 	0.61470076
0.0035778894 	0.022071971 	0.029758056 	0.61470076
0.0035979899 	0.020909122 	0.024060194 	0.60669423
0.0036180905 	0.019538847 	0.01809656 	0.59997663
0.003638191 	0.018040478 	0.012190596 	0.59373443
0.0036582915 	0.018040478 	0.012190596 	0.59373443
0.003678392 	0.01644647 	0.0066285931 	0.58694328
0.0036984925 	0.014781848 	0.0016139177 	0.57841084
0.003718593 	0.013059604 	-0.0027660727 	0.56675972
0.0037386935 	0.011263622 	-0.0065361938 	0.55042371
0.003758794 	0.0094096095 	-0.0097842848 	0.5277533
0.0037788945 	0.0094096095 	-0.0097842848 	0.5277533
0.003798995 	0.0075650631 	-0.012581984 	0.49732365
0.0038190955 	0.0058276482 	-0.014905127 	0.45838811
0.003839196 	0.0042896303 	-0.016601145 	0.41129361
0.0038592965 	0.0030085228 	-0.017431161 	0.35759674
0.003879397 	0.0019964038 	-0.017169836 	0.2997472
0.0038994975 	0.0012309596 	-0.015703425 	0.24046481
0.003919598 	0.00067664722 	-0.013080414 	0.18211109
0.0039396985 	0.00030214263 	-0.0095244321 	0.12629177
0.003959799 	8.4221684e-05 	-0.0054488568 	0.073708309
0.0039798995 	1.9725675e-06 	-0.0014938917 	0.024106845
0.004 	1.9725675e-06 	-0.0014938917 	0.024106845
