0 	-0.0040453452 	0.03524313 	1.0546534
2.0100503e-05 	-0.0040453452 	0.03524313 	1.0546534
4.0201005e-05 	-0.0040453452 	0.03524313 	1.0546534
6.0301508e-05 	-0.018350109 	0.037356059 	1.0591145
8.040201e-05 	-0.018350109 	0.037356059 	1.0591145
0.00010050251 	-0.018350109 	0.037356059 	1.0591145
0.00012060302 	-0.021590079 	0.044436876 	1.0594418
0.00014070352 	-0.021590079 	0.044436876 	1.0594418
0.00016080402 	-0.021590079 	0.044436876 	1.0594418
0.00018090452 	-0.021706494 	0.054782133 	1.0535693
0.00020100503 	-0.021706494 	0.054782133 	1.0535693
0.00022110553 	-0.021706494 	0.054782133 	1.0535693
0.00024120603 	-0.019803986 	0.06691 	1.0400476
0.00026130653 	-0.019803986 	0.06691 	1.0400476
0.00028140704 	-0.016749983 	0.078764279 	1.0188024
0.00030150754 	-0.016749983 	0.078764279 	1.0188024
0.00032160804 	-0.016749983 	0.078764279 	1.0188024
0.00034170854 	-0.013830536 	0.087302109 	0.99173543
0.00036180905 	-0.013830536 	0.087302109 	0.99173543
0.00038190955 	-0.013830536 	0.087302109 	0.99173543
0.00040201005 	-0.012424958 	0.089475796 	0.96249287
0.00042211055 	-0.012424958 	0.089475796 	0.96249287
0.00044221106 	-0.012424958 	0.089475796 	0.96249287
0.00046231156 	-0.013182177 	0.084354678 	0.93478609
0.00048241206 	-0.013182177 	0.084354678 	0.93478609
0.00050251256 	-0.015506658 	0.074305633 	0.91062592
0.00052261307 	-0.015506658 	0.074305633 	0.91062592
0.00054271357 	-0.015506658 	0.074305633 	0.91062592
0.00056281407 	-0.018091709 	0.063387678 	0.89053615
0.00058291457 	-0.018091709 	0.063387678 	0.89053615
0.00060301508 	-0.018091709 	0.063387678 	0.89053615
0.00062311558 	-0.019932878 	0.054391988 	0.87502861
0.00064321608 	-0.019932878 	0.054391988 	0.87502861
0.00066331658 	-0.019932878 	0.054391988 	0.87502861
0.00068341709 	-0.020828242 	0.04752797 	0.86500398
0.00070351759 	-0.020828242 	0.04752797 	0.86500398
0.00072361809 	-0.021138872 	0.041546623 	0.86073899
0.00074371859 	-0.021138872 	0.041546623 	0.86073899
0.0007638191 	-0.021138872 	0.041546623 	0.86073899
0.0007839196 	-0.021305853 	0.035410244 	0.86130284
0.0008040201 	-0.021305853 	0.035410244 	0.86130284
0.0008241206 	-0.021305853 	0.035410244 	0.86130284
0.00084422111 	-0.021632478 	0.028863985 	0.86524392
0.00086432161 	-0.021632478 	0.028863985 	0.86524392
0.00088442211 	-0.021632478 	0.028863985 	0.86524392
0.00090452261 	-0.022294291 	0.022149746 	0.87132407
0.00092462312 	-0.022294291 	0.022149746 	0.87132407
0.00094472362 	-0.023323818 	0.015626493 	0.8786919
0.00096482412 	-0.023323818 	0.015626493 	0.8786919
0.00098492462 	-0.023323818 	0.015626493 	0.8786919
0.0010050251 	-0.025792759 	0.0096833344 	0.88006872
0.0010251256 	-0.025792759 	0.0096833344 	0.88006872
0.0010452261 	-0.025792759 	0.0096833344 	0.88006872
0.0010653266 	-0.026966803 	0.0040386188 	0.88918862
0.0010854271 	-0.026966803 	0.0040386188 	0.88918862
0.0011055276 	-0.026966803 	0.0040386188 	0.88918862
0.0011256281 	-0.028298625 	-0.00067045667 	0.89892655
0.0011457286 	-0.028298625 	-0.00067045667 	0.89892655
0.0011658291 	-0.028298625 	-0.00067045667 	0.89892655
0.0011859296 	-0.029535266 	-0.004737667 	0.90919085
0.0012060302 	-0.029535266 	-0.004737667 	0.90919085
0.0012261307 	-0.029535266 	-0.004737667 	0.90919085
0.0012462312 	-0.030168275 	-0.008810893 	0.91985299
0.0012663317 	-0.030168275 	-0.008810893 	0.91985299
0.0012864322 	-0.030168275 	-0.008810893 	0.91985299
0.0013065327 	-0.0297442 	-0.013487488 	0.93069393
0.0013266332 	-0.0297442 	-0.013487488 	0.93069393
0.0013467337 	-0.0297442 	-0.013487488 	0.93069393
0.0013668342 	-0.028037032 	-0.018983165 	0.94149426
0.0013869347 	-0.028037032 	-0.018983165 	0.94149426
0.0014070352 	-0.028037032 	-0.018983165 	0.94149426
0.0014271357 	-0.025187958 	-0.024999945 	0.95211592
0.0014472362 	-0.025187958 	-0.024999945 	0.95211592
0.0014673367 	-0.025187958 	-0.024999945 	0.95211592
0.0014874372 	-0.021650713 	-0.030870824 	0.96242583
0.0015075377 	-0.021650713 	-0.030870824 	0.96242583
0.0015276382 	-0.018031237 	-0.035836408 	0.97209666
0.0015477387 	-0.018031237 	-0.035836408 	0.97209666
0.0015678392 	-0.018031237 	-0.035836408 	0.97209666
0.0015879397 	-0.014932804 	-0.039244873 	0.98042543
0.0016080402 	-0.014932804 	-0.039244873 	0.98042543
0.0016281407 	-0.014932804 	-0.039244873 	0.98042543
0.0016482412 	-0.012862161 	-0.040615003 	0.98629119
0.0016683417 	-0.012862161 	-0.040615003 	0.98629119
0.0016884422 	-0.012169774 	-0.039657837 	0.98834418
0.0017085427 	-0.012169774 	-0.039657837 	0.98834418
0.0017286432 	-0.012169774 	-0.039657837 	0.98834418
0.0017487437 	-0.013005076 	-0.036355266 	0.98547292
0.0017688442 	-0.013005076 	-0.036355266 	0.98547292
0.0017889447 	-0.013005076 	-0.036355266 	0.98547292
0.0018090452 	-0.01529047 	-0.031055961 	0.97738478
0.0018291457 	-0.01529047 	-0.031055961 	0.97738478
0.0018492462 	-0.018757658 	-0.024504817 	0.96490539
0.0018693467 	-0.018757658 	-0.024504817 	0.96490539
0.0018894472 	-0.018757658 	-0.024504817 	0.96490539
0.0019095477 	-0.022972756 	-0.017781515 	0.94965373
0.0019296482 	-0.022972756 	-0.017781515 	0.94965373
0.0019497487 	-0.027374847 	-0.012027788 	0.93334529
0.0019698492 	-0.027374847 	-0.012027788 	0.93334529
0.0019899497 	-0.0313524 	-0.0081049953 	0.91728726
0.0020100503 	-0.0313524 	-0.0081049953 	0.91728726
0.0020301508 	-0.0313524 	-0.0081049953 	0.91728726
0.0020502513 	-0.034468658 	-0.0063046222 	0.90239599
0.0020703518 	-0.034468658 	-0.0063046222 	0.90239599
0.0020904523 	-0.036588564 	-0.0063528127 	0.88941565
0.0021105528 	-0.036588564 	-0.0063528127 	0.88941565
0.0021306533 	-0.036588564 	-0.0063528127 	0.88941565
0.0021507538 	-0.0377787 	-0.0076112812 	0.87902714
0.0021708543 	-0.0377787 	-0.0076112812 	0.87902714
0.0021909548 	-0.038230924 	-0.0094235926 	0.87174664
0.0022110553 	-0.038230924 	-0.0094235926 	0.87174664
0.0022311558 	-0.038209403 	-0.011334238 	0.86773911
0.0022512563 	-0.038209403 	-0.011334238 	0.86773911
0.0022713568 	-0.0380198 	-0.013204298 	0.86669062
0.0022914573 	-0.0380198 	-0.013204298 	0.86669062
0.0023115578 	-0.0380198 	-0.013204298 	0.86669062
0.0023316583 	-0.037919472 	-0.015175409 	0.86783976
0.0023517588 	-0.037919472 	-0.015175409 	0.86783976
0.0023718593 	-0.038021141 	-0.017516893 	0.87021142
0.0023919598 	-0.038021141 	-0.017516893 	0.87021142
0.0024120603 	-0.038279098 	-0.020442726 	0.87291518
0.0024321608 	-0.038279098 	-0.020442726 	0.87291518
0.0024522613 	-0.038537963 	-0.024010909 	0.87535604
0.0024723618 	-0.038537963 	-0.024010909 	0.87535604
0.0024924623 	-0.038588811 	-0.028128518 	0.87728131
0.0025125628 	-0.038588811 	-0.028128518 	0.87728131
0.0025326633 	-0.038258264 	-0.032628928 	0.87869783
0.0025527638 	-0.038258264 	-0.032628928 	0.87869783
0.0025728643 	-0.037451054 	-0.037332705 	0.87974511
0.0025929648 	-0.037451054 	-0.037332705 	0.87974511
0.0026130653 	-0.036141367 	-0.042084996 	0.88057853
0.0026331658 	-0.036141367 	-0.042084996 	0.88057853
0.0026532663 	-0.034374154 	-0.04675335 	0.88131433
0.0026733668 	-0.034374154 	-0.04675335 	0.88131433
0.0026934673 	-0.032233776 	-0.051215591 	0.88200464
0.0027135678 	-0.032233776 	-0.051215591 	0.88200464
0.0027336683 	-0.029821246 	-0.055352474 	0.88265194
0.0027537688 	-0.029821246 	-0.055352474 	0.88265194
0.0027738693 	-0.027223832 	-0.05904706 	0.88321862
0.0027939698 	-0.027223832 	-0.05904706 	0.88321862
0.0028140704 	-0.024494163 	-0.062209741 	0.88361952
0.0028341709 	-0.024494163 	-0.062209741 	0.88361952
0.0028542714 	-0.021661906 	-0.064794799 	0.8837376
0.0028743719 	-0.01871174 	-0.066825452 	0.8833989
0.0028944724 	-0.01871174 	-0.066825452 	0.8833989
0.0029145729 	-0.015594569 	-0.068401099 	0.88246309
0.0029346734 	-0.015594569 	-0.068401099 	0.88246309
0.0029547739 	-0.01228009 	-0.06965147 	0.88089519
0.0029748744 	-0.01228009 	-0.06965147 	0.88089519
0.0029949749 	-0.0087557969 	-0.070649985 	0.87884643
0.0030150754 	-0.0050511928 	-0.071328749 	0.87663382
0.0030351759 	-0.0050511928 	-0.071328749 	0.87663382
0.0030552764 	-0.0011871048 	-0.071439889 	0.87459706
0.0030753769 	-0.0011871048 	-0.071439889 	0.87459706
0.0030954774 	0.0028104685 	-0.07060664 	0.87284398
0.0031155779 	0.006903557 	-0.068452556 	0.87109061
0.0031356784 	0.006903557 	-0.068452556 	0.87109061
0.0031557789 	0.011043677 	-0.064748961 	0.8687349
0.0031758794 	0.011043677 	-0.064748961 	0.8687349
0.0031959799 	0.015113741 	-0.059533077 	0.86512709
0.0032160804 	0.018923792 	-0.053161259 	0.85989304
0.0032361809 	0.018923792 	-0.053161259 	0.85989304
0.0032562814 	0.022244098 	-0.046265726 	0.85308137
0.0032763819 	0.024867959 	-0.039583561 	0.84500556
0.0032964824 	0.024867959 	-0.039583561 	0.84500556
0.0033165829 	0.026671682 	-0.033702257 	0.83593759
0.0033366834 	0.027606859 	-0.028851168 	0.82599355
0.0033567839 	0.027606859 	-0.028851168 	0.82599355
0.0033768844 	0.027661067 	-0.024880918 	0.8153652
0.0033969849 	0.026848842 	-0.021334365 	0.80463478
0.0034170854 	0.026848842 	-0.021334365 	0.80463478
0.0034371859 	0.025188849 	-0.01754107 	0.79480851
0.0034572864 	0.022651064 	-0.012813661 	0.78703302
0.0034773869 	0.019194535 	-0.0068182198 	0.78219881
0.0034974874 	0.019194535 	-0.0068182198 	0.78219881
0.0035175879 	0.014933586 	0.00016476358 	0.78053193
0.0035376884 	0.010282119 	0.007187802 	0.78124356
0.0035577889 	0.0059231309 	0.0128404 	0.78220764
0.0035778894 	0.0059231309 	0.0128404 	0.78220764
0.0035979899 	0.0026754773 	0.015627171 	0.77985111
0.0036180905 	0.0012670139 	0.014457621 	0.76973186
0.003638191 	0.0020256836 	0.0091990734 	0.74798687
0.0036582915 	0.0020256836 	0.0091990734 	0.74798687
0.003678392 	0.0046071679 	0.0011517749 	0.71330881
0.0036984925 	0.0079264587 	-0.006842996 	0.66836075
0.003718593 	0.010502579 	-0.011070427 	0.61918134
0.0037386935 	0.011153867 	-0.008513126 	0.57205245
0.003758794 	0.0095949995 	0.0013992659 	0.52968101
0.0037788945 	0.0095949995 	0.0013992659 	0.52968101
0.003798995 	0.0064928084 	0.016262414 	0.48992577
0.0038190955 	0.0029227375 	0.032041773 	0.44809315
0.003839196 	-0.00020507346 	0.045092978 	0.40085893
0.0038592965 	-0.0023330355 	0.053474762 	0.3476163
0.003879397 	-0.0032622561 	0.056755464 	0.28994259
0.0038994975 	-0.0031314429 	0.055153982 	0.23050361
0.003919598 	-0.002304852 	0.049012985 	0.17223336
0.0039396985 	-0.0012513574 	0.038783044 	0.11748913
0.003959799 	-0.00039533248 	0.025135048 	0.067308509
0.0039798995 	-1.3794811e-05 	0.0089516814 	0.021390538
0.004 	-1.3794811e-05 	0.0089516814 	0.021390538
