0 	0.00048425897 	0.011776541 	1.02706
2.0100503e-05 	0.00048425897 	0.011776541 	1.02706
4.0201005e-05 	0.00048425897 	0.011776541 	1.02706
6.0301508e-05 	-0.0065501163 	0.0064411918 	1.0352094
8.040201e-05 	-0.0065501163 	0.0064411918 	1.0352094
0.00010050251 	-0.0065501163 	0.0064411918 	1.0352094
0.00012060302 	-0.0090102094 	0.0027341841 	1.0427395
0.00014070352 	-0.0090102094 	0.0027341841 	1.0427395
0.00016080402 	-0.0090102094 	0.0027341841 	1.0427395
0.00018090452 	-0.010944594 	0.0005701304 	1.0492691
0.00020100503 	-0.010944594 	0.0005701304 	1.0492691
0.00022110553 	-0.010944594 	0.0005701304 	1.0492691
0.00024120603 	-0.012461094 	-0.00075918611 	1.054869
0.00026130653 	-0.012461094 	-0.00075918611 	1.054869
0.00028140704 	-0.01325377 	-0.0018087754 	1.0598361
0.00030150754 	-0.01325377 	-0.0018087754 	1.0598361
0.00032160804 	-0.01325377 	-0.0018087754 	1.0598361
0.00034170854 	-0.01309493 	-0.0029332622 	1.0644639
0.00036180905 	-0.01309493 	-0.0029332622 	1.0644639
0.00038190955 	-0.01309493 	-0.0029332622 	1.0644639
0.00040201005 	-0.011943318 	-0.004283455 	1.0689062
0.00042211055 	-0.011943318 	-0.004283455 	1.0689062
0.00044221106 	-0.011943318 	-0.004283455 	1.0689062
0.00046231156 	-0.0099379479 	-0.0058358504 	1.0731486
0.00048241206 	-0.0099379479 	-0.0058358504 	1.0731486
0.00050251256 	-0.0073456829 	-0.0074268641 	1.077052
0.00052261307 	-0.0073456829 	-0.0074268641 	1.077052
0.00054271357 	-0.0073456829 	-0.0074268641 	1.077052
0.00056281407 	-0.0045007364 	-0.0087798971 	1.0804234
0.00058291457 	-0.0045007364 	-0.0087798971 	1.0804234
0.00060301508 	-0.0045007364 	-0.0087798971 	1.0804234
0.00062311558 	-0.0017504684 	-0.0095296067 	1.0830561
0.00064321608 	-0.0017504684 	-0.0095296067 	1.0830561
0.00066331658 	-0.0017504684 	-0.0095296067 	1.0830561
0.00068341709 	0.00060947493 	-0.009245513 	1.0847183
0.00070351759 	0.00060947493 	-0.009245513 	1.0847183
0.00072361809 	0.0023878639 	-0.007471871 	1.0851283
0.00074371859 	0.0023878639 	-0.007471871 	1.0851283
0.0007638191 	0.0023878639 	-0.007471871 	1.0851283
0.0007839196 	0.0034958565 	-0.0039121709 	1.0840473
0.0008040201 	0.0034958565 	-0.0039121709 	1.0840473
0.0008241206 	0.0034958565 	-0.0039121709 	1.0840473
0.00084422111 	0.0039030274 	0.00133313 	1.0815016
0.00086432161 	0.0039030274 	0.00133313 	1.0815016
0.00088442211 	0.0039030274 	0.00133313 	1.0815016
0.00090452261 	0.0036779418 	0.0074949222 	1.0780145
0.00092462312 	0.0036779418 	0.0074949222 	1.0780145
0.00094472362 	0.0028297162 	0.013291961 	1.0745474
0.00096482412 	0.0028297162 	0.013291961 	1.0745474
0.00098492462 	0.0028297162 	0.013291961 	1.0745474
0.0010050251 	0.00038417574 	0.016960921 	1.0732916
0.0010251256 	0.00038417574 	0.016960921 	1.0732916
0.0010452261 	0.00038417574 	0.016960921 	1.0732916
0.0010653266 	-0.00090188656 	0.018314875 	1.073236
0.0010854271 	-0.00090188656 	0.018314875 	1.073236
0.0011055276 	0.00012124751 	0.019373112 	1.0699344
0.0011256281 	-0.00064650103 	0.019815731 	1.0675297
0.0011457286 	-0.0020325924 	0.018575301 	1.0729728
0.0011658291 	-0.0020325924 	0.018575301 	1.0729728
0.0011859296 	-0.002452848 	0.019222001 	1.0701419
0.0012060302 	-0.002452848 	0.019222001 	1.0701419
0.0012261307 	-0.00028896774 	0.02050602 	1.0624531
0.0012462312 	-0.0020040341 	0.020276749 	1.0629899
0.0012663317 	-0.0020040341 	0.020276749 	1.0629899
0.0012864322 	-0.0020040341 	0.020276749 	1.0629899
0.0013065327 	-0.00084062515 	0.019994941 	1.0515414
0.0013266332 	-0.00084062515 	0.019994941 	1.0515414
0.0013467337 	-0.00084062515 	0.019994941 	1.0515414
0.0013668342 	0.00080923909 	0.016610204 	1.0374715
0.0013869347 	0.00080923909 	0.016610204 	1.0374715
0.0014070352 	0.00080923909 	0.016610204 	1.0374715
0.0014271357 	0.0025095157 	0.010413166 	1.0230499
0.0014472362 	0.0025095157 	0.010413166 	1.0230499
0.0014673367 	0.0025095157 	0.010413166 	1.0230499
0.0014874372 	0.0037345302 	0.0031281093 	1.010033
0.0015075377 	0.0037345302 	0.0031281093 	1.010033
0.0015276382 	0.0041494689 	-0.0034153175 	0.99901081
0.0015477387 	0.0041494689 	-0.0034153175 	0.99901081
0.0015678392 	0.0041494689 	-0.0034153175 	0.99901081
0.0015879397 	0.0036399751 	-0.0080736312 	0.9897081
0.0016080402 	0.0036399751 	-0.0080736312 	0.9897081
0.0016281407 	0.0036399751 	-0.0080736312 	0.9897081
0.0016482412 	0.0022693314 	-0.010537032 	0.98164372
0.0016683417 	0.0022693314 	-0.010537032 	0.98164372
0.0016884422 	0.00013114519 	-0.011053992 	0.97450507
0.0017085427 	0.00013114519 	-0.011053992 	0.97450507
0.0017286432 	0.00013114519 	-0.011053992 	0.97450507
0.0017487437 	-0.0026115333 	-0.010128826 	0.96812098
0.0017688442 	-0.0026115333 	-0.010128826 	0.96812098
0.0017889447 	-0.0026115333 	-0.010128826 	0.96812098
0.0018090452 	-0.005735091 	-0.008377836 	0.96224579
0.0018291457 	-0.005735091 	-0.008377836 	0.96224579
0.0018492462 	-0.0090572753 	-0.0065061268 	0.9564101
0.0018693467 	-0.0090572753 	-0.0065061268 	0.9564101
0.0018894472 	-0.0090572753 	-0.0065061268 	0.9564101
0.0019095477 	-0.012380945 	-0.0053182287 	0.94997415
0.0019296482 	-0.012380945 	-0.0053182287 	0.94997415
0.0019497487 	-0.015535414 	-0.0056341541 	0.94228199
0.0019698492 	-0.015535414 	-0.0056341541 	0.94228199
0.0019899497 	-0.018463402 	-0.0080720607 	0.93289052
0.0020100503 	-0.018463402 	-0.0080720607 	0.93289052
0.0020301508 	-0.018463402 	-0.0080720607 	0.93289052
0.0020502513 	-0.021264353 	-0.01273784 	0.92184343
0.0020703518 	-0.021264353 	-0.01273784 	0.92184343
0.0020904523 	-0.02419107 	-0.019103585 	0.90988333
0.0021105528 	-0.02419107 	-0.019103585 	0.90988333
0.0021306533 	-0.02419107 	-0.019103585 	0.90988333
0.0021507538 	-0.02753373 	-0.026243067 	0.8983591
0.0021708543 	-0.02753373 	-0.026243067 	0.8983591
0.0021909548 	-0.031343012 	-0.033324988 	0.888663
0.0022110553 	-0.031343012 	-0.033324988 	0.888663
0.0022311558 	-0.035271083 	-0.04004218 	0.88151418
0.0022512563 	-0.035271083 	-0.04004218 	0.88151418
0.0022713568 	-0.038676635 	-0.046570226 	0.8766038
0.0022914573 	-0.038676635 	-0.046570226 	0.8766038
0.0023115578 	-0.038676635 	-0.046570226 	0.8766038
0.0023316583 	-0.040955414 	-0.053093166 	0.87286914
0.0023517588 	-0.040955414 	-0.053093166 	0.87286914
0.0023718593 	-0.04181894 	-0.059428993 	0.86909732
0.0023919598 	-0.04181894 	-0.059428993 	0.86909732
0.0024120603 	-0.041353362 	-0.065052414 	0.86443207
0.0024321608 	-0.041353362 	-0.065052414 	0.86443207
0.0024522613 	-0.039885124 	-0.069400599 	0.85857628
0.0024723618 	-0.039885124 	-0.069400599 	0.85857628
0.0024924623 	-0.037827743 	-0.0721253 	0.85175575
0.0025125628 	-0.037827743 	-0.0721253 	0.85175575
0.0025326633 	-0.035594046 	-0.073131347 	0.84456368
0.0025527638 	-0.035594046 	-0.073131347 	0.84456368
0.0025728643 	-0.033555412 	-0.072483546 	0.8377704
0.0025929648 	-0.033555412 	-0.072483546 	0.8377704
0.0026130653 	-0.032019811 	-0.070303928 	0.83212196
0.0026331658 	-0.032019811 	-0.070303928 	0.83212196
0.0026532663 	-0.031193506 	-0.06672645 	0.8281314
0.0026733668 	-0.031193506 	-0.06672645 	0.8281314
0.0026934673 	-0.031139001 	-0.061913481 	0.82588377
0.0027135678 	-0.031139001 	-0.061913481 	0.82588377
0.0027336683 	-0.031756334 	-0.056118897 	0.82496582
0.0027537688 	-0.031756334 	-0.056118897 	0.82496582
0.0027738693 	-0.032821433 	-0.049749621 	0.82460376
0.0027939698 	-0.032821433 	-0.049749621 	0.82460376
0.0028140704 	-0.034048566 	-0.043368767 	0.82400176
0.0028341709 	-0.034048566 	-0.043368767 	0.82400176
0.0028542714 	-0.035215898 	-0.037597372 	0.82267808
0.0028743719 	-0.036213977 	-0.032946978 	0.82055189
0.0028944724 	-0.036213977 	-0.032946978 	0.82055189
0.0029145729 	-0.037021007 	-0.029686953 	0.81781881
0.0029346734 	-0.037021007 	-0.029686953 	0.81781881
0.0029547739 	-0.037656844 	-0.027797662 	0.81470621
0.0029748744 	-0.037656844 	-0.027797662 	0.81470621
0.0029949749 	-0.038141388 	-0.027010823 	0.8113024
0.0030150754 	-0.038462603 	-0.026899874 	0.80751874
0.0030351759 	-0.038462603 	-0.026899874 	0.80751874
0.0030552764 	-0.038562467 	-0.026986184 	0.80314997
0.0030753769 	-0.038562467 	-0.026986184 	0.80314997
0.0030954774 	-0.038350237 	-0.026822144 	0.79794074
0.0031155779 	-0.037726626 	-0.026059564 	0.79161998
0.0031356784 	-0.037726626 	-0.026059564 	0.79161998
0.0031557789 	-0.036631254 	-0.024468787 	0.78392992
0.0031758794 	-0.036631254 	-0.024468787 	0.78392992
0.0031959799 	-0.035048314 	-0.021931829 	0.77463959
0.0032160804 	-0.033005891 	-0.018446754 	0.76356145
0.0032361809 	-0.033005891 	-0.018446754 	0.76356145
0.0032562814 	-0.030584016 	-0.014109704 	0.75058894
0.0032763819 	-0.027905651 	-0.0091169111 	0.73573188
0.0032964824 	-0.027905651 	-0.0091169111 	0.73573188
0.0033165829 	-0.025127219 	-0.0037419638 	0.71914645
0.0033366834 	-0.022412261 	0.0016874752 	0.70114541
0.0033567839 	-0.022412261 	0.0016874752 	0.70114541
0.0033768844 	-0.019861753 	0.0068187139 	0.68217758
0.0033969849 	-0.017549034 	0.01131001 	0.66275888
0.0034170854 	-0.017549034 	0.01131001 	0.66275888
0.0034371859 	-0.015541081 	0.014849773 	0.64338962
0.0034572864 	-0.013855679 	0.017193099 	0.62448765
0.0034773869 	-0.012474191 	0.01820138 	0.60633316
0.0034974874 	-0.012474191 	0.01820138 	0.60633316
0.0035175879 	-0.011354944 	0.017873712 	0.58904484
0.0035376884 	-0.010443403 	0.016357198 	0.5725757
0.0035577889 	-0.0096804276 	0.013916164 	0.55672405
0.0035778894 	-0.0096804276 	0.013916164 	0.55672405
0.0035979899 	-0.009007368 	0.010888486 	0.54115923
0.0036180905 	-0.0083676911 	0.0076303457 	0.52546117
0.003638191 	-0.0077203332 	0.0044564411 	0.50916469
0.0036582915 	-0.0077203332 	0.0044564411 	0.50916469
0.003678392 	-0.0070514731 	0.0015988739 	0.4918209
0.0036984925 	-0.0063530702 	-0.00080096111 	0.47302794
0.003718593 	-0.0056183073 	-0.0026925372 	0.45245705
0.0037386935 	-0.0048619092 	-0.0040969589 	0.42985711
0.003758794 	-0.004111831 	-0.0050794095 	0.40505208
0.0037788945 	-0.004111831 	-0.0050794095 	0.40505208
0.003798995 	-0.0033965951 	-0.0057165364 	0.37791482
0.0038190955 	-0.0027383199 	-0.0060709678 	0.34835183
0.003839196 	-0.0021479866 	-0.0061775413 	0.31629261
0.0038592965 	-0.0016268829 	-0.0060443011 	0.28168934
0.003879397 	-0.001171962 	-0.0056663829 	0.24452739
0.0038994975 	-0.00078183504 	-0.005046233 	0.20484448
0.003919598 	-0.00046041437 	-0.0042101848 	0.16275509
0.0039396985 	-0.00021671983 	-0.0032084147 	0.11847496
0.003959799 	-5.9767742e-05 	-0.0020854228 	0.072325974
0.0039798995 	6.9670825e-07 	-0.00081288208 	0.024665439
0.004 	6.9670825e-07 	-0.00081288208 	0.024665439
