0 	0.0013110629 	0.020011861 	1.0963283
2.0100503e-05 	0.024237493 	-0.0028382432 	1.0989289
4.0201005e-05 	0.024237493 	-0.0028382432 	1.0989289
6.0301508e-05 	0.023048765 	-0.014580416 	1.101512
8.040201e-05 	0.023048765 	-0.014580416 	1.101512
0.00010050251 	0.023048765 	-0.014580416 	1.101512
0.00012060302 	0.023568426 	-0.017089259 	1.1035589
0.00014070352 	0.023568426 	-0.017089259 	1.1035589
0.00016080402 	0.023568426 	-0.017089259 	1.1035589
0.00018090452 	0.025445545 	-0.017027702 	1.1046102
0.00020100503 	0.025445545 	-0.017027702 	1.1046102
0.00022110553 	0.025445545 	-0.017027702 	1.1046102
0.00024120603 	0.028312265 	-0.015873761 	1.1043484
0.00026130653 	0.028312265 	-0.015873761 	1.1043484
0.00028140704 	0.031916962 	-0.014361068 	1.1025999
0.00030150754 	0.031916962 	-0.014361068 	1.1025999
0.00032160804 	0.031916962 	-0.014361068 	1.1025999
0.00034170854 	0.03593844 	-0.012909757 	1.099361
0.00036180905 	0.03593844 	-0.012909757 	1.099361
0.00038190955 	0.03593844 	-0.012909757 	1.099361
0.00040201005 	0.039984992 	-0.011724338 	1.0948253
0.00042211055 	0.039984992 	-0.011724338 	1.0948253
0.00044221106 	0.039984992 	-0.011724338 	1.0948253
0.00046231156 	0.043653856 	-0.010843713 	1.0893407
0.00048241206 	0.043653856 	-0.010843713 	1.0893407
0.00050251256 	0.046591337 	-0.010185371 	1.0832989
0.00052261307 	0.046591337 	-0.010185371 	1.0832989
0.00054271357 	0.046591337 	-0.010185371 	1.0832989
0.00056281407 	0.048530043 	-0.009608703 	1.0770412
0.00058291457 	0.048530043 	-0.009608703 	1.0770412
0.00060301508 	0.048530043 	-0.009608703 	1.0770412
0.00062311558 	0.049302906 	-0.0089901659 	1.0708195
0.00064321608 	0.049302906 	-0.0089901659 	1.0708195
0.00066331658 	0.049302906 	-0.0089901659 	1.0708195
0.00068341709 	0.048835764 	-0.0082812033 	1.0648072
0.00070351759 	0.048835764 	-0.0082812033 	1.0648072
0.00072361809 	0.047113362 	-0.0075473236 	1.0591435
0.00074371859 	0.047113362 	-0.0075473236 	1.0591435
0.0007638191 	0.047113362 	-0.0075473236 	1.0591435
0.0007839196 	0.044146412 	-0.0069774534 	1.0539862
0.0008040201 	0.044146412 	-0.0069774534 	1.0539862
0.0008241206 	0.044146412 	-0.0069774534 	1.0539862
0.00084422111 	0.039991774 	-0.0067748485 	1.0495137
0.00086432161 	0.039991774 	-0.0067748485 	1.0495137
0.00088442211 	0.039991774 	-0.0067748485 	1.0495137
0.00090452261 	0.034683768 	-0.0069154529 	1.0458905
0.00092462312 	0.034683768 	-0.0069154529 	1.0458905
0.00094472362 	0.020931307 	-0.0022438459 	1.0374954
0.00096482412 	0.020931307 	-0.0022438459 	1.0374954
0.00098492462 	0.020931307 	-0.0022438459 	1.0374954
0.0010050251 	0.020745984 	-0.0059805919 	1.0412111
0.0010251256 	0.020745984 	-0.0059805919 	1.0412111
0.0010452261 	0.020745984 	-0.0059805919 	1.0412111
0.0010653266 	0.012303458 	-0.0031907881 	1.0395031
0.0010854271 	0.012303458 	-0.0031907881 	1.0395031
0.0011055276 	0.012303458 	-0.0031907881 	1.0395031
0.0011256281 	0.0043744412 	0.0012790181 	1.0368534
0.0011457286 	0.0043744412 	0.0012790181 	1.0368534
0.0011658291 	-0.0065544596 	0.0084017042 	1.0286851
0.0011859296 	-0.012338098 	0.012561033 	1.0202792
0.0012060302 	-0.012338098 	0.012561033 	1.0202792
0.0012261307 	-0.0016981303 	0.0061884857 	1.0318207
0.0012462312 	-0.0047693548 	0.0099447733 	1.0233573
0.0012663317 	-0.0047693548 	0.0099447733 	1.0233573
0.0012864322 	-0.0047693548 	0.0099447733 	1.0233573
0.0013065327 	-0.004409096 	0.011499678 	1.0112931
0.0013266332 	-0.004409096 	0.011499678 	1.0112931
0.0013467337 	-0.004409096 	0.011499678 	1.0112931
0.0013668342 	-0.0010619038 	0.010856615 	0.99655377
0.0013869347 	-0.0010619038 	0.010856615 	0.99655377
0.0014070352 	-0.0010619038 	0.010856615 	0.99655377
0.0014271357 	0.0043317981 	0.0093358914 	0.98096796
0.0014472362 	0.0043317981 	0.0093358914 	0.98096796
0.0014673367 	0.0043317981 	0.0093358914 	0.98096796
0.0014874372 	-0.00093385411 	0.012004254 	0.93307167
0.0015075377 	0.010899981 	0.0086160104 	0.96664454
0.0015276382 	0.01801396 	0.0094883902 	0.955336
0.0015477387 	0.01801396 	0.0094883902 	0.955336
0.0015678392 	0.01801396 	0.0094883902 	0.955336
0.0015879397 	0.025235978 	0.01192824 	0.9481829
0.0016080402 	0.025235978 	0.01192824 	0.9481829
0.0016281407 	0.025235978 	0.01192824 	0.9481829
0.0016482412 	0.032112918 	0.015858214 	0.94581089
0.0016683417 	0.032112918 	0.015858214 	0.94581089
0.0016884422 	0.038038476 	0.021286792 	0.94833226
0.0017085427 	0.038038476 	0.021286792 	0.94833226
0.0017286432 	0.038038476 	0.021286792 	0.94833226
0.0017487437 	0.042152883 	0.028145917 	0.9552377
0.0017688442 	0.042152883 	0.028145917 	0.9552377
0.0017889447 	0.042152883 	0.028145917 	0.9552377
0.0018090452 	0.043561843 	0.036086924 	0.96520774
0.0018291457 	0.043561843 	0.036086924 	0.96520774
0.0018492462 	0.041401329 	0.044482212 	0.97637316
0.0018693467 	0.041401329 	0.044482212 	0.97637316
0.0018894472 	0.041401329 	0.044482212 	0.97637316
0.0019095477 	0.035644717 	0.052858319 	0.98695139
0.0019296482 	0.035644717 	0.052858319 	0.98695139
0.0019497487 	0.027494854 	0.061424487 	0.99572023
0.0019698492 	0.027494854 	0.061424487 	0.99572023
0.0019899497 	0.019222152 	0.071279366 	1.0022872
0.0020100503 	0.019222152 	0.071279366 	1.0022872
0.0020301508 	0.019222152 	0.071279366 	1.0022872
0.0020502513 	0.013101035 	0.082791227 	1.0069187
0.0020703518 	0.013101035 	0.082791227 	1.0069187
0.0020904523 	0.010121124 	0.095009506 	1.01047
0.0021105528 	0.010121124 	0.095009506 	1.01047
0.0021306533 	0.010121124 	0.095009506 	1.01047
0.0021507538 	0.010090565 	0.10677334 	1.0143244
0.0021708543 	0.010090565 	0.10677334 	1.0143244
0.0021909548 	0.011948241 	0.11768806 	1.0191612
0.0022110553 	0.011948241 	0.11768806 	1.0191612
0.0022311558 	0.014856641 	0.12758863 	1.0234158
0.0022512563 	0.014856641 	0.12758863 	1.0234158
0.0022713568 	0.018126082 	0.13570261 	1.0237587
0.0022914573 	0.018126082 	0.13570261 	1.0237587
0.0023115578 	0.018126082 	0.13570261 	1.0237587
0.0023316583 	0.020586498 	0.1407418 	1.0174316
0.0023517588 	0.020586498 	0.1407418 	1.0174316
0.0023718593 	0.020790349 	0.14155054 	1.0038982
0.0023919598 	0.020790349 	0.14155054 	1.0038982
0.0024120603 	0.017311807 	0.1374854 	0.98434242
0.0024321608 	0.017311807 	0.1374854 	0.98434242
0.0024522613 	0.0097024057 	0.12851832 	0.96001884
0.0024723618 	0.0097024057 	0.12851832 	0.96001884
0.0024924623 	-0.00062678552 	0.11552346 	0.93118857
0.0025125628 	-0.00062678552 	0.11552346 	0.93118857
0.0025326633 	-0.010850346 	0.10038746 	0.89725618
0.0025527638 	-0.010850346 	0.10038746 	0.89725618
0.0025728643 	-0.018159116 	0.085811283 	0.85869887
0.0025929648 	-0.018159116 	0.085811283 	0.85869887
0.0026130653 	-0.021331061 	0.074244453 	0.81829423
0.0026331658 	-0.021331061 	0.074244453 	0.81829423
0.0026532663 	-0.020739628 	0.066763813 	0.78001357
0.0026733668 	-0.020739628 	0.066763813 	0.78001357
0.0026934673 	-0.017402636 	0.062739585 	0.74693675
0.0027135678 	-0.017402636 	0.062739585 	0.74693675
0.0027336683 	-0.01236872 	0.060572 	0.72033541
0.0027537688 	-0.01236872 	0.060572 	0.72033541
0.0027738693 	-0.0065119777 	0.058648763 	0.70005471
0.0027939698 	-0.0065119777 	0.058648763 	0.70005471
0.0028140704 	-0.00049152106 	0.055980594 	0.68517888
0.0028341709 	-0.00049152106 	0.055980594 	0.68517888
0.0028542714 	0.0053407748 	0.052298344 	0.67457188
0.0028743719 	0.010865254 	0.04777595 	0.66720677
0.0028944724 	0.010865254 	0.04777595 	0.66720677
0.0029145729 	0.016060102 	0.042637972 	0.66236391
0.0029346734 	0.016060102 	0.042637972 	0.66236391
0.0029547739 	0.020972865 	0.036967696 	0.65964835
0.0029748744 	0.020972865 	0.036967696 	0.65964835
0.0029949749 	0.02563831 	0.030703425 	0.65891626
0.0030150754 	0.03005025 	0.023746994 	0.6601783
0.0030351759 	0.03005025 	0.023746994 	0.6601783
0.0030552764 	0.034159432 	0.016101906 	0.66354746
0.0030753769 	0.034159432 	0.016101906 	0.66354746
0.0030954774 	0.03787227 	0.0078610349 	0.66918476
0.0031155779 	0.041021496 	-0.00075254014 	0.67732333
0.0031356784 	0.041021496 	-0.00075254014 	0.67732333
0.0031557789 	0.043512027 	-0.0094146939 	0.68817315
0.0031758794 	0.043512027 	-0.0094146939 	0.68817315
0.0031959799 	0.045272404 	-0.017760327 	0.70165014
0.0032160804 	0.046056838 	-0.025200913 	0.71734619
0.0032361809 	0.046056838 	-0.025200913 	0.71734619
0.0032562814 	0.045711029 	-0.031229643 	0.73455937
0.0032763819 	0.044369554 	-0.035452539 	0.75236364
0.0032964824 	0.044369554 	-0.035452539 	0.75236364
0.0033165829 	0.042223963 	-0.037693582 	0.76961777
0.0033366834 	0.039519365 	-0.03801902 	0.78512478
0.0033567839 	0.039519365 	-0.03801902 	0.78512478
0.0033768844 	0.036534929 	-0.036730966 	0.79790604
0.0033969849 	0.033587862 	-0.034376622 	0.80740965
0.0034170854 	0.033587862 	-0.034376622 	0.80740965
0.0034371859 	0.030929121 	-0.031495292 	0.81349159
0.0034572864 	0.028697141 	-0.028566854 	0.81635183
0.0034773869 	0.026891813 	-0.025910794 	0.81636044
0.0034974874 	0.026891813 	-0.025910794 	0.81636044
0.0035175879 	0.02538778 	-0.023642117 	0.8139326
0.0035376884 	0.023943038 	-0.021676949 	0.80950746
0.0035577889 	0.022210979 	-0.019755375 	0.80371266
0.0035778894 	0.022210979 	-0.019755375 	0.80371266
0.0035979899 	0.01976371 	-0.017466477 	0.79758124
0.0036180905 	0.016222294 	-0.014262861 	0.79250662
0.003638191 	0.011424433 	-0.0095522465 	0.78957841
0.0036582915 	0.011424433 	-0.0095522465 	0.78957841
0.003678392 	0.0055972275 	-0.0029486574 	0.78828057
0.0036984925 	-0.00058422091 	0.0053011451 	0.78514656
0.003718593 	-0.0060395076 	0.013944478 	0.77361875
0.0037386935 	-0.0096366935 	0.020813871 	0.74601314
0.003758794 	-0.010788975 	0.023631444 	0.69714289
0.0037788945 	-0.010788975 	0.023631444 	0.69714289
0.003798995 	-0.009725145 	0.021240857 	0.62750373
0.0038190955 	-0.0073427055 	0.014475553 	0.54362683
0.003839196 	-0.0046953717 	0.0058591466 	0.45509424
0.0038592965 	-0.0025040777 	-0.0017975673 	0.37035002
0.003879397 	-0.0010081966 	-0.0067512914 	0.29416015
0.0038994975 	-0.00012279247 	-0.008655462 	0.22759808
0.003919598 	0.00027178462 	-0.0080550614 	0.16943298
0.0039396985 	0.00032033526 	-0.0058130291 	0.11747466
0.003959799 	0.00020035573 	-0.0028872286 	0.069391886
0.0039798995 	3.6411024e-05 	-0.00038793795 	0.023133999
0.004 	3.6411024e-05 	-0.00038793795 	0.023133999
