0 	0.0060447306 	-0.024330464 	1.0122912
2.0100503e-05 	-0.02877577 	-0.0025060897 	0.99999379
4.0201005e-05 	-0.02877577 	-0.0025060897 	0.99999379
6.0301508e-05 	-0.030194109 	0.01557102 	0.98882684
8.040201e-05 	-0.030194109 	0.01557102 	0.98882684
0.00010050251 	-0.030194109 	0.01557102 	0.98882684
0.00012060302 	-0.031714015 	0.024323467 	0.97911647
0.00014070352 	-0.031714015 	0.024323467 	0.97911647
0.00016080402 	-0.031714015 	0.024323467 	0.97911647
0.00018090452 	-0.034464674 	0.030961197 	0.97075248
0.00020100503 	-0.034464674 	0.030961197 	0.97075248
0.00022110553 	-0.034464674 	0.030961197 	0.97075248
0.00024120603 	-0.037744994 	0.036157416 	0.96316301
0.00026130653 	-0.037744994 	0.036157416 	0.96316301
0.00028140704 	-0.040848128 	0.039475041 	0.95543194
0.00030150754 	-0.040848128 	0.039475041 	0.95543194
0.00032160804 	-0.040848128 	0.039475041 	0.95543194
0.00034170854 	-0.043195548 	0.040216636 	0.94655031
0.00036180905 	-0.043195548 	0.040216636 	0.94655031
0.00038190955 	-0.043195548 	0.040216636 	0.94655031
0.00040201005 	-0.044529772 	0.03788886 	0.93573744
0.00042211055 	-0.044529772 	0.03788886 	0.93573744
0.00044221106 	-0.044529772 	0.03788886 	0.93573744
0.00046231156 	-0.045018405 	0.032581541 	0.9226936
0.00048241206 	-0.045018405 	0.032581541 	0.9226936
0.00050251256 	-0.045064137 	0.025071346 	0.90759209
0.00052261307 	-0.045064137 	0.025071346 	0.90759209
0.00054271357 	-0.045064137 	0.025071346 	0.90759209
0.00056281407 	-0.044854344 	0.016491432 	0.89084238
0.00058291457 	-0.044854344 	0.016491432 	0.89084238
0.00060301508 	-0.044854344 	0.016491432 	0.89084238
0.00062311558 	-0.044184342 	0.0078621145 	0.87306423
0.00064321608 	-0.044184342 	0.0078621145 	0.87306423
0.00066331658 	-0.044184342 	0.0078621145 	0.87306423
0.00068341709 	-0.042846459 	-6.6829318e-05 	0.85542769
0.00070351759 	-0.042846459 	-6.6829318e-05 	0.85542769
0.00072361809 	-0.040941732 	-0.0067330018 	0.83979752
0.00074371859 	-0.040941732 	-0.0067330018 	0.83979752
0.0007638191 	-0.040941732 	-0.0067330018 	0.83979752
0.0007839196 	-0.038748918 	-0.011818014 	0.82823014
0.0008040201 	-0.038748918 	-0.011818014 	0.82823014
0.0008241206 	-0.038748918 	-0.011818014 	0.82823014
0.00084422111 	-0.03651021 	-0.015282605 	0.82186584
0.00086432161 	-0.03651021 	-0.015282605 	0.82186584
0.00088442211 	-0.03651021 	-0.015282605 	0.82186584
0.00090452261 	-0.034217439 	-0.017337863 	0.82031682
0.00092462312 	-0.034217439 	-0.017337863 	0.82031682
0.00094472362 	-0.031642528 	-0.018318026 	0.82226628
0.00096482412 	-0.031642528 	-0.018318026 	0.82226628
0.00098492462 	-0.031642528 	-0.018318026 	0.82226628
0.0010050251 	-0.028443855 	-0.018591076 	0.82666092
0.0010251256 	-0.028443855 	-0.018591076 	0.82666092
0.0010452261 	-0.028443855 	-0.018591076 	0.82666092
0.0010653266 	-0.024469278 	-0.0177708 	0.83292961
0.0010854271 	-0.024469278 	-0.0177708 	0.83292961
0.0011055276 	-0.022062741 	-0.01845234 	0.84128949
0.0011256281 	-0.015852748 	-0.018303382 	0.84882254
0.0011457286 	-0.015852748 	-0.018303382 	0.84882254
0.0011658291 	-0.015852748 	-0.018303382 	0.84882254
0.0011859296 	-0.0091384152 	-0.017114685 	0.85665669
0.0012060302 	-0.015605447 	-0.0135388 	0.84761381
0.0012261307 	-0.015605447 	-0.0135388 	0.84761381
0.0012462312 	-0.011343356 	-0.010310489 	0.85569023
0.0012663317 	-0.011343356 	-0.010310489 	0.85569023
0.0012864322 	-0.011343356 	-0.010310489 	0.85569023
0.0013065327 	-0.0075810234 	-0.0065631313 	0.86402243
0.0013266332 	-0.0075810234 	-0.0065631313 	0.86402243
0.0013467337 	-0.0075810234 	-0.0065631313 	0.86402243
0.0013668342 	-0.0043229479 	-0.0025106441 	0.8722937
0.0013869347 	-0.0043229479 	-0.0025106441 	0.8722937
0.0014070352 	-0.0043229479 	-0.0025106441 	0.8722937
0.0014271357 	-0.0014040333 	0.0017299802 	0.88003521
0.0014472362 	-0.0014040333 	0.0017299802 	0.88003521
0.0014673367 	-0.0014040333 	0.0017299802 	0.88003521
0.0014874372 	0.0015307479 	0.0059868689 	0.88671788
0.0015075377 	0.0015307479 	0.0059868689 	0.88671788
0.0015276382 	0.0048396938 	0.010069603 	0.89196126
0.0015477387 	0.0048396938 	0.010069603 	0.89196126
0.0015678392 	0.027107571 	-0.0022532502 	0.90480986
0.0015879397 	0.0320976 	-0.00087686973 	0.91087087
0.0016080402 	0.0087444172 	0.013743676 	0.89557207
0.0016281407 	0.0087444172 	0.013743676 	0.89557207
0.0016482412 	0.013373224 	0.016765044 	0.89766069
0.0016683417 	0.013373224 	0.016765044 	0.89766069
0.0016884422 	0.018658557 	0.018890979 	0.898522
0.0017085427 	0.018658557 	0.018890979 	0.898522
0.0017286432 	0.018658557 	0.018890979 	0.898522
0.0017487437 	0.024391202 	0.01995149 	0.89855067
0.0017688442 	0.024391202 	0.01995149 	0.89855067
0.0017889447 	0.024391202 	0.01995149 	0.89855067
0.0018090452 	0.030274567 	0.019816204 	0.89812977
0.0018291457 	0.030274567 	0.019816204 	0.89812977
0.0018492462 	0.035991865 	0.018488598 	0.89758469
0.0018693467 	0.035991865 	0.018488598 	0.89758469
0.0018894472 	0.035991865 	0.018488598 	0.89758469
0.0019095477 	0.041302759 	0.016091591 	0.89715149
0.0019296482 	0.041302759 	0.016091591 	0.89715149
0.0019497487 	0.045955318 	0.012857573 	0.89697384
0.0019698492 	0.045955318 	0.012857573 	0.89697384
0.0019899497 	0.049754952 	0.0090655919 	0.89712281
0.0020100503 	0.049754952 	0.0090655919 	0.89712281
0.0020301508 	0.049754952 	0.0090655919 	0.89712281
0.0020502513 	0.052651789 	0.0050154978 	0.89762946
0.0020703518 	0.052651789 	0.0050154978 	0.89762946
0.0020904523 	0.054775651 	0.00097121812 	0.89842659
0.0021105528 	0.054775651 	0.00097121812 	0.89842659
0.0021306533 	0.054775651 	0.00097121812 	0.89842659
0.0021507538 	0.056290511 	-0.0028938161 	0.89951434
0.0021708543 	0.056290511 	-0.0028938161 	0.89951434
0.0021909548 	0.057406021 	-0.0064450434 	0.90088012
0.0022110553 	0.057406021 	-0.0064450434 	0.90088012
0.0022311558 	0.058352258 	-0.0096142523 	0.9024814
0.0022512563 	0.058352258 	-0.0096142523 	0.9024814
0.0022713568 	0.059293663 	-0.012340069 	0.90423845
0.0022914573 	0.059293663 	-0.012340069 	0.90423845
0.0023115578 	0.059293663 	-0.012340069 	0.90423845
0.0023316583 	0.060391787 	-0.014542581 	0.90600268
0.0023517588 	0.060391787 	-0.014542581 	0.90600268
0.0023718593 	0.061790709 	-0.016087011 	0.90755131
0.0023919598 	0.061790709 	-0.016087011 	0.90755131
0.0024120603 	0.063604308 	-0.01682456 	0.90860431
0.0024321608 	0.063604308 	-0.01682456 	0.90860431
0.0024522613 	0.065929204 	-0.016616941 	0.90888567
0.0024723618 	0.065929204 	-0.016616941 	0.90888567
0.0024924623 	0.068804641 	-0.015391989 	0.90814243
0.0025125628 	0.068804641 	-0.015391989 	0.90814243
0.0025326633 	0.072178486 	-0.013167002 	0.90626348
0.0025527638 	0.072178486 	-0.013167002 	0.90626348
0.0025728643 	0.075912806 	-0.010039907 	0.90330359
0.0025929648 	0.075912806 	-0.010039907 	0.90330359
0.0026130653 	0.079778613 	-0.0061903521 	0.89946043
0.0026331658 	0.079778613 	-0.0061903521 	0.89946043
0.0026532663 	0.083479457 	-0.0018139986 	0.89498095
0.0026733668 	0.083479457 	-0.0018139986 	0.89498095
0.0026934673 	0.086658757 	0.0029074884 	0.89004013
0.0027135678 	0.086658757 	0.0029074884 	0.89004013
0.0027336683 	0.089049608 	0.007831128 	0.88464808
0.0027537688 	0.089049608 	0.007831128 	0.88464808
0.0027738693 	0.0903484 	0.012837482 	0.87873069
0.0027939698 	0.0903484 	0.012837482 	0.87873069
0.0028140704 	0.090270445 	0.017823213 	0.8722855
0.0028341709 	0.090270445 	0.017823213 	0.8722855
0.0028542714 	0.088669553 	0.022662626 	0.86547608
0.0028743719 	0.085407363 	0.027185994 	0.85865834
0.0028944724 	0.085407363 	0.027185994 	0.85865834
0.0029145729 	0.080379744 	0.031194182 	0.85233076
0.0029346734 	0.080379744 	0.031194182 	0.85233076
0.0029547739 	0.073530469 	0.034516011 	0.84702404
0.0029748744 	0.073530469 	0.034516011 	0.84702404
0.0029949749 	0.064877209 	0.037116892 	0.84307944
0.0030150754 	0.054517765 	0.039079858 	0.84043323
0.0030351759 	0.054517765 	0.039079858 	0.84043323
0.0030552764 	0.042672896 	0.040285546 	0.83848592
0.0030753769 	0.042672896 	0.040285546 	0.83848592
0.0030954774 	0.02980383 	0.0400988 	0.8359267
0.0031155779 	0.016793466 	0.03771919 	0.83068936
0.0031356784 	0.016793466 	0.03771919 	0.83068936
0.0031557789 	0.0048201151 	0.032770707 	0.82108666
0.0031758794 	0.0048201151 	0.032770707 	0.82108666
0.0031959799 	-0.0052927104 	0.025190717 	0.80777562
0.0032160804 	-0.013041567 	0.015248372 	0.79409158
0.0032361809 	-0.013041567 	0.015248372 	0.79409158
0.0032562814 	-0.018094237 	0.0037286114 	0.78372912
0.0032763819 	-0.020668081 	-0.0083152753 	0.77841004
0.0032964824 	-0.020668081 	-0.0083152753 	0.77841004
0.0033165829 	-0.021295882 	-0.020124011 	0.77759669
0.0033366834 	-0.020515067 	-0.031331863 	0.77973875
0.0033567839 	-0.020515067 	-0.031331863 	0.77973875
0.0033768844 	-0.018825697 	-0.041780314 	0.78330617
0.0033969849 	-0.016646957 	-0.051374041 	0.78714217
0.0034170854 	-0.016646957 	-0.051374041 	0.78714217
0.0034371859 	-0.014300642 	-0.060073277 	0.79045081
0.0034572864 	-0.012003685 	-0.067907875 	0.7927128
0.0034773869 	-0.0098649735 	-0.074963749 	0.7935832
0.0034974874 	-0.0098649735 	-0.074963749 	0.7935832
0.0035175879 	-0.0079096522 	-0.081332158 	0.79278211
0.0035376884 	-0.0061179426 	-0.087074229 	0.79000503
0.0035577889 	-0.0044569194 	-0.092214888 	0.78487663
0.0035778894 	-0.0044569194 	-0.092214888 	0.78487663
0.0035979899 	-0.0028935005 	-0.096761029 	0.77696151
0.0036180905 	-0.0014120434 	-0.10071611 	0.76583634
0.003638191 	6.2978264e-07 	-0.10405539 	0.75119929
0.0036582915 	6.2978264e-07 	-0.10405539 	0.75119929
0.003678392 	0.001353346 	-0.1066508 	0.73298228
0.0036984925 	0.0026378046 	-0.10817605 	0.71141729
0.003718593 	0.0038257271 	-0.10806253 	0.6870103
0.0037386935 	0.0048500464 	-0.1055812 	0.66036996
0.003758794 	0.0056123055 	-0.10006865 	0.63188459
0.0037788945 	0.0056123055 	-0.10006865 	0.63188459
0.003798995 	0.0060126941 	-0.091231004 	0.60132274
0.0038190955 	0.0059837868 	-0.079388141 	0.56755335
0.003839196 	0.0055208768 	-0.065522714 	0.52861699
0.0038592965 	0.0046958554 	-0.05106838 	0.48225683
0.003879397 	0.0036442958 	-0.037504577 	0.42676153
0.0038994975 	0.0025304267 	-0.025925795 	0.3617304
0.003919598 	0.001509062 	-0.01678469 	0.28833313
0.0039396985 	0.00070098585 	-0.0099252538 	0.20891064
0.003959799 	0.00017968481 	-0.0048666698 	0.1261494
0.0039798995 	-9.370988e-06 	-0.0011858099 	0.042233248
0.004 	-9.370988e-06 	-0.0011858099 	0.042233248
