0 	-0.022081768 	-0.012287796 	1.0590388
2.0100503e-05 	-0.022081768 	-0.012287796 	1.0590388
4.0201005e-05 	-0.022081768 	-0.012287796 	1.0590388
6.0301508e-05 	-0.026685289 	0.0027695753 	1.0606214
8.040201e-05 	-0.026685289 	0.0027695753 	1.0606214
0.00010050251 	-0.026685289 	0.0027695753 	1.0606214
0.00012060302 	-0.026613626 	0.0093813501 	1.060505
0.00014070352 	-0.026613626 	0.0093813501 	1.060505
0.00016080402 	-0.026613626 	0.0093813501 	1.060505
0.00018090452 	-0.025702177 	0.013650432 	1.0588371
0.00020100503 	-0.02218477 	0.012838403 	1.0662829
0.00022110553 	-0.02218477 	0.012838403 	1.0662829
0.00024120603 	-0.020873812 	0.013789339 	1.0647824
0.00026130653 	-0.023981432 	0.016975683 	1.0558862
0.00028140704 	-0.021313602 	0.019892604 	1.0519865
0.00030150754 	-0.021313602 	0.019892604 	1.0519865
0.00032160804 	-0.021313602 	0.019892604 	1.0519865
0.00034170854 	-0.015715379 	0.015562134 	1.0585636
0.00036180905 	-0.015715379 	0.015562134 	1.0585636
0.00038190955 	-0.015715379 	0.015562134 	1.0585636
0.00040201005 	-0.012894999 	0.024976165 	1.0429333
0.00042211055 	-0.012894999 	0.024976165 	1.0429333
0.00044221106 	-0.012894999 	0.024976165 	1.0429333
0.00046231156 	-0.0072064158 	0.026883922 	1.0385555
0.00048241206 	-0.0072064158 	0.026883922 	1.0385555
0.00050251256 	-0.00065053385 	0.028010203 	1.0346232
0.00052261307 	-0.00065053385 	0.028010203 	1.0346232
0.00054271357 	-0.00065053385 	0.028010203 	1.0346232
0.00056281407 	0.0066393429 	0.028070642 	1.0311433
0.00058291457 	0.0066393429 	0.028070642 	1.0311433
0.00060301508 	0.0066393429 	0.028070642 	1.0311433
0.00062311558 	0.014171454 	0.016245765 	1.0376736
0.00064321608 	0.014171454 	0.016245765 	1.0376736
0.00066331658 	0.014171454 	0.016245765 	1.0376736
0.00068341709 	0.022625279 	0.024588563 	1.024061
0.00070351759 	0.022625279 	0.024588563 	1.024061
0.00072361809 	0.030866714 	0.021547297 	1.0189555
0.00074371859 	0.030866714 	0.021547297 	1.0189555
0.0007638191 	0.030866714 	0.021547297 	1.0189555
0.0007839196 	0.038985717 	0.018418668 	1.0115643
0.0008040201 	0.038985717 	0.018418668 	1.0115643
0.0008241206 	0.038985717 	0.018418668 	1.0115643
0.00084422111 	0.047063932 	0.01579913 	1.0012411
0.00086432161 	0.047063932 	0.01579913 	1.0012411
0.00088442211 	0.047063932 	0.01579913 	1.0012411
0.00090452261 	0.054884997 	0.01373374 	0.98792276
0.00092462312 	0.054884997 	0.01373374 	0.98792276
0.00094472362 	0.062851749 	0.011935496 	0.97273537
0.00096482412 	0.062851749 	0.011935496 	0.97273537
0.00098492462 	0.062851749 	0.011935496 	0.97273537
0.0010050251 	0.070522709 	0.0098092296 	0.95522795
0.0010251256 	0.070522709 	0.0098092296 	0.95522795
0.0010452261 	0.070522709 	0.0098092296 	0.95522795
0.0010653266 	0.07762725 	0.0055960565 	0.9377362
0.0010854271 	0.07762725 	0.0055960565 	0.9377362
0.0011055276 	0.07762725 	0.0055960565 	0.9377362
0.0011256281 	0.082938727 	-0.0074551251 	0.9357615
0.0011457286 	0.082896964 	-0.002519164 	0.92335414
0.0011658291 	0.082896964 	-0.002519164 	0.92335414
0.0011859296 	0.085258779 	-0.016077607 	0.91480523
0.0012060302 	0.085258779 	-0.016077607 	0.91480523
0.0012261307 	0.085258779 	-0.016077607 	0.91480523
0.0012462312 	0.083477211 	-0.035378419 	0.91496591
0.0012663317 	0.083477211 	-0.035378419 	0.91496591
0.0012864322 	0.083477211 	-0.035378419 	0.91496591
0.0013065327 	0.076894543 	-0.059606038 	0.92477677
0.0013266332 	0.076894543 	-0.059606038 	0.92477677
0.0013467337 	0.076894543 	-0.059606038 	0.92477677
0.0013668342 	0.065619174 	-0.086832639 	0.94234136
0.0013869347 	0.065619174 	-0.086832639 	0.94234136
0.0014070352 	0.065619174 	-0.086832639 	0.94234136
0.0014271357 	0.050994774 	-0.11374249 	0.96187978
0.0014472362 	0.050994774 	-0.11374249 	0.96187978
0.0014673367 	0.050994774 	-0.11374249 	0.96187978
0.0014874372 	0.03656435 	-0.13359756 	0.96702153
0.0015075377 	0.03656435 	-0.13359756 	0.96702153
0.0015276382 	0.025080764 	-0.13530419 	0.93847428
0.0015477387 	0.025080764 	-0.13530419 	0.93847428
0.0015678392 	0.025080764 	-0.13530419 	0.93847428
0.0015879397 	0.015352676 	-0.11574012 	0.88545743
0.0016080402 	0.015352676 	-0.11574012 	0.88545743
0.0016281407 	0.015352676 	-0.11574012 	0.88545743
0.0016482412 	0.005486597 	-0.088173533 	0.83840689
0.0016683417 	0.005486597 	-0.088173533 	0.83840689
0.0016884422 	-0.0036599662 	-0.064461305 	0.81358355
0.0017085427 	-0.0036599662 	-0.064461305 	0.81358355
0.0017286432 	-0.0036599662 	-0.064461305 	0.81358355
0.0017487437 	-0.010602732 	-0.045480755 	0.80940971
0.0017688442 	-0.010602732 	-0.045480755 	0.80940971
0.0017889447 	-0.010602732 	-0.045480755 	0.80940971
0.0018090452 	-0.015254447 	-0.028845715 	0.81757066
0.0018291457 	-0.015254447 	-0.028845715 	0.81757066
0.0018492462 	-0.018435344 	-0.014018313 	0.83025922
0.0018693467 	-0.018435344 	-0.014018313 	0.83025922
0.0018894472 	-0.018435344 	-0.014018313 	0.83025922
0.0019095477 	-0.020927959 	-0.0016443504 	0.84353534
0.0019296482 	-0.020927959 	-0.0016443504 	0.84353534
0.0019497487 	-0.022992771 	0.0081015177 	0.85718265
0.0019698492 	-0.022992771 	0.0081015177 	0.85718265
0.0019899497 	-0.024382075 	0.015808807 	0.87187179
0.0020100503 	-0.024382075 	0.015808807 	0.87187179
0.0020301508 	-0.024382075 	0.015808807 	0.87187179
0.0020502513 	-0.024790275 	0.02220359 	0.88719694
0.0020703518 	-0.024790275 	0.02220359 	0.88719694
0.0020904523 	-0.0242582 	0.027636203 	0.90177792
0.0021105528 	-0.0242582 	0.027636203 	0.90177792
0.0021306533 	-0.0242582 	0.027636203 	0.90177792
0.0021507538 	-0.023210761 	0.03198415 	0.9142176
0.0021708543 	-0.023210761 	0.03198415 	0.9142176
0.0021909548 	-0.022204019 	0.034954709 	0.92377354
0.0022110553 	-0.022204019 	0.034954709 	0.92377354
0.0022311558 	-0.021676601 	0.036436627 	0.93042467
0.0022512563 	-0.021676601 	0.036436627 	0.93042467
0.0022713568 	-0.021824013 	0.036625956 	0.93460082
0.0022914573 	-0.021824013 	0.036625956 	0.93460082
0.0023115578 	-0.021824013 	0.036625956 	0.93460082
0.0023316583 	-0.022593187 	0.035942361 	0.93686773
0.0023517588 	-0.022593187 	0.035942361 	0.93686773
0.0023718593 	-0.023754141 	0.03487087 	0.93772455
0.0023919598 	-0.023754141 	0.03487087 	0.93772455
0.0024120603 	-0.024997717 	0.03383525 	0.93754214
0.0024321608 	-0.024997717 	0.03383525 	0.93754214
0.0024522613 	-0.026025933 	0.033138944 	0.93659313
0.0024723618 	-0.026025933 	0.033138944 	0.93659313
0.0024924623 	-0.02660637 	0.032959541 	0.93509883
0.0025125628 	-0.02660637 	0.032959541 	0.93509883
0.0025326633 	-0.026588829 	0.033358133 	0.93324211
0.0025527638 	-0.026588829 	0.033358133 	0.93324211
0.0025728643 	-0.025900733 	0.034296012 	0.93114892
0.0025929648 	-0.025900733 	0.034296012 	0.93114892
0.0026130653 	-0.024553742 	0.035646535 	0.92886693
0.0026331658 	-0.024553742 	0.035646535 	0.92886693
0.0026532663 	-0.022615435 	0.037239825 	0.92636541
0.0026733668 	-0.022615435 	0.037239825 	0.92636541
0.0026934673 	-0.020201419 	0.038915677 	0.92357003
0.0027135678 	-0.020201419 	0.038915677 	0.92357003
0.0027336683 	-0.017472967 	0.040564543 	0.9204133
0.0027537688 	-0.017472967 	0.040564543 	0.9204133
0.0027738693 	-0.014572736 	0.042145061 	0.91689286
0.0027939698 	-0.014572736 	0.042145061 	0.91689286
0.0028140704 	-0.011599276 	0.043664606 	0.91310792
0.0028341709 	-0.011599276 	0.043664606 	0.91310792
0.0028542714 	-0.008606183 	0.045150518 	0.90926069
0.0028743719 	-0.0056021259 	0.046611542 	0.90561592
0.0028944724 	-0.0056021259 	0.046611542 	0.90561592
0.0029145729 	-0.0025693591 	0.048011817 	0.90243848
0.0029346734 	-0.0025693591 	0.048011817 	0.90243848
0.0029547739 	0.00050591928 	0.049281094 	0.89992351
0.0029748744 	0.00050591928 	0.049281094 	0.89992351
0.0029949749 	0.003625106 	0.050350748 	0.8981524
0.0030150754 	0.0067814449 	0.051208542 	0.89707595
0.0030351759 	0.0067814449 	0.051208542 	0.89707595
0.0030552764 	0.0099486861 	0.051956581 	0.89651578
0.0030753769 	0.0099486861 	0.051956581 	0.89651578
0.0030954774 	0.013084854 	0.052820431 	0.89616177
0.0031155779 	0.016140848 	0.054119789 	0.89549049
0.0031356784 	0.016140848 	0.054119789 	0.89549049
0.0031557789 	0.019060743 	0.056246756 	0.89364712
0.0031758794 	0.019060743 	0.056246756 	0.89364712
0.0031959799 	0.021777 	0.059637368 	0.88936003
0.0032160804 	0.024215583 	0.064722663 	0.88094529
0.0032361809 	0.024215583 	0.064722663 	0.88094529
0.0032562814 	0.026304823 	0.071669218 	0.86633408
0.0032763819 	0.02791751 	0.07962673 	0.84335559
0.0032964824 	0.02791751 	0.07962673 	0.84335559
0.0033165829 	0.028658842 	0.085481704 	0.8106149
0.0033366834 	0.027740568 	0.083259188 	0.76898471
0.0033567839 	0.027740568 	0.083259188 	0.76898471
0.0033768844 	0.024314139 	0.066352238 	0.72202309
0.0033969849 	0.01817304 	0.033058035 	0.67363084
0.0034170854 	0.01817304 	0.033058035 	0.67363084
0.0034371859 	0.0095507279 	-0.0095983539 	0.62534818
0.0034572864 	-0.00064082638 	-0.049124318 	0.57756413
0.0034773869 	-0.011286434 	-0.07582499 	0.53263124
0.0034974874 	-0.011286434 	-0.07582499 	0.53263124
0.0035175879 	-0.02167712 	-0.087834271 	0.49423927
0.0035376884 	-0.030891472 	-0.088633797 	0.46414897
0.0035577889 	-0.037860769 	-0.082086832 	0.44162899
0.0035778894 	-0.037860769 	-0.082086832 	0.44162899
0.0035979899 	-0.041886595 	-0.070755548 	0.425131
0.0036180905 	-0.042916058 	-0.056647985 	0.41308381
0.003638191 	-0.041423232 	-0.041773125 	0.40361814
0.0036582915 	-0.041423232 	-0.041773125 	0.40361814
0.003678392 	-0.038160156 	-0.028046538 	0.39449204
0.0036984925 	-0.033779249 	-0.016730023 	0.3838148
0.003718593 	-0.02877016 	-0.0085133086 	0.3702713
0.0037386935 	-0.023499179 	-0.0035097462 	0.35325108
0.003758794 	-0.018324431 	-0.0012893647 	0.33275419
0.0037788945 	-0.018324431 	-0.0012893647 	0.33275419
0.003798995 	-0.01359301 	-0.00098973032 	0.3092025
0.0038190955 	-0.0095749699 	-0.0016024483 	0.28318991
0.003839196 	-0.0064032075 	-0.0023147474 	0.25523752
0.0038592965 	-0.0040635958 	-0.0027101407 	0.22565772
0.003879397 	-0.0024356224 	-0.0027640816 	0.19456285
0.0038994975 	-0.00135208 	-0.0026935879 	0.16195841
0.003919598 	-0.00065459117 	-0.0027478141 	0.12783304
0.0039396985 	-0.00022888968 	-0.0029778952 	0.09221523
0.003959799 	-1.1731187e-05 	-0.0029941828 	0.055298994
0.0039798995 	2.7253256e-05 	-0.0018075777 	0.017869501
0.004 	2.7253256e-05 	-0.0018075777 	0.017869501
