0 	-0.059042436 	-0.044014406 	1.044085
2.0100503e-05 	-0.059042436 	-0.044014406 	1.044085
4.0201005e-05 	-0.059042436 	-0.044014406 	1.044085
6.0301508e-05 	-0.072930036 	-0.013940167 	1.0535021
8.040201e-05 	-0.072930036 	-0.013940167 	1.0535021
0.00010050251 	-0.072930036 	-0.013940167 	1.0535021
0.00012060302 	-0.074888759 	-0.0033865556 	1.0595879
0.00014070352 	-0.074888759 	-0.0033865556 	1.0595879
0.00016080402 	-0.074888759 	-0.0033865556 	1.0595879
0.00018090452 	-0.076002143 	0.0044488036 	1.0618286
0.00020100503 	-0.076002143 	0.0044488036 	1.0618286
0.00022110553 	-0.069436029 	0.029029288 	1.0586586
0.00024120603 	-0.070177356 	0.032065456 	1.0575155
0.00026130653 	-0.070177356 	0.032065456 	1.0575155
0.00028140704 	-0.070614529 	0.036059221 	1.0535087
0.00030150754 	-0.070614529 	0.036059221 	1.0535087
0.00032160804 	-0.070614529 	0.036059221 	1.0535087
0.00034170854 	-0.070734155 	0.039756784 	1.0476018
0.00036180905 	-0.070734155 	0.039756784 	1.0476018
0.00038190955 	-0.077866951 	0.024225719 	1.0503325
0.00040201005 	-0.077423978 	0.028531985 	1.0435245
0.00042211055 	-0.077423978 	0.028531985 	1.0435245
0.00044221106 	-0.077423978 	0.028531985 	1.0435245
0.00046231156 	-0.076227041 	0.031372822 	1.0367437
0.00048241206 	-0.076227041 	0.031372822 	1.0367437
0.00050251256 	-0.07426939 	0.032671725 	1.0307234
0.00052261307 	-0.07426939 	0.032671725 	1.0307234
0.00054271357 	-0.07426939 	0.032671725 	1.0307234
0.00056281407 	-0.071591 	0.032378082 	1.0259766
0.00058291457 	-0.071591 	0.032378082 	1.0259766
0.00060301508 	-0.071591 	0.032378082 	1.0259766
0.00062311558 	-0.068243231 	0.030509517 	1.0227364
0.00064321608 	-0.068243231 	0.030509517 	1.0227364
0.00066331658 	-0.063165148 	0.038543311 	1.0209118
0.00068341709 	-0.059877774 	0.033592411 	1.0195364
0.00070351759 	-0.059877774 	0.033592411 	1.0195364
0.00072361809 	-0.055994576 	0.027458678 	1.0193018
0.00074371859 	-0.055994576 	0.027458678 	1.0193018
0.0007638191 	-0.055994576 	0.027458678 	1.0193018
0.0007839196 	-0.054554121 	0.017291136 	1.0208428
0.0008040201 	-0.054554121 	0.017291136 	1.0208428
0.0008241206 	-0.054554121 	0.017291136 	1.0208428
0.00084422111 	-0.048810477 	0.011307483 	1.02167
0.00086432161 	-0.048810477 	0.011307483 	1.02167
0.00088442211 	-0.048810477 	0.011307483 	1.02167
0.00090452261 	-0.040504183 	0.0057074134 	1.0205734
0.00092462312 	-0.040504183 	0.0057074134 	1.0205734
0.00094472362 	-0.034048178 	-0.0017022005 	1.019739
0.00096482412 	-0.034048178 	-0.0017022005 	1.019739
0.00098492462 	-0.034048178 	-0.0017022005 	1.019739
0.0010050251 	-0.02649165 	-0.0094964535 	1.0170343
0.0010251256 	-0.027623614 	-0.008227338 	1.0207786
0.0010452261 	-0.027623614 	-0.008227338 	1.0207786
0.0010653266 	-0.018758361 	-0.015353347 	1.0167679
0.0010854271 	-0.018758361 	-0.015353347 	1.0167679
0.0011055276 	-0.018758361 	-0.015353347 	1.0167679
0.0011256281 	-0.009651983 	-0.022543004 	1.0099628
0.0011457286 	-0.009651983 	-0.022543004 	1.0099628
0.0011658291 	-0.009651983 	-0.022543004 	1.0099628
0.0011859296 	-0.00068251076 	-0.030119213 	1.0001119
0.0012060302 	-0.00068251076 	-0.030119213 	1.0001119
0.0012261307 	-0.00068251076 	-0.030119213 	1.0001119
0.0012462312 	0.0079925061 	-0.038483525 	0.98706457
0.0012663317 	0.0079925061 	-0.038483525 	0.98706457
0.0012864322 	0.0079925061 	-0.038483525 	0.98706457
0.0013065327 	0.016516629 	-0.048384433 	0.97069838
0.0013266332 	0.016516629 	-0.048384433 	0.97069838
0.0013467337 	0.016516629 	-0.048384433 	0.97069838
0.0013668342 	0.025597789 	-0.061286081 	0.95111834
0.0013869347 	0.025597789 	-0.061286081 	0.95111834
0.0014070352 	0.025597789 	-0.061286081 	0.95111834
0.0014271357 	0.036169373 	-0.078651195 	0.9303732
0.0014472362 	0.036169373 	-0.078651195 	0.9303732
0.0014673367 	0.036169373 	-0.078651195 	0.9303732
0.0014874372 	0.047535898 	-0.099952855 	0.91523406
0.0015075377 	0.047535898 	-0.099952855 	0.91523406
0.0015276382 	0.056128769 	-0.12011561 	0.90845398
0.0015477387 	0.056128769 	-0.12011561 	0.90845398
0.0015678392 	0.056128769 	-0.12011561 	0.90845398
0.0015879397 	0.057885501 	-0.13181745 	0.89427928
0.0016080402 	0.057885501 	-0.13181745 	0.89427928
0.0016281407 	0.057885501 	-0.13181745 	0.89427928
0.0016482412 	0.05330628 	-0.13047423 	0.85368446
0.0016683417 	0.05330628 	-0.13047423 	0.85368446
0.0016884422 	0.044275472 	-0.11594025 	0.80135981
0.0017085427 	0.044275472 	-0.11594025 	0.80135981
0.0017286432 	0.044275472 	-0.11594025 	0.80135981
0.0017487437 	0.030675069 	-0.093137793 	0.76702775
0.0017688442 	0.030675069 	-0.093137793 	0.76702775
0.0017889447 	0.030675069 	-0.093137793 	0.76702775
0.0018090452 	0.013923503 	-0.068194125 	0.75899086
0.0018291457 	0.013923503 	-0.068194125 	0.75899086
0.0018492462 	-0.0028730589 	-0.045548155 	0.76786022
0.0018693467 	-0.0028730589 	-0.045548155 	0.76786022
0.0018894472 	-0.0028730589 	-0.045548155 	0.76786022
0.0019095477 	-0.017433523 	-0.028030152 	0.7840731
0.0019296482 	-0.017433523 	-0.028030152 	0.7840731
0.0019497487 	-0.029164322 	-0.015604202 	0.80299116
0.0019698492 	-0.029164322 	-0.015604202 	0.80299116
0.0019899497 	-0.03809043 	-0.0049999799 	0.82148769
0.0020100503 	-0.03809043 	-0.0049999799 	0.82148769
0.0020301508 	-0.03809043 	-0.0049999799 	0.82148769
0.0020502513 	-0.044411833 	0.0069342811 	0.83664516
0.0020703518 	-0.044411833 	0.0069342811 	0.83664516
0.0020904523 	-0.048288169 	0.020324644 	0.84747928
0.0021105528 	-0.048288169 	0.020324644 	0.84747928
0.0021306533 	-0.048288169 	0.020324644 	0.84747928
0.0021507538 	-0.050106423 	0.033187384 	0.85495917
0.0021708543 	-0.050106423 	0.033187384 	0.85495917
0.0021909548 	-0.050592375 	0.043517204 	0.86061988
0.0022110553 	-0.050592375 	0.043517204 	0.86061988
0.0022311558 	-0.050424474 	0.05047748 	0.86569246
0.0022512563 	-0.050424474 	0.05047748 	0.86569246
0.0022713568 	-0.050019915 	0.054339989 	0.87091462
0.0022914573 	-0.050019915 	0.054339989 	0.87091462
0.0023115578 	-0.050019915 	0.054339989 	0.87091462
0.0023316583 	-0.049532763 	0.055927163 	0.87656811
0.0023517588 	-0.049532763 	0.055927163 	0.87656811
0.0023718593 	-0.048943215 	0.056107171 	0.88262828
0.0023919598 	-0.048943215 	0.056107171 	0.88262828
0.0024120603 	-0.04814037 	0.055502765 	0.88890981
0.0024321608 	-0.04814037 	0.055502765 	0.88890981
0.0024522613 	-0.046995429 	0.054432864 	0.89517293
0.0024723618 	-0.046995429 	0.054432864 	0.89517293
0.0024924623 	-0.045403837 	0.052998715 	0.90117821
0.0025125628 	-0.045403837 	0.052998715 	0.90117821
0.0025326633 	-0.043306185 	0.051213415 	0.90671697
0.0025527638 	-0.043306185 	0.051213415 	0.90671697
0.0025728643 	-0.040688458 	0.049099481 	0.91162485
0.0025929648 	-0.040688458 	0.049099481 	0.91162485
0.0026130653 	-0.037577023 	0.046728183 	0.91579115
0.0026331658 	-0.037577023 	0.046728183 	0.91579115
0.0026532663 	-0.03403119 	0.044215813 	0.91916151
0.0026733668 	-0.03403119 	0.044215813 	0.91916151
0.0026934673 	-0.03014235 	0.041695498 	0.92173851
0.0027135678 	-0.03014235 	0.041695498 	0.92173851
0.0027336683 	-0.026032948 	0.039294154 	0.92357517
0.0027537688 	-0.026032948 	0.039294154 	0.92357517
0.0027738693 	-0.021850644 	0.037108656 	0.92476274
0.0027939698 	-0.021850644 	0.037108656 	0.92476274
0.0028140704 	-0.017750763 	0.035209067 	0.92541099
0.0028341709 	-0.017750763 	0.035209067 	0.92541099
0.0028542714 	-0.013872379 	0.033640639 	0.92563705
0.0028743719 	-0.010324437 	0.032418906 	0.92556217
0.0028944724 	-0.010324437 	0.032418906 	0.92556217
0.0029145729 	-0.0071786732 	0.031534284 	0.92530585
0.0029346734 	-0.0071786732 	0.031534284 	0.92530585
0.0029547739 	-0.004470483 	0.030935157 	0.92497482
0.0029748744 	-0.004470483 	0.030935157 	0.92497482
0.0029949749 	-0.0022012854 	0.030517058 	0.92464123
0.0030150754 	-0.00041970149 	0.030132826 	0.92433236
0.0030351759 	-0.00041970149 	0.030132826 	0.92433236
0.0030552764 	0.00082622462 	0.029631221 	0.92404032
0.0030753769 	0.00082622462 	0.029631221 	0.92404032
0.0030954774 	0.0014834486 	0.028915193 	0.923769
0.0031155779 	0.0014654856 	0.028012293 	0.92358183
0.0031356784 	0.0014654856 	0.028012293 	0.92358183
0.0031557789 	0.00068700949 	0.027116131 	0.92357107
0.0031758794 	0.00068700949 	0.027116131 	0.92357107
0.0031959799 	-0.00085321785 	0.026509855 	0.92369528
0.0032160804 	-0.0031143896 	0.026326325 	0.92356373
0.0032361809 	-0.0031143896 	0.026326325 	0.92356373
0.0032562814 	-0.0062003158 	0.026214522 	0.92242254
0.0032763819 	-0.010437776 	0.025164927 	0.91939064
0.0032964824 	-0.010437776 	0.025164927 	0.91939064
0.0033165829 	-0.016356357 	0.021843209 	0.9133592
0.0033366834 	-0.024080694 	0.015173336 	0.90193587
0.0033567839 	-0.024080694 	0.015173336 	0.90193587
0.0033768844 	-0.032615409 	0.005153721 	0.88082832
0.0033969849 	-0.040035916 	-0.006758094 	0.84601953
0.0034170854 	-0.040035916 	-0.006758094 	0.84601953
0.0034371859 	-0.044551508 	-0.018480022 	0.79747186
0.0034572864 	-0.045880092 	-0.028946607 	0.73970819
0.0034773869 	-0.044884137 	-0.038137313 	0.67788456
0.0034974874 	-0.044884137 	-0.038137313 	0.67788456
0.0035175879 	-0.042406594 	-0.045659743 	0.61469899
0.0035376884 	-0.039214738 	-0.050244804 	0.55174319
0.0035577889 	-0.036094549 	-0.050959284 	0.49251406
0.0035778894 	-0.036094549 	-0.050959284 	0.49251406
0.0035979899 	-0.033748911 	-0.048402002 	0.44171068
0.0036180905 	-0.032428014 	-0.044280511 	0.40173971
0.003638191 	-0.031748448 	-0.040211365 	0.37113511
0.0036582915 	-0.031748448 	-0.040211365 	0.37113511
0.003678392 	-0.031018658 	-0.036957721 	0.34665659
0.0036984925 	-0.029712513 	-0.03443233 	0.32575292
0.003718593 	-0.027658972 	-0.0322548 	0.30690406
0.0037386935 	-0.024918682 	-0.030190072 	0.28909492
0.003758794 	-0.021651663 	-0.028217888 	0.27148142
0.0037788945 	-0.021651663 	-0.028217888 	0.27148142
0.003798995 	-0.018095759 	-0.026438519 	0.25335348
0.0038190955 	-0.0145373 	-0.024926794 	0.23416633
0.003839196 	-0.011197577 	-0.023647122 	0.21353468
0.0038592965 	-0.0081967689 	-0.022447325 	0.19119806
0.003879397 	-0.005631106 	-0.021121997 	0.16700374
0.0038994975 	-0.0035573031 	-0.019485931 	0.14092826
0.003919598 	-0.0019598896 	-0.01740423 	0.11309787
0.0039396985 	-0.00080592832 	-0.014768373 	0.083715517
0.003959799 	-8.0317747e-05 	-0.011314086 	0.052754351
0.0039798995 	9.4602515e-05 	-0.0058728376 	0.019303199
0.004 	9.4602515e-05 	-0.0058728376 	0.019303199
