0 	0.014211251 	-0.0065792696 	0.9852145
2.0100503e-05 	-0.0091413673 	-0.020588048 	0.99138056
4.0201005e-05 	-0.0091413673 	-0.020588048 	0.99138056
6.0301508e-05 	-0.02270555 	-0.020492482 	0.99727743
8.040201e-05 	-0.02270555 	-0.020492482 	0.99727743
0.00010050251 	-0.02270555 	-0.020492482 	0.99727743
0.00012060302 	-0.031609642 	-0.0050581868 	1.0001672
0.00014070352 	-0.031609642 	-0.0050581868 	1.0001672
0.00016080402 	-0.031609642 	-0.0050581868 	1.0001672
0.00018090452 	-0.041805611 	-0.011030687 	0.99641842
0.00020100503 	-0.041805611 	-0.011030687 	0.99641842
0.00022110553 	-0.041805611 	-0.011030687 	0.99641842
0.00024120603 	-0.053087552 	-0.015092532 	0.98212603
0.00026130653 	-0.053087552 	-0.015092532 	0.98212603
0.00028140704 	-0.064424821 	-0.015266133 	0.96214992
0.00030150754 	-0.064424821 	-0.015266133 	0.96214992
0.00032160804 	-0.064424821 	-0.015266133 	0.96214992
0.00034170854 	-0.074805907 	-0.011928962 	0.94657517
0.00036180905 	-0.074805907 	-0.011928962 	0.94657517
0.00038190955 	-0.074805907 	-0.011928962 	0.94657517
0.00040201005 	-0.083877231 	-0.0078837518 	0.94194837
0.00042211055 	-0.083877231 	-0.0078837518 	0.94194837
0.00044221106 	-0.083877231 	-0.0078837518 	0.94194837
0.00046231156 	-0.091506361 	-0.0052356903 	0.94657718
0.00048241206 	-0.091506361 	-0.0052356903 	0.94657718
0.00050251256 	-0.097395049 	-0.0038415755 	0.95524896
0.00052261307 	-0.097395049 	-0.0038415755 	0.95524896
0.00054271357 	-0.097395049 	-0.0038415755 	0.95524896
0.00056281407 	-0.10137229 	-0.0029730847 	0.9646146
0.00058291457 	-0.10137229 	-0.0029730847 	0.9646146
0.00060301508 	-0.10137229 	-0.0029730847 	0.9646146
0.00062311558 	-0.10347778 	-0.0024499036 	0.97322649
0.00064321608 	-0.10347778 	-0.0024499036 	0.97322649
0.00066331658 	-0.10347778 	-0.0024499036 	0.97322649
0.00068341709 	-0.10373622 	-0.0022976756 	0.98020263
0.00070351759 	-0.10373622 	-0.0022976756 	0.98020263
0.00072361809 	-0.10215114 	-0.0025285597 	0.98509554
0.00074371859 	-0.10215114 	-0.0025285597 	0.98509554
0.0007638191 	-0.10215114 	-0.0025285597 	0.98509554
0.0007839196 	-0.098794229 	-0.0031447622 	0.98785924
0.0008040201 	-0.094470587 	-0.014328662 	0.99854879
0.0008241206 	-0.094470587 	-0.014328662 	0.99854879
0.00084422111 	-0.089596612 	-0.014384894 	1.0008244
0.00086432161 	-0.089596612 	-0.014384894 	1.0008244
0.00088442211 	-0.089596612 	-0.014384894 	1.0008244
0.00090452261 	-0.087754729 	-0.0053105793 	0.98809851
0.00092462312 	-0.087754729 	-0.0053105793 	0.98809851
0.00094472362 	-0.080883543 	-0.0066670051 	0.98654473
0.00096482412 	-0.07769233 	-0.015489364 	1.0007609
0.00098492462 	-0.07769233 	-0.015489364 	1.0007609
0.0010050251 	-0.071057674 	-0.016550802 	0.9991213
0.0010251256 	-0.071057674 	-0.016550802 	0.9991213
0.0010452261 	-0.071057674 	-0.016550802 	0.9991213
0.0010653266 	-0.064458168 	-0.0181791 	0.9966967
0.0010854271 	-0.064458168 	-0.0181791 	0.9966967
0.0011055276 	-0.064458168 	-0.0181791 	0.9966967
0.0011256281 	-0.058442081 	-0.01965695 	0.9934221
0.0011457286 	-0.058442081 	-0.01965695 	0.9934221
0.0011658291 	-0.058442081 	-0.01965695 	0.9934221
0.0011859296 	-0.052473376 	-0.021184506 	0.98953899
0.0012060302 	-0.052473376 	-0.021184506 	0.98953899
0.0012261307 	-0.052473376 	-0.021184506 	0.98953899
0.0012462312 	-0.042991184 	-0.017705826 	0.96259978
0.0012663317 	-0.042991184 	-0.017705826 	0.96259978
0.0012864322 	-0.045868322 	-0.022899671 	0.98512692
0.0013065327 	-0.037386608 	-0.025213507 	0.97998109
0.0013266332 	-0.037386608 	-0.025213507 	0.97998109
0.0013467337 	-0.037386608 	-0.025213507 	0.97998109
0.0013668342 	-0.020090941 	-0.027423251 	0.94765029
0.0013869347 	-0.02632958 	-0.028059691 	0.97462121
0.0014070352 	-0.02632958 	-0.028059691 	0.97462121
0.0014271357 	-0.013105026 	-0.031003399 	0.96991272
0.0014472362 	-0.013105026 	-0.031003399 	0.96991272
0.0014673367 	-0.013105026 	-0.031003399 	0.96991272
0.0014874372 	0.0012345165 	-0.033649157 	0.96609637
0.0015075377 	0.0012345165 	-0.033649157 	0.96609637
0.0015276382 	0.015438052 	-0.035940924 	0.96290287
0.0015477387 	0.015438052 	-0.035940924 	0.96290287
0.0015678392 	0.015438052 	-0.035940924 	0.96290287
0.0015879397 	0.028331065 	-0.038106593 	0.96013701
0.0016080402 	0.028331065 	-0.038106593 	0.96013701
0.0016281407 	0.028331065 	-0.038106593 	0.96013701
0.0016482412 	0.039035968 	-0.040395185 	0.95778042
0.0016683417 	0.039035968 	-0.040395185 	0.95778042
0.0016884422 	0.047031777 	-0.042945604 	0.95590689
0.0017085427 	0.047031777 	-0.042945604 	0.95590689
0.0017286432 	0.047031777 	-0.042945604 	0.95590689
0.0017487437 	0.052133021 	-0.045831004 	0.9545964
0.0017688442 	0.052133021 	-0.045831004 	0.9545964
0.0017889447 	0.052133021 	-0.045831004 	0.9545964
0.0018090452 	0.054535693 	-0.049049877 	0.9537791
0.0018291457 	0.054535693 	-0.049049877 	0.9537791
0.0018492462 	0.054783465 	-0.052465795 	0.95294981
0.0018693467 	0.054783465 	-0.052465795 	0.95294981
0.0018894472 	0.054783465 	-0.052465795 	0.95294981
0.0019095477 	0.053532212 	-0.055726269 	0.95080778
0.0019296482 	0.053532212 	-0.055726269 	0.95080778
0.0019497487 	0.051309782 	-0.0582966 	0.9453723
0.0019698492 	0.051309782 	-0.0582966 	0.9453723
0.0019899497 	0.048332201 	-0.059678814 	0.93498039
0.0020100503 	0.048332201 	-0.059678814 	0.93498039
0.0020301508 	0.048332201 	-0.059678814 	0.93498039
0.0020502513 	0.044600825 	-0.059582299 	0.91958566
0.0020703518 	0.044600825 	-0.059582299 	0.91958566
0.0020904523 	-0.0088992967 	-0.04023149 	0.86697826
0.0021105528 	0.040151073 	-0.057790281 	0.90114457
0.0021306533 	0.040151073 	-0.057790281 	0.90114457
0.0021507538 	0.035170996 	-0.054083909 	0.88268707
0.0021708543 	0.035170996 	-0.054083909 	0.88268707
0.0021909548 	0.029981973 	-0.048387076 	0.86684515
0.0022110553 	0.029981973 	-0.048387076 	0.86684515
0.0022311558 	0.024931596 	-0.040894685 	0.85488909
0.0022512563 	0.024931596 	-0.040894685 	0.85488909
0.0022713568 	0.020350641 	-0.031989794 	0.84670221
0.0022914573 	0.020350641 	-0.031989794 	0.84670221
0.0023115578 	0.020350641 	-0.031989794 	0.84670221
0.0023316583 	0.016480264 	-0.022048178 	0.84135624
0.0023517588 	0.016480264 	-0.022048178 	0.84135624
0.0023718593 	0.013468434 	-0.011321314 	0.83777922
0.0023919598 	0.013468434 	-0.011321314 	0.83777922
0.0024120603 	0.011186065 	2.3266579e-05 	0.83516606
0.0024321608 	0.011186065 	2.3266579e-05 	0.83516606
0.0024522613 	0.0097554418 	0.011746106 	0.83315223
0.0024723618 	0.0097554418 	0.011746106 	0.83315223
0.0024924623 	0.0093019422 	0.023466041 	0.83162344
0.0025125628 	0.0093019422 	0.023466041 	0.83162344
0.0025326633 	0.009459575 	0.034780514 	0.83062388
0.0025527638 	0.009459575 	0.034780514 	0.83062388
0.0025728643 	0.010018705 	0.045282595 	0.83023759
0.0025929648 	0.010018705 	0.045282595 	0.83023759
0.0026130653 	0.010800383 	0.054634965 	0.83052518
0.0026331658 	0.010800383 	0.054634965 	0.83052518
0.0026532663 	0.011674504 	0.062622033 	0.83146255
0.0026733668 	0.011674504 	0.062622033 	0.83146255
0.0026934673 	0.012563904 	0.069134174 	0.83295865
0.0027135678 	0.012563904 	0.069134174 	0.83295865
0.0027336683 	0.013436262 	0.074120233 	0.83486304
0.0027537688 	0.013436262 	0.074120233 	0.83486304
0.0027738693 	0.014311609 	0.0775455 	0.83699277
0.0027939698 	0.014311609 	0.0775455 	0.83699277
0.0028140704 	0.015228545 	0.079385216 	0.83913911
0.0028341709 	0.015228545 	0.079385216 	0.83913911
0.0028542714 	0.016211604 	0.079657213 	0.84106519
0.0028743719 	0.017242009 	0.078476416 	0.84251908
0.0028944724 	0.017242009 	0.078476416 	0.84251908
0.0029145729 	0.018246539 	0.076094545 	0.84328106
0.0029346734 	0.018246539 	0.076094545 	0.84328106
0.0029547739 	0.019104052 	0.072895636 	0.84323403
0.0029748744 	0.019104052 	0.072895636 	0.84323403
0.0029949749 	0.019672082 	0.069336745 	0.84241662
0.0030150754 	0.019840963 	0.065846778 	0.84101058
0.0030351759 	0.019840963 	0.065846778 	0.84101058
0.0030552764 	0.019591616 	0.062719283 	0.83925278
0.0030753769 	0.019591616 	0.062719283 	0.83925278
0.0030954774 	0.019016793 	0.060049487 	0.83731324
0.0031155779 	0.018293704 	0.057748234 	0.83522234
0.0031356784 	0.018293704 	0.057748234 	0.83522234
0.0031557789 	0.017619334 	0.055619029 	0.83292148
0.0031758794 	0.017619334 	0.055619029 	0.83292148
0.0031959799 	0.017125999 	0.05344855 	0.83040868
0.0032160804 	0.016816138 	0.051066478 	0.82783817
0.0032361809 	0.016816138 	0.051066478 	0.82783817
0.0032562814 	0.016560225 	0.0483618 	0.82545832
0.0032763819 	0.016169621 	0.045269138 	0.82344911
0.0032964824 	0.016169621 	0.045269138 	0.82344911
0.0033165829 	0.015487792 	0.04175655 	0.82182095
0.0033366834 	0.014443421 	0.037834772 	0.82044283
0.0033567839 	0.014443421 	0.037834772 	0.82044283
0.0033768844 	0.01305925 	0.033582007 	0.81912675
0.0033969849 	0.011434296 	0.029164358 	0.81768027
0.0034170854 	0.011434296 	0.029164358 	0.81768027
0.0034371859 	0.0097165611 	0.024832176 	0.81590812
0.0034572864 	0.0080733747 	0.020888175 	0.81359787
0.0034773869 	0.0066598435 	0.017633231 	0.8105208
0.0034974874 	0.0066598435 	0.017633231 	0.8105208
0.0035175879 	0.0055864744 	0.015306688 	0.80644469
0.0035376884 	0.0048942985 	0.01403312 	0.80112884
0.0035577889 	0.0045464246 	0.013785708 	0.79426366
0.0035778894 	0.0045464246 	0.013785708 	0.79426366
0.0035979899 	0.0044405873 	0.014371438 	0.78532502
0.0036180905 	0.0044438275 	0.015445432 	0.77334643
0.003638191 	0.0044443349 	0.016558752 	0.75669891
0.0036582915 	0.0044443349 	0.016558752 	0.75669891
0.003678392 	0.0044016446 	0.017253404 	0.7331138
0.0036984925 	0.0043590854 	0.017206838 	0.70026622
0.003718593 	0.0043904951 	0.016376012 	0.65698403
0.0037386935 	0.0045082072 	0.015016049 	0.60446413
0.003758794 	0.0046182926 	0.013483193 	0.54638481
0.0037788945 	0.0046182926 	0.013483193 	0.54638481
0.003798995 	0.0045750303 	0.011941923 	0.48746047
0.0038190955 	0.0042771407 	0.010248204 	0.43140896
0.003839196 	0.0037180627 	0.0081212811 	0.3797436
0.0038592965 	0.0029723142 	0.0054362931 	0.33183975
0.003879397 	0.0021512671 	0.0024055466 	0.28577564
0.0038994975 	0.001382558 	-0.00044644363 	0.23933402
0.003919598 	0.00076659275 	-0.0024756874 	0.19076271
0.0039396985 	0.00034002686 	-0.0031872789 	0.13922052
0.003959799 	9.5830294e-05 	-0.0024806078 	0.084864309
0.0039798995 	1.3535113e-06 	-0.00080645958 	0.028616612
0.004 	1.3535113e-06 	-0.00080645958 	0.028616612
