0 	-0.024661938 	0.037002687 	1.0702464
5.5555556e-05 	-0.03767819 	0.019635301 	1.0727726
0.00011111111 	-0.03811736 	0.013420128 	1.0732481
0.00016666667 	-0.036707762 	0.010846426 	1.0716136
0.00022222222 	-0.034709969 	0.010053338 	1.0678387
0.00027777778 	-0.032397175 	0.010408199 	1.0619222
0.00033333333 	-0.0297722 	0.011641347 	1.0538867
0.00038888889 	-0.026712476 	0.013555705 	1.0437981
0.00044444444 	-0.023052627 	0.015885152 	1.0318287
0.0005 	-0.018677227 	0.018218732 	1.0183584
0.00055555556 	-0.013621873 	0.020033915 	1.0040506
0.00061111111 	-0.0081246128 	0.020835512 	0.98979546
0.00066666667 	-0.0025725461 	0.020349715 	0.97645687
0.00072222222 	0.0026551406 	0.018613846 	0.96457761
0.00077777778 	0.0072783181 	0.015867318 	0.95432418
0.00083333333 	0.011176774 	0.012348189 	0.94574404
0.00088888889 	0.014314105 	0.0081810125 	0.93903265
0.00094444444 	0.016508595 	0.0035058216 	0.93451321
0.001 	0.017758346 	-0.0020185599 	0.93245359
0.0010617199 	0.017279801 	-0.008049444 	0.93288205
0.0011225874 	0.014503984 	-0.013970046 	0.93442339
0.0011826143 	0.009004994 	-0.019418469 	0.93541255
0.0012418122 	0.00077830215 	-0.024190214 	0.93495163
0.0013001926 	-0.0098020563 	-0.028600253 	0.93336125
0.0013577668 	-0.022209011 	-0.033896039 	0.93122125
0.0014145458 	-0.035943664 	-0.041747794 	0.9281146
0.0014705407 	-0.050444115 	-0.052312929 	0.92279593
0.0015257623 	-0.064722084 	-0.062930556 	0.9145023
0.0015802213 	-0.077218402 	-0.069201232 	0.90376364
0.0016339282 	-0.0862442 	-0.067584884 	0.89254674
0.0016868934 	-0.090938305 	-0.057769065 	0.88363922
0.0017391271 	-0.092080422 	-0.043279642 	0.87857546
0.0017906395 	-0.091624677 	-0.029190209 	0.87609128
0.0018414404 	-0.091047973 	-0.018469814 	0.87371284
0.0018915398 	-0.090445796 	-0.010897286 	0.87025722
0.0019409473 	-0.089187854 	-0.0050127795 	0.86600925
0.0019896725 	-0.086833629 	0.0002595577 	0.86163786
0.0020377248 	-0.083342205 	0.0055639277 	0.85770896
0.0020851134 	-0.078791238 	0.011338583 	0.85465655
0.0021318476 	-0.073279208 	0.017915759 	0.85277562
0.0021779364 	-0.06696412 	0.025370852 	0.85206141
0.0022233887 	-0.060038279 	0.03344674 	0.85217402
0.0022682133 	-0.052804546 	0.041641679 	0.85258278
0.0023124189 	-0.045632886 	0.049311412 	0.85278467
0.0023560139 	-0.038866883 	0.055768115 	0.85238815
0.0023990069 	-0.032769645 	0.060391399 	0.85108885
0.0024414062 	-0.027497342 	0.062723167 	0.84869589
0.0024832199 	-0.02308525 	0.062563718 	0.84518673
0.0025244562 	-0.01948645 	0.060028684 	0.84076779
0.002565123 	-0.016614747 	0.055540993 	0.8358525
0.0026052281 	-0.014377766 	0.049776429 	0.83094418
0.0026447794 	-0.012723607 	0.043544653 	0.82645646
0.0026837845 	-0.011617585 	0.037615319 	0.8225409
0.0027222509 	-0.011012277 	0.032568053 	0.81901936
0.0027601861 	-0.010800672 	0.028711546 	0.81549633
0.0027975974 	-0.010784061 	0.026136378 	0.81156033
0.002834492 	-0.010696689 	0.024760539 	0.80696392
0.0028708772 	-0.010287364 	0.024405101 	0.80171068
0.0029067598 	-0.0093475531 	0.024798608 	0.79599094
0.0029421469 	-0.0077937689 	0.025614076 	0.7901326
0.0029770452 	-0.0056596399 	0.026492029 	0.78448634
0.0030114616 	-0.0030876129 	0.027084582 	0.77938555
0.0030454028 	-0.00031193825 	0.027085722 	0.7751141
0.0030788752 	0.002401492 	0.026277512 	0.7718779
0.0031118853 	0.0048044502 	0.024540511 	0.76978443
0.0031444395 	0.0067205516 	0.021848816 	0.76880978
0.0031765442 	0.0080890528 	0.018255209 	0.76875056
0.0032082055 	0.0089660756 	0.013864395 	0.76917922
0.0032394295 	0.0095214512 	0.0088032967 	0.76945329
0.0032702223 	0.0099758374 	0.0031999868 	0.7688038
0.0033005899 	0.010512445 	-0.0028122125 	0.76653022
0.0033305381 	0.011211248 	-0.0091080139 	0.7621229
0.0033600727 	0.012077388 	-0.015495696 	0.75537744
0.0033891994 	0.013076437 	-0.021716459 	0.74634816
0.0034179239 	0.014141833 	-0.027477749 	0.73520939
0.0034462517 	0.015202052 	-0.032541291 	0.72210072
0.0034741882 	0.016203619 	-0.036778474 	0.70707145
0.003501739 	0.017116991 	-0.040176768 	0.69012558
0.0035289093 	0.017923431 	-0.042788604 	0.67133001
0.0035557043 	0.018598124 	-0.044652531 	0.65093089
0.0035821293 	0.019086938 	-0.045734381 	0.62942858
0.0036081894 	0.019290594 	-0.045918794 	0.60756827
0.0036338895 	0.019072304 	-0.045041797 	0.58622668
0.0036592348 	0.018291277 	-0.042933419 	0.56621415
0.00368423 	0.01685059 	-0.039448297 	0.54803596
0.00370888 	0.014740543 	-0.03449011 	0.53165795
0.0037331896 	0.01206261 	-0.028053556 	0.51632406
0.0037571635 	0.0090255735 	-0.02029669 	0.50049916
0.0037808063 	0.0059160516 	-0.011620631 	0.48202977
0.0038041226 	0.0030549863 	-0.0027007956 	0.45854958
0.0038271169 	0.00073242813 	0.0055790502 	0.42804983
0.0038497936 	-0.00088687327 	0.012284817 	0.38941521
0.0038721572 	-0.00176502 	0.016634887 	0.34268425
0.0038942119 	-0.0019655042 	0.01818969 	0.28889985
0.003915962 	-0.0016602071 	0.016941912 	0.22967104
0.0039374118 	-0.001079096 	0.013313978 	0.1666491
0.0039585653 	-0.00046593309 	0.0080987022 	0.10116803
0.0039794267 	-4.9273861e-05 	0.0024036121 	0.034159938
0.004 	-3.1142328e-05 	0.0047761744 	0.039292955
