0 	-0.011447384 	0.028538225 	1.0416971
5.5555556e-05 	-0.022670622 	0.019199693 	1.0396208
0.00011111111 	-0.024621263 	0.015280519 	1.0375968
0.00016666667 	-0.025103879 	0.013113401 	1.0354652
0.00022222222 	-0.024869562 	0.011710598 	1.0329262
0.00027777778 	-0.023967518 	0.010827278 	1.0296601
0.00033333333 	-0.022408408 	0.010524455 	1.0254197
0.00038888889 	-0.020289976 	0.01105688 	1.0200745
0.00044444444 	-0.017772616 	0.012755285 	1.0136082
0.0005 	-0.015007026 	0.015858602 	1.0061026
0.00055555556 	-0.012096424 	0.020329348 	0.99770701
0.00061111111 	-0.0091338858 	0.025717829 	0.98858334
0.00066666667 	-0.0063213648 	0.03114253 	0.97885746
0.00072222222 	-0.0040096855 	0.035611138 	0.9686501
0.00077777778 	-0.0025500092 	0.038465299 	0.95816607
0.00083333333 	-0.0020652245 	0.039673466 	0.94771092
0.00088888889 	-0.0023009693 	0.039710843 	0.93756328
0.00094444444 	-0.0028033568 	0.039069745 	0.92789565
0.001 	-0.0030830588 	0.037517893 	0.91839894
0.0010617199 	-0.0029411698 	0.034265866 	0.91000611
0.0011225874 	-0.0026838439 	0.028508108 	0.90437487
0.0011826143 	-0.0026642952 	0.020039208 	0.90253917
0.0012418122 	-0.00307619 	0.0092912274 	0.90477173
0.0013001926 	-0.0039510158 	-0.0029025796 	0.91040515
0.0013577668 	-0.0052804454 	-0.015812508 	0.91806817
0.0014145458 	-0.0071472601 	-0.029017122 	0.92615234
0.0014705407 	-0.0096899695 	-0.042341132 	0.93326366
0.0015257623 	-0.013003564 	-0.055612901 	0.93854045
0.0015802213 	-0.016967638 	-0.068476905 	0.94165682
0.0016339282 	-0.021158972 	-0.080257734 	0.9426355
0.0016868934 	-0.02492014 	-0.089953003 	0.94168486
0.0017391271 	-0.027555629 	-0.096395749 	0.93909925
0.0017906395 	-0.028570915 	-0.09857221 	0.93512363
0.0018414404 	-0.027861289 	-0.095912088 	0.92983329
0.0018915398 	-0.025734404 	-0.088396237 	0.92318955
0.0019409473 	-0.022765144 	-0.076530892 	0.91524664
0.0019896725 	-0.019584092 	-0.061330256 	0.90628748
0.0020377248 	-0.016742715 	-0.044456574 	0.89670868
0.0020851134 	-0.01460095 	-0.028284293 	0.8867292
0.0021318476 	-0.013360976 	-0.015417443 	0.87626631
0.0021779364 	-0.013257715 	-0.0076039922 	0.86535011
0.0022233887 	-0.014507648 	-0.0049544598 	0.85468469
0.0022682133 	-0.017277423 	-0.0063204294 	0.84548624
0.0023124189 	-0.021505462 	-0.01040344 	0.83860102
0.0023560139 	-0.02665832 	-0.016416108 	0.83383891
0.0023990069 	-0.032021841 	-0.023846242 	0.83032854
0.0024414062 	-0.036951706 	-0.031919992 	0.82740865
0.0024832199 	-0.041004888 	-0.039520926 	0.82513859
0.0025244562 	-0.044031945 	-0.04555684 	0.82396731
0.002565123 	-0.046129407 	-0.049359283 	0.82415947
0.0026052281 	-0.047567321 	-0.050826452 	0.82548205
0.0026447794 	-0.048693941 	-0.050339469 	0.82720033
0.0026837845 	-0.049837033 	-0.048520167 	0.82831791
0.0027222509 	-0.05118612 	-0.045956283 	0.82799094
0.0027601861 	-0.052729226 	-0.042993887 	0.82590979
0.0027975974 	-0.054277678 	-0.039690572 	0.82238635
0.002834492 	-0.055580744 	-0.035928163 	0.81810678
0.0028708772 	-0.056438582 	-0.031597079 	0.81376754
0.0029067598 	-0.056722125 	-0.026710278 	0.80984707
0.0029421469 	-0.056402951 	-0.021399997 	0.80658246
0.0029770452 	-0.055490968 	-0.01586557 	0.80404752
0.0030114616 	-0.05398512 	-0.010331771 	0.80222553
0.0030454028 	-0.051927854 	-0.0050609603 	0.80102908
0.0030788752 	-0.049391546 	-0.00031642518 	0.80032271
0.0031118853 	-0.046397376 	0.0036447172 	0.7998707
0.0031444395 	-0.042893681 	0.0065871992 	0.79935472
0.0031765442 	-0.038921376 	0.0082959684 	0.79846047
0.0032082055 	-0.034530997 	0.0086077238 	0.79686835
0.0032394295 	-0.02978867 	0.007431941 	0.79432542
0.0032702223 	-0.02481872 	0.0047782034 	0.79066156
0.0033005899 	-0.019797653 	0.00081410168 	0.7857604
0.0033305381 	-0.014938258 	-0.0040778745 	0.77950103
0.0033600727 	-0.010469326 	-0.0093025185 	0.77171307
0.0033891994 	-0.0065478884 	-0.014148757 	0.76215939
0.0034179239 	-0.003181238 	-0.017945581 	0.75058011
0.0034462517 	-0.00035640473 	-0.020273925 	0.73679645
0.0034741882 	0.0019890718 	-0.021039394 	0.72084293
0.003501739 	0.0039322426 	-0.02043164 	0.70305314
0.0035289093 	0.005514509 	-0.018789763 	0.68410896
0.0035557043 	0.006744269 	-0.016426971 	0.66499518
0.0035821293 	0.0075910291 	-0.013520017 	0.64680625
0.0036081894 	0.0080174456 	-0.010079568 	0.63051526
0.0036338895 	0.0079868659 	-0.0060010817 	0.61672454
0.0036592348 	0.0074894848 	-0.0011609209 	0.60545082
0.00368423 	0.0065607767 	0.0044881902 	0.59596812
0.00370888 	0.0052979729 	0.010846642 	0.58682861
0.0037331896 	0.0038461227 	0.017632519 	0.57606658
0.0037571635 	0.0023734782 	0.024389356 	0.56149631
0.0037808063 	0.0010638436 	0.030540008 	0.54109568
0.0038041226 	6.6219852e-05 	0.035471842 	0.51335852
0.0038271169 	-0.00053030938 	0.038638931 	0.47752087
0.0038497936 	-0.00075472417 	0.039668066 	0.43358345
0.0038721572 	-0.00073281728 	0.038437978 	0.3821024
0.0038942119 	-0.00060168679 	0.035074358 	0.32383219
0.003915962 	-0.0004607647 	0.029828869 	0.25944762
0.0039374118 	-0.00033346517 	0.022928836 	0.18958852
0.0039585653 	-0.00020040305 	0.014540789 	0.11525614
0.0039794267 	-3.8576666e-05 	0.0049652008 	0.03835964
0.004 	-1.8234269e-05 	0.0085367797 	0.037500348
