0 	-0.012263332 	-0.0094364587 	1.0183059
5.5555556e-05 	0.025972876 	-0.0049954389 	1.021012
0.00011111111 	0.031793306 	0.00067757095 	1.0229374
0.00016666667 	0.036402781 	0.0054662246 	1.0252286
0.00022222222 	0.040134045 	0.0099103535 	1.0278345
0.00027777778 	0.043054952 	0.014033032 	1.0306803
0.00033333333 	0.045261957 	0.017746714 	1.0336753
0.00038888889 	0.046931969 	0.020966039 	1.0367302
0.00044444444 	0.048347884 	0.023651649 	1.0397756
0.0005 	0.049871793 	0.025827174 	1.0427605
0.00055555556 	0.051880071 	0.027564249 	1.0456136
0.00061111111 	0.054661557 	0.028897889 	1.0481606
0.00066666667 	0.058276402 	0.029690701 	1.0500474
0.00072222222 	0.062528375 	0.029611397 	1.0507543
0.00077777778 	0.066947264 	0.028098993 	1.0497752
0.00083333333 	0.071055333 	0.024693201 	1.0468905
0.00088888889 	0.074276084 	0.018852617 	1.0421592
0.00094444444 	0.075983659 	0.010452685 	1.0360891
0.001 	0.07559673 	-0.0010853688 	1.0286198
0.0010617199 	0.071492394 	-0.015872349 	1.0207098
0.0011225874 	0.062583595 	-0.032404446 	1.0132981
0.0011826143 	0.048643014 	-0.048674792 	1.0073707
0.0012418122 	0.03146086 	-0.062497068 	1.0050418
0.0013001926 	0.0141674 	-0.071966838 	1.0053781
0.0013577668 	-0.0020603138 	-0.074522828 	1.0028186
0.0014145458 	-0.017986904 	-0.068001025 	0.99216043
0.0014705407 	-0.032547422 	-0.054329869 	0.9708117
0.0015257623 	-0.042759767 	-0.039467844 	0.94007576
0.0015802213 	-0.047936478 	-0.028698725 	0.90851274
0.0016339282 	-0.049984668 	-0.023204397 	0.88598893
0.0016868934 	-0.050693919 	-0.021069352 	0.87441868
0.0017391271 	-0.050854146 	-0.019909818 	0.86995078
0.0017906395 	-0.050536617 	-0.018062787 	0.86890995
0.0018414404 	-0.049546383 	-0.0146468 	0.86930164
0.0018915398 	-0.047725192 	-0.0093961708 	0.87010856
0.0019409473 	-0.045018185 	-0.0025399061 	0.87067179
0.0019896725 	-0.041555948 	0.0053306122 	0.87051156
0.0020377248 	-0.037628227 	0.013463032 	0.86933029
0.0020851134 	-0.033484976 	0.021202548 	0.86716071
0.0021318476 	-0.029318265 	0.02815179 	0.86427108
0.0021779364 	-0.025263811 	0.034199843 	0.86105556
0.0022233887 	-0.021338428 	0.039405063 	0.8578496
0.0022682133 	-0.017472211 	0.043882361 	0.85487856
0.0023124189 	-0.013556889 	0.047724564 	0.85227325
0.0023560139 	-0.009498767 	0.05097337 	0.8500896
0.0023990069 	-0.0052699786 	0.053625101 	0.84836286
0.0024414062 	-0.0009389066 	0.055674796 	0.84713082
0.0024832199 	0.0033327147 	0.05717303 	0.84643024
0.0025244562 	0.0073620402 	0.0582578 	0.84629177
0.002565123 	0.010971616 	0.059147888 	0.84668762
0.0026052281 	0.014013474 	0.060097653 	0.84754377
0.0026447794 	0.016412116 	0.061333558 	0.84875333
0.0026837845 	0.018151494 	0.06301158 	0.85019759
0.0027222509 	0.019264115 	0.065186964 	0.85175615
0.0027601861 	0.019814234 	0.067807365 	0.85329197
0.0027975974 	0.019879485 	0.070717709 	0.85459226
0.002834492 	0.019528007 	0.073675901 	0.85525256
0.0028708772 	0.018794254 	0.076357006 	0.85456009
0.0029067598 	0.017661504 	0.078352708 	0.85151323
0.0029421469 	0.016074508 	0.079166422 	0.84510354
0.0029770452 	0.013997878 	0.078268199 	0.83477739
0.0030114616 	0.011498792 	0.075273128 	0.8207644
0.0030454028 	0.0087840451 	0.070206705 	0.80400412
0.0030788752 	0.0061323465 	0.063663689 	0.78574725
0.0031118853 	0.0037662225 	0.056659084 	0.767167
0.0031444395 	0.0017681798 	0.050203192 	0.74919834
0.0031765442 	9.2921883e-05 	0.044816766 	0.73256946
0.0032082055 	-0.0013708126 	0.040276781 	0.71784481
0.0032394295 	-0.0027351084 	0.035751855 	0.70539846
0.0032702223 	-0.0040647851 	0.030277447 	0.69534773
0.0033005899 	-0.0053595579 	0.023310741 	0.68752931
0.0033305381 	-0.0065610436 	0.01505269 	0.68154666
0.0033600727 	-0.0075881294 	0.0063815104 	0.67684208
0.0033891994 	-0.0083849111 	-0.0015011756 	0.67273949
0.0034179239 	-0.0089485325 	-0.007476635 	0.66843985
0.0034462517 	-0.0093511972 	-0.010797886 	0.66299543
0.0034741882 	-0.0097193827 	-0.011211192 	0.65533518
0.003501739 	-0.010171489 	-0.0089793784 	0.64441314
0.0035289093 	-0.010759523 	-0.0048054835 	0.62955911
0.0035557043 	-0.011444418 	0.00038747309 	0.61091506
0.0035821293 	-0.012130193 	0.0057780205 	0.58960032
0.0036081894 	-0.012705599 	0.010877035 	0.56731983
0.0036338895 	-0.013061519 	0.015523671 	0.54557882
0.0036592348 	-0.013111456 	0.019711288 	0.5250423
0.00368423 	-0.012812115 	0.023418444 	0.5053975
0.00370888 	-0.012172131 	0.026546686 	0.48563466
0.0037331896 	-0.011244822 	0.028951404 	0.46446333
0.0037571635 	-0.010109664 	0.030501129 	0.44066579
0.0037808063 	-0.0088515055 	0.031118813 	0.4133286
0.0038041226 	-0.0075442361 	0.030791104 	0.3819595
0.0038271169 	-0.0062425679 	0.029555143 	0.34650515
0.0038497936 	-0.004982944 	0.027481271 	0.3072828
0.0038721572 	-0.0037919856 	0.024664838 	0.26485034
0.0038942119 	-0.0026968163 	0.02122578 	0.21985586
0.003915962 	-0.0017312529 	0.017300446 	0.1729143
0.0039374118 	-0.00093633734 	0.013005636 	0.12454476
0.0039585653 	-0.00035818163 	0.0083612162 	0.075176785
0.0039794267 	-4.0505781e-05 	0.003168947 	0.025209633
0.004 	-2.2677278e-05 	0.0049738189 	0.030362844
