0 	-0.025982372 	0.0077864484 	1.0436658
5.5555625e-05 	-0.025585343 	0.01771535 	1.0421018
0.00011111111 	-0.028424006 	0.020613616 	1.0389531
0.00016666667 	-0.031849718 	0.022885229 	1.035112
0.00022222222 	-0.034832587 	0.025678126 	1.0309977
0.00027777778 	-0.036726366 	0.029227024 	1.0267283
0.00033333333 	-0.037093975 	0.033222342 	1.0224146
0.00038888889 	-0.035746281 	0.036929559 	1.0183528
0.00044444444 	-0.032761586 	0.039390613 	1.0150054
0.0005 	-0.028439438 	0.03972963 	1.0128351
0.00055555556 	-0.023201342 	0.037449524 	1.0121023
0.00061111111 	-0.017481932 	0.032561292 	1.0127187
0.00066666667 	-0.011689847 	0.025508773 	1.0142513
0.00072222222 	-0.0062369758 	0.017000028 	1.0160876
0.00077777778 	-0.0015450571 	0.0078643416 	1.0176739
0.00083333333 	0.0020469293 	-0.0011024203 	1.0187068
0.00088888889 	0.0044151484 	-0.0092765075 	1.0192204
0.00094444444 	0.0056355573 	-0.016274521 	1.0194845
0.001 	0.0060885382 	-0.022291871 	1.019848
0.0010617224 	0.0060979885 	-0.026941 	1.0205862
0.0011225923 	0.0060876509 	-0.030259163 	1.0216563
0.0011826215 	0.0063698328 	-0.032553726 	1.0229014
0.0012418217 	0.007058864 	-0.034119637 	1.0242375
0.0013002041 	0.0082275261 	-0.035177204 	1.0257742
0.0013577803 	0.0098525243 	-0.035805397 	1.0277735
0.0014145612 	0.01184503 	-0.035915837 	1.0305411
0.0014705579 	0.014073806 	-0.035302941 	1.0342962
0.0015257812 	0.016394087 	-0.033694518 	1.0391046
0.0015802418 	0.018663174 	-0.030845417 	1.0448836
0.0016339502 	0.020757143 	-0.026599261 	1.0514391
0.0016869168 	0.022530566 	-0.020965086 	1.0584575
0.0017391518 	0.023792701 	-0.014151472 	1.0654954
0.0017906654 	0.024345066 	-0.0065792596 	1.0720037
0.0018414676 	0.024006184 	0.0011455541 	1.0774324
0.0018915681 	0.022684389 	0.0083528354 	1.0814223
0.0019409766 	0.020434142 	0.014446072 	1.0839775
0.0019897027 	0.017462127 	0.019049479 	1.0855034
0.0020377558 	0.01410833 	0.02210954 	1.0866568
0.0020851453 	0.010783633 	0.023880099 	1.0880569
0.0021318802 	0.0078471742 	0.024811113 	1.0900398
0.0021779697 	0.0054812564 	0.025395562 	1.0925838
0.0022234225 	0.0036085539 	0.026003401 	1.0953836
0.0022682477 	0.0019431511 	0.026770206 	1.097918
0.0023124537 	9.8734837e-05 	0.02755876 	1.0993762
0.0023560491 	-0.0022618503 	0.027985415 	1.0985642
0.0023990425 	-0.0052811108 	0.027550943 	1.093885
0.002441442 	-0.0088815085 	0.025905789 	1.0836726
0.002483256 	-0.01283723 	0.023217717 	1.0668785
0.0025244924 	-0.016808307 	0.020358711 	1.0437531
0.0025651593 	-0.020429536 	0.018714563 	1.0160575
0.0026052645 	-0.023441925 	0.019428304 	0.98645207
0.0026448158 	-0.025741244 	0.022598929 	0.9575814
0.0026838209 	-0.027427758 	0.027154387 	0.93155067
0.0027222872 	-0.028743859 	0.031496895 	0.90974663
0.0027602223 	-0.029909261 	0.034312607 	0.89278761
0.0027976334 	-0.030983041 	0.035023552 	0.88048621
0.0028345278 	-0.031847057 	0.03364301 	0.87207797
0.0028709126 	-0.032299099 	0.030398998 	0.86663978
0.002906795 	-0.032175118 	0.025525112 	0.86338885
0.0029421817 	-0.031390331 	0.019219069 	0.8617839
0.0029770797 	-0.029946936 	0.011733536 	0.86145479
0.0030114957 	-0.027904186 	0.0034009735 	0.86209801
0.0030454363 	-0.025341537 	-0.0053587799 	0.86341639
0.0030789082 	-0.022364779 	-0.014065034 	0.86503368
0.0031119178 	-0.019041013 	-0.022215486 	0.86649946
0.0031444715 	-0.015463386 	-0.029293369 	0.86734081
0.0031765755 	-0.011776622 	-0.034782438 	0.86708644
0.0032082362 	-0.0081126377 	-0.038220836 	0.86535131
0.0032394596 	-0.0045833506 	-0.039293155 	0.86189774
0.0032702517 	-0.001316689 	-0.037934825 	0.85666461
0.0033006186 	0.0015584645 	-0.034408873 	0.84972414
0.003330566 	0.0039743958 	-0.029279229 	0.84124029
0.0033600998 	0.005920599 	-0.023254363 	0.83146048
0.0033892257 	0.0074480738 	-0.016959836 	0.82072781
0.0034179494 	0.0086468668 	-0.010773566 	0.80947715
0.0034462763 	0.0096379546 	-0.0048157638 	0.79816791
0.003474212 	0.010481064 	0.00093697896 	0.78715161
0.0035017619 	0.011170909 	0.0065111135 	0.77654304
0.0035289312 	0.01162368 	0.011891195 	0.76613016
0.0035557253 	0.011748013 	0.017047409 	0.75528388
0.0035821494 	0.011524805 	0.021953536 	0.74297148
0.0036082084 	0.010954578 	0.026595369 	0.72783278
0.0036339076 	0.010092728 	0.030942075 	0.70836228
0.0036592518 	0.009042308 	0.034899637 	0.68320276
0.003684246 	0.0079250661 	0.038228802 	0.65150184
0.003708895 	0.0068409486 	0.040440135 	0.61316953
0.0037332035 	0.005848549 	0.040840737 	0.56880597
0.0037571763 	0.0049870594 	0.038879562 	0.51929431
0.003780818 	0.0043002399 	0.034622485 	0.46548353
0.0038041332 	0.0038110572 	0.02890005 	0.40838068
0.0038271264 	0.0034693767 	0.022909536 	0.34960754
0.0038498019 	0.0031493867 	0.017603302 	0.29140857
0.0038721643 	0.0027202639 	0.013366498 	0.23597814
0.0038942179 	0.0021296824 	0.010115061 	0.18467804
0.0039159668 	0.0014320786 	0.0075678819 	0.13779525
0.0039374154 	0.00075665258 	0.0054310854 	0.094886406
0.0039585677 	0.00024735335 	0.0034367309 	0.055256606
0.0039794279 	1.3154835e-05 	0.0013049988 	0.018097853
0.004 	1.3154835e-05 	0.0013049988 	0.018097853
