0 	-0.013223219 	-0.038978201 	1.0535081
5.5555556e-05 	0.0070686861 	-0.032163383 	1.0461308
0.00011111111 	0.010177846 	-0.022076667 	1.0386601
0.00016666667 	0.0089980703 	-0.012343899 	1.0324893
0.00022222222 	0.0062088314 	-0.0021590275 	1.0287859
0.00027777778 	0.0030599927 	0.0084437245 	1.0276306
0.00033333333 	0.00027782244 	0.017890051 	1.0280126
0.00038888889 	-0.0018078202 	0.024283345 	1.0287502
0.00044444444 	-0.0031636207 	0.02698994 	1.0291576
0.0005 	-0.0038719979 	0.02678883 	1.0288773
0.00055555556 	-0.003967124 	0.024911584 	1.0275688
0.00061111111 	-0.0033595444 	0.022198176 	1.0249841
0.00066666667 	-0.0018579779 	0.018818443 	1.0211417
0.00072222222 	0.00067678802 	0.014392668 	1.0163248
0.00077777778 	0.0041788021 	0.0082948608 	1.010936
0.00083333333 	0.0083692542 	-2.499303e-05 	1.005293
0.00088888889 	0.012877093 	-0.01070489 	0.99949391
0.00094444444 	0.017303218 	-0.023370943 	0.99341471
0.001 	0.021870327 	-0.038095752 	0.98664742
0.0010617199 	0.025472446 	-0.053190357 	0.98023114
0.0011225874 	0.027325778 	-0.065471837 	0.97640532
0.0011826143 	0.02697979 	-0.073019528 	0.97645911
0.0012418122 	0.025071841 	-0.074654187 	0.97928876
0.0013001926 	0.023056471 	-0.070604784 	0.98161227
0.0013577668 	0.021888264 	-0.062478998 	0.98146506
0.0014145458 	0.021336722 	-0.052096775 	0.97992787
0.0014705407 	0.020770715 	-0.04060649 	0.97884922
0.0015257623 	0.019921167 	-0.028320172 	0.97893937
0.0015802213 	0.019164051 	-0.015224713 	0.98001595
0.0016339282 	0.019088924 	-0.001801761 	0.98136592
0.0016868934 	0.019873921 	0.010801115 	0.98199362
0.0017391271 	0.021260497 	0.021499602 	0.98129068
0.0017906395 	0.022923149 	0.029880879 	0.97935878
0.0018414404 	0.024628223 	0.036200319 	0.9766225
0.0018915398 	0.026193994 	0.041050877 	0.97344165
0.0019409473 	0.027448829 	0.045123059 	0.97000944
0.0019896725 	0.028225231 	0.049107713 	0.96641774
0.0020377248 	0.028365732 	0.053641203 	0.96272255
0.0020851134 	0.027735752 	0.059212991 	0.95892414
0.0021318476 	0.026226289 	0.066008272 	0.95488447
0.0021779364 	0.0237638 	0.073693647 	0.95026117
0.0022233887 	0.020332901 	0.081204618 	0.94458087
0.0022682133 	0.016019707 	0.086712691 	0.93751101
0.0023124189 	0.011065148 	0.088009328 	0.92908139
0.0023560139 	0.005824296 	0.083466266 	0.91921867
0.0023990069 	0.00062525132 	0.073399783 	0.90621679
0.0024414062 	-0.0045546235 	0.060791336 	0.88592695
0.0024832199 	-0.0099851007 	0.049750586 	0.85491957
0.0025244562 	-0.015650215 	0.042390576 	0.81598307
0.002565123 	-0.021004861 	0.037219702 	0.77810172
0.0026052281 	-0.025268938 	0.031564001 	0.7492624
0.0026447794 	-0.028269209 	0.024663809 	0.73030393
0.0026837845 	-0.030867485 	0.01755542 	0.71497801
0.0027222509 	-0.034429898 	0.010480977 	0.69548579
0.0027601861 	-0.039815063 	0.0011500597 	0.66971491
0.0027975974 	-0.047203888 	-0.013459907 	0.64345705
0.002834492 	-0.055933404 	-0.033709435 	0.62317769
0.0028708772 	-0.064664695 	-0.056368107 	0.60888141
0.0029067598 	-0.072425298 	-0.077419157 	0.59645096
0.0029421469 	-0.078872434 	-0.094485521 	0.58313026
0.0029770452 	-0.083902541 	-0.1069958 	0.56857582
0.0030114616 	-0.087393522 	-0.11529088 	0.55387444
0.0030454028 	-0.089333498 	-0.11980106 	0.54117593
0.0030788752 	-0.089948991 	-0.12074565 	0.53298702
0.0031118853 	-0.089647068 	-0.11824151 	0.53114982
0.0031444395 	-0.088882998 	-0.11249589 	0.53627672
0.0031765442 	-0.088057057 	-0.10389827 	0.54778306
0.0032082055 	-0.087452712 	-0.092963654 	0.56427283
0.0032394295 	-0.087220833 	-0.080197686 	0.5839899
0.0032702223 	-0.087407087 	-0.066045381 	0.60518072
0.0033005899 	-0.087993926 	-0.050936831 	0.62630521
0.0033305381 	-0.088928335 	-0.035306772 	0.64609603
0.0033600727 	-0.090128356 	-0.019551134 	0.66350952
0.0033891994 	-0.091488829 	-0.0039845855 	0.67763718
0.0034179239 	-0.092883657 	0.011158275 	0.68762784
0.0034462517 	-0.094101407 	0.025676742 	0.69273534
0.0034741882 	-0.094884351 	0.039380043 	0.69245572
0.003501739 	-0.094970381 	0.052019737 	0.68619342
0.0035289093 	-0.094096839 	0.063276571 	0.67346045
0.0035557043 	-0.092035859 	0.072769578 	0.65391267
0.0035821293 	-0.088642016 	0.080105691 	0.62749187
0.0036081894 	-0.083895615 	0.084950655 	0.59462944
0.0036338895 	-0.077925629 	0.087090839 	0.55639805
0.0036592348 	-0.070999284 	0.086471305 	0.51450294
0.00368423 	-0.063475099 	0.08320676 	0.47106533
0.00370888 	-0.055731733 	0.077571162 	0.42823951
0.0037331896 	-0.048097148 	0.06997299 	0.38777876
0.0037571635 	-0.040803891 	0.060922406 	0.35070022
0.0037808063 	-0.033984755 	0.050993306 	0.31716484
0.0038041226 	-0.027700639 	0.040786119 	0.28658839
0.0038271169 	-0.021977218 	0.030884305 	0.2578962
0.0038497936 	-0.016832467 	0.021820931 	0.2298012
0.0038721572 	-0.012293803 	0.014051607 	0.20102632
0.0038942119 	-0.0083942568 	0.0079158752 	0.17048773
0.003915962 	-0.0051688937 	0.003609597 	0.13740404
0.0039374118 	-0.0026628611 	0.0011327644 	0.10137952
0.0039585653 	-0.0009390405 	0.00021088329 	0.062470166
0.0039794267 	-8.3337495e-05 	0.00017574748 	0.021263786
0.004 	-2.8681787e-05 	0.0044207255 	0.018940893
