0 	-0.043238126 	-0.022393162 	1.1420017
2.0100503e-05 	-0.043238126 	-0.022393162 	1.1420017
4.0201005e-05 	-0.043238126 	-0.022393162 	1.1420017
6.0301508e-05 	-0.023538377 	-0.035736025 	1.1436956
8.040201e-05 	-0.023538377 	-0.035736025 	1.1436956
0.00010050251 	-0.023538377 	-0.035736025 	1.1436956
0.00012060302 	-0.013911894 	-0.034827344 	1.1448123
0.00014070352 	-0.013911894 	-0.034827344 	1.1448123
0.00016080402 	-0.013911894 	-0.034827344 	1.1448123
0.00018090452 	-0.0069841027 	-0.032317506 	1.1450592
0.00020100503 	-0.0069841027 	-0.032317506 	1.1450592
0.00022110553 	-0.0069841027 	-0.032317506 	1.1450592
0.00024120603 	0.011459952 	-0.023559044 	1.1420904
0.00026130653 	0.011459952 	-0.023559044 	1.1420904
0.00028140704 	0.013334428 	-0.020806838 	1.1382976
0.00030150754 	0.0038302136 	-0.027061688 	1.1424002
0.00032160804 	0.0038302136 	-0.027061688 	1.1424002
0.00034170854 	0.0080083216 	-0.024679305 	1.1395739
0.00036180905 	0.0080083216 	-0.024679305 	1.1395739
0.00038190955 	0.0080083216 	-0.024679305 	1.1395739
0.00040201005 	0.011261877 	-0.022523826 	1.1359975
0.00042211055 	0.011261877 	-0.022523826 	1.1359975
0.00044221106 	0.011261877 	-0.022523826 	1.1359975
0.00046231156 	0.013506204 	-0.020661722 	1.1319464
0.00048241206 	0.015829067 	-0.01513372 	1.1230465
0.00050251256 	0.014715938 	-0.01920627 	1.1277106
0.00052261307 	0.014715938 	-0.01920627 	1.1277106
0.00054271357 	0.014715938 	-0.01920627 	1.1277106
0.00056281407 	0.014940161 	-0.018310645 	1.1235502
0.00058291457 	0.015199225 	-0.013589486 	1.1133738
0.00060301508 	0.015199225 	-0.013589486 	1.1133738
0.00062311558 	0.014512514 	-0.013854944 	1.1094813
0.00064321608 	0.014512514 	-0.013854944 	1.1094813
0.00066331658 	0.014512514 	-0.013854944 	1.1094813
0.00068341709 	0.012977557 	-0.01878974 	1.1161752
0.00070351759 	0.012977557 	-0.01878974 	1.1161752
0.00072361809 	0.011201253 	-0.02030812 	1.1131025
0.00074371859 	0.011201253 	-0.02030812 	1.1131025
0.0007638191 	0.011201253 	-0.02030812 	1.1131025
0.0007839196 	0.0091884567 	-0.022587596 	1.1103527
0.0008040201 	0.0091884567 	-0.022587596 	1.1103527
0.0008241206 	0.0091884567 	-0.022587596 	1.1103527
0.00084422111 	0.0070882464 	-0.025409524 	1.107709
0.00086432161 	0.0070882464 	-0.025409524 	1.107709
0.00088442211 	0.0070882464 	-0.025409524 	1.107709
0.00090452261 	0.0050232011 	-0.028478136 	1.1048384
0.00092462312 	0.0050232011 	-0.028478136 	1.1048384
0.00094472362 	0.0029143828 	-0.031455388 	1.1013685
0.00096482412 	0.0075991526 	-0.031463414 	1.0972265
0.00098492462 	0.0075991526 	-0.031463414 	1.0972265
0.0010050251 	0.0060036858 	-0.035587299 	1.0942402
0.0010251256 	0.0060036858 	-0.035587299 	1.0942402
0.0010452261 	0.0060036858 	-0.035587299 	1.0942402
0.0010653266 	0.0047106428 	-0.040320885 	1.0895589
0.0010854271 	0.0047106428 	-0.040320885 	1.0895589
0.0011055276 	0.0047106428 	-0.040320885 	1.0895589
0.0011256281 	-0.0016458453 	-0.043787888 	1.0829517
0.0011457286 	-0.0016458453 	-0.043787888 	1.0829517
0.0011658291 	0.0041852607 	-0.045951176 	1.0833133
0.0011859296 	0.0046916665 	-0.053092019 	1.0765912
0.0012060302 	0.0046916665 	-0.053092019 	1.0765912
0.0012261307 	0.0046916665 	-0.053092019 	1.0765912
0.0012462312 	0.0059177406 	-0.061951309 	1.0716124
0.0012663317 	-0.0022135028 	-0.059580583 	1.073045
0.0012864322 	0.0059177406 	-0.061951309 	1.0716124
0.0013065327 	0.0076540214 	-0.072042212 	1.0701059
0.0013266332 	0.0076540214 	-0.072042212 	1.0701059
0.0013467337 	0.0076540214 	-0.072042212 	1.0701059
0.0013668342 	0.010192012 	-0.082561919 	1.0715594
0.0013869347 	0.010192012 	-0.082561919 	1.0715594
0.0014070352 	0.010192012 	-0.082561919 	1.0715594
0.0014271357 	0.01389657 	-0.092896155 	1.0736485
0.0014472362 	0.01389657 	-0.092896155 	1.0736485
0.0014673367 	0.01389657 	-0.092896155 	1.0736485
0.0014874372 	0.018777689 	-0.10299961 	1.0739359
0.0015075377 	0.018777689 	-0.10299961 	1.0739359
0.0015276382 	0.024492125 	-0.11303374 	1.070654
0.0015477387 	0.024492125 	-0.11303374 	1.070654
0.0015678392 	0.024492125 	-0.11303374 	1.070654
0.0015879397 	0.030538238 	-0.12270413 	1.0628486
0.0016080402 	0.030538238 	-0.12270413 	1.0628486
0.0016281407 	0.030538238 	-0.12270413 	1.0628486
0.0016482412 	0.03635365 	-0.13111318 	1.0505331
0.0016683417 	0.03635365 	-0.13111318 	1.0505331
0.0016884422 	0.04128342 	-0.13713487 	1.0346649
0.0017085427 	0.04128342 	-0.13713487 	1.0346649
0.0017286432 	0.04128342 	-0.13713487 	1.0346649
0.0017487437 	0.044719163 	-0.1399199 	1.0167521
0.0017688442 	0.044719163 	-0.1399199 	1.0167521
0.0017889447 	0.044719163 	-0.1399199 	1.0167521
0.0018090452 	0.046346696 	-0.13924212 	0.998359
0.0018291457 	0.046346696 	-0.13924212 	0.998359
0.0018492462 	0.046175338 	-0.13565882 	0.98081885
0.0018693467 	0.046175338 	-0.13565882 	0.98081885
0.0018894472 	0.046175338 	-0.13565882 	0.98081885
0.0019095477 	0.04431705 	-0.13021346 	0.96531312
0.0019296482 	0.04431705 	-0.13021346 	0.96531312
0.0019497487 	0.040802078 	-0.12390478 	0.95274005
0.0019698492 	0.040802078 	-0.12390478 	0.95274005
0.0019899497 	0.035615923 	-0.11749303 	0.94312636
0.0020100503 	0.035615923 	-0.11749303 	0.94312636
0.0020301508 	0.035615923 	-0.11749303 	0.94312636
0.0020502513 	0.028820285 	-0.11153966 	0.93535767
0.0020703518 	0.028820285 	-0.11153966 	0.93535767
0.0020904523 	0.020645123 	-0.10628689 	0.92783068
0.0021105528 	0.020645123 	-0.10628689 	0.92783068
0.0021306533 	0.020645123 	-0.10628689 	0.92783068
0.0021507538 	0.011436595 	-0.10143903 	0.91948091
0.0021708543 	0.011436595 	-0.10143903 	0.91948091
0.0021909548 	0.0015804216 	-0.0962786 	0.91022142
0.0022110553 	0.0015804216 	-0.0962786 	0.91022142
0.0022311558 	-0.0084664671 	-0.090124255 	0.90057643
0.0022512563 	-0.0084664671 	-0.090124255 	0.90057643
0.0022713568 	-0.018183579 	-0.082673644 	0.89113214
0.0022914573 	-0.018183579 	-0.082673644 	0.89113214
0.0023115578 	-0.018183579 	-0.082673644 	0.89113214
0.0023316583 	-0.027131045 	-0.07408303 	0.88233084
0.0023517588 	-0.027131045 	-0.07408303 	0.88233084
0.0023718593 	-0.035127736 	-0.064789282 	0.87455504
0.0023919598 	-0.035127736 	-0.064789282 	0.87455504
0.0024120603 	-0.04229778 	-0.055246868 	0.86827526
0.0024321608 	-0.04229778 	-0.055246868 	0.86827526
0.0024522613 	-0.048894634 	-0.045663034 	0.86399311
0.0024723618 	-0.048894634 	-0.045663034 	0.86399311
0.0024924623 	-0.055044416 	-0.035870918 	0.86202672
0.0025125628 	-0.055044416 	-0.035870918 	0.86202672
0.0025326633 	-0.060621731 	-0.025455843 	0.8623237
0.0025527638 	-0.060621731 	-0.025455843 	0.8623237
0.0025728643 	-0.065255804 	-0.014091177 	0.86445262
0.0025929648 	-0.065255804 	-0.014091177 	0.86445262
0.0026130653 	-0.06848626 	-0.0018293059 	0.86777825
0.0026331658 	-0.06848626 	-0.0018293059 	0.86777825
0.0026532663 	-0.070276117 	0.010900639 	0.87173692
0.0026733668 	-0.070276117 	0.010900639 	0.87173692
0.0026934673 	-0.070810221 	0.023584821 	0.87602712
0.0027135678 	-0.070810221 	0.023584821 	0.87602712
0.0027336683 	-0.070141313 	0.035746346 	0.88072067
0.0027537688 	-0.070141313 	0.035746346 	0.88072067
0.0027738693 	-0.068440211 	0.047088028 	0.88595767
0.0027939698 	-0.068440211 	0.047088028 	0.88595767
0.0028140704 	-0.065906171 	0.057505788 	0.89179939
0.0028341709 	-0.065906171 	0.057505788 	0.89179939
0.0028542714 	-0.062703276 	0.067009052 	0.89818466
0.0028743719 	-0.058992369 	0.075635731 	0.90497284
0.0028944724 	-0.058992369 	0.075635731 	0.90497284
0.0029145729 	-0.054951229 	0.083393392 	0.91198691
0.0029346734 	-0.054951229 	0.083393392 	0.91198691
0.0029547739 	-0.050779138 	0.090261796 	0.91903428
0.0029748744 	-0.050779138 	0.090261796 	0.91903428
0.0029949749 	-0.046694744 	0.096223714 	0.92592601
0.0030150754 	-0.042928415 	0.10128328 	0.9325046
0.0030351759 	-0.042928415 	0.10128328 	0.9325046
0.0030552764 	-0.0397019 	0.10544687 	0.93865134
0.0030753769 	-0.0397019 	0.10544687 	0.93865134
0.0030954774 	-0.037188335 	0.10866894 	0.94423636
0.0031155779 	-0.035461728 	0.11080004 	0.94899912
0.0031356784 	-0.035461728 	0.11080004 	0.94899912
0.0031557789 	-0.034450693 	0.11158527 	0.95239262
0.0031758794 	-0.034450693 	0.11158527 	0.95239262
0.0031959799 	-0.033924198 	0.1107409 	0.95349372
0.0032160804 	-0.033523335 	0.10810857 	0.95109391
0.0032361809 	-0.033523335 	0.10810857 	0.95109391
0.0032562814 	-0.032836505 	0.10382273 	0.94400124
0.0032763819 	-0.031485878 	0.098425494 	0.9314579
0.0032964824 	-0.031485878 	0.098425494 	0.9314579
0.0033165829 	-0.029180385 	0.092843748 	0.91344999
0.0033366834 	-0.025753707 	0.088199259 	0.89077352
0.0033567839 	-0.025753707 	0.088199259 	0.89077352
0.0033768844 	-0.021203328 	0.085447456 	0.86488595
0.0033969849 	-0.015717909 	0.084973015 	0.83765992
0.0034170854 	-0.015717909 	0.084973015 	0.83765992
0.0034371859 	-0.0096897064 	0.08633674 	0.81109646
0.0034572864 	-0.0036369527 	0.088341797 	0.78693971
0.0034773869 	0.0018572752 	0.089414268 	0.76621173
0.0034974874 	0.0018572752 	0.089414268 	0.76621173
0.0035175879 	0.0064093195 	0.088076188 	0.74895698
0.0035376884 	0.0098652187 	0.083264838 	0.73452513
0.0035577889 	0.012076594 	0.074496395 	0.72226684
0.0035778894 	0.012076594 	0.074496395 	0.72226684
0.0035979899 	0.012848386 	0.062157288 	0.7119218
0.0036180905 	0.011975156 	0.047990443 	0.70300009
0.003638191 	0.0095470505 	0.035057207 	0.69339301
0.0036582915 	0.0095470505 	0.035057207 	0.69339301
0.003678392 	0.0062362923 	0.026331949 	0.67871053
0.0036984925 	0.0031256484 	0.022639029 	0.65396268
0.003718593 	0.0010876532 	0.022020657 	0.61689339
0.0037386935 	0.00030668453 	0.021259005 	0.56960122
0.003758794 	0.00039893971 	0.018030066 	0.51671693
0.0037788945 	0.00039893971 	0.018030066 	0.51671693
0.003798995 	0.00081430972 	0.011973133 	0.462431
0.0038190955 	0.0011567153 	0.0043279302 	0.40911382
0.003839196 	0.0012663018 	-0.0031602434 	0.35761007
0.0038592965 	0.001136575 	-0.009198995 	0.30792951
0.003879397 	0.00085819002 	-0.013259755 	0.25967076
0.0038994975 	0.00054404946 	-0.015307538 	0.21225607
0.003919598 	0.00027997089 	-0.01537231 	0.1651911
0.0039396985 	0.00010697561 	-0.013368816 	0.11819863
0.003959799 	2.1705121e-05 	-0.0092382856 	0.07118818
0.0039798995 	3.9195673e-06 	-0.0033108677 	0.024021476
0.004 	3.9195673e-06 	-0.0033108677 	0.024021476
