0 	-0.015581896 	0.019723646 	1.0948599
5.5555556e-05 	0.024604807 	0.0020439211 	1.1007665
0.00011111111 	0.023584294 	-0.0048983865 	1.1026099
0.00016666667 	0.021787737 	-0.013738942 	1.1029951
0.00022222222 	0.020372903 	-0.026956503 	1.100993
0.00027777778 	0.019837145 	-0.04300006 	1.0964018
0.00033333333 	0.019290213 	-0.055673435 	1.0901045
0.00038888889 	0.017225115 	-0.058932229 	1.0839529
0.00044444444 	0.012936752 	-0.052130238 	1.079542
0.0005 	0.006934654 	-0.039084129 	1.0769261
0.00055555556 	0.00034434672 	-0.024372938 	1.0751585
0.00061111111 	-0.0057864037 	-0.011147282 	1.0734112
0.00066666667 	-0.010905887 	-0.00072259361 	1.0713602
0.00072222222 	-0.014940468 	0.0071027415 	1.0690475
0.00077777778 	-0.017917192 	0.013304995 	1.0665542
0.00083333333 	-0.019716447 	0.018644511 	1.0638355
0.00088888889 	-0.02021118 	0.023121557 	1.0609765
0.00094444444 	-0.01947445 	0.026227697 	1.058385
0.001 	-0.01759989 	0.02762026 	1.0563667
0.0010617224 	-0.015070898 	0.027194629 	1.0551946
0.0011225923 	-0.012214073 	0.02552846 	1.0547612
0.0011826215 	-0.0092706162 	0.023303134 	1.0545227
0.0012418217 	-0.006288976 	0.020873028 	1.0540838
0.0013002041 	-0.0032649392 	0.018328973 	1.0532233
0.0013577803 	-0.00016937531 	0.015608881 	1.0518269
0.0014145612 	0.0030029233 	0.012660342 	1.0498092
0.0014705579 	0.0062474133 	0.0094667962 	1.0470755
0.0015257812 	0.0095194655 	0.0060867869 	1.0435625
0.0015802418 	0.012758398 	0.002719194 	1.0392549
0.0016339502 	0.015942699 	-0.00035448729 	1.0342804
0.0016869168 	0.019055882 	-0.0027629685 	1.0288565
0.0017391518 	0.022128922 	-0.0041627004 	1.0232301
0.0017906654 	0.025190298 	-0.0043572036 	1.0176049
0.0018414676 	0.028238986 	-0.0033060923 	1.0121024
0.0018915681 	0.03122297 	-0.0010969023 	1.0067432
0.0019409766 	0.034071725 	0.002090896 	1.0013851
0.0019897027 	0.036712931 	0.0059422938 	0.99567036
0.0020377558 	0.039080306 	0.0099883647 	0.9891873
0.0020851453 	0.041065106 	0.013709803 	0.98197437
0.0021318802 	0.042469152 	0.016775422 	0.9750801
0.0021779697 	0.043151644 	0.019124157 	0.97028976
0.0022234225 	0.043175216 	0.020757531 	0.96890977
0.0022682477 	0.042835902 	0.021609604 	0.97073141
0.0023124537 	0.042493142 	0.021847537 	0.97422035
0.0023560491 	0.042347283 	0.022159293 	0.97754224
0.0023990425 	0.042356807 	0.023568822 	0.9791695
0.002441442 	0.042352058 	0.026608688 	0.97774824
0.002483256 	0.042227694 	0.030766555 	0.97203535
0.0025244924 	0.042036044 	0.034841674 	0.96154983
0.0025651593 	0.041905602 	0.037713168 	0.94716867
0.0026052645 	0.041893575 	0.038826681 	0.93074177
0.0026448158 	0.041924196 	0.038117689 	0.91404449
0.0026838209 	0.041822751 	0.035783534 	0.89808045
0.0027222872 	0.041395407 	0.032108572 	0.88309418
0.0027602223 	0.040534177 	0.027355574 	0.86896666
0.0027976334 	0.039266182 	0.021706251 	0.85551952
0.0028345278 	0.037711028 	0.015261216 	0.84263453
0.0028709126 	0.036016628 	0.0080768427 	0.83026285
0.002906795 	0.03432315 	0.00027890051 	0.81841653
0.0029421817 	0.032755052 	-0.0079179742 	0.807166
0.0029770797 	0.031360357 	-0.016216315 	0.79662176
0.0030114957 	0.030107561 	-0.024267182 	0.78689263
0.0030454363 	0.028949949 	-0.031764484 	0.77803056
0.0030789082 	0.027861438 	-0.038541683 	0.76995878
0.0031119178 	0.026856157 	-0.044600954 	0.76242207
0.0031444715 	0.026004881 	-0.050050847 	0.75498909
0.0031765755 	0.025412114 	-0.054985542 	0.74711124
0.0032082362 	0.025158868 	-0.059414529 	0.73823642
0.0032394596 	0.025217387 	-0.063312588 	0.72797767
0.0032702517 	0.025375169 	-0.066720018 	0.7163327
0.0033006186 	0.025229758 	-0.069627418 	0.7038723
0.003330566 	0.024274904 	-0.071535263 	0.69171511
0.0033600998 	0.022127038 	-0.071028877 	0.68114466
0.0033892257 	0.018752345 	-0.066074928 	0.67284702
0.0034179494 	0.014564163 	-0.055196018 	0.66619124
0.0034462763 	0.010313279 	-0.038734698 	0.6590704
0.003474212 	0.006838012 	-0.0191425 	0.64858473
0.0035017619 	0.0047602742 	-1.8854988e-05 	0.63234585
0.0035289312 	0.0038874543 	0.015468301 	0.60986639
0.0035557253 	0.003562447 	0.025814882 	0.5832353
0.0035821494 	0.0030529726 	0.031633225 	0.55621209
0.0036082084 	0.0016820223 	0.035311526 	0.53161097
0.0036339076 	-0.0011537774 	0.039635609 	0.50907898
0.0036592518 	-0.0051796334 	0.045551522 	0.48584278
0.003684246 	-0.0091546368 	0.051240387 	0.45958484
0.003708895 	-0.011965759 	0.053739688 	0.43042123
0.0037332035 	-0.013051228 	0.051827487 	0.40011788
0.0037571763 	-0.012447983 	0.046797137 	0.37013173
0.003780818 	-0.010637945 	0.040772154 	0.34085662
0.0038041332 	-0.0082812155 	0.035125897 	0.31190446
0.0038271264 	-0.0059262066 	0.030331512 	0.28259866
0.0038498019 	-0.0038625338 	0.026501732 	0.25226868
0.0038721643 	-0.0021728978 	0.02368894 	0.2203352
0.0038942179 	-0.0008792745 	0.021832053 	0.18625727
0.0039159668 	8.4185525e-06 	0.020584126 	0.14953528
0.0039374154 	0.00041739952 	0.019134399 	0.10986167
0.0039585677 	0.00038351626 	0.015933711 	0.067386425
0.0039794279 	0.00010616218 	0.0082563335 	0.022912241
0.004 	0.00010616218 	0.0082563335 	0.022912241
