0 	-0.015799616 	0.036057938 	0.99731432
5.5555625e-05 	-0.00032956689 	0.042009507 	0.99894297
0.00011111111 	0.002777463 	0.041706663 	1.0012539
0.00016666667 	0.0027498266 	0.038720487 	1.0040683
0.00022222222 	0.001388601 	0.034231414 	1.0070874
0.00027777778 	-0.00047795246 	0.029715038 	1.0099943
0.00033333333 	-0.0023111958 	0.026341079 	1.0123457
0.00038888889 	-0.0038579737 	0.024622224 	1.0135797
0.00044444444 	-0.0050952893 	0.024436377 	1.0134405
0.0005 	-0.0060405204 	0.025251138 	1.0125705
0.00055555556 	-0.0066502279 	0.026322072 	1.0125977
0.00061111111 	-0.0069665155 	0.026857933 	1.0153448
0.00066666667 	-0.0073106022 	0.026304798 	1.0215834
0.00072222222 	-0.0081990404 	0.024688974 	1.0303182
0.00077777778 	-0.0099888384 	0.022779528 	1.0391938
0.00083333333 	-0.012573222 	0.021753487 	1.0455154
0.00088888889 	-0.015434061 	0.022603135 	1.0469856
0.00094444444 	-0.017883543 	0.025688174 	1.0422297
0.001 	-0.019566067 	0.030955896 	1.0309457
0.0010617199 	-0.019995467 	0.037602946 	1.0148873
0.0011225874 	-0.019296459 	0.043668028 	0.99989512
0.0011826143 	-0.018170679 	0.048017684 	0.9895118
0.0012418122 	-0.017152828 	0.050837879 	0.98393876
0.0013001926 	-0.016507058 	0.053047752 	0.98105253
0.0013577668 	-0.016249887 	0.054943579 	0.9785504
0.0014145458 	-0.016235638 	0.05543081 	0.97574013
0.0014705407 	-0.016142076 	0.052580817 	0.97404976
0.0015257623 	-0.015636421 	0.045063185 	0.97578899
0.0015802213 	-0.014790335 	0.033429603 	0.9817807
0.0016339282 	-0.014196235 	0.020175595 	0.98992964
0.0016868934 	-0.014606459 	0.0081282342 	0.99658021
0.0017391271 	-0.016348233 	-0.0013677937 	0.99878252
0.0017906395 	-0.01930384 	-0.008879705 	0.9947598
0.0018414404 	-0.023043754 	-0.015956856 	0.98397782
0.0018915398 	-0.026676899 	-0.023623254 	0.96727154
0.0019409473 	-0.029393889 	-0.031953971 	0.94629618
0.0019896725 	-0.030907126 	-0.040575942 	0.92267352
0.0020377248 	-0.03143968 	-0.048895135 	0.89803506
0.0020851134 	-0.031372392 	-0.056044011 	0.87440772
0.0021318476 	-0.031005223 	-0.061217814 	0.8538157
0.0021779364 	-0.030401548 	-0.063978697 	0.83736061
0.0022233887 	-0.029498332 	-0.064197833 	0.82501388
0.0022682133 	-0.02826778 	-0.06183599 	0.81619151
0.0023124189 	-0.026781685 	-0.05691072 	0.81029757
0.0023560139 	-0.025195047 	-0.04961339 	0.80691716
0.0023990069 	-0.023725404 	-0.040417307 	0.80574013
0.0024414062 	-0.022648292 	-0.030097598 	0.80634998
0.0024832199 	-0.022267282 	-0.019649516 	0.80806197
0.0025244562 	-0.022824914 	-0.010092385 	0.80996131
0.002565123 	-0.024312594 	-0.0021877159 	0.81110461
0.0026052281 	-0.026454563 	0.0038012619 	0.81067616
0.0026447794 	-0.028859348 	0.0081723968 	0.80798127
0.0026837845 	-0.031236189 	0.011553639 	0.80231289
0.0027222509 	-0.033672899 	0.014682682 	0.79307195
0.0027601861 	-0.036503078 	0.01837663 	0.78017777
0.0027975974 	-0.039986206 	0.023355722 	0.7645393
0.002834492 	-0.04412042 	0.029742056 	0.74809607
0.0028708772 	-0.048618832 	0.036730467 	0.73303023
0.0029067598 	-0.053027674 	0.043123178 	0.72069778
0.0029421469 	-0.056842125 	0.048173918 	0.71128848
0.0029770452 	-0.059615783 	0.051791621 	0.70426139
0.0030114616 	-0.061052289 	0.054162675 	0.6988627
0.0030454028 	-0.061041183 	0.055415092 	0.69439845
0.0030788752 	-0.05963152 	0.055538332 	0.69034106
0.0031118853 	-0.05696657 	0.054447955 	0.68637958
0.0031444395 	-0.053213863 	0.052063844 	0.68242758
0.0031765442 	-0.048516079 	0.048363494 	0.67857186
0.0032082055 	-0.042969544 	0.043387947 	0.67497809
0.0032394295 	-0.036631411 	0.037234446 	0.67179449
0.0032702223 	-0.029533717 	0.030055065 	0.66907282
0.0033005899 	-0.021704586 	0.022112498 	0.6667236
0.0033305381 	-0.013244312 	0.013745908 	0.66451901
0.0033600727 	-0.004426683 	0.0054158834 	0.66209582
0.0033891994 	0.004427035 	-0.0023742519 	0.65902311
0.0034179239 	0.012993733 	-0.0091589035 	0.65489251
0.0034462517 	0.020886524 	-0.014540052 	0.64942981
0.0034741882 	0.02770622 	-0.018215046 	0.64258603
0.003501739 	0.033083664 	-0.019982006 	0.63459273
0.0035289093 	0.03669711 	-0.019817936 	0.62593591
0.0035557043 	0.038321223 	-0.017956502 	0.61716319
0.0035821293 	0.037897627 	-0.014836781 	0.60855319
0.0036081894 	0.035609904 	-0.010898869 	0.59981502
0.0036338895 	0.031857023 	-0.0064349897 	0.58988802
0.0036592348 	0.027205853 	-0.0015440538 	0.57700601
0.00368423 	0.022296623 	0.0037830695 	0.5593519
0.00370888 	0.017619593 	0.0095546249 	0.5357241
0.0037331896 	0.013454875 	0.015611078 	0.5058342
0.0037571635 	0.0099179993 	0.021517352 	0.47011338
0.0037808063 	0.0070294456 	0.026655816 	0.42934036
0.0038041226 	0.004758213 	0.030448058 	0.38442387
0.0038271169 	0.0030446332 	0.032529048 	0.33641641
0.0038497936 	0.0018094867 	0.032770762 	0.28660202
0.0038721572 	0.00096350524 	0.031208291 	0.23647164
0.0038942119 	0.00041858744 	0.027970697 	0.18751573
0.003915962 	9.6971222e-05 	0.023265142 	0.14093772
0.0039374118 	-5.7309135e-05 	0.017397744 	0.097391827
0.0039585653 	-8.0734979e-05 	0.010767528 	0.056845055
0.0039794267 	-2.653458e-05 	0.0037383651 	0.018608361
0.004 	-2.653458e-05 	0.0037383651 	0.018608361
