0 	0.041350599 	0.037178133 	1.0546754
5.5555556e-05 	0.011809589 	-0.032522566 	1.0361238
0.00011111111 	0.0087475702 	-0.022241275 	1.0277453
0.00016666667 	0.0090491048 	-0.013069457 	1.0188557
0.00022222222 	0.0098709041 	-0.0060623666 	1.00904
0.00027777778 	0.010288675 	-0.0011445141 	0.99833163
0.00033333333 	0.010004437 	0.0021752261 	0.98710531
0.00038888889 	0.0089746956 	0.0045831745 	0.97595367
0.00044444444 	0.0073434948 	0.0068727323 	0.96547615
0.0005 	0.0053874873 	0.0098536346 	0.95600783
0.00055555556 	0.0035044289 	0.014143183 	0.94755523
0.00061111111 	0.0021600306 	0.019740924 	0.94003929
0.00066666667 	0.0017402151 	0.025553619 	0.93379944
0.00072222222 	0.0024237651 	0.029579917 	0.92958391
0.00077777778 	0.0041675433 	0.030381737 	0.92764783
0.00083333333 	0.0066348472 	0.028656122 	0.92716559
0.00088888889 	0.0092504423 	0.026770365 	0.92722563
0.00094444444 	0.011568128 	0.026953603 	0.92780892
0.001 	0.013595176 	0.030136305 	0.92955504
0.0010617224 	0.01506996 	0.035831968 	0.93270432
0.0011225923 	0.015782602 	0.041982639 	0.93580127
0.0011826215 	0.015526512 	0.04741635 	0.93697145
0.0012418217 	0.014146342 	0.052099299 	0.9355652
0.0013002041 	0.011687233 	0.056510054 	0.93334378
0.0013577803 	0.008473763 	0.060998306 	0.93318446
0.0014145612 	0.0050567107 	0.065477071 	0.93622263
0.0014705579 	0.0019458355 	0.069249287 	0.94063058
0.0015257812 	-0.00063707923 	0.071734559 	0.94300458
0.0015802418 	-0.0025771913 	0.073636032 	0.94062231
0.0016339502 	-0.0036946635 	0.076732359 	0.9331146
0.0016869168 	-0.0039245345 	0.082042886 	0.92247122
0.0017391518 	-0.0034887701 	0.088697032 	0.9113998
0.0017906654 	-0.0027952567 	0.094625399 	0.9021422
0.0018414676 	-0.0021657419 	0.097933087 	0.89620941
0.0018915681 	-0.0016611724 	0.097673629 	0.89412359
0.0019409766 	-0.0010907022 	0.093953824 	0.89542271
0.0019897027 	-0.00021401234 	0.087777688 	0.89913784
0.0020377558 	0.0010167531 	0.080683955 	0.90436674
0.0020851453 	0.0024467427 	0.074158447 	0.91060722
0.0021318802 	0.0038654777 	0.069119782 	0.9176958
0.0021779697 	0.0051491906 	0.065755896 	0.92550343
0.0022234225 	0.0063579867 	0.063706858 	0.9336431
0.0022682477 	0.0076978556 	0.062285581 	0.94143617
0.0023124537 	0.0094442568 	0.060632722 	0.94815655
0.0023560491 	0.011814643 	0.057854723 	0.953352
0.0023990425 	0.014873416 	0.053208105 	0.95700911
0.002441442 	0.018525593 	0.046252435 	0.95943956
0.002483256 	0.022570665 	0.036843799 	0.96103164
0.0025244924 	0.026787615 	0.025085047 	0.9621089
0.0025651593 	0.030948987 	0.011284943 	0.96296551
0.0026052645 	0.034793202 	-0.0040434629 	0.96394946
0.0026448158 	0.038070765 	-0.020136277 	0.96539499
0.0026838209 	0.040609813 	-0.036089002 	0.96741744
0.0027222872 	0.042343529 	-0.050944664 	0.96961539
0.0027602223 	0.043326589 	-0.06390196 	0.97088489
0.0027976334 	0.043701527 	-0.074521662 	0.96961929
0.0028345278 	0.043596299 	-0.082812487 	0.96428611
0.0028709126 	0.043028525 	-0.089049671 	0.9541365
0.002906795 	0.041871181 	-0.093289911 	0.9395482
0.0029421817 	0.039945482 	-0.094777977 	0.92144729
0.0029770797 	0.037160609 	-0.091689994 	0.90000028
0.0030114957 	0.033462138 	-0.081917591 	0.8742749
0.0030454363 	0.028565027 	-0.065250795 	0.84451493
0.0030789082 	0.022026317 	-0.045232866 	0.81482088
0.0031119178 	0.014045298 	-0.027307885 	0.79175454
0.0031444715 	0.0060369513 	-0.014468218 	0.78027894
0.0031765755 	-0.00041024928 	-0.0060980019 	0.78172064
0.0032082362 	-0.0047289736 	-0.00034187214 	0.79405684
0.0032394596 	-0.0073955698 	0.0042693729 	0.81301809
0.0032702517 	-0.0092558395 	0.0088199576 	0.83377109
0.0033006186 	-0.010753955 	0.014079818 	0.85211822
0.003330566 	-0.011727261 	0.020205728 	0.86487536
0.0033600998 	-0.01165991 	0.026530189 	0.86982641
0.0033892257 	-0.010080525 	0.031967571 	0.86577481
0.0034179494 	-0.0069513239 	0.035781243 	0.85297399
0.0034462763 	-0.0026813674 	0.038106984 	0.83339181
0.003474212 	0.0019722745 	0.039812558 	0.81009301
0.0035017619 	0.0061499424 	0.041802926 	0.78576078
0.0035289312 	0.0093051492 	0.044384358 	0.76151123
0.0035557253 	0.011199724 	0.047420627 	0.73714508
0.0035821494 	0.01169509 	0.051012279 	0.71238811
0.0036082084 	0.010628312 	0.055937279 	0.68754709
0.0036339076 	0.0079066283 	0.063206595 	0.66278587
0.0036592518 	0.003786348 	0.073076282 	0.63700761
0.003684246 	-0.001040136 	0.08436929 	0.60774159
0.003708895 	-0.0055744294 	0.094737772 	0.57225905
0.0037332035 	-0.0087524763 	0.10170251 	0.5289512
0.0037571763 	-0.0098860156 	0.10366817 	0.47806918
0.003780818 	-0.0089989947 	0.10037383 	0.42181698
0.0038041332 	-0.0067925382 	0.0928338 	0.36381249
0.0038271264 	-0.0042449501 	0.082860361 	0.30773198
0.0038498019 	-0.0021355552 	0.072277183 	0.25580931
0.0038721643 	-0.00080355575 	0.062248315 	0.20836639
0.0038942179 	-0.00020404571 	0.053063024 	0.16452683
0.0039159668 	-8.057515e-05 	0.044289848 	0.12328171
0.0039374154 	-0.00014207511 	0.03502327 	0.084203383
0.0039585677 	-0.00017127721 	0.024032225 	0.047628175
0.0039794279 	-5.7377938e-05 	0.0097639868 	0.014444896
0.004 	-5.7377938e-05 	0.0097639868 	0.014444896
