0 	0.0034667402 	0.031943421 	1.0344129
5.5555556e-05 	-0.0384016 	-0.012471469 	1.0396735
0.00011111111 	-0.04059539 	-0.016524134 	1.0405872
0.00016666667 	-0.043116123 	-0.017455361 	1.0407676
0.00022222222 	-0.045114994 	-0.017074181 	1.0407272
0.00027777778 	-0.04612432 	-0.016141845 	1.0407848
0.00033333333 	-0.045943371 	-0.015076696 	1.0409349
0.00038888889 	-0.044594979 	-0.014090003 	1.0409505
0.00044444444 	-0.042233355 	-0.013256732 	1.0405837
0.0005 	-0.03904939 	-0.012597942 	1.0397064
0.00055555556 	-0.035254942 	-0.012112427 	1.0383975
0.00061111111 	-0.03105069 	-0.011781277 	1.0368887
0.00066666667 	-0.026572369 	-0.011566851 	1.035481
0.00072222222 	-0.021909541 	-0.011406788 	1.0344347
0.00077777778 	-0.017129474 	-0.01122775 	1.0338971
0.00083333333 	-0.012304507 	-0.010950543 	1.0338782
0.00088888889 	-0.0074813811 	-0.010563064 	1.0342592
0.00094444444 	-0.0028396337 	-0.0099572774 	1.0348532
0.001 	0.0017394523 	-0.0092326987 	1.0356311
0.0010617451 	0.0059527767 	-0.0080603344 	1.0363341
0.0011226367 	0.0093824617 	-0.0065366985 	1.0365684
0.0011826866 	0.011961401 	-0.0046097947 	1.0361318
0.0012419064 	0.013894932 	-0.0023409817 	1.0348599
0.0013003077 	0.01550254 	0.00015721694 	1.0325683
0.0013579017 	0.017145175 	0.0027200772 	1.0291084
0.0014146996 	0.019108783 	0.0051480309 	1.024433
0.0014707124 	0.021523564 	0.0072266343 	1.0186478
0.0015259509 	0.0243301 	0.0087117618 	1.0120012
0.001580426 	0.027288487 	0.0093235853 	1.0048188
0.001634148 	0.029995578 	0.0087311695 	0.99747117
0.0016871274 	0.031909536 	0.0065594988 	0.99041401
0.0017393745 	0.032469158 	0.0024611264 	0.98413981
0.0017908994 	0.031246982 	-0.0036363535 	0.97894943
0.0018417121 	0.028104902 	-0.011052871 	0.97468764
0.0018918224 	0.023367527 	-0.018058784 	0.97088751
0.0019412401 	0.017703495 	-0.022256135 	0.9672396
0.0019899746 	0.011997478 	-0.021394601 	0.96364656
0.0020380356 	0.0073530164 	-0.014415305 	0.95970689
0.0020854322 	0.0046870325 	-0.0020753918 	0.95446113
0.0021321736 	0.0042927489 	0.013432428 	0.94679248
0.002178269 	0.0056224571 	0.029256847 	0.93620613
0.0022237272 	0.0077978234 	0.042372494 	0.92346563
0.002268557 	0.010186767 	0.05037004 	0.90971414
0.0023127672 	0.012645458 	0.05263263 	0.89537519
0.0023563662 	0.015138798 	0.050434511 	0.88058669
0.0023993626 	0.017618518 	0.04558956 	0.86597595
0.0024417647 	0.020394121 	0.039568604 	0.85243318
0.0024835806 	0.023656496 	0.03336237 	0.84042927
0.0025248186 	0.027414612 	0.027523218 	0.83011705
0.0025654865 	0.031495456 	0.022286087 	0.82135133
0.0026055923 	0.035509885 	0.017688339 	0.81394755
0.0026451437 	0.038926505 	0.013720843 	0.80776551
0.0026841484 	0.041309527 	0.010432087 	0.80261464
0.002722614 	0.042399256 	0.0079922087 	0.79806946
0.0027605478 	0.042141781 	0.0067547941 	0.79349115
0.0027979573 	0.040586397 	0.0071764353 	0.78829575
0.0028348498 	0.037877402 	0.009684925 	0.78248779
0.0028712322 	0.034200475 	0.014446281 	0.7772676
0.0029071118 	0.029604646 	0.020902953 	0.77500896
0.0029424953 	0.02422051 	0.027587455 	0.77827677
0.0029773898 	0.018387012 	0.032495867 	0.7880572
0.003011802 	0.012504891 	0.033803193 	0.80266429
0.0030457385 	0.0069307673 	0.030479933 	0.81861637
0.0030792059 	0.0019461603 	0.02252251 	0.83278251
0.0031122107 	-0.0022725837 	0.010820096 	0.84391178
0.0031447592 	-0.0057333116 	-0.0031675925 	0.85248837
0.0031768579 	-0.0085283476 	-0.017843596 	0.85967422
0.0032085129 	-0.010670322 	-0.031796835 	0.86641079
0.0032397303 	-0.012313583 	-0.043999686 	0.8732028
0.0032705162 	-0.013568949 	-0.053852883 	0.88016621
0.0033008765 	-0.014561222 	-0.061162844 	0.88717369
0.0033308172 	-0.01541532 	-0.066093966 	0.89392703
0.0033603441 	-0.016227795 	-0.069118166 	0.89991821
0.0033894627 	-0.0170537 	-0.070911676 	0.90431989
0.0034181789 	-0.017892371 	-0.072180988 	0.90591281
0.0034464982 	-0.018677414 	-0.073382674 	0.90320785
0.003474426 	-0.019284775 	-0.07443416 	0.89486992
0.0035019678 	-0.019564363 	-0.074632542 	0.8802523
0.0035291288 	-0.019409089 	-0.072976439 	0.85960487
0.0035559144 	-0.018811133 	-0.068823929 	0.83362203
0.0035823298 	-0.017834289 	-0.062528239 	0.80247926
0.0036083801 	-0.016502416 	-0.055551887 	0.76508283
0.0036340702 	-0.014734302 	-0.049729257 	0.71947806
0.0036594053 	-0.012443135 	-0.046026343 	0.66461039
0.0036843901 	-0.0097135433 	-0.043860818 	0.6021231
0.0037090296 	-0.0068433518 	-0.041685665 	0.53637921
0.0037333285 	-0.0041973251 	-0.03823946 	0.4725148
0.0037572915 	-0.0020328985 	-0.033293218 	0.41421651
0.0037809233 	-0.00043464895 	-0.02749391 	0.36279311
0.0038042285 	0.00060748453 	-0.021767595 	0.31761345
0.0038272115 	0.0011844394 	-0.016843473 	0.27707564
0.0038498768 	0.001420558 	-0.013072301 	0.23940965
0.0038722288 	0.0014048671 	-0.01045621 	0.20311679
0.0038942718 	0.0012180228 	-0.0087531318 	0.16711999
0.0039160102 	0.00092725787 	-0.0075703696 	0.1307675
0.003937448 	0.00059119717 	-0.0064242931 	0.093785792
0.0039585896 	0.00027270535 	-0.0047815912 	0.056240023
0.0039794389 	4.220623e-05 	-0.0021070585 	0.018556988
0.004 	1.8887417e-06 	-0.0018883676 	0.015459996
