0 	0.009849762 	-0.058408356 	0.98782295
2.0100503e-05 	0.058593875 	0.0087389885 	0.99344319
4.0201005e-05 	0.058593875 	0.0087389885 	0.99344319
6.0301508e-05 	0.049006209 	0.032349453 	1.0001263
8.040201e-05 	0.049006209 	0.032349453 	1.0001263
0.00010050251 	0.049006209 	0.032349453 	1.0001263
0.00012060302 	0.045125056 	0.035802893 	1.0073541
0.00014070352 	0.045125056 	0.035802893 	1.0073541
0.00016080402 	0.045125056 	0.035802893 	1.0073541
0.00018090452 	0.043434306 	0.035240927 	1.0146888
0.00020100503 	0.043434306 	0.035240927 	1.0146888
0.00022110553 	0.043434306 	0.035240927 	1.0146888
0.00024120603 	0.042388072 	0.033129443 	1.0217306
0.00026130653 	0.042388072 	0.033129443 	1.0217306
0.00028140704 	0.041340012 	0.030332165 	1.0281081
0.00030150754 	0.041340012 	0.030332165 	1.0281081
0.00032160804 	0.041340012 	0.030332165 	1.0281081
0.00034170854 	0.039914999 	0.027338166 	1.0335124
0.00036180905 	0.039914999 	0.027338166 	1.0335124
0.00038190955 	0.039914999 	0.027338166 	1.0335124
0.00040201005 	0.037865583 	0.024478693 	1.0377505
0.00042211055 	0.037865583 	0.024478693 	1.0377505
0.00044221106 	0.037865583 	0.024478693 	1.0377505
0.00046231156 	0.035031745 	0.021921744 	1.0407723
0.00048241206 	0.035031745 	0.021921744 	1.0407723
0.00050251256 	0.031337332 	0.019641223 	1.0426524
0.00052261307 	0.031337332 	0.019641223 	1.0426524
0.00054271357 	0.031337332 	0.019641223 	1.0426524
0.00056281407 	0.026804709 	0.017368338 	1.0435252
0.00058291457 	0.026804709 	0.017368338 	1.0435252
0.00060301508 	0.026804709 	0.017368338 	1.0435252
0.00062311558 	0.02160143 	0.014654959 	1.0434203
0.00064321608 	0.02160143 	0.014654959 	1.0434203
0.00066331658 	0.02160143 	0.014654959 	1.0434203
0.00068341709 	0.016047657 	0.011110188 	1.0420903
0.00070351759 	0.016047657 	0.011110188 	1.0420903
0.00072361809 	0.010568814 	0.006766181 	1.0392478
0.00074371859 	0.010568814 	0.006766181 	1.0392478
0.0007638191 	0.010568814 	0.006766181 	1.0392478
0.0007839196 	0.0055589134 	0.0022786341 	1.0352241
0.0008040201 	0.0055589134 	0.0022786341 	1.0352241
0.0008241206 	0.0055589134 	0.0022786341 	1.0352241
0.00084422111 	0.0013276851 	-0.0012348418 	1.0312642
0.00086432161 	0.0013276851 	-0.0012348418 	1.0312642
0.00088442211 	0.0013276851 	-0.0012348418 	1.0312642
0.00090452261 	-0.0018587607 	-0.0026974978 	1.0288231
0.00092462312 	-0.0018587607 	-0.0026974978 	1.0288231
0.00094472362 	-0.0038720154 	-0.0014844401 	1.0284429
0.00096482412 	-0.0038720154 	-0.0014844401 	1.0284429
0.00098492462 	-0.0038720154 	-0.0014844401 	1.0284429
0.0010050251 	-0.0055671641 	0.0043089813 	1.0286059
0.0010251256 	-0.0055671641 	0.0043089813 	1.0286059
0.0010452261 	-0.0055671641 	0.0043089813 	1.0286059
0.0010653266 	-0.002989316 	0.013789701 	1.0251484
0.0010854271 	-0.002989316 	0.013789701 	1.0251484
0.0011055276 	-0.002989316 	0.013789701 	1.0251484
0.0011256281 	0.0024291759 	0.026507076 	1.0175373
0.0011457286 	0.0024291759 	0.026507076 	1.0175373
0.0011658291 	0.0024291759 	0.026507076 	1.0175373
0.0011859296 	0.010922856 	0.041229717 	1.0059939
0.0012060302 	0.010922856 	0.041229717 	1.0059939
0.0012261307 	0.010922856 	0.041229717 	1.0059939
0.0012462312 	0.021440651 	0.055363848 	0.99290454
0.0012663317 	0.021440651 	0.055363848 	0.99290454
0.0012864322 	0.021440651 	0.055363848 	0.99290454
0.0013065327 	0.032138222 	0.06609067 	0.9819128
0.0013266332 	0.032138222 	0.06609067 	0.9819128
0.0013467337 	0.032138222 	0.06609067 	0.9819128
0.0013668342 	0.041521819 	0.071828205 	0.97537169
0.0013869347 	0.041521819 	0.071828205 	0.97537169
0.0014070352 	0.041521819 	0.071828205 	0.97537169
0.0014271357 	0.048603577 	0.07242892 	0.97349156
0.0014472362 	0.048603577 	0.07242892 	0.97349156
0.0014673367 	0.048603577 	0.07242892 	0.97349156
0.0014874372 	0.052788483 	0.068583982 	0.97533763
0.0015075377 	0.052788483 	0.068583982 	0.97533763
0.0015276382 	0.053750197 	0.061407961 	0.9799205
0.0015477387 	0.053750197 	0.061407961 	0.9799205
0.0015678392 	0.053750197 	0.061407961 	0.9799205
0.0015879397 	0.051603735 	0.05222416 	0.98659906
0.0016080402 	0.051603735 	0.05222416 	0.98659906
0.0016281407 	0.051603735 	0.05222416 	0.98659906
0.0016482412 	0.046813028 	0.042322113 	0.99479002
0.0016683417 	0.046813028 	0.042322113 	0.99479002
0.0016884422 	0.040015326 	0.032870311 	1.0036385
0.0017085427 	0.040015326 	0.032870311 	1.0036385
0.0017286432 	0.040015326 	0.032870311 	1.0036385
0.0017487437 	0.031986244 	0.024719753 	1.0117135
0.0017688442 	0.031986244 	0.024719753 	1.0117135
0.0017889447 	0.031986244 	0.024719753 	1.0117135
0.0018090452 	0.02350304 	0.017860076 	1.0168144
0.0018291457 	0.02350304 	0.017860076 	1.0168144
0.0018492462 	0.015126834 	0.011483089 	1.0169142
0.0018693467 	0.015126834 	0.011483089 	1.0169142
0.0018894472 	0.015126834 	0.011483089 	1.0169142
0.0019095477 	0.0071848759 	0.0047201434 	1.0119134
0.0019296482 	0.0071848759 	0.0047201434 	1.0119134
0.0019497487 	0.000295862 	-0.002273315 	1.0039426
0.0019698492 	0.000295862 	-0.002273315 	1.0039426
0.0019899497 	0.000295862 	-0.002273315 	1.0039426
0.0020100503 	-0.004897753 	-0.0086823278 	0.99566331
0.0020301508 	-0.004897753 	-0.0086823278 	0.99566331
0.0020502513 	-0.0082337778 	-0.013754541 	0.98843525
0.0020703518 	-0.0082337778 	-0.013754541 	0.98843525
0.0020904523 	-0.010073116 	-0.017615317 	0.98215585
0.0021105528 	-0.010073116 	-0.017615317 	0.98215585
0.0021306533 	-0.010073116 	-0.017615317 	0.98215585
0.0021507538 	-0.010798288 	-0.021096063 	0.9761716
0.0021708543 	-0.010798288 	-0.021096063 	0.9761716
0.0021909548 	-0.010618073 	-0.024928486 	0.97010231
0.0022110553 	-0.010618073 	-0.024928486 	0.97010231
0.0022311558 	-0.0095652299 	-0.029284463 	0.96395971
0.0022512563 	-0.0095652299 	-0.029284463 	0.96395971
0.0022713568 	-0.007560869 	-0.033809598 	0.95786053
0.0022914573 	-0.007560869 	-0.033809598 	0.95786053
0.0023115578 	-0.007560869 	-0.033809598 	0.95786053
0.0023316583 	-0.0046043619 	-0.037933729 	0.95195529
0.0023517588 	-0.0046043619 	-0.037933729 	0.95195529
0.0023718593 	-0.00085902937 	-0.041279253 	0.94633957
0.0023919598 	-0.00085902937 	-0.041279253 	0.94633957
0.0024120603 	0.0033318817 	-0.043838974 	0.94103052
0.0024321608 	0.0033318817 	-0.043838974 	0.94103052
0.0024522613 	0.007569673 	-0.045922706 	0.93600518
0.0024723618 	0.007569673 	-0.045922706 	0.93600518
0.0024924623 	0.011520565 	-0.047887049 	0.93122021
0.0025125628 	0.011520565 	-0.047887049 	0.93122021
0.0025326633 	0.014928901 	-0.049999212 	0.92670228
0.0025527638 	0.014928901 	-0.049999212 	0.92670228
0.0025728643 	0.017648797 	-0.052450265 	0.92253397
0.0025929648 	0.017648797 	-0.052450265 	0.92253397
0.0026130653 	0.019640351 	-0.055410602 	0.91875306
0.0026331658 	0.019640351 	-0.055410602 	0.91875306
0.0026532663 	0.020965138 	-0.059036049 	0.91525861
0.0026733668 	0.020965138 	-0.059036049 	0.91525861
0.0026934673 	0.021802285 	-0.063427317 	0.91176664
0.0027135678 	0.021802285 	-0.063427317 	0.91176664
0.0027336683 	0.022398397 	-0.068509439 	0.9078112
0.0027537688 	0.022398397 	-0.068509439 	0.9078112
0.0027738693 	0.022995095 	-0.073944435 	0.90288154
0.0027939698 	0.022995095 	-0.073944435 	0.90288154
0.0028140704 	0.023742187 	-0.079054043 	0.89661987
0.0028341709 	0.023742187 	-0.079054043 	0.89661987
0.0028542714 	0.024596979 	-0.082909784 	0.889087
0.0028743719 	0.025310247 	-0.084576385 	0.88086484
0.0028944724 	0.025310247 	-0.084576385 	0.88086484
0.0029145729 	0.025522777 	-0.083470562 	0.87288296
0.0029346734 	0.025522777 	-0.083470562 	0.87288296
0.0029547739 	0.024926337 	-0.079551941 	0.86605025
0.0029748744 	0.024926337 	-0.079551941 	0.86605025
0.0029949749 	0.023364688 	-0.073270756 	0.86094733
0.0030150754 	0.020860587 	-0.065366986 	0.85772609
0.0030351759 	0.020860587 	-0.065366986 	0.85772609
0.0030552764 	0.017588578 	-0.056642322 	0.85618744
0.0030753769 	0.017588578 	-0.056642322 	0.85618744
0.0030954774 	0.013828631 	-0.047776859 	0.85590969
0.0031155779 	0.0099212342 	-0.039211964 	0.85634154
0.0031356784 	0.0099212342 	-0.039211964 	0.85634154
0.0031557789 	0.0062232405 	-0.031130024 	0.85684688
0.0031758794 	0.0062232405 	-0.031130024 	0.85684688
0.0031959799 	0.0030673927 	-0.023547662 	0.85672635
0.0032160804 	0.00071851327 	-0.016498323 	0.85525515
0.0032361809 	0.00071851327 	-0.016498323 	0.85525515
0.0032562814 	-0.00066697551 	-0.010193878 	0.85179676
0.0032763819 	-0.0010781687 	-0.0050248876 	0.84603376
0.0032964824 	-0.0010781687 	-0.0050248876 	0.84603376
0.0033165829 	-0.00066337714 	-0.0013467797 	0.83827592
0.0033366834 	0.00025877605 	0.00080551951 	0.82962962
0.0033567839 	0.00025877605 	0.00080551951 	0.82962962
0.0033768844 	0.0012564534 	0.0018227065 	0.82174535
0.0033969849 	0.0019581001 	0.0023580071 	0.81605215
0.0034170854 	0.0019581001 	0.0023580071 	0.81605215
0.0034371859 	0.0021757924 	0.0030527753 	0.81301976
0.0034572864 	0.001914942 	0.0043890558 	0.81201472
0.0034773869 	0.0013051015 	0.0067016799 	0.81173646
0.0034974874 	0.0013051015 	0.0067016799 	0.81173646
0.0035175879 	0.00053836712 	0.010258325 	0.81080558
0.0035376884 	-0.00024012396 	0.01531732 	0.80796956
0.0035577889 	-0.00091581183 	0.022095642 	0.8019501
0.0035778894 	-0.00091581183 	0.022095642 	0.8019501
0.0035979899 	-0.001292198 	0.030702216 	0.79110151
0.0036180905 	-0.0011463827 	0.040943498 	0.77329054
0.003638191 	-0.00032712653 	0.052037524 	0.74636067
0.0036582915 	-0.00032712653 	0.052037524 	0.74636067
0.003678392 	0.0011035411 	0.062465912 	0.70919256
0.0036984925 	0.0027497289 	0.070133107 	0.66281399
0.003718593 	0.0039657314 	0.073008964 	0.61048871
0.0037386935 	0.0041807355 	0.069946236 	0.55633319
0.003758794 	0.0032261761 	0.061193275 	0.50343063
0.0037788945 	0.0032261761 	0.061193275 	0.50343063
0.003798995 	0.0013930292 	0.048347878 	0.452837
0.0038190955 	-0.00074796593 	0.033836769 	0.40390111
0.003839196 	-0.0026397353 	0.020132594 	0.35531602
0.0038592965 	-0.0039121615 	0.0090438375 	0.30615654
0.003879397 	-0.0044111907 	0.0014030298 	0.25635781
0.0038994975 	-0.0041695928 	-0.0028078742 	0.20659522
0.003919598 	-0.0033448989 	-0.0041244866 	0.15784564
0.0039396985 	-0.0021827497 	-0.0033291729 	0.11092878
0.003959799 	-0.0010001946 	-0.0013926332 	0.066076645
0.0039798995 	-0.00014321678 	0.00034502844 	0.022481769
0.004 	-0.00014321678 	0.00034502844 	0.022481769
