0 	0.0034667402 	0.031943421 	1.0344129
2.0100503e-05 	0.0034667402 	0.031943421 	1.0344129
4.0201005e-05 	0.0034667402 	0.031943421 	1.0344129
6.0301508e-05 	-0.012374609 	0.028599584 	1.0413376
8.040201e-05 	-0.012374609 	0.028599584 	1.0413376
0.00010050251 	-0.012374609 	0.028599584 	1.0413376
0.00012060302 	-0.016798011 	0.026394099 	1.0474783
0.00014070352 	-0.016798011 	0.026394099 	1.0474783
0.00016080402 	-0.016798011 	0.026394099 	1.0474783
0.00018090452 	-0.019400851 	0.025374129 	1.05219
0.00020100503 	-0.019400851 	0.025374129 	1.05219
0.00022110553 	-0.028103982 	0.020997173 	1.0547497
0.00024120603 	-0.02872386 	0.020097484 	1.0569461
0.00026130653 	-0.02872386 	0.020097484 	1.0569461
0.00028140704 	-0.023998929 	0.021888516 	1.0545645
0.00030150754 	-0.023998929 	0.021888516 	1.0545645
0.00032160804 	-0.023998929 	0.021888516 	1.0545645
0.00034170854 	-0.03070121 	0.013527539 	1.0521376
0.00036180905 	-0.03070121 	0.013527539 	1.0521376
0.00038190955 	-0.03070121 	0.013527539 	1.0521376
0.00040201005 	-0.0312357 	0.0091130281 	1.0456571
0.00042211055 	-0.0312357 	0.0091130281 	1.0456571
0.00044221106 	-0.0312357 	0.0091130281 	1.0456571
0.00046231156 	-0.030867562 	0.0056661135 	1.0381065
0.00048241206 	-0.030867562 	0.0056661135 	1.0381065
0.00050251256 	-0.02925306 	0.0042764753 	1.0312158
0.00052261307 	-0.02925306 	0.0042764753 	1.0312158
0.00054271357 	-0.02925306 	0.0042764753 	1.0312158
0.00056281407 	-0.02625658 	0.0052982741 	1.0265337
0.00058291457 	-0.02625658 	0.0052982741 	1.0265337
0.00060301508 	-0.02625658 	0.0052982741 	1.0265337
0.00062311558 	-0.021903402 	0.0082778864 	1.0250468
0.00064321608 	-0.021903402 	0.0082778864 	1.0250468
0.00066331658 	-0.021903402 	0.0082778864 	1.0250468
0.00068341709 	-0.016330667 	0.012022174 	1.0271407
0.00070351759 	-0.016330667 	0.012022174 	1.0271407
0.00072361809 	-0.0075205724 	0.019999775 	1.0314697
0.00074371859 	-0.0075205724 	0.019999775 	1.0314697
0.0007638191 	-0.0075205724 	0.019999775 	1.0314697
0.0007839196 	-0.0016498166 	0.020985531 	1.0397619
0.0008040201 	-0.0016498166 	0.020985531 	1.0397619
0.0008241206 	-0.0016498166 	0.020985531 	1.0397619
0.00084422111 	0.0033371217 	0.021659476 	1.0494266
0.00086432161 	0.0033371217 	0.021659476 	1.0494266
0.00088442211 	0.0024091751 	0.018838978 	1.051105
0.00090452261 	0.0069314844 	0.020847256 	1.0600256
0.00092462312 	0.0069314844 	0.020847256 	1.0600256
0.00094472362 	0.010239681 	0.02350981 	1.0667573
0.00096482412 	0.010239681 	0.02350981 	1.0667573
0.00098492462 	0.010239681 	0.02350981 	1.0667573
0.0010050251 	0.012353349 	0.026355556 	1.0707952
0.0010251256 	0.012353349 	0.026355556 	1.0707952
0.0010452261 	0.012353349 	0.026355556 	1.0707952
0.0010653266 	0.013046516 	0.028087263 	1.071106
0.0010854271 	0.013046516 	0.028087263 	1.071106
0.0011055276 	0.013046516 	0.028087263 	1.071106
0.0011256281 	0.012389156 	0.027473394 	1.0682798
0.0011457286 	0.012389156 	0.027473394 	1.0682798
0.0011658291 	0.012389156 	0.027473394 	1.0682798
0.0011859296 	0.010655324 	0.024473311 	1.0635159
0.0012060302 	0.010655324 	0.024473311 	1.0635159
0.0012261307 	0.010655324 	0.024473311 	1.0635159
0.0012462312 	0.0079550548 	0.020065628 	1.0570583
0.0012663317 	0.0079550548 	0.020065628 	1.0570583
0.0012864322 	0.0079550548 	0.020065628 	1.0570583
0.0013065327 	0.0041392396 	0.015481036 	1.048337
0.0013266332 	0.0041392396 	0.015481036 	1.048337
0.0013467337 	0.0041392396 	0.015481036 	1.048337
0.0013668342 	-0.0010528323 	0.01156819 	1.0374663
0.0013869347 	-0.0010528323 	0.01156819 	1.0374663
0.0014070352 	-0.0010528323 	0.01156819 	1.0374663
0.0014271357 	-0.0076625758 	0.0087679983 	1.0260703
0.0014472362 	-0.0076625758 	0.0087679983 	1.0260703
0.0014673367 	-0.0076625758 	0.0087679983 	1.0260703
0.0014874372 	-0.015529112 	0.0069728517 	1.0159245
0.0015075377 	-0.015529112 	0.0069728517 	1.0159245
0.0015276382 	-0.024383088 	0.0055781559 	1.0076635
0.0015477387 	-0.024383088 	0.0055781559 	1.0076635
0.0015678392 	-0.024383088 	0.0055781559 	1.0076635
0.0015879397 	-0.033861047 	0.0036055897 	1.0011547
0.0016080402 	-0.033861047 	0.0036055897 	1.0011547
0.0016281407 	-0.033861047 	0.0036055897 	1.0011547
0.0016482412 	-0.04371323 	0.00037961877 	0.99621116
0.0016683417 	-0.04371323 	0.00037961877 	0.99621116
0.0016884422 	-0.053744062 	-0.0042985466 	0.99270848
0.0017085427 	-0.053744062 	-0.0042985466 	0.99270848
0.0017286432 	-0.053744062 	-0.0042985466 	0.99270848
0.0017487437 	-0.063626585 	-0.010224327 	0.99026452
0.0017688442 	-0.063626585 	-0.010224327 	0.99026452
0.0017889447 	-0.063626585 	-0.010224327 	0.99026452
0.0018090452 	-0.072955169 	-0.017049985 	0.98823637
0.0018291457 	-0.072955169 	-0.017049985 	0.98823637
0.0018492462 	-0.081377572 	-0.024337469 	0.98604802
0.0018693467 	-0.081377572 	-0.024337469 	0.98604802
0.0018894472 	-0.081377572 	-0.024337469 	0.98604802
0.0019095477 	-0.08864182 	-0.03159967 	0.98337624
0.0019296482 	-0.08864182 	-0.03159967 	0.98337624
0.0019497487 	-0.094590012 	-0.03835176 	0.98012885
0.0019698492 	-0.094590012 	-0.03835176 	0.98012885
0.0019899497 	-0.09914071 	-0.044189404 	0.97632277
0.0020100503 	-0.09914071 	-0.044189404 	0.97632277
0.0020301508 	-0.09914071 	-0.044189404 	0.97632277
0.0020502513 	-0.10228013 	-0.048835321 	0.97203903
0.0020703518 	-0.10228013 	-0.048835321 	0.97203903
0.0020904523 	-0.104044 	-0.052146808 	0.96738895
0.0021105528 	-0.104044 	-0.052146808 	0.96738895
0.0021306533 	-0.104044 	-0.052146808 	0.96738895
0.0021507538 	-0.10449733 	-0.054090696 	0.96246702
0.0021708543 	-0.10449733 	-0.054090696 	0.96246702
0.0021909548 	-0.1037134 	-0.054693034 	0.95732607
0.0022110553 	-0.1037134 	-0.054693034 	0.95732607
0.0022311558 	-0.10173909 	-0.054007967 	0.95199758
0.0022512563 	-0.10173909 	-0.054007967 	0.95199758
0.0022713568 	-0.09858272 	-0.052102953 	0.9465556
0.0022914573 	-0.09858272 	-0.052102953 	0.9465556
0.0023115578 	-0.09858272 	-0.052102953 	0.9465556
0.0023316583 	-0.094208339 	-0.049057831 	0.94118801
0.0023517588 	-0.094208339 	-0.049057831 	0.94118801
0.0023718593 	-0.088562179 	-0.045017031 	0.93621297
0.0023919598 	-0.088562179 	-0.045017031 	0.93621297
0.0024120603 	-0.081661174 	-0.040227942 	0.93201015
0.0024321608 	-0.081661174 	-0.040227942 	0.93201015
0.0024522613 	-0.073647679 	-0.034995435 	0.92885181
0.0024723618 	-0.073647679 	-0.034995435 	0.92885181
0.0024924623 	-0.064841254 	-0.029751867 	0.92679734
0.0025125628 	-0.064841254 	-0.029751867 	0.92679734
0.0025326633 	-0.055716984 	-0.02496757 	0.92562028
0.0025527638 	-0.055716984 	-0.02496757 	0.92562028
0.0025728643 	-0.04684895 	-0.021132921 	0.92483585
0.0025929648 	-0.04684895 	-0.021132921 	0.92483585
0.0026130653 	-0.038839314 	-0.018705351 	0.9238703
0.0026331658 	-0.038839314 	-0.018705351 	0.9238703
0.0026532663 	-0.032206824 	-0.017960263 	0.9223443
0.0026733668 	-0.032206824 	-0.017960263 	0.9223443
0.0026934673 	-0.027241679 	-0.018838617 	0.92038461
0.0027135678 	-0.027241679 	-0.018838617 	0.92038461
0.0027336683 	-0.023820095 	-0.020948972 	0.9185918
0.0027537688 	-0.023820095 	-0.020948972 	0.9185918
0.0027738693 	-0.021293217 	-0.023941335 	0.91754377
0.0027939698 	-0.021293217 	-0.023941335 	0.91754377
0.0028140704 	-0.018380884 	-0.028116174 	0.91693277
0.0028341709 	-0.018380884 	-0.028116174 	0.91693277
0.0028542714 	-0.013421404 	-0.033748455 	0.91493357
0.0028743719 	-0.005162923 	-0.038697929 	0.90941628
0.0028944724 	-0.005162923 	-0.038697929 	0.90941628
0.0029145729 	0.0060750509 	-0.037426875 	0.90121484
0.0029346734 	0.0060750509 	-0.037426875 	0.90121484
0.0029547739 	0.017790721 	-0.024644913 	0.89548541
0.0029748744 	0.017790721 	-0.024644913 	0.89548541
0.0029949749 	0.026690865 	-7.1625306e-05 	0.89781295
0.0030150754 	0.030620837 	0.031048982 	0.90952296
0.0030351759 	0.030620837 	0.031048982 	0.90952296
0.0030552764 	0.029368654 	0.06127554 	0.92706756
0.0030753769 	0.029368654 	0.06127554 	0.92706756
0.0030954774 	0.024150749 	0.084078429 	0.94434411
0.0031155779 	0.016929219 	0.095904 	0.95567328
0.0031356784 	0.016929219 	0.095904 	0.95567328
0.0031557789 	0.0094236678 	0.096347459 	0.95755804
0.0031758794 	0.0094236678 	0.096347459 	0.95755804
0.0031959799 	0.002907898 	0.087492093 	0.94925258
0.0032160804 	-0.0020572375 	0.072725614 	0.93198213
0.0032361809 	-0.0020572375 	0.072725614 	0.93198213
0.0032562814 	-0.0054285134 	0.055698263 	0.90792199
0.0032763819 	-0.0072431299 	0.039403498 	0.87922683
0.0032964824 	-0.0072431299 	0.039403498 	0.87922683
0.0033165829 	-0.0076132702 	0.025664168 	0.84770978
0.0033366834 	-0.0066154892 	0.015150963 	0.81495801
0.0033567839 	-0.0066154892 	0.015150963 	0.81495801
0.0033768844 	-0.0044145017 	0.0076550328 	0.78240286
0.0033969849 	-0.001299398 	0.0024287393 	0.75127986
0.0034170854 	-0.001299398 	0.0024287393 	0.75127986
0.0034371859 	0.0021859053 	-0.0014971775 	0.7225186
0.0034572864 	0.0055145716 	-0.0050090416 	0.69671736
0.0034773869 	0.008491222 	-0.0087080696 	0.67417549
0.0034974874 	0.008491222 	-0.0087080696 	0.67417549
0.0035175879 	0.010892733 	-0.012883836 	0.65481209
0.0035376884 	0.012519408 	-0.017554975 	0.63819795
0.0035577889 	0.013327888 	-0.022576969 	0.62371543
0.0035778894 	0.013327888 	-0.022576969 	0.62371543
0.0035979899 	0.013295891 	-0.027762855 	0.6105541
0.0036180905 	0.01250998 	-0.032930147 	0.59780182
0.003638191 	0.011008119 	-0.037933367 	0.58453408
0.0036582915 	0.011008119 	-0.037933367 	0.58453408
0.003678392 	0.0088932076 	-0.042672373 	0.56976236
0.0036984925 	0.0064608188 	-0.04710769 	0.5524278
0.003718593 	0.004006535 	-0.051216619 	0.5315005
0.0037386935 	0.0018183592 	-0.054956317 	0.50613833
0.003758794 	0.00013338016 	-0.058222691 	0.47589118
0.0037788945 	0.00013338016 	-0.058222691 	0.47589118
0.003798995 	-0.000921133 	-0.060828507 	0.44087034
0.0038190955 	-0.0013508413 	-0.06251468 	0.40177092
0.003839196 	-0.0012783069 	-0.062999179 	0.35970162
0.0038592965 	-0.00089521834 	-0.062032813 	0.31586885
0.003879397 	-0.00039738951 	-0.059424323 	0.27122953
0.0038994975 	6.5848228e-05 	-0.055000273 	0.22622507
0.003919598 	0.00037115425 	-0.048501819 	0.18066119
0.0039396985 	0.00045685485 	-0.039465661 	0.13371986
0.003959799 	0.00034373775 	-0.027159882 	0.084073247
0.0039798995 	8.5917701e-05 	-0.010677609 	0.030098504
0.004 	8.5917701e-05 	-0.010677609 	0.030098504
