0 	0.069386629 	0.0074812491 	0.98034384
5.5555556e-05 	-0.039010913 	0.065110964 	0.97609194
0.00011111111 	-0.0478885 	0.061224879 	0.97701311
0.00016666667 	-0.052194614 	0.059260567 	0.97984873
0.00022222222 	-0.054810355 	0.058219152 	0.98405144
0.00027777778 	-0.05659397 	0.057956994 	0.98887371
0.00033333333 	-0.057941137 	0.058386219 	0.99366644
0.00038888889 	-0.059090951 	0.059255433 	0.99805655
0.00044444444 	-0.060171215 	0.060227787 	1.0018776
0.0005 	-0.061193786 	0.061027902 	1.0050088
0.00055555556 	-0.062086561 	0.06149163 	1.0073118
0.00061111111 	-0.062754716 	0.061541483 	1.008662
0.00066666667 	-0.063118953 	0.061156826 	1.0090014
0.00072222222 	-0.063125828 	0.060382087 	1.0083705
0.00077777778 	-0.062761627 	0.059327287 	1.006919
0.00083333333 	-0.06201483 	0.058128275 	1.0048742
0.00088888889 	-0.06087332 	0.056885148 	1.0025003
0.00094444444 	-0.059369741 	0.055666828 	1.0000864
0.001 	-0.057302197 	0.054537341 	0.99770662
0.0010617451 	-0.05465364 	0.053429406 	0.9954804
0.0011226367 	-0.051685674 	0.052225392 	0.99366266
0.0011826866 	-0.04844558 	0.050942804 	0.99202523
0.0012419064 	-0.044969737 	0.049441343 	0.99039496
0.0013003077 	-0.041402833 	0.047679864 	0.98859146
0.0013579017 	-0.037826383 	0.045606503 	0.98648822
0.0014146996 	-0.034352932 	0.043185182 	0.98400845
0.0014707124 	-0.031091329 	0.040369712 	0.98112597
0.0015259509 	-0.028171643 	0.037084242 	0.97784706
0.001580426 	-0.025719222 	0.033212612 	0.9741793
0.001634148 	-0.023840409 	0.028616873 	0.97011875
0.0016871274 	-0.022604054 	0.023145218 	0.96564559
0.0017393745 	-0.02199312 	0.016690734 	0.96079137
0.0017908994 	-0.021836097 	0.0092714073 	0.95579353
0.0018417121 	-0.02177537 	0.0012107261 	0.95124946
0.0018918224 	-0.021320935 	-0.0066827544 	0.94812397
0.0019412401 	-0.02012556 	-0.013020208 	0.94739973
0.0019899746 	-0.01812373 	-0.016245138 	0.94943993
0.0020380356 	-0.015522835 	-0.015201709 	0.95351083
0.0020854322 	-0.012732466 	-0.0095425034 	0.95779531
0.0021321736 	-0.010439732 	0.00045784534 	0.95998703
0.002178269 	-0.0091969432 	0.014297119 	0.95815002
0.0022237272 	-0.0094668871 	0.031389732 	0.95182928
0.002268557 	-0.012096489 	0.050948634 	0.94253104
0.0023127672 	-0.017969297 	0.071809776 	0.93152546
0.0023563662 	-0.027201814 	0.091638211 	0.91572841
0.0023993626 	-0.037900159 	0.10539986 	0.88897748
0.0024417647 	-0.046908395 	0.10618513 	0.85094509
0.0024835806 	-0.052350392 	0.091978596 	0.81017181
0.0025248186 	-0.054464174 	0.071909571 	0.77399718
0.0025654865 	-0.05417409 	0.060253633 	0.74278565
0.0026055923 	-0.055122581 	0.059273227 	0.72385031
0.0026451437 	-0.060863508 	0.0607542 	0.72968245
0.0026841484 	-0.067332274 	0.06668484 	0.74633616
0.002722614 	-0.070993893 	0.079094527 	0.75173255
0.0027605478 	-0.072925696 	0.089578063 	0.74777224
0.0027979573 	-0.075010351 	0.092121244 	0.74541859
0.0028348498 	-0.078744616 	0.088687827 	0.74870024
0.0028712322 	-0.084795807 	0.083934443 	0.75591059
0.0029071118 	-0.092299902 	0.080879636 	0.76395652
0.0029424953 	-0.099919314 	0.080645295 	0.77124561
0.0029773898 	-0.10700887 	0.083709419 	0.7775192
0.003011802 	-0.11340783 	0.090048986 	0.78263081
0.0030457385 	-0.11919904 	0.098982748 	0.78659858
0.0030792059 	-0.12444506 	0.10917338 	0.78950319
0.0031122107 	-0.12908202 	0.11911301 	0.79143755
0.0031447592 	-0.13297427 	0.12751756 	0.79259376
0.0031768579 	-0.13592307 	0.13352398 	0.79320992
0.0032085129 	-0.13768676 	0.13670705 	0.79349957
0.0032397303 	-0.13802553 	0.13698158 	0.79361714
0.0032705162 	-0.13674693 	0.13448041 	0.79364648
0.0033008765 	-0.13373454 	0.12944548 	0.79364066
0.0033308172 	-0.12897926 	0.12219153 	0.7935766
0.0033603441 	-0.12262322 	0.11306314 	0.79340125
0.0033894627 	-0.11486822 	0.10238439 	0.79298062
0.0034181789 	-0.10604014 	0.090446826 	0.79209374
0.0034464982 	-0.096548905 	0.077526925 	0.79041843
0.003474426 	-0.086845711 	0.063974731 	0.78749594
0.0035019678 	-0.077423587 	0.050202615 	0.78278573
0.0035291288 	-0.068751018 	0.036735916 	0.77552387
0.0035559144 	-0.061206967 	0.024061861 	0.76474017
0.0035823298 	-0.055003957 	0.012455292 	0.74921897
0.0036083801 	-0.050115049 	0.0018622616 	0.7275924
0.0036340702 	-0.04628128 	-0.0079853367 	0.6986034
0.0036594053 	-0.042950831 	-0.017275324 	0.66160655
0.0036843901 	-0.039596311 	-0.025769789 	0.61700155
0.0037090296 	-0.036084371 	-0.032796124 	0.56649378
0.0037333285 	-0.03252092 	-0.037626315 	0.5130705
0.0037572915 	-0.029031824 	-0.039866843 	0.46018462
0.0037809233 	-0.02562254 	-0.039583946 	0.41053335
0.0038042285 	-0.022193785 	-0.037191192 	0.36529906
0.0038272115 	-0.018680842 	-0.03327866 	0.32416488
0.0038498768 	-0.015139052 	-0.028470355 	0.28573516
0.0038722288 	-0.011724066 	-0.023288706 	0.24807429
0.0038942718 	-0.0085505031 	-0.018038908 	0.20926461
0.0039160102 	-0.0057025914 	-0.012771345 	0.16787281
0.003937448 	-0.0032882493 	-0.0074474115 	0.12321156
0.0039585896 	-0.0014133497 	-0.0023670315 	0.075461826
0.0039794389 	-0.00020175145 	0.0010012554 	0.025576583
0.004 	-2.8681837e-05 	0.0085998723 	0.032371958
