0 	-0.058960502 	0.030680946 	0.99449217
5.5555625e-05 	-0.036823737 	0.045487803 	1.004332
0.00011111111 	-0.028346045 	0.039803802 	1.0170052
0.00016666667 	-0.023308395 	0.0323535 	1.030082
0.00022222222 	-0.019115215 	0.025634969 	1.0419539
0.00027777778 	-0.015075785 	0.020072114 	1.0520837
0.00033333333 	-0.011096541 	0.015704447 	1.060509
0.00038888889 	-0.0072825214 	0.012386006 	1.067353
0.00044444444 	-0.0038001767 	0.0097581531 	1.072602
0.0005 	-0.00078981011 	0.0072737871 	1.0761393
0.00055555556 	0.0016898525 	0.0043075109 	1.0779241
0.00061111111 	0.0036639904 	0.00031808857 	1.0782234
0.00066666667 	0.0052514392 	-0.0050183742 	1.0776744
0.00072222222 	0.0066224089 	-0.011761163 	1.0771322
0.00077777778 	0.0079358348 	-0.019724791 	1.0773997
0.00083333333 	0.0092247284 	-0.028499827 	1.0789991
0.00088888889 	0.010406834 	-0.037516661 	1.0820182
0.00094444444 	0.011242987 	-0.04609411 	1.0860641
0.001 	0.011550397 	-0.054004745 	1.0905054
0.0010617199 	0.011020842 	-0.060442637 	1.0937109
0.0011225874 	0.0096955564 	-0.064699906 	1.0938546
0.0011826143 	0.007754653 	-0.066960635 	1.0901361
0.0012418122 	0.0052931896 	-0.067583455 	1.0827989
0.0013001926 	0.002250189 	-0.067151631 	1.0730719
0.0013577668 	-0.0014332306 	-0.066454825 	1.0627551
0.0014145458 	-0.0056751727 	-0.066211942 	1.0535676
0.0014705407 	-0.010252321 	-0.066738031 	1.0464465
0.0015257623 	-0.01481571 	-0.067877194 	1.0412451
0.0015802213 	-0.018974856 	-0.069192854 	1.0368706
0.0016339282 	-0.022486278 	-0.070127879 	1.0316068
0.0016868934 	-0.025401409 	-0.070032974 	1.0236511
0.0017391271 	-0.028067123 	-0.068212428 	1.0119919
0.0017906395 	-0.030920755 	-0.064237584 	0.99723455
0.0018414404 	-0.034187899 	-0.058194975 	0.9815198
0.0018915398 	-0.037704187 	-0.05054427 	0.96734638
0.0019409473 	-0.040986312 	-0.04174796 	0.95628538
0.0019896725 	-0.043498477 	-0.032078108 	0.9486467
0.0020377248 	-0.044875055 	-0.021721495 	0.94395129
0.0020851134 	-0.044982798 	-0.010941476 	0.94146444
0.0021318476 	-0.043870166 	-0.00012723901 	0.94040061
0.0021779364 	-0.041772124 	0.010313987 	0.93996989
0.0022233887 	-0.038976371 	0.019967116 	0.93942455
0.0022682133 	-0.035786316 	0.028565056 	0.93818191
0.0023124189 	-0.032523414 	0.035986053 	0.9358909
0.0023560139 	-0.029402103 	0.042228815 	0.93248236
0.0023990069 	-0.02651295 	0.047335705 	0.92811162
0.0024414062 	-0.023849056 	0.051322294 	0.92307926
0.0024832199 	-0.021344008 	0.054139307 	0.9177868
0.0025244562 	-0.018933654 	0.055718827 	0.91272583
0.002565123 	-0.016597276 	0.056075273 	0.90844522
0.0026052281 	-0.014348249 	0.055487869 	0.90535463
0.0026447794 	-0.01215594 	0.054606164 	0.90335202
0.0026837845 	-0.0098867834 	0.05434819 	0.90149047
0.0027222509 	-0.007300412 	0.055505813 	0.89813104
0.0027601861 	-0.0041497607 	0.058243167 	0.89184802
0.0027975974 	-0.00036920369 	0.061910969 	0.88259396
0.002834492 	0.0035532301 	0.065340525 	0.87213041
0.0028708772 	0.0069209655 	0.067422032 	0.86323975
0.0029067598 	0.0092993518 	0.067529037 	0.85841645
0.0029421469 	0.010478321 	0.065522933 	0.85901481
0.0029770452 	0.010638303 	0.061547327 	0.86498947
0.0030114616 	0.010284587 	0.055888811 	0.87493996
0.0030454028 	0.0099751154 	0.048975149 	0.88642383
0.0030788752 	0.010081306 	0.041344984 	0.89664779
0.0031118853 	0.01062883 	0.033523221 	0.90348818
0.0031444395 	0.011274569 	0.025773601 	0.90623523
0.0031765442 	0.01141135 	0.018006086 	0.90569007
0.0032082055 	0.010420952 	0.0097988511 	0.90355416
0.0032394295 	0.0078664364 	0.00058926161 	0.90146397
0.0032702223 	0.0035271167 	-0.010016666 	0.9002862
0.0033005899 	-0.0024337494 	-0.022004578 	0.89997126
0.0033305381 	-0.0094426341 	-0.034959909 	0.89949904
0.0033600727 	-0.016677756 	-0.048230733 	0.89642859
0.0033891994 	-0.023210263 	-0.061078759 	0.88656054
0.0034179239 	-0.028285891 	-0.07277924 	0.86465423
0.0034462517 	-0.031575134 	-0.082770027 	0.82613032
0.0034741882 	-0.033184286 	-0.090752764 	0.76939716
0.003501739 	-0.0334609 	-0.096672264 	0.69746421
0.0035289093 	-0.032728799 	-0.10056452 	0.61757018
0.0035557043 	-0.031161214 	-0.10234804 	0.53898218
0.0035821293 	-0.029000848 	-0.10170208 	0.4708089
0.0036081894 	-0.026823792 	-0.098090749 	0.419907
0.0036338895 	-0.025269882 	-0.091201868 	0.38811687
0.0036592348 	-0.024620794 	-0.081302366 	0.37170674
0.00368423 	-0.024726872 	-0.069145935 	0.36419622
0.00370888 	-0.025154414 	-0.055731736 	0.35947695
0.0037331896 	-0.025403596 	-0.042149149 	0.35323266
0.0037571635 	-0.025036741 	-0.029494207 	0.34290785
0.0037808063 	-0.023904803 	-0.018698451 	0.32729522
0.0038041226 	-0.022048807 	-0.010454753 	0.30609856
0.0038271169 	-0.019486465 	-0.0051790932 	0.27950329
0.0038497936 	-0.016346544 	-0.0028781972 	0.2481585
0.0038721572 	-0.012855478 	-0.0031448061 	0.21308518
0.0038942119 	-0.0092931434 	-0.0052099825 	0.1755124
0.003915962 	-0.0059606808 	-0.0080154907 	0.13669432
0.0039374118 	-0.0031466317 	-0.010263574 	0.09769823
0.0039585653 	-0.0010986984 	-0.01037704 	0.059126225
0.0039794267 	-7.2597163e-05 	-0.0061724787 	0.020583611
0.004 	-7.2597163e-05 	-0.0061724787 	0.020583611
