0 	0.038268308 	-0.036703104 	1.0407082
2.0100503e-05 	-0.039849854 	-0.039794893 	1.0410737
4.0201005e-05 	-0.039849854 	-0.039794893 	1.0410737
6.0301508e-05 	-0.057085926 	-0.017995784 	1.0411649
8.040201e-05 	-0.057085926 	-0.017995784 	1.0411649
0.00010050251 	-0.057085926 	-0.017995784 	1.0411649
0.00012060302 	-0.062406335 	-0.01109737 	1.0413022
0.00014070352 	-0.062406335 	-0.01109737 	1.0413022
0.00016080402 	-0.062406335 	-0.01109737 	1.0413022
0.00018090452 	-0.06603291 	-0.0086046634 	1.0416279
0.00020100503 	-0.06603291 	-0.0086046634 	1.0416279
0.00022110553 	-0.06603291 	-0.0086046634 	1.0416279
0.00024120603 	-0.068725081 	-0.0085373635 	1.0420238
0.00026130653 	-0.068725081 	-0.0085373635 	1.0420238
0.00028140704 	-0.07059585 	-0.010305714 	1.0421429
0.00030150754 	-0.07059585 	-0.010305714 	1.0421429
0.00032160804 	-0.07059585 	-0.010305714 	1.0421429
0.00034170854 	-0.071728551 	-0.013515628 	1.0415834
0.00036180905 	-0.071728551 	-0.013515628 	1.0415834
0.00038190955 	-0.071728551 	-0.013515628 	1.0415834
0.00040201005 	-0.072198448 	-0.017715891 	1.0401215
0.00042211055 	-0.072198448 	-0.017715891 	1.0401215
0.00044221106 	-0.072198448 	-0.017715891 	1.0401215
0.00046231156 	-0.072022363 	-0.022417365 	1.0378257
0.00048241206 	-0.072022363 	-0.022417365 	1.0378257
0.00050251256 	-0.071208695 	-0.02715674 	1.0349644
0.00052261307 	-0.071208695 	-0.02715674 	1.0349644
0.00054271357 	-0.071208695 	-0.02715674 	1.0349644
0.00056281407 	-0.06982305 	-0.031529521 	1.0318376
0.00058291457 	-0.06982305 	-0.031529521 	1.0318376
0.00060301508 	-0.06982305 	-0.031529521 	1.0318376
0.00062311558 	-0.06799184 	-0.035205715 	1.0286934
0.00064321608 	-0.06799184 	-0.035205715 	1.0286934
0.00066331658 	-0.06799184 	-0.035205715 	1.0286934
0.00068341709 	-0.065851844 	-0.037973874 	1.025723
0.00070351759 	-0.065851844 	-0.037973874 	1.025723
0.00072361809 	-0.063512514 	-0.03978065 	1.0230469
0.00074371859 	-0.063512514 	-0.03978065 	1.0230469
0.0007638191 	-0.063512514 	-0.03978065 	1.0230469
0.0007839196 	-0.061043662 	-0.040719579 	1.0206951
0.0008040201 	-0.061043662 	-0.040719579 	1.0206951
0.0008241206 	-0.061043662 	-0.040719579 	1.0206951
0.00084422111 	-0.058482956 	-0.040984626 	1.0186188
0.00086432161 	-0.058482956 	-0.040984626 	1.0186188
0.00088442211 	-0.058482956 	-0.040984626 	1.0186188
0.00090452261 	-0.055882473 	-0.040830509 	1.0167398
0.00092462312 	-0.055882473 	-0.040830509 	1.0167398
0.00094472362 	-0.053259679 	-0.0405056 	1.0149778
0.00096482412 	-0.053259679 	-0.0405056 	1.0149778
0.00098492462 	-0.053259679 	-0.0405056 	1.0149778
0.0010050251 	-0.050446493 	-0.040165531 	1.0131449
0.0010251256 	-0.050446493 	-0.040165531 	1.0131449
0.0010452261 	-0.050446493 	-0.040165531 	1.0131449
0.0010653266 	-0.047524121 	-0.040041097 	1.0112011
0.0010854271 	-0.047524121 	-0.040041097 	1.0112011
0.0011055276 	-0.048707771 	-0.038683655 	1.0116217
0.0011256281 	-0.045933224 	-0.03902357 	1.0092609
0.0011457286 	-0.044702661 	-0.040354507 	1.0090414
0.0011658291 	-0.044702661 	-0.040354507 	1.0090414
0.0011859296 	-0.042048625 	-0.04123601 	1.0064299
0.0012060302 	-0.042048625 	-0.04123601 	1.0064299
0.0012261307 	-0.042048625 	-0.04123601 	1.0064299
0.0012462312 	-0.03970694 	-0.04273587 	1.0030675
0.0012663317 	-0.03970694 	-0.04273587 	1.0030675
0.0012864322 	-0.03970694 	-0.04273587 	1.0030675
0.0013065327 	-0.037832257 	-0.044768231 	0.9987727
0.0013266332 	-0.037832257 	-0.044768231 	0.9987727
0.0013467337 	-0.037832257 	-0.044768231 	0.9987727
0.0013668342 	-0.036614653 	-0.047094052 	0.99355655
0.0013869347 	-0.036614653 	-0.047094052 	0.99355655
0.0014070352 	-0.036614653 	-0.047094052 	0.99355655
0.0014271357 	-0.036215725 	-0.049326078 	0.98769458
0.0014472362 	-0.036215725 	-0.049326078 	0.98769458
0.0014673367 	-0.036215725 	-0.049326078 	0.98769458
0.0014874372 	-0.036669577 	-0.050933167 	0.98170022
0.0015075377 	-0.036669577 	-0.050933167 	0.98170022
0.0015276382 	-0.03776099 	-0.051213595 	0.97620224
0.0015477387 	-0.03776099 	-0.051213595 	0.97620224
0.0015678392 	-0.03776099 	-0.051213595 	0.97620224
0.0015879397 	-0.038921258 	-0.049288359 	0.97174348
0.0016080402 	-0.038921258 	-0.049288359 	0.97174348
0.0016281407 	-0.038921258 	-0.049288359 	0.97174348
0.0016482412 	-0.03933564 	-0.0442964 	0.96857798
0.0016683417 	-0.03933564 	-0.0442964 	0.96857798
0.0016884422 	-0.038265919 	-0.035885655 	0.96655592
0.0017085427 	-0.038265919 	-0.035885655 	0.96655592
0.0017286432 	-0.038265919 	-0.035885655 	0.96655592
0.0017487437 	-0.035385193 	-0.024596112 	0.96517169
0.0017688442 	-0.035385193 	-0.024596112 	0.96517169
0.0017889447 	-0.035385193 	-0.024596112 	0.96517169
0.0018090452 	-0.030922 	-0.01162015 	0.96380425
0.0018291457 	-0.030922 	-0.01162015 	0.96380425
0.0018492462 	-0.025399966 	0.0016747229 	0.96194935
0.0018693467 	-0.025399966 	0.0016747229 	0.96194935
0.0018894472 	-0.025399966 	0.0016747229 	0.96194935
0.0019095477 	-0.019365573 	0.014131761 	0.95928024
0.0019296482 	-0.019365573 	0.014131761 	0.95928024
0.0019497487 	-0.013300535 	0.025007806 	0.95573716
0.0019698492 	-0.013300535 	0.025007806 	0.95573716
0.0019899497 	-0.013300535 	0.025007806 	0.95573716
0.0020100503 	-0.0076432967 	0.033904251 	0.95137694
0.0020301508 	-0.0076432967 	0.033904251 	0.95137694
0.0020502513 	-0.0027207309 	0.040744709 	0.9463912
0.0020703518 	-0.0027207309 	0.040744709 	0.9463912
0.0020904523 	0.0013359082 	0.045611031 	0.94104382
0.0021105528 	0.0013359082 	0.045611031 	0.94104382
0.0021306533 	0.0013359082 	0.045611031 	0.94104382
0.0021507538 	0.0044919794 	0.048728581 	0.93559912
0.0021708543 	0.0044919794 	0.048728581 	0.93559912
0.0021909548 	0.0068144516 	0.05035115 	0.93034058
0.0022110553 	0.0068144516 	0.05035115 	0.93034058
0.0022311558 	0.0084564151 	0.050711829 	0.92555512
0.0022512563 	0.0084564151 	0.050711829 	0.92555512
0.0022713568 	0.0096257582 	0.049959356 	0.92152368
0.0022914573 	0.0096257582 	0.049959356 	0.92152368
0.0023115578 	0.0096257582 	0.049959356 	0.92152368
0.0023316583 	0.010548531 	0.048164649 	0.91851509
0.0023517588 	0.010548531 	0.048164649 	0.91851509
0.0023718593 	0.011439065 	0.045349842 	0.91675766
0.0023919598 	0.011439065 	0.045349842 	0.91675766
0.0024120603 	0.012474257 	0.04154744 	0.91642931
0.0024321608 	0.012474257 	0.04154744 	0.91642931
0.0024522613 	0.013803136 	0.036860448 	0.91760459
0.0024723618 	0.013803136 	0.036860448 	0.91760459
0.0024924623 	0.015574019 	0.031487583 	0.92023949
0.0025125628 	0.015574019 	0.031487583 	0.92023949
0.0025326633 	0.017887806 	0.0256932 	0.92415498
0.0025527638 	0.017887806 	0.0256932 	0.92415498
0.0025728643 	0.020790105 	0.019751385 	0.92901609
0.0025929648 	0.020790105 	0.019751385 	0.92901609
0.0026130653 	0.024307248 	0.013895464 	0.93436222
0.0026331658 	0.024307248 	0.013895464 	0.93436222
0.0026532663 	0.028347179 	0.0083140712 	0.93970057
0.0026733668 	0.028347179 	0.0083140712 	0.93970057
0.0026934673 	0.032737421 	0.0031479719 	0.94448703
0.0027135678 	0.032737421 	0.0031479719 	0.94448703
0.0027336683 	0.037213142 	-0.0014779856 	0.94817635
0.0027537688 	0.037213142 	-0.0014779856 	0.94817635
0.0027738693 	0.041518875 	-0.0053824748 	0.95040204
0.0027939698 	0.041518875 	-0.0053824748 	0.95040204
0.0028140704 	0.04548021 	-0.0083424322 	0.95091034
0.0028341709 	0.04548021 	-0.0083424322 	0.95091034
0.0028542714 	0.048955594 	-0.010087907 	0.9496374
0.0028743719 	0.051873585 	-0.01039693 	0.94667138
0.0028944724 	0.051873585 	-0.01039693 	0.94667138
0.0029145729 	0.054125912 	-0.0091921482 	0.94218671
0.0029346734 	0.054125912 	-0.0091921482 	0.94218671
0.0029547739 	0.055595579 	-0.0065664146 	0.93642595
0.0029748744 	0.055595579 	-0.0065664146 	0.93642595
0.0029949749 	0.056170115 	-0.0027189907 	0.92972303
0.0030150754 	0.055793647 	0.0021187454 	0.92252765
0.0030351759 	0.055793647 	0.0021187454 	0.92252765
0.0030552764 	0.05446929 	0.0077122743 	0.91537718
0.0030753769 	0.05446929 	0.0077122743 	0.91537718
0.0030954774 	0.052269267 	0.013838831 	0.90864606
0.0031155779 	0.049439032 	0.02028437 	0.90232772
0.0031356784 	0.049439032 	0.02028437 	0.90232772
0.0031557789 	0.046449952 	0.02684367 	0.89601764
0.0031758794 	0.046449952 	0.02684367 	0.89601764
0.0031959799 	0.043739354 	0.033332434 	0.88916371
0.0032160804 	0.041437538 	0.039590038 	0.8816033
0.0032361809 	0.041437538 	0.039590038 	0.8816033
0.0032562814 	0.039362338 	0.045434117 	0.87372086
0.0032763819 	0.03722761 	0.050680569 	0.86585156
0.0032964824 	0.03722761 	0.050680569 	0.86585156
0.0033165829 	0.034972362 	0.055263411 	0.85725199
0.0033366834 	0.032902931 	0.059344952 	0.84560199
0.0033567839 	0.032902931 	0.059344952 	0.84560199
0.0033768844 	0.031509534 	0.063262859 	0.82776905
0.0033969849 	0.031088769 	0.0672491 	0.80146399
0.0034170854 	0.031088769 	0.0672491 	0.80146399
0.0034371859 	0.031485456 	0.071116639 	0.76656347
0.0034572864 	0.032150186 	0.074195822 	0.72522894
0.0034773869 	0.032410454 	0.07559028 	0.681045
0.0034974874 	0.032410454 	0.07559028 	0.681045
0.0035175879 	0.031721177 	0.074542213 	0.63800257
0.0035376884 	0.029767854 	0.070657564 	0.59973445
0.0035577889 	0.026480924 	0.063920498 	0.56876672
0.0035778894 	0.026480924 	0.063920498 	0.56876672
0.0035979899 	0.022050342 	0.054604607 	0.54568069
0.0036180905 	0.016912916 	0.043227415 	0.52873245
0.003638191 	0.011640934 	0.030576907 	0.51450232
0.0036582915 	0.011640934 	0.030576907 	0.51450232
0.003678392 	0.0067646886 	0.017703135 	0.49935814
0.0036984925 	0.0026315266 	0.0057457859 	0.48077174
0.003718593 	-0.0005928363 	-0.0043527163 	0.45779245
0.0037386935 	-0.0028910839 	-0.012077321 	0.43065706
0.003758794 	-0.0043960027 	-0.017368401 	0.40014408
0.0037788945 	-0.0043960027 	-0.017368401 	0.40014408
0.003798995 	-0.0052500531 	-0.020485449 	0.36707123
0.0038190955 	-0.005542101 	-0.021838527 	0.3320558
0.003839196 	-0.0053750774 	-0.021830101 	0.29552177
0.0038592965 	-0.0048547864 	-0.020779294 	0.25777847
0.003879397 	-0.0040837987 	-0.018906281 	0.21908464
0.0038994975 	-0.0031621392 	-0.016350404 	0.17967766
0.003919598 	-0.0021904953 	-0.013204794 	0.1397819
0.0039396985 	-0.0012741309 	-0.009559568 	0.099620078
0.003959799 	-0.00052835399 	-0.0055666255 	0.059449919
0.0039798995 	-6.5108474e-05 	-0.001577262 	0.019623188
0.004 	-6.5108474e-05 	-0.001577262 	0.019623188
