0 	0.034609589 	0.043389215 	1.0182631
2.0100503e-05 	-0.047296305 	0.037595664 	1.0131599
4.0201005e-05 	-0.047296305 	0.037595664 	1.0131599
6.0301508e-05 	-0.063836363 	0.01453482 	1.0091173
8.040201e-05 	-0.063836363 	0.01453482 	1.0091173
0.00010050251 	-0.063836363 	0.01453482 	1.0091173
0.00012060302 	-0.070004292 	0.0086090146 	1.0064311
0.00014070352 	-0.070004292 	0.0086090146 	1.0064311
0.00016080402 	-0.070004292 	0.0086090146 	1.0064311
0.00018090452 	-0.075055997 	0.0065770491 	1.0049127
0.00020100503 	-0.075055997 	0.0065770491 	1.0049127
0.00022110553 	-0.075055997 	0.0065770491 	1.0049127
0.00024120603 	-0.079431911 	0.0053408343 	1.0038456
0.00026130653 	-0.079431911 	0.0053408343 	1.0038456
0.00028140704 	-0.083017982 	0.0036631795 	1.0023219
0.00030150754 	-0.083017982 	0.0036631795 	1.0023219
0.00032160804 	-0.083017982 	0.0036631795 	1.0023219
0.00034170854 	-0.085667075 	0.001047246 	0.99968417
0.00036180905 	-0.085667075 	0.001047246 	0.99968417
0.00038190955 	-0.085667075 	0.001047246 	0.99968417
0.00040201005 	-0.087242606 	-0.0025418961 	0.99582018
0.00042211055 	-0.087242606 	-0.0025418961 	0.99582018
0.00044221106 	-0.087242606 	-0.0025418961 	0.99582018
0.00046231156 	-0.087612892 	-0.0069163679 	0.99120832
0.00048241206 	-0.087612892 	-0.0069163679 	0.99120832
0.00050251256 	-0.086680315 	-0.01187931 	0.98663895
0.00052261307 	-0.086680315 	-0.01187931 	0.98663895
0.00054271357 	-0.086680315 	-0.01187931 	0.98663895
0.00056281407 	-0.08450038 	-0.017157748 	0.98269328
0.00058291457 	-0.08450038 	-0.017157748 	0.98269328
0.00060301508 	-0.08450038 	-0.017157748 	0.98269328
0.00062311558 	-0.081356958 	-0.022191936 	0.97939504
0.00064321608 	-0.081356958 	-0.022191936 	0.97939504
0.00066331658 	-0.081356958 	-0.022191936 	0.97939504
0.00068341709 	-0.077607278 	-0.026250016 	0.97650536
0.00070351759 	-0.077607278 	-0.026250016 	0.97650536
0.00072361809 	-0.073417974 	-0.02880183 	0.97404917
0.00074371859 	-0.073417974 	-0.02880183 	0.97404917
0.0007638191 	-0.073417974 	-0.02880183 	0.97404917
0.0007839196 	-0.068750187 	-0.029787588 	0.97237336
0.0008040201 	-0.068750187 	-0.029787588 	0.97237336
0.0008241206 	-0.068750187 	-0.029787588 	0.97237336
0.00084422111 	-0.063558534 	-0.029504 	0.97185727
0.00086432161 	-0.063558534 	-0.029504 	0.97185727
0.00088442211 	-0.063558534 	-0.029504 	0.97185727
0.00090452261 	-0.057903041 	-0.028471993 	0.9725929
0.00092462312 	-0.057903041 	-0.028471993 	0.9725929
0.00094472362 	-0.051990974 	-0.027325694 	0.97419134
0.00096482412 	-0.051990974 	-0.027325694 	0.97419134
0.00098492462 	-0.051990974 	-0.027325694 	0.97419134
0.0010050251 	-0.040260752 	-0.026204538 	0.99112722
0.0010251256 	-0.040260752 	-0.026204538 	0.99112722
0.0010452261 	-0.040260752 	-0.026204538 	0.99112722
0.0010653266 	-0.034032164 	-0.027175071 	0.99187775
0.0010854271 	-0.034032164 	-0.027175071 	0.99187775
0.0011055276 	-0.034032164 	-0.027175071 	0.99187775
0.0011256281 	-0.027765833 	-0.029302106 	0.99096174
0.0011457286 	-0.027765833 	-0.029302106 	0.99096174
0.0011658291 	-0.027765833 	-0.029302106 	0.99096174
0.0011859296 	-0.021236469 	-0.032522979 	0.98774279
0.0012060302 	-0.021236469 	-0.032522979 	0.98774279
0.0012261307 	-0.021236469 	-0.032522979 	0.98774279
0.0012462312 	-0.014327712 	-0.036355013 	0.98226545
0.0012663317 	-0.014327712 	-0.036355013 	0.98226545
0.0012864322 	-0.014327712 	-0.036355013 	0.98226545
0.0013065327 	-0.0071599934 	-0.040271056 	0.97524526
0.0013266332 	-0.0071599934 	-0.040271056 	0.97524526
0.0013467337 	-0.0071599934 	-0.040271056 	0.97524526
0.0013668342 	-3.4901043e-05 	-0.043848152 	0.96768981
0.0013869347 	-3.4901043e-05 	-0.043848152 	0.96768981
0.0014070352 	-3.4901043e-05 	-0.043848152 	0.96768981
0.0014271357 	0.0066833659 	-0.046787952 	0.96041977
0.0014472362 	0.0066833659 	-0.046787952 	0.96041977
0.0014673367 	0.0066833659 	-0.046787952 	0.96041977
0.0014874372 	0.012745622 	-0.04900294 	0.95382409
0.0015075377 	0.012745622 	-0.04900294 	0.95382409
0.0015276382 	0.018026703 	-0.050475447 	0.94797587
0.0015477387 	0.018026703 	-0.050475447 	0.94797587
0.0015678392 	0.018026703 	-0.050475447 	0.94797587
0.0015879397 	0.022475181 	-0.051234553 	0.94289472
0.0016080402 	0.022475181 	-0.051234553 	0.94289472
0.0016281407 	0.022475181 	-0.051234553 	0.94289472
0.0016482412 	0.026094554 	-0.05139906 	0.93875375
0.0016683417 	0.026094554 	-0.05139906 	0.93875375
0.0016884422 	0.028934994 	-0.051131421 	0.93588154
0.0017085427 	0.028934994 	-0.051131421 	0.93588154
0.0017286432 	0.028934994 	-0.051131421 	0.93588154
0.0017487437 	0.03106479 	-0.050519203 	0.93454807
0.0017688442 	0.03106479 	-0.050519203 	0.93454807
0.0017889447 	0.03106479 	-0.050519203 	0.93454807
0.0018090452 	0.03252497 	-0.049476473 	0.93468986
0.0018291457 	0.03252497 	-0.049476473 	0.93468986
0.0018492462 	0.033300367 	-0.047785583 	0.93586384
0.0018693467 	0.033300367 	-0.047785583 	0.93586384
0.0018894472 	0.033300367 	-0.047785583 	0.93586384
0.0019095477 	0.033348325 	-0.045294014 	0.93752485
0.0019296482 	0.033348325 	-0.045294014 	0.93752485
0.0019497487 	0.032659639 	-0.042114578 	0.93932334
0.0019698492 	0.032659639 	-0.042114578 	0.93932334
0.0019899497 	0.032659639 	-0.042114578 	0.93932334
0.0020100503 	0.03126984 	-0.038667409 	0.94114496
0.0020301508 	0.03126984 	-0.038667409 	0.94114496
0.0020502513 	0.029229081 	-0.035435856 	0.94295638
0.0020703518 	0.029229081 	-0.035435856 	0.94295638
0.0020904523 	0.026600274 	-0.032706588 	0.94469141
0.0021105528 	0.026600274 	-0.032706588 	0.94469141
0.0021306533 	0.026600274 	-0.032706588 	0.94469141
0.0021507538 	0.023476063 	-0.030444775 	0.94623654
0.0021708543 	0.023476063 	-0.030444775 	0.94623654
0.0021909548 	0.019994039 	-0.0283353 	0.94744338
0.0022110553 	0.019994039 	-0.0283353 	0.94744338
0.0022311558 	0.016293192 	-0.025945028 	0.94807232
0.0022512563 	0.016293192 	-0.025945028 	0.94807232
0.0022713568 	0.012511056 	-0.022927671 	0.94779467
0.0022914573 	0.012511056 	-0.022927671 	0.94779467
0.0023115578 	0.012511056 	-0.022927671 	0.94779467
0.0023316583 	0.0088587451 	-0.019154148 	0.94631062
0.0023517588 	0.0088587451 	-0.019154148 	0.94631062
0.0023718593 	0.0055715065 	-0.014808062 	0.94359517
0.0023919598 	0.0055715065 	-0.014808062 	0.94359517
0.0024120603 	0.0028230583 	-0.010304874 	0.94003101
0.0024321608 	0.0028230583 	-0.010304874 	0.94003101
0.0024522613 	0.00064298768 	-0.0060713914 	0.93625976
0.0024723618 	0.00064298768 	-0.0060713914 	0.93625976
0.0024924623 	-0.0010817521 	-0.0023521785 	0.93287298
0.0025125628 	-0.0010817521 	-0.0023521785 	0.93287298
0.0025326633 	-0.0025956694 	0.0008014751 	0.93021012
0.0025527638 	-0.0025956694 	0.0008014751 	0.93021012
0.0025728643 	-0.0042334707 	0.0034427402 	0.92838423
0.0025929648 	-0.0042334707 	0.0034427402 	0.92838423
0.0026130653 	-0.0062775363 	0.0056032978 	0.92737078
0.0026331658 	-0.0062775363 	0.0056032978 	0.92737078
0.0026532663 	-0.0088970937 	0.0072791827 	0.92709869
0.0026733668 	-0.0088970937 	0.0072791827 	0.92709869
0.0026934673 	-0.012145476 	0.008490239 	0.92745249
0.0027135678 	-0.012145476 	0.008490239 	0.92745249
0.0027336683 	-0.015972451 	0.0093210688 	0.92821657
0.0027537688 	-0.015972451 	0.0093210688 	0.92821657
0.0027738693 	-0.020191028 	0.0099181016 	0.92892927
0.0027939698 	-0.020191028 	0.0099181016 	0.92892927
0.0028140704 	-0.024421824 	0.010485829 	0.92872483
0.0028341709 	-0.024421824 	0.010485829 	0.92872483
0.0028542714 	-0.028132103 	0.011294257 	0.92625707
0.0028743719 	-0.030698132 	0.012588752 	0.91983566
0.0028944724 	-0.030698132 	0.012588752 	0.91983566
0.0029145729 	-0.031532396 	0.014550063 	0.90789122
0.0029346734 	-0.031532396 	0.014550063 	0.90789122
0.0029547739 	-0.030237139 	0.017188113 	0.88957258
0.0029748744 	-0.030237139 	0.017188113 	0.88957258
0.0029949749 	-0.02677807 	0.02030659 	0.86514885
0.0030150754 	-0.021545705 	0.023568739 	0.83611282
0.0030351759 	-0.021545705 	0.023568739 	0.83611282
0.0030552764 	-0.015257586 	0.02653985 	0.80476488
0.0030753769 	-0.015257586 	0.02653985 	0.80476488
0.0030954774 	-0.0088010593 	0.02878228 	0.77359952
0.0031155779 	-0.0030085745 	0.029934509 	0.74474835
0.0031356784 	-0.0030085745 	0.029934509 	0.74474835
0.0031557789 	0.0014806379 	0.029791703 	0.7196578
0.0031758794 	0.0014806379 	0.029791703 	0.7196578
0.0031959799 	0.0043020153 	0.028313786 	0.69904905
0.0032160804 	0.005414982 	0.02558463 	0.68303485
0.0032361809 	0.005414982 	0.02558463 	0.68303485
0.0032562814 	0.0049348043 	0.021754028 	0.67133209
0.0032763819 	0.0031449369 	0.017001339 	0.66342123
0.0032964824 	0.0031449369 	0.017001339 	0.66342123
0.0033165829 	0.00040934342 	0.011519213 	0.65862458
0.0033366834 	-0.0029353516 	0.0054986068 	0.65610812
0.0033567839 	-0.0029353516 	0.0054986068 	0.65610812
0.0033768844 	-0.0065168928 	-0.00089392101 	0.65487403
0.0033969849 	-0.010027759 	-0.0075294118 	0.65384156
0.0034170854 	-0.010027759 	-0.0075294118 	0.65384156
0.0034371859 	-0.013242998 	-0.014312212 	0.65206443
0.0034572864 	-0.016011976 	-0.021148022 	0.64878409
0.0034773869 	-0.018273237 	-0.027952101 	0.64341365
0.0034974874 	-0.018273237 	-0.027952101 	0.64341365
0.0035175879 	-0.020052314 	-0.03457295 	0.63558588
0.0035376884 	-0.021405614 	-0.040812529 	0.6250867
0.0035577889 	-0.022372432 	-0.046449843 	0.61178101
0.0035778894 	-0.022372432 	-0.046449843 	0.61178101
0.0035979899 	-0.022975063 	-0.051267718 	0.59556492
0.0036180905 	-0.023217824 	-0.055076569 	0.57636349
0.003638191 	-0.023091127 	-0.057731657 	0.55416254
0.0036582915 	-0.023091127 	-0.057731657 	0.55416254
0.003678392 	-0.022580469 	-0.059142914 	0.52905247
0.0036984925 	-0.021677159 	-0.059278556 	0.50126342
0.003718593 	-0.020388864 	-0.058163671 	0.47117553
0.0037386935 	-0.018747004 	-0.05587638 	0.43929607
0.003758794 	-0.016809907 	-0.052540974 	0.40619901
0.0037788945 	-0.016809907 	-0.052540974 	0.40619901
0.003798995 	-0.014659142 	-0.04832571 	0.37242999
0.0038190955 	-0.012392547 	-0.043431182 	0.33838747
0.003839196 	-0.010112385 	-0.038088919 	0.30421094
0.0038592965 	-0.0079140452 	-0.032545685 	0.26971785
0.003879397 	-0.0058785899 	-0.027042636 	0.23442914
0.0038994975 	-0.0040699078 	-0.021781359 	0.19768044
0.003919598 	-0.002537986 	-0.016881806 	0.15877638
0.0039396985 	-0.0013265221 	-0.012331025 	0.11714389
0.003959799 	-0.00048217458 	-0.007906707 	0.072477975
0.0039798995 	-5.4942303e-05 	-0.0030751524 	0.02492392
0.004 	-5.4942303e-05 	-0.0030751524 	0.02492392
