0 	0.052111357 	0.032980242 	1.0419727
2.0100503e-05 	0.052111357 	0.032980242 	1.0419727
4.0201005e-05 	0.052111357 	0.032980242 	1.0419727
6.0301508e-05 	0.031587162 	0.050705831 	1.0389903
8.040201e-05 	0.031587162 	0.050705831 	1.0389903
0.00010050251 	0.031587162 	0.050705831 	1.0389903
0.00012060302 	0.024767309 	0.050089416 	1.0385305
0.00014070352 	0.024767309 	0.050089416 	1.0385305
0.00016080402 	0.024767309 	0.050089416 	1.0385305
0.00018090452 	0.021243063 	0.044921757 	1.0411735
0.00020100503 	0.021243063 	0.044921757 	1.0411735
0.00022110553 	0.021243063 	0.044921757 	1.0411735
0.00024120603 	0.018381506 	0.036877515 	1.0468725
0.00026130653 	0.018381506 	0.036877515 	1.0468725
0.00028140704 	0.015410304 	0.027048331 	1.0549511
0.00030150754 	0.015410304 	0.027048331 	1.0549511
0.00032160804 	0.015410304 	0.027048331 	1.0549511
0.00034170854 	0.012356148 	0.016796369 	1.0641852
0.00036180905 	0.012356148 	0.016796369 	1.0641852
0.00038190955 	0.012356148 	0.016796369 	1.0641852
0.00040201005 	0.0097453529 	0.0074494349 	1.072977
0.00042211055 	0.0097453529 	0.0074494349 	1.072977
0.00044221106 	0.0097453529 	0.0074494349 	1.072977
0.00046231156 	0.0083857169 	-3.8802568e-05 	1.0797488
0.00048241206 	0.0083857169 	-3.8802568e-05 	1.0797488
0.00050251256 	0.0089951953 	-0.005226194 	1.0835108
0.00052261307 	0.0089951953 	-0.005226194 	1.0835108
0.00054271357 	0.0089951953 	-0.005226194 	1.0835108
0.00056281407 	0.011856755 	-0.0081879941 	1.0842574
0.00058291457 	0.011856755 	-0.0081879941 	1.0842574
0.00060301508 	0.011856755 	-0.0081879941 	1.0842574
0.00062311558 	0.016801409 	-0.0093836073 	1.0827485
0.00064321608 	0.016801409 	-0.0093836073 	1.0827485
0.00066331658 	0.016801409 	-0.0093836073 	1.0827485
0.00068341709 	0.023384184 	-0.0093798962 	1.080013
0.00070351759 	0.023384184 	-0.0093798962 	1.080013
0.00072361809 	0.031061745 	-0.0086854915 	1.0769534
0.00074371859 	0.031061745 	-0.0086854915 	1.0769534
0.0007638191 	0.031061745 	-0.0086854915 	1.0769534
0.0007839196 	0.039336422 	-0.0076957691 	1.0742065
0.0008040201 	0.039336422 	-0.0076957691 	1.0742065
0.0008241206 	0.039336422 	-0.0076957691 	1.0742065
0.00084422111 	0.047857382 	-0.0067305121 	1.0720893
0.00086432161 	0.047857382 	-0.0067305121 	1.0720893
0.00088442211 	0.047857382 	-0.0067305121 	1.0720893
0.00090452261 	0.056274182 	-0.005923717 	1.0707463
0.00092462312 	0.056274182 	-0.005923717 	1.0707463
0.00094472362 	0.064516435 	-0.0054857329 	1.0700587
0.00096482412 	0.064516435 	-0.0054857329 	1.0700587
0.00098492462 	0.064516435 	-0.0054857329 	1.0700587
0.0010050251 	0.074736033 	-0.0035783333 	1.057485
0.0010251256 	0.074736033 	-0.0035783333 	1.057485
0.0010452261 	0.074736033 	-0.0035783333 	1.057485
0.0010653266 	0.081921399 	-0.0028903692 	1.0583321
0.0010854271 	0.081921399 	-0.0028903692 	1.0583321
0.0011055276 	0.080059226 	-0.0052726499 	1.0710667
0.0011256281 	0.086093753 	-0.0052730863 	1.0727056
0.0011457286 	0.087484077 	-0.0023668197 	1.0602365
0.0011658291 	0.087484077 	-0.0023668197 	1.0602365
0.0011859296 	0.091466421 	-0.001956276 	1.0627981
0.0012060302 	0.091466421 	-0.001956276 	1.0627981
0.0012261307 	0.091466421 	-0.001956276 	1.0627981
0.0012462312 	0.093983632 	-0.0016158187 	1.0654543
0.0012663317 	0.093983632 	-0.0016158187 	1.0654543
0.0012864322 	0.093983632 	-0.0016158187 	1.0654543
0.0013065327 	0.095345239 	-0.0012657162 	1.0675802
0.0013266332 	0.095345239 	-0.0012657162 	1.0675802
0.0013467337 	0.095345239 	-0.0012657162 	1.0675802
0.0013668342 	0.095972268 	-0.00064894066 	1.0684665
0.0013869347 	0.095972268 	-0.00064894066 	1.0684665
0.0014070352 	0.095972268 	-0.00064894066 	1.0684665
0.0014271357 	0.096331582 	0.00071743424 	1.0673208
0.0014472362 	0.096331582 	0.00071743424 	1.0673208
0.0014673367 	0.096331582 	0.00071743424 	1.0673208
0.0014874372 	0.096905823 	0.003501628 	1.0634196
0.0015075377 	0.096905823 	0.003501628 	1.0634196
0.0015276382 	0.098016653 	0.0082238089 	1.0563745
0.0015477387 	0.098016653 	0.0082238089 	1.0563745
0.0015678392 	0.092880926 	-9.5021024e-05 	1.0747111
0.0015879397 	0.099600321 	0.014877864 	1.0463115
0.0016080402 	0.099600321 	0.014877864 	1.0463115
0.0016281407 	0.099600321 	0.014877864 	1.0463115
0.0016482412 	0.10119167 	0.022754856 	1.0338495
0.0016683417 	0.10119167 	0.022754856 	1.0338495
0.0016884422 	0.10205201 	0.030590897 	1.0200014
0.0017085427 	0.10205201 	0.030590897 	1.0200014
0.0017286432 	0.10205201 	0.030590897 	1.0200014
0.0017487437 	0.1013914 	0.036980895 	1.0059473
0.0017688442 	0.1013914 	0.036980895 	1.0059473
0.0017889447 	0.1013914 	0.036980895 	1.0059473
0.0018090452 	0.098641417 	0.040738339 	0.99286997
0.0018291457 	0.098641417 	0.040738339 	0.99286997
0.0018492462 	0.093577186 	0.041112313 	0.98183553
0.0018693467 	0.093577186 	0.041112313 	0.98183553
0.0018894472 	0.093577186 	0.041112313 	0.98183553
0.0019095477 	0.08634601 	0.037856155 	0.97370802
0.0019296482 	0.08634601 	0.037856155 	0.97370802
0.0019497487 	0.077433464 	0.031228633 	0.96904378
0.0019698492 	0.077433464 	0.031228633 	0.96904378
0.0019899497 	0.067584974 	0.02198658 	0.96799234
0.0020100503 	0.067584974 	0.02198658 	0.96799234
0.0020301508 	0.067584974 	0.02198658 	0.96799234
0.0020502513 	0.057626342 	0.011295551 	0.97019858
0.0020703518 	0.057626342 	0.011295551 	0.97019858
0.0020904523 	0.048433493 	0.00063208257 	0.97469528
0.0021105528 	0.048433493 	0.00063208257 	0.97469528
0.0021306533 	0.048433493 	0.00063208257 	0.97469528
0.0021507538 	0.040664295 	-0.00850683 	0.9798744
0.0021708543 	0.040664295 	-0.00850683 	0.9798744
0.0021909548 	0.034512704 	-0.015033901 	0.98392405
0.0022110553 	0.034512704 	-0.015033901 	0.98392405
0.0022311558 	0.02987898 	-0.018543017 	0.98561306
0.0022512563 	0.02987898 	-0.018543017 	0.98561306
0.0022713568 	0.026452745 	-0.019346557 	0.98477252
0.0022914573 	0.026452745 	-0.019346557 	0.98477252
0.0023115578 	0.026452745 	-0.019346557 	0.98477252
0.0023316583 	0.023872587 	-0.018202569 	0.98212219
0.0023517588 	0.023872587 	-0.018202569 	0.98212219
0.0023718593 	0.021842252 	-0.0160288 	0.97867706
0.0023919598 	0.021842252 	-0.0160288 	0.97867706
0.0024120603 	0.020134066 	-0.013680504 	0.9751529
0.0024321608 	0.020134066 	-0.013680504 	0.9751529
0.0024522613 	0.018557383 	-0.011820373 	0.97160546
0.0024723618 	0.018557383 	-0.011820373 	0.97160546
0.0024924623 	0.016917092 	-0.010923571 	0.9673403
0.0025125628 	0.016917092 	-0.010923571 	0.9673403
0.0025326633 	0.015032401 	-0.011364381 	0.96109056
0.0025527638 	0.015032401 	-0.011364381 	0.96109056
0.0025728643 	0.012834129 	-0.013380177 	0.95149486
0.0025929648 	0.012834129 	-0.013380177 	0.95149486
0.0026130653 	0.010422474 	-0.016825628 	0.93789456
0.0026331658 	0.010422474 	-0.016825628 	0.93789456
0.0026532663 	0.0080116856 	-0.020989217 	0.92101819
0.0026733668 	0.0080116856 	-0.020989217 	0.92101819
0.0026934673 	0.0058306327 	-0.024847653 	0.902869
0.0027135678 	0.0058306327 	-0.024847653 	0.902869
0.0027336683 	0.0040843988 	-0.027628754 	0.88575552
0.0027537688 	0.0040843988 	-0.027628754 	0.88575552
0.0027738693 	0.0029347554 	-0.029123839 	0.87128172
0.0027939698 	0.0029347554 	-0.029123839 	0.87128172
0.0028140704 	0.0024747022 	-0.029552885 	0.85998525
0.0028341709 	0.0024747022 	-0.029552885 	0.85998525
0.0028542714 	0.0027284944 	-0.029261159 	0.85154311
0.0028743719 	0.0036728819 	-0.028522269 	0.84513484
0.0028944724 	0.0036728819 	-0.028522269 	0.84513484
0.0029145729 	0.0052739176 	-0.027480534 	0.83973406
0.0029346734 	0.0052739176 	-0.027480534 	0.83973406
0.0029547739 	0.0075311731 	-0.026161156 	0.83432661
0.0029748744 	0.0075311731 	-0.026161156 	0.83432661
0.0029949749 	0.010433508 	-0.024524823 	0.8280669
0.0030150754 	0.013942888 	-0.022548079 	0.8204282
0.0030351759 	0.013942888 	-0.022548079 	0.8204282
0.0030552764 	0.017964233 	-0.020307063 	0.81127442
0.0030753769 	0.017964233 	-0.020307063 	0.81127442
0.0030954774 	0.022340349 	-0.017994997 	0.80081648
0.0031155779 	0.026868098 	-0.015904115 	0.78953726
0.0031356784 	0.026868098 	-0.015904115 	0.78953726
0.0031557789 	0.031315414 	-0.014338888 	0.77801517
0.0031758794 	0.031315414 	-0.014338888 	0.77801517
0.0031959799 	0.035480152 	-0.013523004 	0.76680189
0.0032160804 	0.039190653 	-0.013557949 	0.75634563
0.0032361809 	0.039190653 	-0.013557949 	0.75634563
0.0032562814 	0.042338249 	-0.014475133 	0.74694853
0.0032763819 	0.044883234 	-0.016297584 	0.73890202
0.0032964824 	0.044883234 	-0.016297584 	0.73890202
0.0033165829 	0.046783821 	-0.01907472 	0.73268423
0.0033366834 	0.04798568 	-0.022849519 	0.72896889
0.0033567839 	0.04798568 	-0.022849519 	0.72896889
0.0033768844 	0.048384492 	-0.027646492 	0.7284017
0.0033969849 	0.047931285 	-0.033489234 	0.73112296
0.0034170854 	0.047931285 	-0.033489234 	0.73112296
0.0034371859 	0.046681272 	-0.040289897 	0.73643612
0.0034572864 	0.044799805 	-0.048001781 	0.74313298
0.0034773869 	0.042571399 	-0.056639952 	0.74984122
0.0034974874 	0.042571399 	-0.056639952 	0.74984122
0.0035175879 	0.040273273 	-0.066163961 	0.75526563
0.0035376884 	0.038068241 	-0.076273824 	0.75831356
0.0035577889 	0.035930054 	-0.086214158 	0.75815519
0.0035778894 	0.035930054 	-0.086214158 	0.75815519
0.0035979899 	0.033638333 	-0.094749857 	0.75428831
0.0036180905 	0.030890918 	-0.10032442 	0.74652652
0.003638191 	0.027502817 	-0.10135959 	0.73465753
0.0036582915 	0.027502817 	-0.10135959 	0.73465753
0.003678392 	0.023589996 	-0.096657957 	0.71776571
0.0036984925 	0.019591353 	-0.085851934 	0.69388887
0.003718593 	0.016060622 	-0.069814605 	0.66083229
0.0037386935 	0.013345181 	-0.050665098 	0.61784709
0.003758794 	0.011420416 	-0.031272634 	0.56663498
0.0037788945 	0.011420416 	-0.031272634 	0.56663498
0.003798995 	0.0099904488 	-0.014283795 	0.510591
0.0038190955 	0.0087260115 	-0.00138049 	0.45299185
0.003839196 	0.0074143297 	0.006910072 	0.39568789
0.0038592965 	0.0060067263 	0.010998729 	0.33908209
0.003879397 	0.004573965 	0.01186016 	0.28292046
0.0038994975 	0.0032106448 	0.010678739 	0.22709625
0.003919598 	0.0019992678 	0.008525214 	0.17203151
0.0039396985 	0.0010127397 	0.0061198879 	0.11861089
0.003959799 	0.00032387378 	0.0037229479 	0.067930802
0.0039798995 	1.3368981e-05 	0.0012572803 	0.021124233
0.004 	1.3368981e-05 	0.0012572803 	0.021124233
