0 	-0.0047923278 	-0.024329943 	1.0508056
5.5555556e-05 	0.010796689 	-0.021345026 	1.0595026
0.00011111111 	0.016655203 	-0.017459807 	1.0667083
0.00016666667 	0.020125536 	-0.014777781 	1.0722301
0.00022222222 	0.022353333 	-0.013302134 	1.0758137
0.00027777778 	0.023617409 	-0.013031848 	1.0772274
0.00033333333 	0.024012479 	-0.013844535 	1.0763966
0.00038888889 	0.023609081 	-0.015388438 	1.0734929
0.00044444444 	0.022491643 	-0.01710226 	1.0689601
0.0005 	0.020770674 	-0.018362432 	1.0635026
0.00055555556 	0.018609282 	-0.0186613 	1.058006
0.00061111111 	0.016264873 	-0.017716886 	1.0533227
0.00066666667 	0.014128206 	-0.015465371 	1.049954
0.00072222222 	0.012718916 	-0.011979438 	1.0477933
0.00077777778 	0.01260215 	-0.007417521 	1.0461278
0.00083333333 	0.014176082 	-0.0020938117 	1.043967
0.00088888889 	0.017520481 	0.0034126647 	1.0405378
0.00094444444 	0.022108165 	0.0081806617 	1.0356692
0.001 	0.027471803 	0.011456219 	1.0295548
0.0010617199 	0.032279689 	0.011828561 	1.0232376
0.0011225874 	0.035370941 	0.0093586678 	1.017754
0.0011826143 	0.036612563 	0.0047293754 	1.0130922
0.0012418122 	0.036450785 	-0.0010414763 	1.0087014
0.0013001926 	0.035614789 	-0.0068831552 	1.0039897
0.0013577668 	0.034807473 	-0.011814177 	0.99866797
0.0014145458 	0.034500268 	-0.01507911 	0.99280947
0.0014705407 	0.034940542 	-0.01621265 	0.98674928
0.0015257623 	0.03617904 	-0.015068068 	0.98088855
0.0015802213 	0.038156155 	-0.011822908 	0.97554579
0.0016339282 	0.040771774 	-0.0069270575 	0.97088476
0.0016868934 	0.043901269 	-0.00097934643 	0.96691093
0.0017391271 	0.047435146 	0.0053850875 	0.96351369
0.0017906395 	0.051273353 	0.011574449 	0.96052815
0.0018414404 	0.055322711 	0.017066159 	0.95779374
0.0018915398 	0.059466644 	0.021404546 	0.95516056
0.0019409473 	0.06352873 	0.024230483 	0.95252783
0.0019896725 	0.067287023 	0.025306971 	0.94986021
0.0020377248 	0.070482861 	0.024537595 	0.9472101
0.0020851134 	0.072859645 	0.021972351 	0.94473907
0.0021318476 	0.074211502 	0.01778643 	0.94269367
0.0021779364 	0.074387314 	0.012259765 	0.9413201
0.0022233887 	0.073312975 	0.0057804121 	0.94078208
0.0022682133 	0.071048175 	-0.0011529791 	0.94111323
0.0023124189 	0.067734423 	-0.0080070994 	0.94217562
0.0023560139 	0.063611627 	-0.014319511 	0.94373876
0.0023990069 	0.059007751 	-0.019762347 	0.94545225
0.0024414062 	0.05425398 	-0.024210756 	0.94686117
0.0024832199 	0.049635911 	-0.0277239 	0.94744911
0.0025244562 	0.045349254 	-0.030481595 	0.94670864
0.002565123 	0.04149606 	-0.032718464 	0.94424177
0.0026052281 	0.038112027 	-0.034661424 	0.93985569
0.0026447794 	0.03520275 	-0.036466674 	0.9336078
0.0026837845 	0.032750996 	-0.038174157 	0.92576673
0.0027222509 	0.030724328 	-0.039692367 	0.91672113
0.0027601861 	0.029055496 	-0.04085301 	0.90686404
0.0027975974 	0.027644365 	-0.041494518 	0.89655177
0.002834492 	0.02633934 	-0.041565892 	0.88610823
0.0028708772 	0.024964918 	-0.041168185 	0.87586531
0.0029067598 	0.023355946 	-0.04052808 	0.86615974
0.0029421469 	0.021369282 	-0.039889478 	0.85730269
0.0029770452 	0.018911136 	-0.039398861 	0.84957291
0.0030114616 	0.015960456 	-0.039032335 	0.8432193
0.0030454028 	0.012587878 	-0.038590436 	0.83843381
0.0030788752 	0.0089601382 	-0.037756963 	0.83523213
0.0031118853 	0.0053339323 	-0.036213246 	0.8333055
0.0031444395 	0.0019914462 	-0.033732063 	0.83192729
0.0031765442 	-0.00077920584 	-0.030233987 	0.82999671
0.0032082055 	-0.0027182545 	-0.025802388 	0.82618144
0.0032394295 	-0.0036524647 	-0.020670634 	0.81912183
0.0032702223 	-0.0035162935 	-0.01518317 	0.80765685
0.0033005899 	-0.0023767485 	-0.0097550738 	0.79103678
0.0033305381 	-0.00050569994 	-0.004827393 	0.76909927
0.0033600727 	0.0017337907 	-0.00081936553 	0.7423691
0.0033891994 	0.003957023 	0.0018995507 	0.71204651
0.0034179239 	0.0057372343 	0.0030566552 	0.6798445
0.0034462517 	0.0067317543 	0.0025146488 	0.64765924
0.0034741882 	0.0067732467 	0.0003026442 	0.61715684
0.003501739 	0.0059051247 	-0.0033772147 	0.58937073
0.0035289093 	0.0043608417 	-0.0081666511 	0.564497
0.0035557043 	0.0024359945 	-0.013595062 	0.54195808
0.0035821293 	0.00043134643 	-0.01913862 	0.52067434
0.0036081894 	-0.0013308461 	-0.024302762 	0.4994032
0.0036338895 	-0.0026351083 	-0.028671156 	0.47704096
0.0036592348 	-0.0034104913 	-0.03194208 	0.45282423
0.00368423 	-0.0036782659 	-0.033951171 	0.42639806
0.00370888 	-0.0035314078 	-0.034676618 	0.39778849
0.0037331896 	-0.0031007698 	-0.03422566 	0.36730507
0.0037571635 	-0.0025231928 	-0.032802744 	0.33541685
0.0037808063 	-0.001915904 	-0.030663797 	0.30263497
0.0038041226 	-0.0013613314 	-0.028065997 	0.26942485
0.0038271169 	-0.00090343168 	-0.025223688 	0.23615701
0.0038497936 	-0.00055345131 	-0.022278298 	0.20309336
0.0038721572 	-0.00030144248 	-0.019285329 	0.17039769
0.0038942119 	-0.00012907159 	-0.016218955 	0.13815727
0.003915962 	-1.9486765e-05 	-0.012995808 	0.10640614
0.0039374118 	3.5555758e-05 	-0.0095222047 	0.075150469
0.0039585653 	4.2381473e-05 	-0.0057680805 	0.044420416
0.0039794267 	1.318565e-05 	-0.001859694 	0.014407596
0.004 	3.5710836e-05 	-0.0019550238 	0.018665868
