0 	0.021858644 	-0.02383833 	1.0039726
5.5555556e-05 	0.0095334704 	0.027515192 	0.9975273
0.00011111111 	0.0057741855 	0.026764636 	0.99759901
0.00016666667 	0.0043664151 	0.025157077 	0.99987569
0.00022222222 	0.003590607 	0.023360907 	1.0034646
0.00027777778 	0.0025200369 	0.021646588 	1.0068647
0.00033333333 	0.0004833148 	0.020197183 	1.0084691
0.00038888889 	-0.0028991996 	0.019162767 	1.0068208
0.00044444444 	-0.0076045052 	0.018894882 	0.99982954
0.0005 	-0.013412559 	0.020034686 	0.98440404
0.00055555556 	-0.020181418 	0.022960457 	0.95961956
0.00061111111 	-0.027944331 	0.026876271 	0.9309761
0.00066666667 	-0.036388632 	0.029767766 	0.90733623
0.00072222222 	-0.04452863 	0.029832229 	0.89283018
0.00077777778 	-0.051466208 	0.026915189 	0.88539596
0.00083333333 	-0.05697714 	0.022259483 	0.88153599
0.00088888889 	-0.061207681 	0.017083396 	0.87914739
0.00094444444 	-0.064348581 	0.011910199 	0.87731299
0.001 	-0.066719052 	0.0064751365 	0.87558476
0.0010617451 	-0.067702219 	0.0005265199 	0.87386653
0.0011226367 	-0.067488183 	-0.0055081018 	0.87244938
0.0011826866 	-0.065734961 	-0.011336475 	0.87149348
0.0012419064 	-0.06269116 	-0.016630084 	0.87116354
0.0013003077 	-0.058641129 	-0.021120512 	0.87153911
0.0013579017 	-0.054043747 	-0.024781488 	0.87262328
0.0014146996 	-0.049274095 	-0.027778791 	0.87433585
0.0014707124 	-0.044612315 	-0.030399137 	0.87653079
0.0015259509 	-0.040206377 	-0.032964299 	0.87902107
0.001580426 	-0.036107011 	-0.035769196 	0.88159587
0.001634148 	-0.032279951 	-0.039023567 	0.88403809
0.0016871274 	-0.028629513 	-0.042843915 	0.88615866
0.0017393745 	-0.025019707 	-0.047218598 	0.8878289
0.0017908994 	-0.021293237 	-0.052005041 	0.88902188
0.0018417121 	-0.017308041 	-0.056953975 	0.88982082
0.0018918224 	-0.012955352 	-0.061756969 	0.8903974
0.0019412401 	-0.0081895137 	-0.066012385 	0.89097087
0.0019899746 	-0.0029980833 	-0.0692447 	0.89177174
0.0020380356 	0.002597014 	-0.070883268 	0.8930245
0.0020854322 	0.0084935469 	-0.070321336 	0.89491552
0.0021321736 	0.014554598 	-0.067108977 	0.89759056
0.002178269 	0.020584236 	-0.061243308 	0.90112411
0.0022237272 	0.026275071 	-0.053271514 	0.90552077
0.002268557 	0.031270181 	-0.044173796 	0.91070566
0.0023127672 	0.03525408 	-0.035001171 	0.91647758
0.0023563662 	0.038012293 	-0.026547252 	0.92246298
0.0023993626 	0.039477965 	-0.01924063 	0.9281267
0.0024417647 	0.039696327 	-0.013194112 	0.93284613
0.0024835806 	0.038802224 	-0.0083207955 	0.93605083
0.0025248186 	0.036997123 	-0.0044797948 	0.93738333
0.0025654865 	0.034461501 	-0.0016229358 	0.9368648
0.0026055923 	0.031319342 	0.00011183523 	0.93501629
0.0026451437 	0.027604915 	0.0004529098 	0.932808
0.0026841484 	0.02324583 	-0.00077731189 	0.93123642
0.002722614 	0.018177531 	-0.0034181889 	0.93072304
0.0027605478 	0.012483021 	-0.0068997794 	0.93067408
0.0027979573 	0.0065200979 	-0.01038792 	0.92963577
0.0028348498 	0.00082412385 	-0.013061306 	0.92602776
0.0028712322 	-0.0040952792 	-0.014437538 	0.91906402
0.0029071118 	-0.0078953103 	-0.014549075 	0.90929294
0.0029424953 	-0.010525586 	-0.013835003 	0.89834085
0.0029773898 	-0.012175141 	-0.012839134 	0.88808326
0.003011802 	-0.013144837 	-0.011960619 	0.87983891
0.0030457385 	-0.013731956 	-0.011382144 	0.87400512
0.0030792059 	-0.014145383 	-0.011125087 	0.87014873
0.0031122107 	-0.014469774 	-0.011125153 	0.86732735
0.0031447592 	-0.014682082 	-0.011290763 	0.86440816
0.0031768579 	-0.014690004 	-0.011540816 	0.86028608
0.0032085129 	-0.014397576 	-0.011831583 	0.85401086
0.0032397303 	-0.013739431 	-0.012173314 	0.84487474
0.0032705162 	-0.012695794 	-0.012657285 	0.83249851
0.0033008765 	-0.011301401 	-0.013462787 	0.81689216
0.0033308172 	-0.0096325201 	-0.014844726 	0.79846347
0.0033603441 	-0.0077893041 	-0.017074492 	0.77793901
0.0033894627 	-0.0058692705 	-0.02033888 	0.75619912
0.0034181789 	-0.0039458956 	-0.024622082 	0.73408646
0.0034464982 	-0.0020634761 	-0.02962207 	0.7122706
0.003474426 	-0.00025737042 	-0.034748143 	0.69123257
0.0035019678 	0.0014100869 	-0.039224066 	0.67134938
0.0035291288 	0.0028424135 	-0.042269678 	0.65296654
0.0035559144 	0.0039180114 	-0.043293125 	0.63635742
0.0035823298 	0.0045190068 	-0.042028479 	0.62154665
0.0036083801 	0.0045863397 	-0.038571711 	0.60809174
0.0036340702 	0.0041512287 	-0.033333055 	0.59494425
0.0036594053 	0.0033369387 	-0.026942768 	0.5804758
0.0036843901 	0.0023292534 	-0.020142841 	0.5627029
0.0037090296 	0.0013258707 	-0.013669294 	0.53970694
0.0037333285 	0.00048351744 	-0.0081131241 	0.51018542
0.0037572915 	-0.00011726077 	-0.0037764576 	0.47395799
0.0037809233 	-0.00048906923 	-0.00060346814 	0.43215291
0.0038042285 	-0.00069502411 	0.0017343512 	0.38687029
0.0038272115 	-0.00079234226 	0.0035961803 	0.34039761
0.0038498768 	-0.00081409309 	0.005127411 	0.29438647
0.0038722288 	-0.00076224675 	0.0061808055 	0.24945319
0.0038942718 	-0.00063033935 	0.0064515621 	0.20532511
0.0039160102 	-0.0004339061 	0.0057199346 	0.16130053
0.003937448 	-0.00022015564 	0.0040665301 	0.11668961
0.0039585896 	-5.2412844e-05 	0.0019644522 	0.071044293
0.0039794389 	7.364549e-06 	0.0002223703 	0.024176955
0.004 	-1.2638554e-05 	0.0012919815 	0.027022205
