0 	0.0095803211 	0.056789737 	1.0173642
5.5555556e-05 	-0.019924831 	0.056049201 	1.0047425
0.00011111111 	-0.030299107 	0.056868646 	1.0010342
0.00016666667 	-0.036590649 	0.059184393 	1.0052281
0.00022222222 	-0.040107388 	0.060175342 	1.0140744
0.00027777778 	-0.04155327 	0.059498957 	1.0247976
0.00033333333 	-0.042093473 	0.058138127 	1.0358568
0.00038888889 	-0.042644225 	0.056605355 	1.0460234
0.00044444444 	-0.043697323 	0.054750758 	1.0537223
0.0005 	-0.045426983 	0.052412946 	1.0575552
0.00055555556 	-0.047546285 	0.049602863 	1.0575619
0.00061111111 	-0.049283454 	0.046426761 	1.0556243
0.00066666667 	-0.049794512 	0.043125307 	1.0542184
0.00072222222 	-0.048691028 	0.040170188 	1.0547406
0.00077777778 	-0.04617538 	0.038187291 	1.0569381
0.00083333333 	-0.042756295 	0.037657089 	1.0595636
0.00088888889 	-0.038944681 	0.038699883 	1.0612884
0.00094444444 	-0.035132723 	0.041140746 	1.0611628
0.001 	-0.031339055 	0.044854463 	1.058417
0.0010617199 	-0.027885597 	0.049362271 	1.0521473
0.0011225874 	-0.025051669 	0.053711845 	1.0425848
0.0011826143 	-0.022821072 	0.056933238 	1.0303666
0.0012418122 	-0.021326649 	0.058073169 	1.0168455
0.0013001926 	-0.020741104 	0.056159732 	1.0040748
0.0013577668 	-0.021194216 	0.050450064 	0.99414929
0.0014145458 	-0.022595034 	0.040726336 	0.98838686
0.0014705407 	-0.024628614 	0.027442452 	0.98691445
0.0015257623 	-0.026864708 	0.011459264 	0.98880973
0.0015802213 	-0.028945349 	-0.006364015 	0.99248893
0.0016339282 	-0.03077813 	-0.025091728 	0.99610078
0.0016868934 	-0.03252256 	-0.043300229 	0.9980328
0.0017391271 	-0.034379328 	-0.058908387 	0.99743285
0.0017906395 	-0.036308003 	-0.069529721 	0.9942764
0.0018414404 	-0.037792093 	-0.07321571 	0.9887218
0.0018915398 	-0.03800791 	-0.069328452 	0.98054512
0.0019409473 	-0.036523298 	-0.059121028 	0.96971412
0.0019896725 	-0.033793883 	-0.045372879 	0.95740543
0.0020377248 	-0.030750051 	-0.031073626 	0.94575304
0.0020851134 	-0.028012327 	-0.018249547 	0.93657845
0.0021318476 	-0.025529408 	-0.00771095 	0.93061265
0.0021779364 	-0.022891999 	0.00068879484 	0.927591
0.0022233887 	-0.01973011 	0.0077055556 	0.92672597
0.0022682133 	-0.015929638 	0.014207293 	0.92719461
0.0023124189 	-0.011721382 	0.020743977 	0.92848254
0.0023560139 	-0.0074776103 	0.027470076 	0.9303349
0.0023990069 	-0.0034807717 	0.034341686 	0.93262439
0.0024414062 	0.00012606562 	0.041220588 	0.93524363
0.0024832199 	0.0033406219 	0.047915438 	0.93807904
0.0025244562 	0.0062489577 	0.054201427 	0.94099994
0.002565123 	0.008955434 	0.059842263 	0.94387241
0.0026052281 	0.011565958 	0.064626981 	0.94658451
0.0026447794 	0.014179603 	0.068394958 	0.9490482
0.0026837845 	0.01687151 	0.071042565 	0.95122135
0.0027222509 	0.019675807 	0.072529697 	0.95310716
0.0027601861 	0.022587396 	0.072869071 	0.95474523
0.0027975974 	0.02557111 	0.072126411 	0.95622408
0.002834492 	0.02856957 	0.070415562 	0.95765653
0.0028708772 	0.031512076 	0.067895888 	0.95916068
0.0029067598 	0.034333572 	0.064766583 	0.96084268
0.0029421469 	0.03697739 	0.061242649 	0.9627634
0.0029770452 	0.039415862 	0.057555564 	0.96493735
0.0030114616 	0.041650233 	0.053920843 	0.9673126
0.0030454028 	0.043704416 	0.050516709 	0.96976416
0.0030788752 	0.045609877 	0.047455575 	0.97209458
0.0031118853 	0.047395267 	0.044757064 	0.9740347
0.0031444395 	0.049074201 	0.042342315 	0.97526445
0.0031765442 	0.050622256 	0.040043652 	0.97545731
0.0032082055 	0.051964022 	0.037632041 	0.97433607
0.0032394295 	0.052992367 	0.034863114 	0.97171546
0.0032702223 	0.053584196 	0.031520123 	0.96755134
0.0033005899 	0.053614822 	0.027454381 	0.96195202
0.0033305381 	0.052976812 	0.022609445 	0.95516835
0.0033600727 	0.051581487 	0.017034204 	0.94754455
0.0033891994 	0.049377176 	0.010866861 	0.93941237
0.0034179239 	0.046320098 	0.0042769709 	0.93085235
0.0034462517 	0.042413628 	-0.0026184786 	0.92133794
0.0034741882 	0.037871879 	-0.0097519376 	0.90968259
0.003501739 	0.033069724 	-0.01691196 	0.89446023
0.0035289093 	0.02843823 	-0.023493763 	0.87490691
0.0035557043 	0.024361294 	-0.028404471 	0.85171481
0.0035821293 	0.021046945 	-0.030294353 	0.82706134
0.0036081894 	0.018487471 	-0.028033585 	0.80376724
0.0036338895 	0.016510894 	-0.021176092 	0.78408095
0.0036592348 	0.014889131 	-0.010182123 	0.76876038
0.00368423 	0.013322846 	0.0037283019 	0.75678388
0.00370888 	0.011623454 	0.01893971 	0.74572102
0.0037331896 	0.0098342694 	0.033834597 	0.73238753
0.0037571635 	0.0080343373 	0.047039725 	0.71349592
0.0037808063 	0.00630835 	0.057425976 	0.68605412
0.0038041226 	0.0047518521 	0.064026967 	0.64750311
0.0038271169 	0.0034505946 	0.066140922 	0.59597857
0.0038497936 	0.0024359185 	0.063699596 	0.5309957
0.0038721572 	0.0016635965 	0.057574828 	0.45418251
0.0038942119 	0.0010586234 	0.049286345 	0.36930042
0.003915962 	0.00058081227 	0.040083103 	0.28128273
0.0039374118 	0.00023671259 	0.030222796 	0.19476597
0.0039585653 	4.1748004e-05 	0.019208786 	0.11282328
0.0039794267 	-8.2182238e-06 	0.0067074922 	0.036344673
0.004 	-5.4299388e-05 	0.0077306079 	0.03464227
