0 	0.022792249 	0.015814986 	1.0411395
2.0100503e-05 	0.022792249 	0.015814986 	1.0411395
4.0201005e-05 	0.022792249 	0.015814986 	1.0411395
6.0301508e-05 	0.013226378 	0.026735282 	1.031318
8.040201e-05 	0.013226378 	0.026735282 	1.031318
0.00010050251 	0.013226378 	0.026735282 	1.031318
0.00012060302 	0.009193882 	0.030657772 	1.0213066
0.00014070352 	0.009193882 	0.030657772 	1.0213066
0.00016080402 	0.009193882 	0.030657772 	1.0213066
0.00018090452 	0.0064625746 	0.0332876 	1.011453
0.00020100503 	0.0064625746 	0.0332876 	1.011453
0.00022110553 	0.0064625746 	0.0332876 	1.011453
0.00024120603 	0.0041320555 	0.035081974 	1.002805
0.00026130653 	0.0041320555 	0.035081974 	1.002805
0.00028140704 	0.0022118877 	0.036056502 	0.99680322
0.00030150754 	0.0022118877 	0.036056502 	0.99680322
0.00032160804 	0.0022118877 	0.036056502 	0.99680322
0.00034170854 	0.0011137103 	0.036169763 	0.99457346
0.00036180905 	0.0011137103 	0.036169763 	0.99457346
0.00038190955 	0.0011137103 	0.036169763 	0.99457346
0.00040201005 	0.0013343879 	0.035554455 	0.99646286
0.00042211055 	0.0013343879 	0.035554455 	0.99646286
0.00044221106 	0.0013343879 	0.035554455 	0.99646286
0.00046231156 	0.0031770111 	0.034577892 	1.0019998
0.00048241206 	0.0031770111 	0.034577892 	1.0019998
0.00050251256 	0.0065897207 	0.033656537 	1.0102012
0.00052261307 	0.0065897207 	0.033656537 	1.0102012
0.00054271357 	0.0065897207 	0.033656537 	1.0102012
0.00056281407 	0.011202492 	0.033005012 	1.0199204
0.00058291457 	0.011202492 	0.033005012 	1.0199204
0.00060301508 	0.011202492 	0.033005012 	1.0199204
0.00062311558 	0.016534026 	0.032678301 	1.0301182
0.00064321608 	0.016534026 	0.032678301 	1.0301182
0.00066331658 	0.016534026 	0.032678301 	1.0301182
0.00068341709 	0.022162649 	0.032698797 	1.0400377
0.00070351759 	0.022162649 	0.032698797 	1.0400377
0.00072361809 	0.027755168 	0.033084193 	1.0492462
0.00074371859 	0.027755168 	0.033084193 	1.0492462
0.0007638191 	0.027755168 	0.033084193 	1.0492462
0.0007839196 	0.033046822 	0.033800504 	1.057583
0.0008040201 	0.033046822 	0.033800504 	1.057583
0.0008241206 	0.033046822 	0.033800504 	1.057583
0.00084422111 	0.037818067 	0.034681732 	1.0650606
0.00086432161 	0.037818067 	0.034681732 	1.0650606
0.00088442211 	0.037818067 	0.034681732 	1.0650606
0.00090452261 	0.03650443 	0.042101838 	1.0925252
0.00092462312 	0.03650443 	0.042101838 	1.0925252
0.00094472362 	0.039364172 	0.041848143 	1.0988806
0.00096482412 	0.039364172 	0.041848143 	1.0988806
0.00098492462 	0.039364172 	0.041848143 	1.0988806
0.0010050251 	0.041004275 	0.040345517 	1.1048691
0.0010251256 	0.041004275 	0.040345517 	1.1048691
0.0010452261 	0.041004275 	0.040345517 	1.1048691
0.0010653266 	0.041133147 	0.037513177 	1.109873
0.0010854271 	0.041133147 	0.037513177 	1.109873
0.0011055276 	0.041133147 	0.037513177 	1.109873
0.0011256281 	0.040370646 	0.033406712 	1.1136541
0.0011457286 	0.040370646 	0.033406712 	1.1136541
0.0011658291 	0.040370646 	0.033406712 	1.1136541
0.0011859296 	0.039137167 	0.028348417 	1.1165727
0.0012060302 	0.039137167 	0.028348417 	1.1165727
0.0012261307 	0.039137167 	0.028348417 	1.1165727
0.0012462312 	0.037824207 	0.022681987 	1.1189768
0.0012663317 	0.037824207 	0.022681987 	1.1189768
0.0012864322 	0.037824207 	0.022681987 	1.1189768
0.0013065327 	0.036868893 	0.016868068 	1.1211266
0.0013266332 	0.036868893 	0.016868068 	1.1211266
0.0013467337 	0.036868893 	0.016868068 	1.1211266
0.0013668342 	0.036641774 	0.011456562 	1.1230957
0.0013869347 	0.036641774 	0.011456562 	1.1230957
0.0014070352 	0.036641774 	0.011456562 	1.1230957
0.0014271357 	0.037466588 	0.0071144591 	1.1247316
0.0014472362 	0.037466588 	0.0071144591 	1.1247316
0.0014673367 	0.037466588 	0.0071144591 	1.1247316
0.0014874372 	0.039633014 	0.0046334857 	1.1256533
0.0015075377 	0.039633014 	0.0046334857 	1.1256533
0.0015276382 	0.043285191 	0.0047994326 	1.1252571
0.0015477387 	0.043285191 	0.0047994326 	1.1252571
0.0015678392 	0.043285191 	0.0047994326 	1.1252571
0.0015879397 	0.04830092 	0.0081506448 	1.1228469
0.0016080402 	0.04830092 	0.0081506448 	1.1228469
0.0016281407 	0.04830092 	0.0081506448 	1.1228469
0.0016482412 	0.054263344 	0.014689968 	1.1178358
0.0016683417 	0.054263344 	0.014689968 	1.1178358
0.0016884422 	0.060477371 	0.023740365 	1.1099218
0.0017085427 	0.060477371 	0.023740365 	1.1099218
0.0017286432 	0.060477371 	0.023740365 	1.1099218
0.0017487437 	0.06612676 	0.03406418 	1.0992099
0.0017688442 	0.06612676 	0.03406418 	1.0992099
0.0017889447 	0.06612676 	0.03406418 	1.0992099
0.0018090452 	0.070510159 	0.044181008 	1.0861884
0.0018291457 	0.070510159 	0.044181008 	1.0861884
0.0018492462 	0.073215411 	0.052708889 	1.0715996
0.0018693467 	0.073215411 	0.052708889 	1.0715996
0.0018894472 	0.073215411 	0.052708889 	1.0715996
0.0019095477 	0.074167566 	0.058531806 	1.0563239
0.0019296482 	0.074167566 	0.058531806 	1.0563239
0.0019497487 	0.073533483 	0.060844739 	1.0412991
0.0019698492 	0.073533483 	0.060844739 	1.0412991
0.0019899497 	0.071545445 	0.059286859 	1.0273457
0.0020100503 	0.071545445 	0.059286859 	1.0273457
0.0020301508 	0.071545445 	0.059286859 	1.0273457
0.0020502513 	0.068371965 	0.054253017 	1.0149058
0.0020703518 	0.068371965 	0.054253017 	1.0149058
0.0020904523 	0.064130662 	0.046976435 	1.0039888
0.0021105528 	0.064130662 	0.046976435 	1.0039888
0.0021306533 	0.064130662 	0.046976435 	1.0039888
0.0021507538 	0.058980282 	0.039003645 	0.99445307
0.0021708543 	0.058980282 	0.039003645 	0.99445307
0.0021909548 	0.053162799 	0.031406426 	0.98627374
0.0022110553 	0.053162799 	0.031406426 	0.98627374
0.0022311558 	0.046974266 	0.024498438 	0.97953753
0.0022512563 	0.046974266 	0.024498438 	0.97953753
0.0022713568 	0.040695276 	0.018211401 	0.97449883
0.0022914573 	0.040695276 	0.018211401 	0.97449883
0.0023115578 	0.040695276 	0.018211401 	0.97449883
0.0023316583 	0.034524882 	0.012563864 	0.97176323
0.0023517588 	0.034524882 	0.012563864 	0.97176323
0.0023718593 	0.028539471 	0.0077971509 	0.97190549
0.0023919598 	0.028539471 	0.0077971509 	0.97190549
0.0024120603 	0.022745328 	0.0039332396 	0.97454011
0.0024321608 	0.022745328 	0.0039332396 	0.97454011
0.0024522613 	0.017259309 	0.000208757 	0.97825367
0.0024723618 	0.017259309 	0.000208757 	0.97825367
0.0024924623 	0.012434607 	-0.005216082 	0.981828
0.0025125628 	0.012434607 	-0.005216082 	0.981828
0.0025326633 	0.0085001245 	-0.014407067 	0.98564468
0.0025527638 	0.0085001245 	-0.014407067 	0.98564468
0.0025728643 	0.005077886 	-0.02764911 	0.99163286
0.0025929648 	0.005077886 	-0.02764911 	0.99163286
0.0026130653 	0.001349621 	-0.042116212 	1.0012495
0.0026331658 	0.001349621 	-0.042116212 	1.0012495
0.0026532663 	-0.0033273545 	-0.053703474 	1.0137741
0.0026733668 	-0.0033273545 	-0.053703474 	1.0137741
0.0026934673 	-0.0089981926 	-0.060606702 	1.027863
0.0027135678 	-0.0089981926 	-0.060606702 	1.027863
0.0027336683 	-0.015271721 	-0.063902074 	1.0429369
0.0027537688 	-0.015271721 	-0.063902074 	1.0429369
0.0027738693 	-0.021238444 	-0.065389686 	1.0566653
0.0027939698 	-0.021238444 	-0.065389686 	1.0566653
0.0028140704 	-0.025365156 	-0.065914131 	1.0631948
0.0028341709 	-0.025365156 	-0.065914131 	1.0631948
0.0028542714 	-0.026150981 	-0.065621863 	1.0567723
0.0028743719 	-0.022749072 	-0.064738744 	1.0350633
0.0028944724 	-0.022749072 	-0.064738744 	1.0350633
0.0029145729 	-0.015297113 	-0.063703134 	0.99918245
0.0029346734 	-0.015297113 	-0.063703134 	0.99918245
0.0029547739 	-0.0046734458 	-0.062936678 	0.95267745
0.0029748744 	-0.0046734458 	-0.062936678 	0.95267745
0.0029949749 	0.0077912005 	-0.062628578 	0.90048833
0.0030150754 	0.020460513 	-0.06274614 	0.84789232
0.0030351759 	0.020460513 	-0.06274614 	0.84789232
0.0030552764 	0.03188548 	-0.063145077 	0.79942578
0.0030753769 	0.03188548 	-0.063145077 	0.79942578
0.0030954774 	0.041158934 	-0.063639618 	0.75822048
0.0031155779 	0.047891841 	-0.063969811 	0.72584379
0.0031356784 	0.047891841 	-0.063969811 	0.72584379
0.0031557789 	0.05213633 	-0.063849584 	0.70242283
0.0031758794 	0.05213633 	-0.063849584 	0.70242283
0.0031959799 	0.054253741 	-0.063000565 	0.68715321
0.0032160804 	0.054777353 	-0.061173505 	0.67877821
0.0032361809 	0.054777353 	-0.061173505 	0.67877821
0.0032562814 	0.054213318 	-0.058160288 	0.67595973
0.0032763819 	0.053000955 	-0.05381383 	0.67749811
0.0032964824 	0.053000955 	-0.05381383 	0.67749811
0.0033165829 	0.051511141 	-0.04806792 	0.68239773
0.0033366834 	0.050029871 	-0.040952869 	0.68986097
0.0033567839 	0.050029871 	-0.040952869 	0.68986097
0.0033768844 	0.048693591 	-0.032597388 	0.6992193
0.0033969849 	0.04747333 	-0.023209454 	0.71007955
0.0034170854 	0.04747333 	-0.023209454 	0.71007955
0.0034371859 	0.046451162 	-0.013095685 	0.72187935
0.0034572864 	0.045718788 	-0.002576492 	0.73382269
0.0034773869 	0.045017912 	0.0080354503 	0.74510049
0.0034974874 	0.045017912 	0.0080354503 	0.74510049
0.0035175879 	0.044227375 	0.018542942 	0.75523786
0.0035376884 	0.043162878 	0.028776837 	0.7639497
0.0035577889 	0.041526352 	0.038586724 	0.77110685
0.0035778894 	0.041526352 	0.038586724 	0.77110685
0.0035979899 	0.039155153 	0.047816529 	0.77675895
0.0036180905 	0.036018451 	0.056351661 	0.78114316
0.003638191 	0.032169719 	0.064129427 	0.78461881
0.0036582915 	0.032169719 	0.064129427 	0.78461881
0.003678392 	0.027746776 	0.071153504 	0.78746345
0.0036984925 	0.02299552 	0.077427745 	0.78946978
0.003718593 	0.018279047 	0.082775346 	0.78941779
0.0037386935 	0.014037741 	0.086618692 	0.78470725
0.003758794 	0.010677604 	0.087933205 	0.77156426
0.0037788945 	0.010677604 	0.087933205 	0.77156426
0.003798995 	0.0084140281 	0.085591237 	0.74605178
0.0038190955 	0.0071559747 	0.079050444 	0.70554352
0.003839196 	0.0065233821 	0.068935001 	0.64976709
0.0038592965 	0.0060288568 	0.056906191 	0.58064935
0.003879397 	0.005316583 	0.044817087 	0.50116125
0.0038994975 	0.0042864536 	0.03390869 	0.41424002
0.003919598 	0.0030426448 	0.024692123 	0.32253154
0.0039396985 	0.0017758649 	0.017230805 	0.22860389
0.003959799 	0.00070297007 	0.01114016 	0.13494363
0.0039798995 	6.6642292e-05 	0.004981994 	0.043730415
0.004 	6.6642292e-05 	0.004981994 	0.043730415
