0 	-0.0090044325 	-0.0230785 	1.1209817
2.0100503e-05 	-0.0090044325 	-0.0230785 	1.1209817
4.0201005e-05 	-0.0090044325 	-0.0230785 	1.1209817
6.0301508e-05 	0.005396078 	-0.023501541 	1.1224419
8.040201e-05 	0.005396078 	-0.023501541 	1.1224419
0.00010050251 	0.005396078 	-0.023501541 	1.1224419
0.00012060302 	0.010831086 	-0.01914474 	1.1221859
0.00014070352 	0.010831086 	-0.01914474 	1.1221859
0.00016080402 	0.010831086 	-0.01914474 	1.1221859
0.00018090452 	0.013909778 	-0.013492841 	1.1203791
0.00020100503 	0.013909778 	-0.013492841 	1.1203791
0.00022110553 	0.013909778 	-0.013492841 	1.1203791
0.00024120603 	0.01582659 	-0.0072064778 	1.1170893
0.00026130653 	0.01582659 	-0.0072064778 	1.1170893
0.00028140704 	0.016815276 	-0.00092980266 	1.1124628
0.00030150754 	0.016815276 	-0.00092980266 	1.1124628
0.00032160804 	0.016815276 	-0.00092980266 	1.1124628
0.00034170854 	0.016825166 	0.0046567318 	1.1068965
0.00036180905 	0.016825166 	0.0046567318 	1.1068965
0.00038190955 	0.016825166 	0.0046567318 	1.1068965
0.00040201005 	0.015745272 	0.0089809605 	1.1010749
0.00042211055 	0.015745272 	0.0089809605 	1.1010749
0.00044221106 	0.015745272 	0.0089809605 	1.1010749
0.00046231156 	0.013493264 	0.011695254 	1.0957601
0.00048241206 	0.013493264 	0.011695254 	1.0957601
0.00050251256 	0.01002458 	0.012756204 	1.0914532
0.00052261307 	0.01002458 	0.012756204 	1.0914532
0.00054271357 	0.01002458 	0.012756204 	1.0914532
0.00056281407 	0.0053792765 	0.012457929 	1.0881922
0.00058291457 	0.0053792765 	0.012457929 	1.0881922
0.00060301508 	0.0053792765 	0.012457929 	1.0881922
0.00062311558 	-0.00026824398 	0.011390191 	1.0856527
0.00064321608 	-0.00026824398 	0.011390191 	1.0856527
0.00066331658 	-0.00026824398 	0.011390191 	1.0856527
0.00068341709 	-0.0065640391 	0.010316391 	1.0834601
0.00070351759 	-0.0087205635 	0.0021099954 	1.0903984
0.00072361809 	-0.014914084 	0.0008710217 	1.0895819
0.00074371859 	-0.014914084 	0.0008710217 	1.0895819
0.0007638191 	-0.014914084 	0.0008710217 	1.0895819
0.0007839196 	-0.02073892 	0.0010591798 	1.0891114
0.0008040201 	-0.02073892 	0.0010591798 	1.0891114
0.0008241206 	-0.02073892 	0.0010591798 	1.0891114
0.00084422111 	-0.025692472 	0.0027634741 	1.0892933
0.00086432161 	-0.025692472 	0.0027634741 	1.0892933
0.00088442211 	-0.025692472 	0.0027634741 	1.0892933
0.00090452261 	-0.029375977 	0.0058852365 	1.0902126
0.00092462312 	-0.029375977 	0.0058852365 	1.0902126
0.00094472362 	-0.029218393 	0.018957522 	1.0798279
0.00096482412 	-0.029218393 	0.018957522 	1.0798279
0.00098492462 	-0.029218393 	0.018957522 	1.0798279
0.0010050251 	-0.032462636 	0.016033533 	1.0924875
0.0010251256 	-0.032462636 	0.016033533 	1.0924875
0.0010452261 	-0.032462636 	0.016033533 	1.0924875
0.0010653266 	-0.031966868 	0.022507623 	1.0920858
0.0010854271 	-0.031966868 	0.022507623 	1.0920858
0.0011055276 	-0.031966868 	0.022507623 	1.0920858
0.0011256281 	-0.030879013 	0.028418918 	1.0892284
0.0011457286 	-0.030879013 	0.028418918 	1.0892284
0.0011658291 	-0.030879013 	0.028418918 	1.0892284
0.0011859296 	-0.029657019 	0.031994986 	1.0845433
0.0012060302 	-0.029657019 	0.031994986 	1.0845433
0.0012261307 	-0.023983572 	0.033547677 	1.0793156
0.0012462312 	-0.022855945 	0.031994851 	1.0780602
0.0012663317 	-0.022855945 	0.031994851 	1.0780602
0.0012864322 	-0.028703193 	0.031924066 	1.0794434
0.0013065327 	-0.028006101 	0.028804937 	1.0736885
0.0013266332 	-0.028006101 	0.028804937 	1.0736885
0.0013467337 	-0.028006101 	0.028804937 	1.0736885
0.0013668342 	-0.027106171 	0.026096734 	1.0631209
0.0013869347 	-0.027106171 	0.026096734 	1.0631209
0.0014070352 	-0.027106171 	0.026096734 	1.0631209
0.0014271357 	-0.025317024 	0.028043077 	1.0422259
0.0014472362 	-0.025317024 	0.028043077 	1.0422259
0.0014673367 	-0.025317024 	0.028043077 	1.0422259
0.0014874372 	-0.022610861 	0.034973563 	1.0120928
0.0015075377 	-0.022610861 	0.034973563 	1.0120928
0.0015276382 	-0.020271185 	0.04173413 	0.98329478
0.0015477387 	-0.020271185 	0.04173413 	0.98329478
0.0015678392 	-0.020271185 	0.04173413 	0.98329478
0.0015879397 	-0.020033082 	0.042839303 	0.9646314
0.0016080402 	-0.020033082 	0.042839303 	0.9646314
0.0016281407 	-0.020033082 	0.042839303 	0.9646314
0.0016482412 	-0.022906684 	0.036994381 	0.95400188
0.0016683417 	-0.022906684 	0.036994381 	0.95400188
0.0016884422 	-0.028797924 	0.024830182 	0.94344784
0.0017085427 	-0.028797924 	0.024830182 	0.94344784
0.0017286432 	-0.028797924 	0.024830182 	0.94344784
0.0017487437 	-0.036944305 	0.0068438463 	0.92767554
0.0017688442 	-0.036944305 	0.0068438463 	0.92767554
0.0017889447 	-0.036944305 	0.0068438463 	0.92767554
0.0018090452 	-0.046530883 	-0.014801973 	0.90902725
0.0018291457 	-0.046530883 	-0.014801973 	0.90902725
0.0018492462 	-0.057042786 	-0.034167 	0.89513658
0.0018693467 	-0.057042786 	-0.034167 	0.89513658
0.0018894472 	-0.057042786 	-0.034167 	0.89513658
0.0019095477 	-0.067663178 	-0.045012297 	0.88912741
0.0019296482 	-0.067663178 	-0.045012297 	0.88912741
0.0019497487 	-0.076765097 	-0.047097702 	0.88619734
0.0019698492 	-0.076765097 	-0.047097702 	0.88619734
0.0019899497 	-0.083152105 	-0.044200103 	0.88176915
0.0020100503 	-0.083152105 	-0.044200103 	0.88176915
0.0020301508 	-0.083152105 	-0.044200103 	0.88176915
0.0020502513 	-0.086779876 	-0.038455166 	0.87612111
0.0020703518 	-0.10234973 	-0.033173967 	0.88409327
0.0020904523 	-0.088264923 	-0.030640255 	0.87058013
0.0021105528 	-0.088264923 	-0.030640255 	0.87058013
0.0021306533 	-0.088264923 	-0.030640255 	0.87058013
0.0021507538 	-0.088421518 	-0.022103104 	0.86530382
0.0021708543 	-0.088421518 	-0.022103104 	0.86530382
0.0021909548 	-0.087960652 	-0.014218571 	0.86054154
0.0022110553 	-0.087960652 	-0.014218571 	0.86054154
0.0022311558 	-0.087328593 	-0.0077209456 	0.8570713
0.0022512563 	-0.087328593 	-0.0077209456 	0.8570713
0.0022713568 	-0.086649127 	-0.0027974198 	0.85558144
0.0022914573 	-0.086649127 	-0.0027974198 	0.85558144
0.0023115578 	-0.086649127 	-0.0027974198 	0.85558144
0.0023316583 	-0.085791472 	0.00077024231 	0.85624216
0.0023517588 	-0.085791472 	0.00077024231 	0.85624216
0.0023718593 	-0.084470903 	0.0034458411 	0.85864369
0.0023919598 	-0.084470903 	0.0034458411 	0.85864369
0.0024120603 	-0.082510485 	0.0057309409 	0.86203246
0.0024321608 	-0.082510485 	0.0057309409 	0.86203246
0.0024522613 	-0.079895135 	0.0079734466 	0.86571634
0.0024723618 	-0.079895135 	0.0079734466 	0.86571634
0.0024924623 	-0.076592714 	0.010397832 	0.86926474
0.0025125628 	-0.076592714 	0.010397832 	0.86926474
0.0025326633 	-0.072561638 	0.013126897 	0.87252187
0.0025527638 	-0.072561638 	0.013126897 	0.87252187
0.0025728643 	-0.067845574 	0.016206067 	0.87551938
0.0025929648 	-0.067845574 	0.016206067 	0.87551938
0.0026130653 	-0.0625259 	0.019615697 	0.87835176
0.0026331658 	-0.0625259 	0.019615697 	0.87835176
0.0026532663 	-0.056691664 	0.023301968 	0.88112328
0.0026733668 	-0.056691664 	0.023301968 	0.88112328
0.0026934673 	-0.050487331 	0.027181097 	0.88391247
0.0027135678 	-0.050487331 	0.027181097 	0.88391247
0.0027336683 	-0.044090613 	0.031148271 	0.88675484
0.0027537688 	-0.044090613 	0.031148271 	0.88675484
0.0027738693 	-0.037683614 	0.035110974 	0.88968197
0.0027939698 	-0.037683614 	0.035110974 	0.88968197
0.0028140704 	-0.031434462 	0.038996819 	0.89269304
0.0028341709 	-0.031434462 	0.038996819 	0.89269304
0.0028542714 	-0.025491311 	0.042782171 	0.89577722
0.0028743719 	-0.019969521 	0.046495676 	0.89890947
0.0028944724 	-0.019969521 	0.046495676 	0.89890947
0.0029145729 	-0.01494666 	0.050214828 	0.90205138
0.0029346734 	-0.01494666 	0.050214828 	0.90205138
0.0029547739 	-0.010458175 	0.054046317 	0.90515183
0.0029748744 	-0.010458175 	0.054046317 	0.90515183
0.0029949749 	-0.0064749152 	0.058080476 	0.90814429
0.0030150754 	-0.0029234296 	0.062357534 	0.91096783
0.0030351759 	-0.0029234296 	0.062357534 	0.91096783
0.0030552764 	0.00028921641 	0.066866836 	0.91357949
0.0030753769 	0.00028921641 	0.066866836 	0.91357949
0.0030954774 	0.0032549691 	0.071541431 	0.91596927
0.0031155779 	0.006030626 	0.076263741 	0.91816824
0.0031356784 	0.006030626 	0.076263741 	0.91816824
0.0031557789 	0.0086219837 	0.080886751 	0.92023493
0.0031758794 	0.0086219837 	0.080886751 	0.92023493
0.0031959799 	0.010969461 	0.085268666 	0.92223092
0.0032160804 	0.012950055 	0.089324653 	0.92420168
0.0032361809 	0.012950055 	0.089324653 	0.92420168
0.0032562814 	0.014413896 	0.093062591 	0.92616223
0.0032763819 	0.015266804 	0.096520017 	0.92801232
0.0032964824 	0.015266804 	0.096520017 	0.92801232
0.0033165829 	0.015524257 	0.099606234 	0.92936584
0.0033366834 	0.015240698 	0.10208737 	0.92952244
0.0033567839 	0.015240698 	0.10208737 	0.92952244
0.0033768844 	0.014363803 	0.10383875 	0.92773792
0.0033969849 	0.012756024 	0.10502499 	0.92347997
0.0034170854 	0.012756024 	0.10502499 	0.92347997
0.0034371859 	0.010438455 	0.10586072 	0.91642884
0.0034572864 	0.0077210211 	0.10626271 	0.90651706
0.0034773869 	0.0050144568 	0.10581896 	0.89409947
0.0034974874 	0.0050144568 	0.10581896 	0.89409947
0.0035175879 	0.0026160494 	0.10400979 	0.87994163
0.0035376884 	0.0006578739 	0.1004011 	0.86489744
0.0035577889 	-0.00086895616 	0.094707588 	0.84953998
0.0035778894 	-0.00086895616 	0.094707588 	0.84953998
0.0035979899 	-0.0020572926 	0.086800208 	0.83397224
0.0036180905 	-0.0030183643 	0.076737159 	0.81780343
0.003638191 	-0.0038195245 	0.0648161 	0.80016158
0.0036582915 	-0.0038195245 	0.0648161 	0.80016158
0.003678392 	-0.0044208451 	0.051579399 	0.77971124
0.0036984925 	-0.0046609711 	0.03776573 	0.75483583
0.003718593 	-0.0043563599 	0.02425835 	0.72419689
0.0037386935 	-0.00347195 	0.012077205 	0.68748817
0.003758794 	-0.0022225448 	0.0023231981 	0.64575829
0.0037788945 	-0.0022225448 	0.0023231981 	0.64575829
0.003798995 	-0.00098758537 	-0.0040747891 	0.60083361
0.0038190955 	-7.489531e-05 	-0.0067358556 	0.55418876
0.003839196 	0.00039421644 	-0.0060335061 	0.50605022
0.0038592965 	0.00044013744 	-0.003025936 	0.45535932
0.003879397 	0.00021574321 	0.00086094401 	0.40043749
0.0038994975 	-4.350769e-05 	0.0042290492 	0.33984769
0.003919598 	-0.00019520734 	0.0060329494 	0.27299972
0.0039396985 	-0.00021441989 	0.0058041234 	0.20028768
0.003959799 	-0.00013207059 	0.0037684621 	0.1228168
0.0039798995 	-2.8126248e-05 	0.00091938988 	0.041897902
0.004 	-2.8126248e-05 	0.00091938988 	0.041897902
