0 	-0.012060398 	-0.0028572766 	1.0400353
5.5555625e-05 	-0.014896427 	0.001949422 	1.0464801
0.00011111111 	-0.017449082 	0.0045143698 	1.0491386
0.00016666667 	-0.019361343 	0.0077372802 	1.0451864
0.00022222222 	-0.020234735 	0.011822526 	1.0314077
0.00027777778 	-0.020281154 	0.016703687 	1.0058984
0.00033333333 	-0.020046565 	0.022898747 	0.9706402
0.00038888889 	-0.019835973 	0.031513162 	0.93231562
0.00044444444 	-0.019472125 	0.04307681 	0.89910496
0.0005 	-0.018755063 	0.056359782 	0.87595624
0.00055555556 	-0.017989993 	0.068649281 	0.8630705
0.00061111111 	-0.017968223 	0.077583063 	0.85845428
0.00066666667 	-0.019284767 	0.082591919 	0.86057674
0.00072222222 	-0.022009273 	0.085017712 	0.86870169
0.00077777778 	-0.025585323 	0.086575531 	0.88178794
0.00083333333 	-0.029380597 	0.087376371 	0.8976179
0.00088888889 	-0.033330523 	0.085672043 	0.91306012
0.00094444444 	-0.037877842 	0.080007755 	0.92562937
0.001 	-0.043317867 	0.070771721 	0.93545683
0.0010617199 	-0.048633023 	0.05968958 	0.94332854
0.0011225874 	-0.051244251 	0.048940616 	0.95067577
0.0011826143 	-0.05112218 	0.040391038 	0.95643215
0.0012418122 	-0.048512612 	0.034860018 	0.95928756
0.0013001926 	-0.044103535 	0.03196001 	0.95869926
0.0013577668 	-0.038373315 	0.030596869 	0.95500084
0.0014145458 	-0.031628827 	0.02960256 	0.94895712
0.0014705407 	-0.024082031 	0.028130606 	0.9415972
0.0015257623 	-0.016031948 	0.025868995 	0.93406662
0.0015802213 	-0.0078692634 	0.023040643 	0.92737574
0.0016339282 	0.00013861162 	0.020118254 	0.92206907
0.0016868934 	0.0077709899 	0.017438858 	0.91812209
0.0017391271 	0.014944443 	0.014944773 	0.91525421
0.0017906395 	0.021760371 	0.012283487 	0.91323547
0.0018414404 	0.028257861 	0.0090414154 	0.91207144
0.0018915398 	0.034391227 	0.0050385181 	0.91181713
0.0019409473 	0.040110161 	0.00026818126 	0.91255698
0.0019896725 	0.045457147 	-0.0051528101 	0.91430496
0.0020377248 	0.050383285 	-0.01100222 	0.9169766
0.0020851134 	0.054771722 	-0.017053235 	0.92044222
0.0021318476 	0.05858603 	-0.02308093 	0.9245611
0.0021779364 	0.061802703 	-0.028888422 	0.92918384
0.0022233887 	0.064406925 	-0.034331242 	0.93415576
0.0022682133 	0.066388234 	-0.039329288 	0.939321
0.0023124189 	0.067730003 	-0.043871638 	0.94453844
0.0023560139 	0.068411505 	-0.048007621 	0.94971538
0.0023990069 	0.068412618 	-0.051817192 	0.95484427
0.0024414062 	0.067733044 	-0.055373955 	0.9600193
0.0024832199 	0.066405381 	-0.058704366 	0.96538286
0.0025244562 	0.064502463 	-0.061767078 	0.97101607
0.002565123 	0.062123101 	-0.064466592 	0.97683562
0.0026052281 	0.059378468 	-0.06670374 	0.98255349
0.0026447794 	0.056377586 	-0.068440759 	0.98770541
0.0026837845 	0.053216672 	-0.069752698 	0.99173829
0.0027222509 	0.049983372 	-0.070827337 	0.99413583
0.0027601861 	0.046763402 	-0.071914482 	0.99454497
0.0027975974 	0.043642623 	-0.07326284 	0.99285926
0.002834492 	0.040701478 	-0.075082891 	0.98923764
0.0028708772 	0.038006044 	-0.077557168 	0.98406834
0.0029067598 	0.035607666 	-0.080878759 	0.97789507
0.0029421469 	0.033555736 	-0.08527598 	0.97130761
0.0029770452 	0.031905374 	-0.090957273 	0.96478251
0.0030114616 	0.030706681 	-0.0979508 	0.9585169
0.0030454028 	0.029977999 	-0.10590315 	0.95234318
0.0030788752 	0.029682386 	-0.11397543 	0.94580647
0.0031118853 	0.029724858 	-0.12094489 	0.93840036
0.0031444395 	0.029970506 	-0.12550119 	0.92984999
0.0031765442 	0.030261083 	-0.12659003 	0.92031417
0.0032082055 	0.030422118 	-0.12361492 	0.91041853
0.0032394295 	0.030268129 	-0.11643953 	0.90105949
0.0032702223 	0.029626127 	-0.10529476 	0.89300623
0.0033005899 	0.028381523 	-0.090705646 	0.88651645
0.0033305381 	0.026509731 	-0.073423498 	0.88129013
0.0033600727 	0.024079471 	-0.054308245 	0.87684431
0.0033891994 	0.021204625 	-0.034193906 	0.87288141
0.0034179239 	0.018093721 	-0.013869739 	0.86918667
0.0034462517 	0.014955753 	0.0057775779 	0.86518811
0.0034741882 	0.012072919 	0.023763103 	0.85985311
0.003501739 	0.0096165998 	0.039236539 	0.85214594
0.0035289093 	0.0074263619 	0.051790804 	0.84160215
0.0035557043 	0.005305282 	0.061665047 	0.82835206
0.0035821293 	0.0031308678 	0.069534114 	0.81274591
0.0036081894 	0.00093567916 	0.075920699 	0.7949889
0.0036338895 	-0.0011237691 	0.080676408 	0.77484802
0.0036592348 	-0.0027733749 	0.083029118 	0.7513117
0.00368423 	-0.0038659588 	0.082187097 	0.72231859
0.00370888 	-0.0044291595 	0.07792124 	0.68502264
0.0037331896 	-0.0044953023 	0.070670712 	0.63692568
0.0037571635 	-0.0041435958 	0.061392519 	0.57746061
0.0037808063 	-0.0034642249 	0.051529745 	0.50890217
0.0038041226 	-0.0025929168 	0.042820595 	0.43580018
0.0038271169 	-0.0017242496 	0.036594474 	0.36330938
0.0038497936 	-0.0010340383 	0.033056243 	0.29549713
0.0038721572 	-0.00059382939 	0.031285192 	0.23444105
0.0038942119 	-0.00037875337 	0.02984596 	0.1803257
0.003915962 	-0.00030330308 	0.027415924 	0.13221744
0.0039374118 	-0.00027077188 	0.023033185 	0.088969187
0.0039585653 	-0.00020944811 	0.016067217 	0.049890822
0.0039794267 	-5.6589384e-05 	0.0062162522 	0.015067065
0.004 	-5.6589384e-05 	0.0062162522 	0.015067065
