0 	0.033727984 	-0.036567081 	0.98573894
2.0100503e-05 	0.036024858 	0.034241382 	0.98559802
4.0201005e-05 	0.036024858 	0.034241382 	0.98559802
6.0301508e-05 	0.016921471 	0.04544676 	0.98459515
8.040201e-05 	0.016921471 	0.04544676 	0.98459515
0.00010050251 	0.016921471 	0.04544676 	0.98459515
0.00012060302 	0.012275828 	0.044618072 	0.98256238
0.00014070352 	0.012275828 	0.044618072 	0.98256238
0.00016080402 	0.012275828 	0.044618072 	0.98256238
0.00018090452 	0.011962846 	0.041597774 	0.97953014
0.00020100503 	0.011962846 	0.041597774 	0.97953014
0.00022110553 	0.011962846 	0.041597774 	0.97953014
0.00024120603 	0.013664716 	0.037408816 	0.97584525
0.00026130653 	0.013664716 	0.037408816 	0.97584525
0.00028140704 	0.016390771 	0.032359244 	0.97216599
0.00030150754 	0.016390771 	0.032359244 	0.97216599
0.00032160804 	0.016390771 	0.032359244 	0.97216599
0.00034170854 	0.019452381 	0.026664719 	0.96926134
0.00036180905 	0.019452381 	0.026664719 	0.96926134
0.00038190955 	0.019452381 	0.026664719 	0.96926134
0.00040201005 	0.018645776 	0.023529492 	0.97156573
0.00042211055 	0.018645776 	0.023529492 	0.97156573
0.00044221106 	0.018645776 	0.023529492 	0.97156573
0.00046231156 	0.020763415 	0.016464109 	0.97192076
0.00048241206 	0.020763415 	0.016464109 	0.97192076
0.00050251256 	0.021014097 	0.0091709371 	0.97370524
0.00052261307 	0.021014097 	0.0091709371 	0.97370524
0.00054271357 	0.021014097 	0.0091709371 	0.97370524
0.00056281407 	0.019446839 	0.0021730969 	0.97670286
0.00058291457 	0.019446839 	0.0021730969 	0.97670286
0.00060301508 	0.023252061 	0.0018262359 	0.97250722
0.00062311558 	0.016483662 	-0.0041857761 	0.98073222
0.00064321608 	0.016483662 	-0.0041857761 	0.98073222
0.00066331658 	0.016483662 	-0.0041857761 	0.98073222
0.00068341709 	0.012709089 	-0.0099894106 	0.9853766
0.00070351759 	0.012709089 	-0.0099894106 	0.9853766
0.00072361809 	0.012256907 	-0.01444508 	0.98649482
0.00074371859 	0.012256907 	-0.01444508 	0.98649482
0.0007638191 	0.012256907 	-0.01444508 	0.98649482
0.0007839196 	0.0074385365 	-0.020685754 	0.99058144
0.0008040201 	0.0074385365 	-0.020685754 	0.99058144
0.0008241206 	0.0074385365 	-0.020685754 	0.99058144
0.00084422111 	0.0026265981 	-0.027804946 	0.99350338
0.00086432161 	0.0026265981 	-0.027804946 	0.99350338
0.00088442211 	0.0026265981 	-0.027804946 	0.99350338
0.00090452261 	-0.0018173087 	-0.035493382 	0.99548512
0.00092462312 	-0.0018173087 	-0.035493382 	0.99548512
0.00094472362 	-0.0056308391 	-0.043023001 	0.99705411
0.00096482412 	-0.0056308391 	-0.043023001 	0.99705411
0.00098492462 	-0.0055894026 	-0.042219875 	0.99857952
0.0010050251 	-0.007642067 	-0.048262536 	0.99979412
0.0010251256 	-0.007642067 	-0.048262536 	0.99979412
0.0010452261 	-0.007642067 	-0.048262536 	0.99979412
0.0010653266 	-0.0090296408 	-0.052261104 	1.0010764
0.0010854271 	-0.0090296408 	-0.052261104 	1.0010764
0.0011055276 	-0.0090296408 	-0.052261104 	1.0010764
0.0011256281 	-0.010240311 	-0.053043057 	1.0017191
0.0011457286 	-0.010240311 	-0.053043057 	1.0017191
0.0011658291 	-0.013312804 	-0.05474762 	1.0009177
0.0011859296 	-0.015826393 	-0.050866151 	0.99936393
0.0012060302 	-0.011979168 	-0.050307276 	1.0008244
0.0012261307 	-0.011979168 	-0.050307276 	1.0008244
0.0012462312 	-0.014786173 	-0.044440617 	0.99760533
0.0012663317 	-0.014786173 	-0.044440617 	0.99760533
0.0012864322 	-0.014786173 	-0.044440617 	0.99760533
0.0013065327 	-0.018818852 	-0.036486517 	0.99161625
0.0013266332 	-0.018818852 	-0.036486517 	0.99161625
0.0013467337 	-0.018818852 	-0.036486517 	0.99161625
0.0013668342 	-0.023649009 	-0.027897783 	0.98287208
0.0013869347 	-0.023649009 	-0.027897783 	0.98287208
0.0014070352 	-0.023649009 	-0.027897783 	0.98287208
0.0014271357 	-0.028263188 	-0.020225392 	0.9721906
0.0014472362 	-0.028263188 	-0.020225392 	0.9721906
0.0014673367 	-0.028263188 	-0.020225392 	0.9721906
0.0014874372 	-0.031422329 	-0.014787497 	0.96141318
0.0015075377 	-0.031422329 	-0.014787497 	0.96141318
0.0015276382 	-0.03228402 	-0.012272584 	0.95281728
0.0015477387 	-0.03228402 	-0.012272584 	0.95281728
0.0015678392 	-0.03228402 	-0.012272584 	0.95281728
0.0015879397 	-0.030733667 	-0.012346802 	0.94797449
0.0016080402 	-0.030733667 	-0.012346802 	0.94797449
0.0016281407 	-0.033091913 	-0.0078884649 	0.94267598
0.0016482412 	-0.029230488 	-0.0099111489 	0.94226669
0.0016683417 	-0.027035008 	-0.013583883 	0.94701399
0.0016884422 	-0.021727714 	-0.01435376 	0.94882422
0.0017085427 	-0.021727714 	-0.01435376 	0.94882422
0.0017286432 	-0.021727714 	-0.01435376 	0.94882422
0.0017487437 	-0.015691451 	-0.014019556 	0.95178575
0.0017688442 	-0.015691451 	-0.014019556 	0.95178575
0.0017889447 	-0.015691451 	-0.014019556 	0.95178575
0.0018090452 	-0.0096979264 	-0.01305146 	0.95463812
0.0018291457 	-0.0096979264 	-0.01305146 	0.95463812
0.0018492462 	-0.0042331896 	-0.011875886 	0.95705031
0.0018693467 	-0.0042331896 	-0.011875886 	0.95705031
0.0018894472 	-0.0042331896 	-0.011875886 	0.95705031
0.0019095477 	0.00049089236 	-0.010390267 	0.95909646
0.0019296482 	0.00049089236 	-0.010390267 	0.95909646
0.0019497487 	0.0044237201 	-0.0082742036 	0.96070386
0.0019698492 	0.0044237201 	-0.0082742036 	0.96070386
0.0019899497 	0.0075249689 	-0.0051657715 	0.9615584
0.0020100503 	0.0075249689 	-0.0051657715 	0.9615584
0.0020301508 	0.0075249689 	-0.0051657715 	0.9615584
0.0020502513 	0.0096763343 	-0.00078518838 	0.96125396
0.0020703518 	0.0096763343 	-0.00078518838 	0.96125396
0.0020904523 	0.010752003 	0.0048550245 	0.95944121
0.0021105528 	0.010752003 	0.0048550245 	0.95944121
0.0021306533 	0.010752003 	0.0048550245 	0.95944121
0.0021507538 	0.010743295 	0.01129405 	0.95591066
0.0021708543 	0.010743295 	0.01129405 	0.95591066
0.0021909548 	0.0098681808 	0.017557316 	0.9505261
0.0022110553 	0.0098681808 	0.017557316 	0.9505261
0.0022311558 	0.0085290338 	0.022337804 	0.94308109
0.0022512563 	0.0085290338 	0.022337804 	0.94308109
0.0022713568 	0.0070939799 	0.024467816 	0.93326351
0.0022914573 	0.0070939799 	0.024467816 	0.93326351
0.0023115578 	0.0070939799 	0.024467816 	0.93326351
0.0023316583 	0.0056861732 	0.023332321 	0.9208702
0.0023517588 	0.0056861732 	0.023332321 	0.9208702
0.0023718593 	0.0041546173 	0.019056039 	0.90618299
0.0023919598 	0.0041546173 	0.019056039 	0.90618299
0.0024120603 	0.0021812199 	0.012341414 	0.8901625
0.0024321608 	0.0021812199 	0.012341414 	0.8901625
0.0024522613 	-0.00053095089 	0.0040860133 	0.87435517
0.0024723618 	-0.00053095089 	0.0040860133 	0.87435517
0.0024924623 	-0.004000296 	-0.0049900649 	0.86038492
0.0025125628 	-0.004000296 	-0.0049900649 	0.86038492
0.0025326633 	-0.0081030392 	-0.01445716 	0.84935836
0.0025527638 	-0.0081030392 	-0.01445716 	0.84935836
0.0025728643 	-0.01257914 	-0.024136119 	0.84158055
0.0025929648 	-0.01257914 	-0.024136119 	0.84158055
0.0026130653 	-0.016965008 	-0.033826848 	0.83668548
0.0026331658 	-0.016965008 	-0.033826848 	0.83668548
0.0026532663 	-0.020761874 	-0.043141064 	0.8340197
0.0026733668 	-0.020761874 	-0.043141064 	0.8340197
0.0026934673 	-0.023482112 	-0.051543834 	0.83297239
0.0027135678 	-0.023482112 	-0.051543834 	0.83297239
0.0027336683 	-0.02471513 	-0.058529508 	0.83305042
0.0027537688 	-0.02471513 	-0.058529508 	0.83305042
0.0027738693 	-0.024181043 	-0.063787502 	0.83378638
0.0027939698 	-0.024181043 	-0.063787502 	0.83378638
0.0028140704 	-0.021753583 	-0.067273895 	0.83465166
0.0028341709 	-0.021753583 	-0.067273895 	0.83465166
0.0028542714 	-0.017468134 	-0.069168692 	0.83504765
0.0028743719 	-0.01149162 	-0.069786828 	0.83435926
0.0028944724 	-0.01149162 	-0.069786828 	0.83435926
0.0029145729 	-0.0040522735 	-0.069439175 	0.83203547
0.0029346734 	-0.0040522735 	-0.069439175 	0.83203547
0.0029547739 	0.0045533714 	-0.068374185 	0.82770429
0.0029748744 	0.0045533714 	-0.068374185 	0.82770429
0.0029949749 	0.013908711 	-0.066717662 	0.82130355
0.0030150754 	0.023371316 	-0.064338691 	0.81318142
0.0030351759 	0.023371316 	-0.064338691 	0.81318142
0.0030552764 	0.031960207 	-0.060627704 	0.80414237
0.0030753769 	0.031960207 	-0.060627704 	0.80414237
0.0030954774 	0.038410672 	-0.054453797 	0.79540963
0.0031155779 	0.041449583 	-0.044967564 	0.78838021
0.0031356784 	0.041449583 	-0.044967564 	0.78838021
0.0031557789 	0.040328506 	-0.033226514 	0.78395652
0.0031758794 	0.040328506 	-0.033226514 	0.78395652
0.0031959799 	0.035363354 	-0.022848775 	0.78142236
0.0032160804 	0.028032667 	-0.017897934 	0.77735862
0.0032361809 	0.028032667 	-0.017897934 	0.77735862
0.0032562814 	0.020405185 	-0.019638708 	0.76598321
0.0032763819 	0.014247309 	-0.025742447 	0.741951
0.0032964824 	0.014247309 	-0.025742447 	0.741951
0.0033165829 	0.010361239 	-0.032530937 	0.70399941
0.0033366834 	0.0084974676 	-0.037509823 	0.65610486
0.0033567839 	0.0084974676 	-0.037509823 	0.65610486
0.0033768844 	0.0077764492 	-0.040076202 	0.60515046
0.0033969849 	0.0072607794 	-0.040796482 	0.55750799
0.0034170854 	0.0072607794 	-0.040796482 	0.55750799
0.0034371859 	0.0063353998 	-0.040530653 	0.5170058
0.0034572864 	0.0048078131 	-0.03995643 	0.48472156
0.0034773869 	0.0028120677 	-0.039464745 	0.45980541
0.0034974874 	0.0028120677 	-0.039464745 	0.45980541
0.0035175879 	0.0006378167 	-0.039212313 	0.44051607
0.0035376884 	-0.0014292743 	-0.039205344 	0.42498891
0.0035577889 	-0.00316761 	-0.039362125 	0.41163606
0.0035778894 	-0.00316761 	-0.039362125 	0.41163606
0.0035979899 	-0.0044380386 	-0.039555819 	0.39926656
0.0036180905 	-0.0051908908 	-0.039641187 	0.38706273
0.003638191 	-0.0054378796 	-0.039475289 	0.37451253
0.0036582915 	-0.0054378796 	-0.039475289 	0.37451253
0.003678392 	-0.0052376738 	-0.038937885 	0.3613324
0.0036984925 	-0.0046830208 	-0.037946334 	0.3473914
0.003718593 	-0.0038872445 	-0.036464453 	0.33263618
0.0037386935 	-0.0029695757 	-0.034504497 	0.31701885
0.003758794 	-0.0020414755 	-0.032121951 	0.30043529
0.0037788945 	-0.0020414755 	-0.032121951 	0.30043529
0.003798995 	-0.0011952242 	-0.029403977 	0.28268441
0.0038190955 	-0.00049647678 	-0.026453616 	0.26345716
0.003839196 	1.8686784e-05 	-0.023372302 	0.24235808
0.0038592965 	0.00034229435 	-0.02024356 	0.218955
0.003879397 	0.00048922279 	-0.017120473 	0.19284681
0.0038994975 	0.00049097396 	-0.014018902 	0.16373965
0.003919598 	0.00039042147 	-0.010919761 	0.13152412
0.0039396985 	0.00023831731 	-0.0077862594 	0.096354026
0.003959799 	9.0261175e-05 	-0.0046031479 	0.058735507
0.0039798995 	4.5207152e-06 	-0.0014435238 	0.019637208
0.004 	4.5207152e-06 	-0.0014435238 	0.019637208
