0 	-0.012948336 	-0.028835783 	1.0159197
2.0100503e-05 	-0.012948336 	-0.028835783 	1.0159197
4.0201005e-05 	-0.012948336 	-0.028835783 	1.0159197
6.0301508e-05 	-0.024165835 	-0.020403847 	1.014309
8.040201e-05 	-0.024165835 	-0.020403847 	1.014309
0.00010050251 	-0.024165835 	-0.020403847 	1.014309
0.00012060302 	-0.026796788 	-0.018127482 	1.0127371
0.00014070352 	-0.026796788 	-0.018127482 	1.0127371
0.00016080402 	-0.026796788 	-0.018127482 	1.0127371
0.00018090452 	-0.032052569 	-0.0054800959 	1.0093365
0.00020100503 	-0.032052569 	-0.0054800959 	1.0093365
0.00022110553 	-0.032052569 	-0.0054800959 	1.0093365
0.00024120603 	-0.030174689 	-0.015493466 	1.0161645
0.00026130653 	-0.030174689 	-0.015493466 	1.0161645
0.00028140704 	-0.03164716 	-0.012875858 	1.0241614
0.00030150754 	-0.032932092 	-0.0046102331 	1.0172229
0.00032160804 	-0.032932092 	-0.0046102331 	1.0172229
0.00034170854 	-0.033193454 	-0.0023643343 	1.0281806
0.00036180905 	-0.033193454 	-0.0023643343 	1.0281806
0.00038190955 	-0.033193454 	-0.0023643343 	1.0281806
0.00040201005 	-0.033091613 	0.00043015579 	1.0431304
0.00042211055 	-0.033091613 	0.00043015579 	1.0431304
0.00044221106 	-0.033091613 	0.00043015579 	1.0431304
0.00046231156 	-0.032437846 	0.003403349 	1.0602846
0.00048241206 	-0.032437846 	0.003403349 	1.0602846
0.00050251256 	-0.03113629 	0.0063855154 	1.0775593
0.00052261307 	-0.03113629 	0.0063855154 	1.0775593
0.00054271357 	-0.03113629 	0.0063855154 	1.0775593
0.00056281407 	-0.029277936 	0.0092959836 	1.0931418
0.00058291457 	-0.029277936 	0.0092959836 	1.0931418
0.00060301508 	-0.029277936 	0.0092959836 	1.0931418
0.00062311558 	-0.027171605 	0.012022384 	1.1057616
0.00064321608 	-0.027171605 	0.012022384 	1.1057616
0.00066331658 	-0.027171605 	0.012022384 	1.1057616
0.00068341709 	-0.025254348 	0.014349303 	1.1146649
0.00070351759 	-0.025254348 	0.014349303 	1.1146649
0.00072361809 	-0.023961283 	0.015978332 	1.1194382
0.00074371859 	-0.023961283 	0.015978332 	1.1194382
0.0007638191 	-0.029002923 	0.011133413 	1.1224386
0.0007839196 	-0.02989305 	0.010223245 	1.1198726
0.0008040201 	-0.02989305 	0.010223245 	1.1198726
0.0008241206 	-0.02989305 	0.010223245 	1.1198726
0.00084422111 	-0.031298244 	0.0081818665 	1.1122222
0.00086432161 	-0.031298244 	0.0081818665 	1.1122222
0.00088442211 	-0.031298244 	0.0081818665 	1.1122222
0.00090452261 	-0.03288247 	0.0052791886 	1.0993472
0.00092462312 	-0.03288247 	0.0052791886 	1.0993472
0.00094472362 	-0.034344524 	0.0019599838 	1.0816285
0.00096482412 	-0.034344524 	0.0019599838 	1.0816285
0.00098492462 	-0.034344524 	0.0019599838 	1.0816285
0.0010050251 	-0.035745184 	-0.001234157 	1.0589585
0.0010251256 	-0.027864249 	0.0084703714 	1.0726665
0.0010452261 	-0.027864249 	0.0084703714 	1.0726665
0.0010653266 	-0.028844503 	0.0064411267 	1.0486768
0.0010854271 	-0.028844503 	0.0064411267 	1.0486768
0.0011055276 	-0.028844503 	0.0064411267 	1.0486768
0.0011256281 	-0.028992664 	0.0067046277 	1.0245953
0.0011457286 	-0.035785751 	-5.5402069e-05 	1.0105505
0.0011658291 	-0.035785751 	-5.5402069e-05 	1.0105505
0.0011859296 	-0.03275016 	0.0077820328 	0.99448483
0.0012060302 	-0.03275016 	0.0077820328 	0.99448483
0.0012261307 	-0.03275016 	0.0077820328 	0.99448483
0.0012462312 	-0.02691482 	0.020173673 	0.98548714
0.0012663317 	-0.02691482 	0.020173673 	0.98548714
0.0012864322 	-0.02691482 	0.020173673 	0.98548714
0.0013065327 	-0.019162187 	0.034011589 	0.98058228
0.0013266332 	-0.019162187 	0.034011589 	0.98058228
0.0013467337 	-0.019162187 	0.034011589 	0.98058228
0.0013668342 	-0.010971405 	0.045732508 	0.9765692
0.0013869347 	-0.010971405 	0.045732508 	0.9765692
0.0014070352 	-0.010971405 	0.045732508 	0.9765692
0.0014271357 	-0.0032009277 	0.053496486 	0.97272235
0.0014472362 	-0.0032009277 	0.053496486 	0.97272235
0.0014673367 	-0.0032009277 	0.053496486 	0.97272235
0.0014874372 	0.0038096719 	0.056923412 	0.97028487
0.0015075377 	0.0038096719 	0.056923412 	0.97028487
0.0015276382 	0.0097759652 	0.056262275 	0.97075416
0.0015477387 	0.0097759652 	0.056262275 	0.97075416
0.0015678392 	0.0097759652 	0.056262275 	0.97075416
0.0015879397 	0.01448384 	0.052029531 	0.97438271
0.0016080402 	0.01448384 	0.052029531 	0.97438271
0.0016281407 	0.01448384 	0.052029531 	0.97438271
0.0016482412 	0.017911847 	0.044878232 	0.97960323
0.0016683417 	0.017911847 	0.044878232 	0.97960323
0.0016884422 	0.020257459 	0.035723067 	0.98363684
0.0017085427 	0.020257459 	0.035723067 	0.98363684
0.0017286432 	0.020257459 	0.035723067 	0.98363684
0.0017487437 	0.021902488 	0.025826229 	0.98383395
0.0017688442 	0.021902488 	0.025826229 	0.98383395
0.0017889447 	0.021902488 	0.025826229 	0.98383395
0.0018090452 	0.023347851 	0.016417027 	0.97907299
0.0018291457 	0.023347851 	0.016417027 	0.97907299
0.0018492462 	0.02500982 	0.0080896492 	0.97062602
0.0018693467 	0.02500982 	0.0080896492 	0.97062602
0.0018894472 	0.02500982 	0.0080896492 	0.97062602
0.0019095477 	0.027007425 	0.00068225967 	0.96183811
0.0019296482 	0.027007425 	0.00068225967 	0.96183811
0.0019497487 	0.029004291 	-0.0061848964 	0.95646259
0.0019698492 	0.029004291 	-0.0061848964 	0.95646259
0.0019899497 	0.030549233 	-0.012651603 	0.95665284
0.0020100503 	0.030549233 	-0.012651603 	0.95665284
0.0020301508 	0.030549233 	-0.012651603 	0.95665284
0.0020502513 	0.031411085 	-0.018512784 	0.9619694
0.0020703518 	0.031411085 	-0.018512784 	0.9619694
0.0020904523 	0.03155092 	-0.023347678 	0.9701234
0.0021105528 	0.03155092 	-0.023347678 	0.9701234
0.0021306533 	0.03155092 	-0.023347678 	0.9701234
0.0021507538 	0.031127499 	-0.026727134 	0.97854462
0.0021708543 	0.031127499 	-0.026727134 	0.97854462
0.0021909548 	0.030325011 	-0.028298812 	0.98558627
0.0022110553 	0.030325011 	-0.028298812 	0.98558627
0.0022311558 	0.029252896 	-0.027853619 	0.99078508
0.0022512563 	0.029252896 	-0.027853619 	0.99078508
0.0022713568 	0.027989684 	-0.025368979 	0.99440978
0.0022914573 	0.027989684 	-0.025368979 	0.99440978
0.0023115578 	0.027989684 	-0.025368979 	0.99440978
0.0023316583 	0.026598603 	-0.021024043 	0.99688273
0.0023517588 	0.026598603 	-0.021024043 	0.99688273
0.0023718593 	0.025167336 	-0.01520068 	0.99842199
0.0023919598 	0.025167336 	-0.01520068 	0.99842199
0.0024120603 	0.023817724 	-0.0083735818 	0.99897474
0.0024321608 	0.023817724 	-0.0083735818 	0.99897474
0.0024522613 	0.022676997 	-0.0010590428 	0.99830346
0.0024723618 	0.022676997 	-0.0010590428 	0.99830346
0.0024924623 	0.021834056 	0.0062753731 	0.99616153
0.0025125628 	0.021834056 	0.0062753731 	0.99616153
0.0025326633 	0.021248196 	0.013257136 	0.99255552
0.0025527638 	0.021248196 	0.013257136 	0.99255552
0.0025728643 	0.020740811 	0.019634614 	0.98786446
0.0025929648 	0.020740811 	0.019634614 	0.98786446
0.0026130653 	0.020075807 	0.025261013 	0.98275286
0.0026331658 	0.020075807 	0.025261013 	0.98275286
0.0026532663 	0.019063826 	0.030059806 	0.97782404
0.0026733668 	0.019063826 	0.030059806 	0.97782404
0.0026934673 	0.017610903 	0.033954206 	0.97334937
0.0027135678 	0.017610903 	0.033954206 	0.97334937
0.0027336683 	0.015820293 	0.036878432 	0.96917259
0.0027537688 	0.015820293 	0.036878432 	0.96917259
0.0027738693 	0.013945614 	0.038772139 	0.96478707
0.0027939698 	0.013945614 	0.038772139 	0.96478707
0.0028140704 	0.012310207 	0.03965675 	0.95955781
0.0028341709 	0.012310207 	0.03965675 	0.95955781
0.0028542714 	0.011225852 	0.039653054 	0.95294577
0.0028743719 	0.010959032 	0.038996481 	0.94463332
0.0028944724 	0.010959032 	0.038996481 	0.94463332
0.0029145729 	0.011694064 	0.037976041 	0.93455008
0.0029346734 	0.011694064 	0.037976041 	0.93455008
0.0029547739 	0.013462443 	0.036824387 	0.92279304
0.0029748744 	0.013462443 	0.036824387 	0.92279304
0.0029949749 	0.016125771 	0.035664605 	0.90959496
0.0030150754 	0.019385954 	0.034510857 	0.89512204
0.0030351759 	0.019385954 	0.034510857 	0.89512204
0.0030552764 	0.022799348 	0.033343173 	0.87967034
0.0030753769 	0.022799348 	0.033343173 	0.87967034
0.0030954774 	0.025819809 	0.032130022 	0.86385953
0.0031155779 	0.027817822 	0.030816332 	0.84902173
0.0031356784 	0.027817822 	0.030816332 	0.84902173
0.0031557789 	0.028091076 	0.029167701 	0.83731715
0.0031758794 	0.028091076 	0.029167701 	0.83731715
0.0031959799 	0.026038988 	0.026654205 	0.83101988
0.0032160804 	0.02157231 	0.022529521 	0.83103636
0.0032361809 	0.02157231 	0.022529521 	0.83103636
0.0032562814 	0.015072749 	0.016062671 	0.83540751
0.0032763819 	0.0072958818 	0.0068219614 	0.83932549
0.0032964824 	0.0072958818 	0.0068219614 	0.83932549
0.0033165829 	-0.00061851302 	-0.0051007077 	0.83695902
0.0033366834 	-0.0079362451 	-0.019014409 	0.8241123
0.0033567839 	-0.0079362451 	-0.019014409 	0.8241123
0.0033768844 	-0.014632775 	-0.033756951 	0.79991923
0.0033969849 	-0.020938339 	-0.047981893 	0.76659227
0.0034170854 	-0.020938339 	-0.047981893 	0.76659227
0.0034371859 	-0.026980091 	-0.06056935 	0.72771448
0.0034572864 	-0.032451871 	-0.070903332 	0.68638986
0.0034773869 	-0.036656358 	-0.078836665 	0.64429448
0.0034974874 	-0.036656358 	-0.078836665 	0.64429448
0.0035175879 	-0.038885148 	-0.0844009 	0.60195041
0.0035376884 	-0.038823198 	-0.087603003 	0.55962797
0.0035577889 	-0.03667371 	-0.088521832 	0.51791813
0.0035778894 	-0.03667371 	-0.088521832 	0.51791813
0.0035979899 	-0.0329867 	-0.087459581 	0.47764248
0.0036180905 	-0.028417743 	-0.084900552 	0.43955545
0.003638191 	-0.023575975 	-0.081367791 	0.40420239
0.0036582915 	-0.023575975 	-0.081367791 	0.40420239
0.003678392 	-0.01895184 	-0.077331487 	0.37187644
0.0036984925 	-0.014869748 	-0.07316654 	0.34256097
0.003718593 	-0.011473718 	-0.069125543 	0.31590697
0.0037386935 	-0.0087584031 	-0.065336947 	0.29130819
0.003758794 	-0.0066320778 	-0.061827886 	0.26804075
0.0037788945 	-0.0066320778 	-0.061827886 	0.26804075
0.003798995 	-0.0049757965 	-0.05856378 	0.24539584
0.0038190955 	-0.0036812835 	-0.055468726 	0.2227631
0.003839196 	-0.0026668452 	-0.05242874 	0.19966497
0.0038592965 	-0.0018768919 	-0.049274358 	0.17576309
0.003879397 	-0.0012737708 	-0.045750941 	0.15085923
0.0038994975 	-0.00082769375 	-0.041492255 	0.12490376
0.003919598 	-0.00050894341 	-0.036019048 	0.09800631
0.0039396985 	-0.00028518716 	-0.028785484 	0.070422079
0.003959799 	-0.00012802942 	-0.019288265 	0.042470137
0.0039798995 	-1.7653508e-05 	-0.0072406638 	0.014345631
0.004 	-1.7653508e-05 	-0.0072406638 	0.014345631
