0 	0.0034716503 	0.057378999 	1.0605944
2.0100503e-05 	0.058150268 	-0.0082829675 	1.0615423
4.0201005e-05 	0.058150268 	-0.0082829675 	1.0615423
6.0301508e-05 	0.045549614 	-0.038056064 	1.0603247
8.040201e-05 	0.045549614 	-0.038056064 	1.0603247
0.00010050251 	0.045549614 	-0.038056064 	1.0603247
0.00012060302 	0.036002991 	-0.047277141 	1.0575302
0.00014070352 	0.036002991 	-0.047277141 	1.0575302
0.00016080402 	0.036002991 	-0.047277141 	1.0575302
0.00018090452 	0.027742594 	-0.051926843 	1.0542147
0.00020100503 	0.027742594 	-0.051926843 	1.0542147
0.00022110553 	0.027742594 	-0.051926843 	1.0542147
0.00024120603 	0.019906081 	-0.053889666 	1.0515671
0.00026130653 	0.019906081 	-0.053889666 	1.0515671
0.00028140704 	0.0124827 	-0.053456613 	1.0505278
0.00030150754 	0.0124827 	-0.053456613 	1.0505278
0.00032160804 	0.0124827 	-0.053456613 	1.0505278
0.00034170854 	0.0057085997 	-0.050840609 	1.0515113
0.00036180905 	0.0057085997 	-0.050840609 	1.0515113
0.00038190955 	0.0057085997 	-0.050840609 	1.0515113
0.00040201005 	-0.0001442505 	-0.046528826 	1.0543605
0.00042211055 	-0.0001442505 	-0.046528826 	1.0543605
0.00044221106 	-0.0001442505 	-0.046528826 	1.0543605
0.00046231156 	-0.004868185 	-0.041263125 	1.0585011
0.00048241206 	-0.004868185 	-0.041263125 	1.0585011
0.00050251256 	-0.008368087 	-0.035839821 	1.0631904
0.00052261307 	-0.008368087 	-0.035839821 	1.0631904
0.00054271357 	-0.008368087 	-0.035839821 	1.0631904
0.00056281407 	-0.010671401 	-0.03091398 	1.0677435
0.00058291457 	-0.010671401 	-0.03091398 	1.0677435
0.00060301508 	-0.010671401 	-0.03091398 	1.0677435
0.00062311558 	-0.011897727 	-0.026906078 	1.0716713
0.00064321608 	-0.011897727 	-0.026906078 	1.0716713
0.00066331658 	-0.011897727 	-0.026906078 	1.0716713
0.00068341709 	-0.012214313 	-0.024027314 	1.0747279
0.00070351759 	-0.012214313 	-0.024027314 	1.0747279
0.00072361809 	-0.011809998 	-0.022369715 	1.0769043
0.00074371859 	-0.011809998 	-0.022369715 	1.0769043
0.0007638191 	-0.011809998 	-0.022369715 	1.0769043
0.0007839196 	-0.010864575 	-0.021969936 	1.0783849
0.0008040201 	-0.010864575 	-0.021969936 	1.0783849
0.0008241206 	-0.010864575 	-0.021969936 	1.0783849
0.00084422111 	-0.0095578173 	-0.022821498 	1.0794813
0.00086432161 	-0.0095578173 	-0.022821498 	1.0794813
0.00088442211 	-0.0095578173 	-0.022821498 	1.0794813
0.00090452261 	-0.0080712973 	-0.024805698 	1.0805363
0.00092462312 	-0.0080712973 	-0.024805698 	1.0805363
0.00094472362 	-0.0065743442 	-0.02767433 	1.0817905
0.00096482412 	-0.0065743442 	-0.02767433 	1.0817905
0.00098492462 	-0.0065743442 	-0.02767433 	1.0817905
0.0010050251 	-0.0063738415 	-0.031567118 	1.0870759
0.0010251256 	-0.0063738415 	-0.031567118 	1.0870759
0.0010452261 	-0.0063738415 	-0.031567118 	1.0870759
0.0010653266 	-0.0045756371 	-0.035333098 	1.0884179
0.0010854271 	-0.0045756371 	-0.035333098 	1.0884179
0.0011055276 	-0.0045756371 	-0.035333098 	1.0884179
0.0011256281 	-0.0023833003 	-0.038664137 	1.0863547
0.0011457286 	-0.0023833003 	-0.038664137 	1.0863547
0.0011658291 	-0.0027863332 	-0.038476473 	1.0890093
0.0011859296 	-0.0010905206 	-0.040661051 	1.0886549
0.0012060302 	-0.0010905206 	-0.040661051 	1.0886549
0.0012261307 	-0.0010905206 	-0.040661051 	1.0886549
0.0012462312 	0.00033731271 	-0.041626193 	1.0875658
0.0012663317 	-0.00063849807 	-0.042689299 	1.0868079
0.0012864322 	-0.00063849807 	-0.042689299 	1.0868079
0.0013065327 	-0.00047929773 	-0.042814916 	1.0862481
0.0013266332 	-0.00047929773 	-0.042814916 	1.0862481
0.0013467337 	-0.00047929773 	-0.042814916 	1.0862481
0.0013668342 	-0.0011332223 	-0.041419453 	1.08591
0.0013869347 	-0.0011332223 	-0.041419453 	1.08591
0.0014070352 	-0.0011332223 	-0.041419453 	1.08591
0.0014271357 	-0.0027642132 	-0.038240104 	1.0863452
0.0014472362 	0.00011846748 	-0.034709789 	1.0856644
0.0014673367 	0.00011846748 	-0.034709789 	1.0856644
0.0014874372 	-0.0017779989 	-0.028509884 	1.0865056
0.0015075377 	-0.0053279914 	-0.033144314 	1.0876491
0.0015276382 	-0.0084083645 	-0.026265101 	1.0893299
0.0015477387 	-0.0084083645 	-0.026265101 	1.0893299
0.0015678392 	-0.0084083645 	-0.026265101 	1.0893299
0.0015879397 	-0.011377034 	-0.018067563 	1.0905294
0.0016080402 	-0.011377034 	-0.018067563 	1.0905294
0.0016281407 	-0.011377034 	-0.018067563 	1.0905294
0.0016482412 	-0.013818821 	-0.0092107618 	1.090467
0.0016683417 	-0.013818821 	-0.0092107618 	1.090467
0.0016884422 	-0.01560366 	-0.00030864795 	1.0884663
0.0017085427 	-0.01560366 	-0.00030864795 	1.0884663
0.0017286432 	-0.01560366 	-0.00030864795 	1.0884663
0.0017487437 	-0.016768206 	0.0082960436 	1.0833972
0.0017688442 	-0.016768206 	0.0082960436 	1.0833972
0.0017889447 	-0.016768206 	0.0082960436 	1.0833972
0.0018090452 	-0.017326193 	0.016477768 	1.0729359
0.0018291457 	-0.017326193 	0.016477768 	1.0729359
0.0018492462 	-0.017136561 	0.024199564 	1.0537926
0.0018693467 	-0.017136561 	0.024199564 	1.0537926
0.0018894472 	-0.017136561 	0.024199564 	1.0537926
0.0019095477 	-0.016267728 	0.031478763 	1.023852
0.0019296482 	-0.016267728 	0.031478763 	1.023852
0.0019497487 	-0.015281884 	0.038359534 	0.9853746
0.0019698492 	-0.015281884 	0.038359534 	0.9853746
0.0019899497 	-0.015076826 	0.04485119 	0.94522132
0.0020100503 	-0.015076826 	0.04485119 	0.94522132
0.0020301508 	-0.015076826 	0.04485119 	0.94522132
0.0020502513 	-0.016143398 	0.050517878 	0.91046088
0.0020703518 	-0.016143398 	0.050517878 	0.91046088
0.0020904523 	-0.018186559 	0.05476002 	0.88407761
0.0021105528 	-0.018186559 	0.05476002 	0.88407761
0.0021306533 	-0.018186559 	0.05476002 	0.88407761
0.0021507538 	-0.020488165 	0.057091686 	0.86525778
0.0021708543 	-0.020488165 	0.057091686 	0.86525778
0.0021909548 	-0.022348378 	0.057462048 	0.85196946
0.0022110553 	-0.022348378 	0.057462048 	0.85196946
0.0022311558 	-0.023409136 	0.056014396 	0.84262636
0.0022512563 	-0.023409136 	0.056014396 	0.84262636
0.0022713568 	-0.023512245 	0.053032037 	0.83630766
0.0022914573 	-0.023512245 	0.053032037 	0.83630766
0.0023115578 	-0.023512245 	0.053032037 	0.83630766
0.0023316583 	-0.022723783 	0.048828084 	0.83234756
0.0023517588 	-0.022723783 	0.048828084 	0.83234756
0.0023718593 	-0.021198221 	0.043769837 	0.83012796
0.0023919598 	-0.021198221 	0.043769837 	0.83012796
0.0024120603 	-0.019055558 	0.038184665 	0.82908851
0.0024321608 	-0.019055558 	0.038184665 	0.82908851
0.0024522613 	-0.016460626 	0.032306829 	0.82881189
0.0024723618 	-0.016460626 	0.032306829 	0.82881189
0.0024924623 	-0.013661142 	0.026315788 	0.8290025
0.0025125628 	-0.013661142 	0.026315788 	0.8290025
0.0025326633 	-0.010794597 	0.020366088 	0.82948144
0.0025527638 	-0.010794597 	0.020366088 	0.82948144
0.0025728643 	-0.0079606342 	0.014584454 	0.83018355
0.0025929648 	-0.0079606342 	0.014584454 	0.83018355
0.0026130653 	-0.0052978545 	0.0090742156 	0.83112527
0.0026331658 	-0.0052978545 	0.0090742156 	0.83112527
0.0026532663 	-0.0028668689 	0.0039764649 	0.83236886
0.0026733668 	-0.0028668689 	0.0039764649 	0.83236886
0.0026934673 	-0.00076811287 	-0.00056289946 	0.83400644
0.0027135678 	-0.00076811287 	-0.00056289946 	0.83400644
0.0027336683 	0.00096354866 	-0.0044253998 	0.83614399
0.0027537688 	0.00096354866 	-0.0044253998 	0.83614399
0.0027738693 	0.0023520916 	-0.0075154756 	0.83886807
0.0027939698 	0.0023520916 	-0.0075154756 	0.83886807
0.0028140704 	0.0033844271 	-0.0097542311 	0.84220753
0.0028341709 	0.0033844271 	-0.0097542311 	0.84220753
0.0028542714 	0.004082139 	-0.011105046 	0.84611739
0.0028743719 	0.0045026551 	-0.01159206 	0.85044542
0.0028944724 	0.0045026551 	-0.01159206 	0.85044542
0.0029145729 	0.0047386007 	-0.011311721 	0.8549228
0.0029346734 	0.0047386007 	-0.011311721 	0.8549228
0.0029547739 	0.0049194698 	-0.010416357 	0.8591626
0.0029748744 	0.0049194698 	-0.010416357 	0.8591626
0.0029949749 	0.0051787368 	-0.0090928989 	0.86270263
0.0030150754 	0.0056147515 	-0.0075413935 	0.86508974
0.0030351759 	0.0056147515 	-0.0075413935 	0.86508974
0.0030552764 	0.0062435775 	-0.0059563218 	0.86596299
0.0030753769 	0.0062435775 	-0.0059563218 	0.86596299
0.0030954774 	0.0069630459 	-0.0044984435 	0.86511678
0.0031155779 	0.0075581472 	-0.0032714212 	0.8624928
0.0031356784 	0.0075581472 	-0.0032714212 	0.8624928
0.0031557789 	0.007750528 	-0.0022974759 	0.85813306
0.0031758794 	0.007750528 	-0.0022974759 	0.85813306
0.0031959799 	0.0072720016 	-0.0015200043 	0.85213259
0.0032160804 	0.00593777 	-0.00081984786 	0.84464015
0.0032361809 	0.00593777 	-0.00081984786 	0.84464015
0.0032562814 	0.0036799281 	-0.00010748085 	0.83588985
0.0032763819 	0.00057062726 	0.00046400945 	0.82613384
0.0032964824 	0.00057062726 	0.00046400945 	0.82613384
0.0033165829 	-0.0032665751 	0.00029798013 	0.81536639
0.0033366834 	-0.0075038795 	-0.001541088 	0.80286907
0.0033567839 	-0.0075038795 	-0.001541088 	0.80286907
0.0033768844 	-0.01159165 	-0.0057628853 	0.78698833
0.0033969849 	-0.015016119 	-0.012109827 	0.76565784
0.0034170854 	-0.015016119 	-0.012109827 	0.76565784
0.0034371859 	-0.017494659 	-0.019181993 	0.73753389
0.0034572864 	-0.01916134 	-0.024958653 	0.70301417
0.0034773869 	-0.020436531 	-0.027597852 	0.66442454
0.0034974874 	-0.020436531 	-0.027597852 	0.66442454
0.0035175879 	-0.021699394 	-0.02602623 	0.62521294
0.0035376884 	-0.02301644 	-0.020110847 	0.58864033
0.0035577889 	-0.024173345 	-0.010518377 	0.55672936
0.0035778894 	-0.024173345 	-0.010518377 	0.55672936
0.0035979899 	-0.024909419 	0.0015607974 	0.52996408
0.0036180905 	-0.025178123 	0.014609705 	0.5075204
0.003638191 	-0.025058891 	0.026899256 	0.48760306
0.0036582915 	-0.025058891 	0.026899256 	0.48760306
0.003678392 	-0.024561336 	0.036708019 	0.4679223
0.0036984925 	-0.02364827 	0.042675427 	0.446455
0.003718593 	-0.022265432 	0.044108496 	0.42218761
0.0037386935 	-0.020417831 	0.041117062 	0.39534207
0.003758794 	-0.018204632 	0.034503493 	0.36696688
0.0037788945 	-0.018204632 	0.034503493 	0.36696688
0.003798995 	-0.015789574 	0.025513578 	0.33819506
0.0038190955 	-0.013335743 	0.015518639 	0.30960941
0.003839196 	-0.010959327 	0.0057784714 	0.2809919
0.0038592965 	-0.0087322263 	-0.0027198497 	0.25153609
0.003879397 	-0.0066577925 	-0.0092770708 	0.22029449
0.0038994975 	-0.0047193388 	-0.013448038 	0.18649985
0.003919598 	-0.0029704406 	-0.014989283 	0.14971339
0.0039396985 	-0.0015216714 	-0.013798348 	0.10982213
0.003959799 	-0.00050106012 	-0.009911718 	0.067089436
0.0039798995 	-2.2815449e-05 	-0.0036891378 	0.022433088
0.004 	-2.2815449e-05 	-0.0036891378 	0.022433088
