0 	0.022457047 	-0.071104016 	1.0585076
2.0100503e-05 	0.022457047 	-0.071104016 	1.0585076
4.0201005e-05 	0.022457047 	-0.071104016 	1.0585076
6.0301508e-05 	-0.015327622 	-0.068851206 	1.0708408
8.040201e-05 	-0.015327622 	-0.068851206 	1.0708408
0.00010050251 	-0.015327622 	-0.068851206 	1.0708408
0.00012060302 	-0.025692123 	-0.056932536 	1.0831808
0.00014070352 	-0.025692123 	-0.056932536 	1.0831808
0.00016080402 	-0.025692123 	-0.056932536 	1.0831808
0.00018090452 	-0.028961591 	-0.043606118 	1.0920996
0.00020100503 	-0.028961591 	-0.043606118 	1.0920996
0.00022110553 	-0.028961591 	-0.043606118 	1.0920996
0.00024120603 	-0.029332266 	-0.03149469 	1.0961819
0.00026130653 	-0.029332266 	-0.03149469 	1.0961819
0.00028140704 	-0.028593669 	-0.022476978 	1.0966767
0.00030150754 	-0.028593669 	-0.022476978 	1.0966767
0.00032160804 	-0.028593669 	-0.022476978 	1.0966767
0.00034170854 	-0.027554916 	-0.017029103 	1.095487
0.00036180905 	-0.027554916 	-0.017029103 	1.095487
0.00038190955 	-0.027554916 	-0.017029103 	1.095487
0.00040201005 	-0.026475386 	-0.014527607 	1.0936165
0.00042211055 	-0.026475386 	-0.014527607 	1.0936165
0.00044221106 	-0.026475386 	-0.014527607 	1.0936165
0.00046231156 	-0.025370352 	-0.013946793 	1.0910888
0.00048241206 	-0.025370352 	-0.013946793 	1.0910888
0.00050251256 	-0.024203999 	-0.014426966 	1.0874186
0.00052261307 	-0.024203999 	-0.014426966 	1.0874186
0.00054271357 	-0.024203999 	-0.014426966 	1.0874186
0.00056281407 	-0.022970758 	-0.015507348 	1.082021
0.00058291457 	-0.022970758 	-0.015507348 	1.082021
0.00060301508 	-0.022970758 	-0.015507348 	1.082021
0.00062311558 	-0.021716475 	-0.017125653 	1.0744923
0.00064321608 	-0.021716475 	-0.017125653 	1.0744923
0.00066331658 	-0.021716475 	-0.017125653 	1.0744923
0.00068341709 	-0.020509948 	-0.019514463 	1.0648608
0.00070351759 	-0.020509948 	-0.019514463 	1.0648608
0.00072361809 	-0.019467064 	-0.022960495 	1.0538175
0.00074371859 	-0.019467064 	-0.022960495 	1.0538175
0.0007638191 	-0.019467064 	-0.022960495 	1.0538175
0.0007839196 	-0.018758629 	-0.02744901 	1.0427265
0.0008040201 	-0.018758629 	-0.02744901 	1.0427265
0.0008241206 	-0.018758629 	-0.02744901 	1.0427265
0.00084422111 	-0.018534952 	-0.032349387 	1.0331471
0.00086432161 	-0.018534952 	-0.032349387 	1.0331471
0.00088442211 	-0.018534952 	-0.032349387 	1.0331471
0.00090452261 	-0.018809812 	-0.036521269 	1.0260274
0.00092462312 	-0.018809812 	-0.036521269 	1.0260274
0.00094472362 	-0.019353038 	-0.03902088 	1.0212581
0.00096482412 	-0.019353038 	-0.03902088 	1.0212581
0.00098492462 	-0.019353038 	-0.03902088 	1.0212581
0.0010050251 	-0.019992509 	-0.039686078 	1.0178957
0.0010251256 	-0.021087991 	-0.035709421 	1.0187496
0.0010452261 	-0.021087991 	-0.035709421 	1.0187496
0.0010653266 	-0.021513063 	-0.035240941 	1.0165992
0.0010854271 	-0.021513063 	-0.035240941 	1.0165992
0.0011055276 	-0.021513063 	-0.035240941 	1.0165992
0.0011256281 	-0.021052684 	-0.036672252 	1.0128101
0.0011457286 	-0.021052684 	-0.036672252 	1.0128101
0.0011658291 	-0.021052684 	-0.036672252 	1.0128101
0.0011859296 	-0.021063592 	-0.034024505 	1.009587
0.0012060302 	-0.021063592 	-0.034024505 	1.009587
0.0012261307 	-0.021063592 	-0.034024505 	1.009587
0.0012462312 	-0.020372157 	-0.03113479 	1.0051877
0.0012663317 	-0.020372157 	-0.03113479 	1.0051877
0.0012864322 	-0.020372157 	-0.03113479 	1.0051877
0.0013065327 	-0.018788812 	-0.028574691 	0.99942731
0.0013266332 	-0.018788812 	-0.028574691 	0.99942731
0.0013467337 	-0.018788812 	-0.028574691 	0.99942731
0.0013668342 	-0.01628269 	-0.026898967 	0.99250616
0.0013869347 	-0.01628269 	-0.026898967 	0.99250616
0.0014070352 	-0.01628269 	-0.026898967 	0.99250616
0.0014271357 	-0.01298 	-0.026451871 	0.98489496
0.0014472362 	-0.01298 	-0.026451871 	0.98489496
0.0014673367 	-0.01298 	-0.026451871 	0.98489496
0.0014874372 	-0.009074067 	-0.027296441 	0.97703134
0.0015075377 	-0.009074067 	-0.027296441 	0.97703134
0.0015276382 	-0.0047451533 	-0.02924778 	0.96911213
0.0015477387 	-0.0047451533 	-0.02924778 	0.96911213
0.0015678392 	-0.0047451533 	-0.02924778 	0.96911213
0.0015879397 	-0.000142195 	-0.031941107 	0.96112205
0.0016080402 	-0.000142195 	-0.031941107 	0.96112205
0.0016281407 	-0.000142195 	-0.031941107 	0.96112205
0.0016482412 	0.0045812037 	-0.034950482 	0.9530184
0.0016683417 	0.0045812037 	-0.034950482 	0.9530184
0.0016884422 	0.0092126886 	-0.037941963 	0.94492531
0.0017085427 	0.0092126886 	-0.037941963 	0.94492531
0.0017286432 	0.0092126886 	-0.037941963 	0.94492531
0.0017487437 	0.013433454 	-0.040790626 	0.9372472
0.0017688442 	0.013433454 	-0.040790626 	0.9372472
0.0017889447 	0.013433454 	-0.040790626 	0.9372472
0.0018090452 	0.016834484 	-0.043597991 	0.93064563
0.0018291457 	0.016834484 	-0.043597991 	0.93064563
0.0018492462 	0.018939807 	-0.046503007 	0.92587766
0.0018693467 	0.018939807 	-0.046503007 	0.92587766
0.0018894472 	0.018939807 	-0.046503007 	0.92587766
0.0019095477 	0.019303476 	-0.049310638 	0.92351404
0.0019296482 	0.019303476 	-0.049310638 	0.92351404
0.0019497487 	0.017724733 	-0.051373221 	0.92367969
0.0019698492 	0.017724733 	-0.051373221 	0.92367969
0.0019899497 	0.014452605 	-0.051857114 	0.92594566
0.0020100503 	0.014452605 	-0.051857114 	0.92594566
0.0020301508 	0.014452605 	-0.051857114 	0.92594566
0.0020502513 	0.01015666 	-0.050244739 	0.92943732
0.0020703518 	0.01015666 	-0.050244739 	0.92943732
0.0020904523 	0.0056213667 	-0.046633743 	0.93305441
0.0021105528 	0.0056213667 	-0.046633743 	0.93305441
0.0021306533 	0.0056213667 	-0.046633743 	0.93305441
0.0021507538 	0.0016459665 	-0.041602793 	0.93575378
0.0021708543 	0.0016459665 	-0.041602793 	0.93575378
0.0021909548 	-0.0011373562 	-0.035971811 	0.93677564
0.0022110553 	-0.0011373562 	-0.035971811 	0.93677564
0.0022311558 	-0.0024605998 	-0.030610353 	0.93589583
0.0022512563 	-0.0024605998 	-0.030610353 	0.93589583
0.0022713568 	-0.0024358523 	-0.026280849 	0.93353447
0.0022914573 	-0.0024358523 	-0.026280849 	0.93353447
0.0023115578 	-0.0024358523 	-0.026280849 	0.93353447
0.0023316583 	-0.0015592554 	-0.023447427 	0.93069328
0.0023517588 	-0.0015592554 	-0.023447427 	0.93069328
0.0023718593 	-0.00060372923 	-0.022060949 	0.92853475
0.0023919598 	-0.00060372923 	-0.022060949 	0.92853475
0.0024120603 	-0.0004187144 	-0.021543036 	0.92768167
0.0024321608 	-0.0004187144 	-0.021543036 	0.92768167
0.0024522613 	-0.0016289923 	-0.021215743 	0.92773154
0.0024723618 	-0.0016289923 	-0.021215743 	0.92773154
0.0024924623 	-0.0046459774 	-0.020918149 	0.92748134
0.0025125628 	-0.0046459774 	-0.020918149 	0.92748134
0.0025326633 	-0.0097140843 	-0.021004989 	0.92596259
0.0025527638 	-0.0097140843 	-0.021004989 	0.92596259
0.0025728643 	-0.016756607 	-0.021639585 	0.92326094
0.0025929648 	-0.016756607 	-0.021639585 	0.92326094
0.0026130653 	-0.025071234 	-0.022299382 	0.9199968
0.0026331658 	-0.025071234 	-0.022299382 	0.9199968
0.0026532663 	-0.033261365 	-0.022113051 	0.91580498
0.0026733668 	-0.033261365 	-0.022113051 	0.91580498
0.0026934673 	-0.039778688 	-0.020444343 	0.90888172
0.0027135678 	-0.039778688 	-0.020444343 	0.90888172
0.0027336683 	-0.043610988 	-0.017246922 	0.89736581
0.0027537688 	-0.043610988 	-0.017246922 	0.89736581
0.0027738693 	-0.044549621 	-0.013057511 	0.88074626
0.0027939698 	-0.044549621 	-0.013057511 	0.88074626
0.0028140704 	-0.043091068 	-0.0086809434 	0.8598866
0.0028341709 	-0.043091068 	-0.0086809434 	0.8598866
0.0028542714 	-0.040047231 	-0.004805681 	0.83624159
0.0028743719 	-0.036249255 	-0.0018407253 	0.81140184
0.0028944724 	-0.036249255 	-0.0018407253 	0.81140184
0.0029145729 	-0.032378472 	7.0956623e-05 	0.78671264
0.0029346734 	-0.032378472 	7.0956623e-05 	0.78671264
0.0029547739 	-0.028894209 	0.00096049346 	0.76314202
0.0029748744 	-0.028894209 	0.00096049346 	0.76314202
0.0029949749 	-0.026105116 	0.00095804339 	0.74134712
0.0030150754 	-0.024175533 	0.00023229502 	0.7217741
0.0030351759 	-0.024175533 	0.00023229502 	0.7217741
0.0030552764 	-0.023165283 	-0.0010467181 	0.70475156
0.0030753769 	-0.023165283 	-0.0010467181 	0.70475156
0.0030954774 	-0.023034863 	-0.0027287149 	0.69052244
0.0031155779 	-0.023662551 	-0.0046902599 	0.6791876
0.0031356784 	-0.023662551 	-0.0046902599 	0.6791876
0.0031557789 	-0.024860415 	-0.006836833 	0.67063998
0.0031758794 	-0.024860415 	-0.006836833 	0.67063998
0.0031959799 	-0.026388092 	-0.0091060201 	0.6645093
0.0032160804 	-0.028071887 	-0.011464186 	0.66020568
0.0032361809 	-0.028071887 	-0.011464186 	0.66020568
0.0032562814 	-0.029744442 	-0.013875347 	0.65701202
0.0032763819 	-0.031183796 	-0.016311942 	0.65418003
0.0032964824 	-0.031183796 	-0.016311942 	0.65418003
0.0033165829 	-0.032215708 	-0.018733635 	0.65102767
0.0033366834 	-0.032717652 	-0.021069915 	0.64699931
0.0033567839 	-0.032717652 	-0.021069915 	0.64699931
0.0033768844 	-0.032617545 	-0.02323478 	0.64168695
0.0033969849 	-0.031891902 	-0.025139039 	0.63482797
0.0034170854 	-0.031891902 	-0.025139039 	0.63482797
0.0034371859 	-0.030560849 	-0.026696908 	0.62629416
0.0034572864 	-0.028679859 	-0.027829749 	0.61607482
0.0034773869 	-0.026331616 	-0.028467382 	0.60425028
0.0034974874 	-0.026331616 	-0.028467382 	0.60425028
0.0035175879 	-0.023618743 	-0.028552777 	0.5909533
0.0035376884 	-0.020660726 	-0.028053421 	0.57632075
0.0035577889 	-0.017589001 	-0.026977351 	0.56044237
0.0035778894 	-0.017589001 	-0.026977351 	0.56044237
0.0035979899 	-0.014540379 	-0.025393122 	0.54331995
0.0036180905 	-0.011644912 	-0.023433265 	0.52485643
0.003638191 	-0.0090135695 	-0.021278551 	0.5048876
0.0036582915 	-0.0090135695 	-0.021278551 	0.5048876
0.003678392 	-0.0067305493 	-0.019125236 	0.48324839
0.0036984925 	-0.0048485965 	-0.017144843 	0.4598448
0.003718593 	-0.0033876251 	-0.015451091 	0.43469397
0.0037386935 	-0.0023334655 	-0.014082973 	0.40791033
0.003758794 	-0.0016378637 	-0.013007985 	0.37964591
0.0037788945 	-0.0016378637 	-0.013007985 	0.37964591
0.003798995 	-0.0012233713 	-0.012141191 	0.35001969
0.0038190955 	-0.00099588719 	-0.01137186 	0.31907706
0.003839196 	-0.00086266174 	-0.010589037 	0.28679828
0.0038592965 	-0.00075077558 	-0.0097016635 	0.25314244
0.003879397 	-0.00061819094 	-0.0086513949 	0.21809512
0.0038994975 	-0.00045537981 	-0.0074169011 	0.18169068
0.003919598 	-0.00027833135 	-0.0060092605 	0.14399309
0.0039396985 	-0.0001180108 	-0.0044609937 	0.10502767
0.003959799 	-6.7048986e-06 	-0.0028085475 	0.064662523
0.0039798995 	1.7618123e-05 	-0.0010440724 	0.022479837
0.004 	1.7618123e-05 	-0.0010440724 	0.022479837
