0 	-0.02640486 	-0.035447435 	1.0105374
5.5555625e-05 	-0.035669022 	-0.016257954 	1.0248458
0.00011111111 	-0.031751316 	-0.0089320651 	1.040321
0.00016666667 	-0.025973959 	-0.0066831273 	1.0544343
0.00022222222 	-0.020729311 	-0.0080172055 	1.0649755
0.00027777778 	-0.016950652 	-0.012093249 	1.0711581
0.00033333333 	-0.014604473 	-0.018285393 	1.0737821
0.00038888889 	-0.013194032 	-0.026028562 	1.0742191
0.00044444444 	-0.012326826 	-0.034596532 	1.0734224
0.0005 	-0.011893611 	-0.043114146 	1.071982
0.00055555556 	-0.011892747 	-0.050840872 	1.0706746
0.00061111111 	-0.012266348 	-0.057420265 	1.0704137
0.00066666667 	-0.012865763 	-0.062866859 	1.0717328
0.00072222222 	-0.013457619 	-0.067406074 	1.0744807
0.00077777778 	-0.013776769 	-0.07129826 	1.0778582
0.00083333333 	-0.01362487 	-0.074667935 	1.0805622
0.00088888889 	-0.012950217 	-0.077512914 	1.0810279
0.00094444444 	-0.011689351 	-0.079574718 	1.0777235
0.001 	-0.0098097066 	-0.080793735 	1.0690077
0.0010617199 	-0.0074258389 	-0.080212106 	1.0541189
0.0011225874 	-0.0046755701 	-0.077384809 	1.0353903
0.0011826143 	-0.0020023863 	-0.071728538 	1.0157646
0.0012418122 	0.00047984967 	-0.063313095 	0.9977026
0.0013001926 	0.0028023453 	-0.052852937 	0.98247412
0.0013577668 	0.00492747 	-0.041418007 	0.97026028
0.0014145458 	0.0069106676 	-0.030054975 	0.96068262
0.0014705407 	0.0088188272 	-0.019295629 	0.9533827
0.0015257623 	0.010492368 	-0.009316316 	0.94815839
0.0015802213 	0.011807622 	-5.7791906e-05 	0.94487402
0.0016339282 	0.012591736 	0.0086212328 	0.94333099
0.0016868934 	0.012691735 	0.016723159 	0.94325727
0.0017391271 	0.012117473 	0.024117699 	0.94437513
0.0017906395 	0.010938767 	0.03059694 	0.94641671
0.0018414404 	0.0092486674 	0.035956097 	0.94900567
0.0018915398 	0.0071063501 	0.040092689 	0.95155583
0.0019409473 	0.0045896175 	0.043146294 	0.9533551
0.0019896725 	0.001732297 	0.045551299 	0.95376822
0.0020377248 	-0.0013778962 	0.047912779 	0.95238121
0.0020851134 	-0.0045174294 	0.050707792 	0.94911056
0.0021318476 	-0.0074328771 	0.053911057 	0.94436628
0.0021779364 	-0.0097923852 	0.05683499 	0.93911173
0.0022233887 	-0.011284869 	0.058340818 	0.93455373
0.0022682133 	-0.011693421 	0.057338655 	0.93156187
0.0023124189 	-0.010892864 	0.053264756 	0.93029255
0.0023560139 	-0.0088977864 	0.046255048 	0.93030436
0.0023990069 	-0.0058243598 	0.037116024 	0.93099195
0.0024414062 	-0.0017717287 	0.027047146 	0.93188479
0.0024832199 	0.0028715204 	0.017209589 	0.93273387
0.0025244562 	0.0077107291 	0.0085436483 	0.93344652
0.002565123 	0.012665434 	0.0016900812 	0.93397364
0.0026052281 	0.017550084 	-0.0032608484 	0.93422455
0.0026447794 	0.02237865 	-0.006685708 	0.93407736
0.0026837845 	0.02729774 	-0.0091209871 	0.93349945
0.0027222509 	0.032306331 	-0.011178843 	0.93255728
0.0027601861 	0.037460791 	-0.01338252 	0.93132173
0.0027975974 	0.042790673 	-0.016144273 	0.92981165
0.002834492 	0.04827167 	-0.019751304 	0.92801378
0.0028708772 	0.053843441 	-0.024348182 	0.92591791
0.0029067598 	0.059428038 	-0.02996348 	0.92352331
0.0029421469 	0.06495611 	-0.036515152 	0.92083691
0.0029770452 	0.07040336 	-0.043816135 	0.91786465
0.0030114616 	0.075751473 	-0.05159607 	0.91456904
0.0030454028 	0.080943076 	-0.059536313 	0.910849
0.0030788752 	0.085904311 	-0.067287051 	0.90653549
0.0031118853 	0.090534043 	-0.074517652 	0.90139151
0.0031444395 	0.094658108 	-0.080944861 	0.89513276
0.0031765442 	0.098043098 	-0.08636123 	0.88746587
0.0032082055 	0.10036415 	-0.090648621 	0.87812939
0.0032394295 	0.10121464 	-0.093815943 	0.86695895
0.0032702223 	0.10013314 	-0.09602695 	0.85397492
0.0033005899 	0.096589731 	-0.097453972 	0.83935495
0.0033305381 	0.090171162 	-0.097978671 	0.82366498
0.0033600727 	0.080616319 	-0.096413479 	0.80787882
0.0033891994 	0.068048465 	-0.089951686 	0.79331628
0.0034179239 	0.053222689 	-0.075000152 	0.78099183
0.0034462517 	0.037338703 	-0.049705045 	0.77007556
0.0034741882 	0.021677025 	-0.016517144 	0.75740926
0.003501739 	0.0072727446 	0.018063239 	0.73938199
0.0035289093 	-0.0052896802 	0.047142747 	0.71445697
0.0035557043 	-0.015717861 	0.067248313 	0.68375316
0.0035821293 	-0.023561797 	0.078792193 	0.64948675
0.0036081894 	-0.028314296 	0.083983054 	0.61308079
0.0036338895 	-0.029775853 	0.084658441 	0.57496057
0.0036592348 	-0.028374424 	0.081787082 	0.53553564
0.00368423 	-0.025047275 	0.076107081 	0.49579788
0.00370888 	-0.020839521 	0.068585834 	0.45694243
0.0037331896 	-0.016573192 	0.060307322 	0.41972925
0.0037571635 	-0.012741727 	0.052182268 	0.38424327
0.0037808063 	-0.0095605831 	0.044805974 	0.35003623
0.0038041226 	-0.0070586372 	0.038469896 	0.31639353
0.0038271169 	-0.0051596423 	0.033231442 	0.28257686
0.0038497936 	-0.0037433825 	0.028996701 	0.24799168
0.0038721572 	-0.00268526 	0.025575165 	0.21226743
0.0038942119 	-0.0018784505 	0.022693847 	0.17526282
0.003915962 	-0.0012431753 	0.019964436 	0.13702396
0.0039374118 	-0.00072973474 	0.01680014 	0.097741568
0.0039585653 	-0.00032455915 	0.012303719 	0.057814168
0.0039794267 	-5.4748127e-05 	0.0052636841 	0.018269313
0.004 	-5.4748127e-05 	0.0052636841 	0.018269313
