0 	0.052701305 	0.0082389565 	1.0262587
2.0100503e-05 	0.052701305 	0.0082389565 	1.0262587
4.0201005e-05 	0.052701305 	0.0082389565 	1.0262587
6.0301508e-05 	0.045474121 	0.029692569 	1.0304881
8.040201e-05 	0.045474121 	0.029692569 	1.0304881
0.00010050251 	0.045474121 	0.029692569 	1.0304881
0.00012060302 	0.043143718 	0.033440346 	1.0345689
0.00014070352 	0.025794111 	0.050349677 	1.0218919
0.00016080402 	0.025794111 	0.050349677 	1.0218919
0.00018090452 	0.030277258 	0.047192207 	1.0257912
0.00020100503 	0.030277258 	0.047192207 	1.0257912
0.00022110553 	0.030277258 	0.047192207 	1.0257912
0.00024120603 	0.032976017 	0.043594515 	1.029881
0.00026130653 	0.042106994 	0.031767779 	1.0428548
0.00028140704 	0.041602737 	0.028722883 	1.0474305
0.00030150754 	0.041602737 	0.028722883 	1.0474305
0.00032160804 	0.041602737 	0.028722883 	1.0474305
0.00034170854 	0.035135968 	0.034266185 	1.0394032
0.00036180905 	0.035135968 	0.034266185 	1.0394032
0.00038190955 	0.035135968 	0.034266185 	1.0394032
0.00040201005 	0.035138475 	0.028236653 	1.0453003
0.00042211055 	0.035138475 	0.028236653 	1.0453003
0.00044221106 	0.035138475 	0.028236653 	1.0453003
0.00046231156 	0.034810666 	0.021019647 	1.0522988
0.00048241206 	0.034810666 	0.021019647 	1.0522988
0.00050251256 	0.0344975 	0.012352268 	1.0606169
0.00052261307 	0.0344975 	0.012352268 	1.0606169
0.00054271357 	0.0344975 	0.012352268 	1.0606169
0.00056281407 	0.034514689 	0.002001642 	1.0703321
0.00058291457 	0.034514689 	0.002001642 	1.0703321
0.00060301508 	0.034514689 	0.002001642 	1.0703321
0.00062311558 	0.035097813 	-0.010040893 	1.0812184
0.00064321608 	0.035097813 	-0.010040893 	1.0812184
0.00066331658 	0.035097813 	-0.010040893 	1.0812184
0.00068341709 	0.036379099 	-0.023413101 	1.0925945
0.00070351759 	0.036379099 	-0.023413101 	1.0925945
0.00072361809 	0.038333705 	-0.037329831 	1.1033098
0.00074371859 	0.038333705 	-0.037329831 	1.1033098
0.0007638191 	0.038333705 	-0.037329831 	1.1033098
0.0007839196 	0.040853408 	-0.05078878 	1.1119645
0.0008040201 	0.040853408 	-0.05078878 	1.1119645
0.0008241206 	0.040853408 	-0.05078878 	1.1119645
0.00084422111 	0.04177082 	-0.06780825 	1.1225762
0.00086432161 	0.04177082 	-0.06780825 	1.1225762
0.00088442211 	0.04177082 	-0.06780825 	1.1225762
0.00090452261 	0.044088391 	-0.076768249 	1.1218225
0.00092462312 	0.044088391 	-0.076768249 	1.1218225
0.00094472362 	0.046288712 	-0.08360895 	1.1176923
0.00096482412 	0.046288712 	-0.08360895 	1.1176923
0.00098492462 	0.046288712 	-0.08360895 	1.1176923
0.0010050251 	0.048316392 	-0.088018179 	1.1102586
0.0010251256 	0.052335151 	-0.086345634 	1.1117608
0.0010452261 	0.052335151 	-0.086345634 	1.1117608
0.0010653266 	0.054255318 	-0.08856838 	1.1039181
0.0010854271 	0.054255318 	-0.08856838 	1.1039181
0.0011055276 	0.054255318 	-0.08856838 	1.1039181
0.0011256281 	0.055121352 	-0.087550379 	1.0950469
0.0011457286 	0.055121352 	-0.087550379 	1.0950469
0.0011658291 	0.055121352 	-0.087550379 	1.0950469
0.0011859296 	0.054889398 	-0.083503715 	1.0861365
0.0012060302 	0.054889398 	-0.083503715 	1.0861365
0.0012261307 	0.054889398 	-0.083503715 	1.0861365
0.0012462312 	0.053456376 	-0.076466918 	1.0779145
0.0012663317 	0.053456376 	-0.076466918 	1.0779145
0.0012864322 	0.053456376 	-0.076466918 	1.0779145
0.0013065327 	0.050663834 	-0.066281087 	1.0708819
0.0013266332 	0.050663834 	-0.066281087 	1.0708819
0.0013467337 	0.050663834 	-0.066281087 	1.0708819
0.0013668342 	0.046326493 	-0.052756468 	1.06529
0.0013869347 	0.046326493 	-0.052756468 	1.06529
0.0014070352 	0.046326493 	-0.052756468 	1.06529
0.0014271357 	0.040371107 	-0.035928975 	1.0611027
0.0014472362 	0.040371107 	-0.035928975 	1.0611027
0.0014673367 	0.040371107 	-0.035928975 	1.0611027
0.0014874372 	0.032980462 	-0.016334274 	1.0580117
0.0015075377 	0.032980462 	-0.016334274 	1.0580117
0.0015276382 	0.024593726 	0.0047537149 	1.0556089
0.0015477387 	0.024593726 	0.0047537149 	1.0556089
0.0015678392 	0.024593726 	0.0047537149 	1.0556089
0.0015879397 	0.015795223 	0.025289791 	1.0536363
0.0016080402 	0.015795223 	0.025289791 	1.0536363
0.0016281407 	0.015795223 	0.025289791 	1.0536363
0.0016482412 	0.0072315784 	0.042747454 	1.0519767
0.0016683417 	0.0072315784 	0.042747454 	1.0519767
0.0016884422 	-0.00038133061 	0.054577117 	1.0501329
0.0017085427 	-0.00038133061 	0.054577117 	1.0501329
0.0017286432 	-0.00038133061 	0.054577117 	1.0501329
0.0017487437 	-0.0061705176 	0.058433656 	1.0464153
0.0017688442 	-0.0061705176 	0.058433656 	1.0464153
0.0017889447 	-0.0061705176 	0.058433656 	1.0464153
0.0018090452 	-0.0092843058 	0.052341838 	1.0378708
0.0018291457 	-0.0092843058 	0.052341838 	1.0378708
0.0018492462 	-0.0096409809 	0.035831724 	1.0224645
0.0018693467 	-0.0096409809 	0.035831724 	1.0224645
0.0018894472 	-0.0096409809 	0.035831724 	1.0224645
0.0019095477 	-0.0086471595 	0.011766854 	1.0028858
0.0019296482 	-0.0086471595 	0.011766854 	1.0028858
0.0019497487 	-0.0082449167 	-0.014488533 	0.98575189
0.0019698492 	-0.0082449167 	-0.014488533 	0.98575189
0.0019899497 	-0.008864779 	-0.038855778 	0.97477852
0.0020100503 	-0.008864779 	-0.038855778 	0.97477852
0.0020301508 	-0.008864779 	-0.038855778 	0.97477852
0.0020502513 	-0.0096939829 	-0.059439194 	0.96852657
0.0020703518 	-0.0096939829 	-0.059439194 	0.96852657
0.0020904523 	-0.010357499 	-0.074870075 	0.96426695
0.0021105528 	-0.010357499 	-0.074870075 	0.96426695
0.0021306533 	-0.010357499 	-0.074870075 	0.96426695
0.0021507538 	-0.011043415 	-0.084140087 	0.96031271
0.0021708543 	-0.011043415 	-0.084140087 	0.96031271
0.0021909548 	-0.012002421 	-0.087446284 	0.95555161
0.0022110553 	-0.012002421 	-0.087446284 	0.95555161
0.0022311558 	-0.013436472 	-0.086245477 	0.9492023
0.0022512563 	-0.013436472 	-0.086245477 	0.9492023
0.0022713568 	-0.015406517 	-0.082429122 	0.94147662
0.0022914573 	-0.015406517 	-0.082429122 	0.94147662
0.0023115578 	-0.015406517 	-0.082429122 	0.94147662
0.0023316583 	-0.017881267 	-0.077496355 	0.93375143
0.0023517588 	-0.017881267 	-0.077496355 	0.93375143
0.0023718593 	-0.020753924 	-0.072223712 	0.92777824
0.0023919598 	-0.020753924 	-0.072223712 	0.92777824
0.0024120603 	-0.023845563 	-0.066738682 	0.92464705
0.0024321608 	-0.023845563 	-0.066738682 	0.92464705
0.0024522613 	-0.026922834 	-0.060761331 	0.92441364
0.0024723618 	-0.026922834 	-0.060761331 	0.92441364
0.0024924623 	-0.029752701 	-0.053857391 	0.92643316
0.0025125628 	-0.029752701 	-0.053857391 	0.92643316
0.0025326633 	-0.032163622 	-0.045686004 	0.92982901
0.0025527638 	-0.032163622 	-0.045686004 	0.92982901
0.0025728643 	-0.034088056 	-0.036164728 	0.93381073
0.0025929648 	-0.034088056 	-0.036164728 	0.93381073
0.0026130653 	-0.035570165 	-0.025517176 	0.93776014
0.0026331658 	-0.035570165 	-0.025517176 	0.93776014
0.0026532663 	-0.036721808 	-0.014192477 	0.94124538
0.0026733668 	-0.036721808 	-0.014192477 	0.94124538
0.0026934673 	-0.037653117 	-0.002780602 	0.94399541
0.0027135678 	-0.037653117 	-0.002780602 	0.94399541
0.0027336683 	-0.038300654 	0.0081389499 	0.94584937
0.0027537688 	-0.038300654 	0.0081389499 	0.94584937
0.0027738693 	-0.038593828 	0.018005961 	0.94673324
0.0027939698 	-0.038593828 	0.018005961 	0.94673324
0.0028140704 	-0.038661541 	0.026385416 	0.94654619
0.0028341709 	-0.038661541 	0.026385416 	0.94654619
0.0028542714 	-0.038613574 	0.033089966 	0.94531115
0.0028743719 	-0.038545498 	0.038321341 	0.94316073
0.0028944724 	-0.038545498 	0.038321341 	0.94316073
0.0029145729 	-0.038523704 	0.042660131 	0.94026501
0.0029346734 	-0.038523704 	0.042660131 	0.94026501
0.0029547739 	-0.038539004 	0.046781715 	0.9367439
0.0029748744 	-0.038539004 	0.046781715 	0.9367439
0.0029949749 	-0.03851535 	0.051004102 	0.93270337
0.0030150754 	-0.038388424 	0.055039444 	0.92845788
0.0030351759 	-0.038388424 	0.055039444 	0.92845788
0.0030552764 	-0.038180782 	0.058227589 	0.92473089
0.0030753769 	-0.038180782 	0.058227589 	0.92473089
0.0030954774 	-0.038047669 	0.060061212 	0.92255961
0.0031155779 	-0.038248422 	0.060503952 	0.92291214
0.0031356784 	-0.038248422 	0.060503952 	0.92291214
0.0031557789 	-0.039049345 	0.059846701 	0.92626405
0.0031758794 	-0.039049345 	0.059846701 	0.92626405
0.0031959799 	-0.040607085 	0.058308016 	0.93233933
0.0032160804 	-0.042870315 	0.05578195 	0.94005036
0.0032361809 	-0.042870315 	0.05578195 	0.94005036
0.0032562814 	-0.045535065 	0.051929732 	0.94763372
0.0032763819 	-0.048082583 	0.046499522 	0.95298525
0.0032964824 	-0.048082583 	0.046499522 	0.95298525
0.0033165829 	-0.04990442 	0.03960317 	0.95409259
0.0033366834 	-0.050452844 	0.031785982 	0.94938353
0.0033567839 	-0.050452844 	0.031785982 	0.94938353
0.0033768844 	-0.049335334 	0.0238845 	0.93784882
0.0033969849 	-0.04633638 	0.016759299 	0.91899786
0.0034170854 	-0.04633638 	0.016759299 	0.91899786
0.0034371859 	-0.0414151 	0.011029375 	0.89283723
0.0034572864 	-0.034728938 	0.0069262223 	0.8599693
0.0034773869 	-0.026663605 	0.0043229885 	0.82175919
0.0034974874 	-0.026663605 	0.0043229885 	0.82175919
0.0035175879 	-0.017829144 	0.0029075196 	0.78042914
0.0035376884 	-0.0090407199 	0.0024035647 	0.73895276
0.0035577889 	-0.0012497922 	0.0027278383 	0.70061678
0.0035778894 	-0.0012497922 	0.0027278383 	0.70061678
0.0035979899 	0.0047970313 	0.0040196002 	0.66838116
0.0036180905 	0.0086635625 	0.0065236928 	0.64399915
0.003638191 	0.010222161 	0.01039623 	0.62728415
0.0036582915 	0.010222161 	0.01039623 	0.62728415
0.003678392 	0.0098055419 	0.015514457 	0.61581748
0.0036984925 	0.008075222 	0.021374087 	0.60539694
0.003718593 	0.0058044755 	0.027118927 	0.59124674
0.0037386935 	0.0036382503 	0.031769353 	0.56955605
0.003758794 	0.0019044876 	0.034591693 	0.53863242
0.0037788945 	0.0019044876 	0.034591693 	0.53863242
0.003798995 	0.00071367216 	0.035365338 	0.49909228
0.0038190955 	-1.057412e-05 	0.034377688 	0.45302912
0.003839196 	-0.00036690294 	0.032167126 	0.40282623
0.0038592965 	-0.00040768061 	0.029223359 	0.35038334
0.003879397 	-0.00024746061 	0.025834222 	0.29694223
0.0038994975 	1.9701471e-05 	0.022096787 	0.24320641
0.003919598 	0.00028024049 	0.017998287 	0.18946647
0.0039396985 	0.00040730215 	0.013487074 	0.13569181
0.003959799 	0.00033473266 	0.0085062657 	0.081662957
0.0039798995 	9.255254e-05 	0.0030099455 	0.027258722
0.004 	9.255254e-05 	0.0030099455 	0.027258722
