0 	-0.0017228367 	0.023511745 	1.1045294
5.5555556e-05 	-0.010414755 	0.021640258 	1.1052834
0.00011111111 	-0.010917653 	0.022016016 	1.105477
0.00016666667 	-0.0094112234 	0.023530231 	1.1049054
0.00022222222 	-0.006869366 	0.025483967 	1.1035943
0.00027777778 	-0.0037527152 	0.027452971 	1.1017864
0.00033333333 	-0.00045328171 	0.029172482 	1.0998394
0.00038888889 	0.0026884775 	0.030551791 	1.0980873
0.00044444444 	0.0054349869 	0.031635017 	1.0967409
0.0005 	0.0076867224 	0.032526064 	1.0958606
0.00055555556 	0.0094538382 	0.033287373 	1.0953804
0.00061111111 	0.01078758 	0.033901837 	1.0951341
0.00066666667 	0.011712492 	0.03430614 	1.0948611
0.00072222222 	0.012196923 	0.034432206 	1.0942198
0.00077777778 	0.012173545 	0.034227024 	1.0928315
0.00083333333 	0.011564653 	0.033645477 	1.0903611
0.00088888889 	0.010332555 	0.032628981 	1.0866421
0.00094444444 	0.008560658 	0.031126482 	1.0817658
0.001 	0.0063090573 	0.02901499 	1.0758178
0.0010617199 	0.0039187929 	0.02640694 	1.0691738
0.0011225874 	0.0017454206 	0.023595811 	1.0620803
0.0011826143 	-0.00037007062 	0.020752586 	1.0533813
0.0012418122 	-0.0030660283 	0.018170138 	1.0403739
0.0013001926 	-0.0076139226 	0.016514975 	1.0187904
0.0013577668 	-0.015517414 	0.016075292 	0.98528516
0.0014145458 	-0.027477278 	0.015274909 	0.94260843
0.0014705407 	-0.042465258 	0.011866294 	0.90081433
0.0015257623 	-0.057885406 	0.0054147646 	0.86947536
0.0015802213 	-0.071402525 	-0.0046244751 	0.8499806
0.0016339282 	-0.083169035 	-0.020798715 	0.83824964
0.0016868934 	-0.095672411 	-0.042119198 	0.83128805
0.0017391271 	-0.11159407 	-0.060159234 	0.82688976
0.0017906395 	-0.13022315 	-0.066522368 	0.82172565
0.0018414404 	-0.14613155 	-0.062127412 	0.81587819
0.0018915398 	-0.15502373 	-0.053866705 	0.81300899
0.0019409473 	-0.15730685 	-0.047994214 	0.81313279
0.0019896725 	-0.15518712 	-0.046953737 	0.81331574
0.0020377248 	-0.15078954 	-0.048330596 	0.81287809
0.0020851134 	-0.14588413 	-0.048808028 	0.81235559
0.0021318476 	-0.14163987 	-0.047901714 	0.81055828
0.0021779364 	-0.13813892 	-0.046891562 	0.80592215
0.0022233887 	-0.13467198 	-0.046684116 	0.79881746
0.0022682133 	-0.13073675 	-0.04725189 	0.79071815
0.0023124189 	-0.12621029 	-0.048148776 	0.78243404
0.0023560139 	-0.12100191 	-0.049091668 	0.77423466
0.0023990069 	-0.11517705 	-0.05011456 	0.76628004
0.0024414062 	-0.10889628 	-0.051279498 	0.75847021
0.0024832199 	-0.10229534 	-0.05259479 	0.75051142
0.0025244562 	-0.095481917 	-0.054116556 	0.7421674
0.002565123 	-0.088480825 	-0.055878314 	0.7333812
0.0026052281 	-0.081299726 	-0.057819738 	0.72417309
0.0026447794 	-0.073956483 	-0.059800111 	0.71462539
0.0026837845 	-0.066513938 	-0.061633497 	0.70495591
0.0027222509 	-0.059082969 	-0.063121817 	0.69558049
0.0027601861 	-0.051792475 	-0.064072705 	0.68708185
0.0027975974 	-0.044774585 	-0.064323631 	0.68010573
0.002834492 	-0.03817286 	-0.063769857 	0.67516667
0.0028708772 	-0.0321451 	-0.062390053 	0.67246165
0.0029067598 	-0.026847866 	-0.060242169 	0.67185868
0.0029421469 	-0.022415201 	-0.057441032 	0.67303217
0.0029770452 	-0.018954833 	-0.05413123 	0.67559433
0.0030114616 	-0.016556837 	-0.050442263 	0.67916479
0.0030454028 	-0.015298368 	-0.046446092 	0.68339381
0.0030788752 	-0.015224315 	-0.04209854 	0.68794434
0.0031118853 	-0.016329914 	-0.03718345 	0.69243097
0.0031444395 	-0.018547935 	-0.0312724 	0.6963377
0.0031765442 	-0.021742324 	-0.023766935 	0.69884395
0.0032082055 	-0.025664321 	-0.014162978 	0.69886381
0.0032394295 	-0.029981817 	-0.0023787218 	0.69506499
0.0032702223 	-0.034415851 	0.010959049 	0.68619422
0.0033005899 	-0.038869616 	0.02456275 	0.67165185
0.0033305381 	-0.043377001 	0.036981418 	0.65198355
0.0033600727 	-0.047990092 	0.047216771 	0.62884229
0.0033891994 	-0.052576225 	0.05502087 	0.60425372
0.0034179239 	-0.056699274 	0.060717111 	0.57966959
0.0034462517 	-0.059745959 	0.064767644 	0.55553371
0.0034741882 	-0.061227399 	0.067425472 	0.53163854
0.003501739 	-0.06100722 	0.068680746 	0.5078094
0.0035289093 	-0.059291177 	0.068462837 	0.48421944
0.0035557043 	-0.056442736 	0.066844102 	0.46119551
0.0035821293 	-0.052806747 	0.064051498 	0.4389304
0.0036081894 	-0.048638924 	0.060357697 	0.41741625
0.0036338895 	-0.044119608 	0.055994018 	0.39653984
0.0036592348 	-0.039396474 	0.051138538 	0.37617318
0.00368423 	-0.034614769 	0.045950864 	0.35618709
0.00370888 	-0.029918535 	0.040604281 	0.33641245
0.0037331896 	-0.025433046 	0.035287908 	0.31660369
0.0037571635 	-0.021250509 	0.030186835 	0.29643724
0.0037808063 	-0.017427524 	0.025460118 	0.27553932
0.0038041226 	-0.013990502 	0.021225461 	0.25352593
0.0038271169 	-0.010943989 	0.017550527 	0.23004467
0.0038497936 	-0.0082796869 	0.01444714 	0.20481348
0.0038721572 	-0.00598556 	0.011866099 	0.17765166
0.0038942119 	-0.0040530086 	0.0096919859 	0.14850388
0.003915962 	-0.0024807019 	0.0077410297 	0.11746452
0.0039374118 	-0.0012763964 	0.0057747013 	0.084809939
0.0039585653 	-0.00045632037 	0.0035645598 	0.051042719
0.0039794267 	-4.4038944e-05 	0.0010823158 	0.016908667
0.004 	-4.0654482e-05 	0.0025948654 	0.017805822
