0 	-0.0017228367 	0.023511745 	1.1045294
2.0100503e-05 	-0.023009445 	-0.0043496479 	1.1020903
4.0201005e-05 	-0.023009445 	-0.0043496479 	1.1020903
6.0301508e-05 	-0.016624601 	-0.016241202 	1.0996777
8.040201e-05 	-0.016624601 	-0.016241202 	1.0996777
0.00010050251 	-0.016624601 	-0.016241202 	1.0996777
0.00012060302 	-0.011853323 	-0.019723579 	1.0972328
0.00014070352 	-0.011853323 	-0.019723579 	1.0972328
0.00016080402 	-0.011853323 	-0.019723579 	1.0972328
0.00018090452 	-0.0076593004 	-0.021364813 	1.0946899
0.00020100503 	-0.0076593004 	-0.021364813 	1.0946899
0.00022110553 	-0.0076593004 	-0.021364813 	1.0946899
0.00024120603 	-0.0035110218 	-0.022088956 	1.091942
0.00026130653 	-0.0035110218 	-0.022088956 	1.091942
0.00028140704 	0.00076489523 	-0.022252404 	1.0888362
0.00030150754 	0.00076489523 	-0.022252404 	1.0888362
0.00032160804 	0.00076489523 	-0.022252404 	1.0888362
0.00034170854 	0.0052100055 	-0.022173661 	1.0852132
0.00036180905 	0.0052100055 	-0.022173661 	1.0852132
0.00038190955 	0.0052100055 	-0.022173661 	1.0852132
0.00040201005 	0.0097927695 	-0.022184379 	1.0809721
0.00042211055 	0.0097927695 	-0.022184379 	1.0809721
0.00044221106 	0.0097927695 	-0.022184379 	1.0809721
0.00046231156 	0.014440224 	-0.022574633 	1.0761229
0.00048241206 	0.014440224 	-0.022574633 	1.0761229
0.00050251256 	0.019059063 	-0.023507404 	1.0707972
0.00052261307 	0.019059063 	-0.023507404 	1.0707972
0.00054271357 	0.019059063 	-0.023507404 	1.0707972
0.00056281407 	0.023547515 	-0.024988342 	1.0652036
0.00058291457 	0.023547515 	-0.024988342 	1.0652036
0.00060301508 	0.023547515 	-0.024988342 	1.0652036
0.00062311558 	0.027808896 	-0.026875366 	1.0595527
0.00064321608 	0.027808896 	-0.026875366 	1.0595527
0.00066331658 	0.027808896 	-0.026875366 	1.0595527
0.00068341709 	0.031771328 	-0.028946091 	1.0540117
0.00070351759 	0.031771328 	-0.028946091 	1.0540117
0.00072361809 	0.035406785 	-0.030958705 	1.0487403
0.00074371859 	0.035406785 	-0.030958705 	1.0487403
0.0007638191 	0.035406785 	-0.030958705 	1.0487403
0.0007839196 	0.038702861 	-0.032722053 	1.0439159
0.0008040201 	0.038702861 	-0.032722053 	1.0439159
0.0008241206 	0.038702861 	-0.032722053 	1.0439159
0.00084422111 	0.0416464 	-0.034182445 	1.0397538
0.00086432161 	0.0416464 	-0.034182445 	1.0397538
0.00088442211 	0.0416464 	-0.034182445 	1.0397538
0.00090452261 	0.044209451 	-0.035466365 	1.0364819
0.00092462312 	0.044209451 	-0.035466365 	1.0364819
0.00094472362 	0.046412093 	-0.036828245 	1.034377
0.00096482412 	0.046412093 	-0.036828245 	1.034377
0.00098492462 	0.046412093 	-0.036828245 	1.034377
0.0010050251 	0.054167031 	-0.034942804 	1.0355819
0.0010251256 	0.054167031 	-0.034942804 	1.0355819
0.0010452261 	0.054167031 	-0.034942804 	1.0355819
0.0010653266 	0.056139823 	-0.035962251 	1.0357005
0.0010854271 	0.056139823 	-0.035962251 	1.0357005
0.0011055276 	0.056139823 	-0.035962251 	1.0357005
0.0011256281 	0.057986473 	-0.037513899 	1.0372948
0.0011457286 	0.057986473 	-0.037513899 	1.0372948
0.0011658291 	0.057986473 	-0.037513899 	1.0372948
0.0011859296 	0.059932976 	-0.039352625 	1.0400147
0.0012060302 	0.059932976 	-0.039352625 	1.0400147
0.0012261307 	0.059932976 	-0.039352625 	1.0400147
0.0012462312 	0.062151424 	-0.040992525 	1.0432138
0.0012663317 	0.062151424 	-0.040992525 	1.0432138
0.0012864322 	0.062151424 	-0.040992525 	1.0432138
0.0013065327 	0.064687402 	-0.041855496 	1.0461895
0.0013266332 	0.064687402 	-0.041855496 	1.0461895
0.0013467337 	0.064687402 	-0.041855496 	1.0461895
0.0013668342 	0.067413886 	-0.041499124 	1.0484412
0.0013869347 	0.067413886 	-0.041499124 	1.0484412
0.0014070352 	0.067413886 	-0.041499124 	1.0484412
0.0014271357 	0.070076082 	-0.039738432 	1.0497968
0.0014472362 	0.070076082 	-0.039738432 	1.0497968
0.0014673367 	0.070076082 	-0.039738432 	1.0497968
0.0014874372 	0.072393629 	-0.036674763 	1.0504098
0.0015075377 	0.072393629 	-0.036674763 	1.0504098
0.0015276382 	0.074150197 	-0.032613467 	1.0506508
0.0015477387 	0.074150197 	-0.032613467 	1.0506508
0.0015678392 	0.074150197 	-0.032613467 	1.0506508
0.0015879397 	0.075219575 	-0.027984269 	1.0509604
0.0016080402 	0.075219575 	-0.027984269 	1.0509604
0.0016281407 	0.075219575 	-0.027984269 	1.0509604
0.0016482412 	0.075566823 	-0.023189843 	1.0517152
0.0016683417 	0.075566823 	-0.023189843 	1.0517152
0.0016884422 	0.075223726 	-0.018546577 	1.0531549
0.0017085427 	0.075223726 	-0.018546577 	1.0531549
0.0017286432 	0.075223726 	-0.018546577 	1.0531549
0.0017487437 	0.074275115 	-0.014264167 	1.0553587
0.0017688442 	0.074275115 	-0.014264167 	1.0553587
0.0017889447 	0.074275115 	-0.014264167 	1.0553587
0.0018090452 	0.072853701 	-0.010477248 	1.0582512
0.0018291457 	0.072853701 	-0.010477248 	1.0582512
0.0018492462 	0.071132879 	-0.0073062383 	1.0616256
0.0018693467 	0.071132879 	-0.0073062383 	1.0616256
0.0018894472 	0.071132879 	-0.0073062383 	1.0616256
0.0019095477 	0.069328988 	-0.0048657352 	1.0651773
0.0019296482 	0.069328988 	-0.0048657352 	1.0651773
0.0019497487 	0.067654521 	-0.0032811979 	1.0685936
0.0019698492 	0.067654521 	-0.0032811979 	1.0685936
0.0019899497 	0.067654521 	-0.0032811979 	1.0685936
0.0020100503 	0.066301451 	-0.002689562 	1.0716548
0.0020301508 	0.066301451 	-0.002689562 	1.0716548
0.0020502513 	0.065370378 	-0.0031663197 	1.0742747
0.0020703518 	0.065370378 	-0.0031663197 	1.0742747
0.0020904523 	0.06492069 	-0.0046968372 	1.0764314
0.0021105528 	0.06492069 	-0.0046968372 	1.0764314
0.0021306533 	0.06492069 	-0.0046968372 	1.0764314
0.0021507538 	0.06498397 	-0.0071335939 	1.0780872
0.0021708543 	0.06498397 	-0.0071335939 	1.0780872
0.0021909548 	0.06556054 	-0.010231249 	1.079096
0.0022110553 	0.06556054 	-0.010231249 	1.079096
0.0022311558 	0.066707964 	-0.013707017 	1.0791853
0.0022512563 	0.066707964 	-0.013707017 	1.0791853
0.0022713568 	0.068473679 	-0.017255953 	1.0779986
0.0022914573 	0.068473679 	-0.017255953 	1.0779986
0.0023115578 	0.068473679 	-0.017255953 	1.0779986
0.0023316583 	0.070800299 	-0.020591457 	1.0751851
0.0023517588 	0.070800299 	-0.020591457 	1.0751851
0.0023718593 	0.073470355 	-0.023373784 	1.0705851
0.0023919598 	0.073470355 	-0.023373784 	1.0705851
0.0024120603 	0.076000051 	-0.025170882 	1.0644461
0.0024321608 	0.076000051 	-0.025170882 	1.0644461
0.0024522613 	0.077582828 	-0.025423485 	1.0576332
0.0024723618 	0.077582828 	-0.025423485 	1.0576332
0.0024924623 	0.077285478 	-0.023635268 	1.0514869
0.0025125628 	0.077285478 	-0.023635268 	1.0514869
0.0025326633 	0.074260367 	-0.019904014 	1.0474014
0.0025527638 	0.074260367 	-0.019904014 	1.0474014
0.0025728643 	0.068301839 	-0.01573371 	1.0465625
0.0025929648 	0.068301839 	-0.01573371 	1.0465625
0.0026130653 	0.059304086 	-0.014142864 	1.0501949
0.0026331658 	0.059304086 	-0.014142864 	1.0501949
0.0026532663 	0.047605154 	-0.015599808 	1.0567738
0.0026733668 	0.047605154 	-0.015599808 	1.0567738
0.0026934673 	0.034273432 	-0.01633022 	1.0600779
0.0027135678 	0.034273432 	-0.01633022 	1.0600779
0.0027336683 	0.020387752 	-0.013353021 	1.0541372
0.0027537688 	0.020387752 	-0.013353021 	1.0541372
0.0027738693 	0.0063745955 	-0.0077086153 	1.0364756
0.0027939698 	0.0063745955 	-0.0077086153 	1.0364756
0.0028140704 	-0.0093042878 	-0.0037716128 	1.0078879
0.0028341709 	-0.0093042878 	-0.0037716128 	1.0078879
0.0028542714 	-0.027311626 	-0.005849982 	0.97073063
0.0028743719 	-0.044922139 	-0.012517838 	0.92797615
0.0028944724 	-0.044922139 	-0.012517838 	0.92797615
0.0029145729 	-0.058820152 	-0.01507249 	0.88388551
0.0029346734 	-0.058820152 	-0.01507249 	0.88388551
0.0029547739 	-0.067317617 	-0.007215553 	0.84308301
0.0029748744 	-0.067317617 	-0.007215553 	0.84308301
0.0029949749 	-0.071215457 	0.0083574899 	0.80815144
0.0030150754 	-0.072536198 	0.025394561 	0.78004406
0.0030351759 	-0.072536198 	0.025394561 	0.78004406
0.0030552764 	-0.072464904 	0.039231843 	0.75952202
0.0030753769 	-0.072464904 	0.039231843 	0.75952202
0.0030954774 	-0.071568969 	0.047658212 	0.74652372
0.0031155779 	-0.070183886 	0.050741535 	0.73967825
0.0031356784 	-0.070183886 	0.050741535 	0.73967825
0.0031557789 	-0.068139121 	0.049911011 	0.73761026
0.0031758794 	-0.068139121 	0.049911011 	0.73761026
0.0031959799 	-0.065040328 	0.046556396 	0.7395152
0.0032160804 	-0.060624014 	0.041746411 	0.74477577
0.0032361809 	-0.060624014 	0.041746411 	0.74477577
0.0032562814 	-0.055101186 	0.036181851 	0.75276914
0.0032763819 	-0.048952642 	0.030501684 	0.76275803
0.0032964824 	-0.048952642 	0.030501684 	0.76275803
0.0033165829 	-0.042606276 	0.025297374 	0.77405906
0.0033366834 	-0.036330708 	0.020800869 	0.78608327
0.0033567839 	-0.036330708 	0.020800869 	0.78608327
0.0033768844 	-0.030328785 	0.016829611 	0.798468
0.0033969849 	-0.024759124 	0.012995093 	0.81102225
0.0034170854 	-0.024759124 	0.012995093 	0.81102225
0.0034371859 	-0.019746816 	0.008997258 	0.82355984
0.0034572864 	-0.015377937 	0.0047198804 	0.83583052
0.0034773869 	-0.011680766 	0.00021822039 	0.8474972
0.0034974874 	-0.011680766 	0.00021822039 	0.8474972
0.0035175879 	-0.0087077645 	-0.0043462576 	0.85817231
0.0035376884 	-0.0065233288 	-0.0087908298 	0.86744848
0.0035577889 	-0.0050357953 	-0.013013784 	0.87491808
0.0035778894 	-0.0050357953 	-0.013013784 	0.87491808
0.0035979899 	-0.004155375 	-0.017053482 	0.88013671
0.0036180905 	-0.0038285903 	-0.021117582 	0.88256533
0.003638191 	-0.0039648375 	-0.025500057 	0.88149447
0.0036582915 	-0.0039648375 	-0.025500057 	0.88149447
0.003678392 	-0.0044243793 	-0.030428571 	0.8760065
0.0036984925 	-0.0050296195 	-0.03584994 	0.86498375
0.003718593 	-0.0055811903 	-0.041290837 	0.8472015
0.0037386935 	-0.0058906635 	-0.04595519 	0.82150091
0.003758794 	-0.0058318264 	-0.049173145 	0.78695678
0.0037788945 	-0.0058318264 	-0.049173145 	0.78695678
0.003798995 	-0.0053938197 	-0.050996461 	0.74294925
0.0038190955 	-0.0046975412 	-0.052245132 	0.68915739
0.003839196 	-0.0039358114 	-0.053590998 	0.62559363
0.0038592965 	-0.0032522919 	-0.054426755 	0.55270496
0.003879397 	-0.0026581934 	-0.053105118 	0.47152747
0.0038994975 	-0.002081327 	-0.048618481 	0.38412668
0.003919598 	-0.0014926501 	-0.0414723 	0.29413027
0.0039396985 	-0.0009417832 	-0.03252085 	0.20591607
0.003959799 	-0.00047927143 	-0.021706487 	0.1221298
0.0039798995 	-9.0321111e-05 	-0.0083237615 	0.041609578
0.004 	-9.0321111e-05 	-0.0083237615 	0.041609578
