0 	0.024311215 	0.035206673 	1.0720609
2.0100503e-05 	0.024311215 	0.035206673 	1.0720609
4.0201005e-05 	0.024311215 	0.035206673 	1.0720609
6.0301508e-05 	-0.0014770727 	0.036146515 	1.0780773
8.040201e-05 	-0.0014770727 	0.036146515 	1.0780773
0.00010050251 	-0.0014770727 	0.036146515 	1.0780773
0.00012060302 	-0.011929282 	0.027905986 	1.0824199
0.00014070352 	-0.011929282 	0.027905986 	1.0824199
0.00016080402 	-0.011929282 	0.027905986 	1.0824199
0.00018090452 	-0.017919944 	0.018529624 	1.0845182
0.00020100503 	-0.017919944 	0.018529624 	1.0845182
0.00022110553 	-0.017919944 	0.018529624 	1.0845182
0.00024120603 	-0.023367984 	0.0055613256 	1.0801032
0.00026130653 	-0.023367984 	0.0055613256 	1.0801032
0.00028140704 	-0.022478598 	-0.00229718 	1.0779931
0.00030150754 	-0.022414551 	-0.0011457663 	1.0806542
0.00032160804 	-0.022414551 	-0.0011457663 	1.0806542
0.00034170854 	-0.021717535 	-0.010642517 	1.0744601
0.00036180905 	-0.021717535 	-0.010642517 	1.0744601
0.00038190955 	-0.021717535 	-0.010642517 	1.0744601
0.00040201005 	-0.019496558 	-0.019196981 	1.0660306
0.00042211055 	-0.019496558 	-0.019196981 	1.0660306
0.00044221106 	-0.019496558 	-0.019196981 	1.0660306
0.00046231156 	-0.016158754 	-0.026162098 	1.0564512
0.00048241206 	-0.01212047 	-0.023370779 	1.0585385
0.00050251256 	-0.012234326 	-0.030898245 	1.046915
0.00052261307 	-0.012234326 	-0.030898245 	1.046915
0.00054271357 	-0.012234326 	-0.030898245 	1.046915
0.00056281407 	-0.0084148649 	-0.03299532 	1.0383564
0.00058291457 	-0.0019311073 	-0.029827037 	1.041571
0.00060301508 	-0.0019311073 	-0.029827037 	1.041571
0.00062311558 	0.0023113612 	-0.029868402 	1.034376
0.00064321608 	0.0023113612 	-0.029868402 	1.034376
0.00066331658 	0.0023113612 	-0.029868402 	1.034376
0.00068341709 	-0.0041693789 	-0.030038475 	1.026856
0.00070351759 	-0.0041693789 	-0.030038475 	1.026856
0.00072361809 	-0.0043404446 	-0.027065179 	1.0244759
0.00074371859 	-0.0043404446 	-0.027065179 	1.0244759
0.0007638191 	-0.0043404446 	-0.027065179 	1.0244759
0.0007839196 	-0.0055131334 	-0.025647296 	1.0240273
0.0008040201 	-0.0055131334 	-0.025647296 	1.0240273
0.0008241206 	-0.0055131334 	-0.025647296 	1.0240273
0.00084422111 	-0.0069825999 	-0.027734415 	1.0254577
0.00086432161 	-0.0069825999 	-0.027734415 	1.0254577
0.00088442211 	-0.0069825999 	-0.027734415 	1.0254577
0.00090452261 	-0.0082142498 	-0.033798478 	1.0291909
0.00092462312 	-0.0082142498 	-0.033798478 	1.0291909
0.00094472362 	-0.009336232 	-0.042286756 	1.0357062
0.00096482412 	0.0010773539 	-0.039106317 	1.0315465
0.00098492462 	0.0010773539 	-0.039106317 	1.0315465
0.0010050251 	-0.00010239596 	-0.048046679 	1.0397307
0.0010251256 	-0.00010239596 	-0.048046679 	1.0397307
0.0010452261 	-0.00010239596 	-0.048046679 	1.0397307
0.0010653266 	-0.0029069539 	-0.054324624 	1.0508097
0.0010854271 	-0.0029069539 	-0.054324624 	1.0508097
0.0011055276 	-0.0029069539 	-0.054324624 	1.0508097
0.0011256281 	-0.026150173 	-0.050528689 	1.0675126
0.0011457286 	-0.026150173 	-0.050528689 	1.0675126
0.0011658291 	-0.0090965106 	-0.055129944 	1.0625643
0.0011859296 	-0.019096805 	-0.051421906 	1.0733434
0.0012060302 	-0.019096805 	-0.051421906 	1.0733434
0.0012261307 	-0.019096805 	-0.051421906 	1.0733434
0.0012462312 	-0.031622353 	-0.046103623 	1.0814707
0.0012663317 	-0.053696823 	-0.036055353 	1.0778163
0.0012864322 	-0.031622353 	-0.046103623 	1.0814707
0.0013065327 	-0.044434595 	-0.041871497 	1.0847792
0.0013266332 	-0.044434595 	-0.041871497 	1.0847792
0.0013467337 	-0.044434595 	-0.041871497 	1.0847792
0.0013668342 	-0.05522636 	-0.040137589 	1.081514
0.0013869347 	-0.05522636 	-0.040137589 	1.081514
0.0014070352 	-0.05522636 	-0.040137589 	1.081514
0.0014271357 	-0.062825467 	-0.040819047 	1.0715479
0.0014472362 	-0.062825467 	-0.040819047 	1.0715479
0.0014673367 	-0.062825467 	-0.040819047 	1.0715479
0.0014874372 	-0.06763317 	-0.042753169 	1.0560189
0.0015075377 	-0.06763317 	-0.042753169 	1.0560189
0.0015276382 	-0.070667141 	-0.044738832 	1.03623
0.0015477387 	-0.070667141 	-0.044738832 	1.03623
0.0015678392 	-0.070667141 	-0.044738832 	1.03623
0.0015879397 	-0.072527856 	-0.046194689 	1.0135458
0.0016080402 	-0.072527856 	-0.046194689 	1.0135458
0.0016281407 	-0.072527856 	-0.046194689 	1.0135458
0.0016482412 	-0.073161568 	-0.047058214 	0.99006478
0.0016683417 	-0.073161568 	-0.047058214 	0.99006478
0.0016884422 	-0.07209185 	-0.047541837 	0.96838741
0.0017085427 	-0.07209185 	-0.047541837 	0.96838741
0.0017286432 	-0.07209185 	-0.047541837 	0.96838741
0.0017487437 	-0.068722058 	-0.04804078 	0.95039212
0.0017688442 	-0.068722058 	-0.04804078 	0.95039212
0.0017889447 	-0.068722058 	-0.04804078 	0.95039212
0.0018090452 	-0.06290798 	-0.048857947 	0.93635564
0.0018291457 	-0.06290798 	-0.048857947 	0.93635564
0.0018492462 	-0.055203223 	-0.049917598 	0.92543432
0.0018693467 	-0.055203223 	-0.049917598 	0.92543432
0.0018894472 	-0.055203223 	-0.049917598 	0.92543432
0.0019095477 	-0.046607679 	-0.050672926 	0.91658822
0.0019296482 	-0.046607679 	-0.050672926 	0.91658822
0.0019497487 	-0.038144243 	-0.050213298 	0.90911713
0.0019698492 	-0.038144243 	-0.050213298 	0.90911713
0.0019899497 	-0.030294103 	-0.047772174 	0.90293034
0.0020100503 	-0.030294103 	-0.047772174 	0.90293034
0.0020301508 	-0.030294103 	-0.047772174 	0.90293034
0.0020502513 	-0.022978817 	-0.043113029 	0.89831888
0.0020703518 	-0.022978817 	-0.043113029 	0.89831888
0.0020904523 	-0.015955152 	-0.036378607 	0.89545519
0.0021105528 	-0.015955152 	-0.036378607 	0.89545519
0.0021306533 	-0.015955152 	-0.036378607 	0.89545519
0.0021507538 	-0.0091708706 	-0.027814473 	0.89423887
0.0021708543 	-0.0091708706 	-0.027814473 	0.89423887
0.0021909548 	-0.0028156897 	-0.017777192 	0.89442364
0.0022110553 	-0.0028156897 	-0.017777192 	0.89442364
0.0022311558 	0.0028170732 	-0.0068854082 	0.89591062
0.0022512563 	0.0028170732 	-0.0068854082 	0.89591062
0.0022713568 	0.0072211051 	0.0037230468 	0.8990345
0.0022914573 	0.0072211051 	0.0037230468 	0.8990345
0.0023115578 	0.0072211051 	0.0037230468 	0.8990345
0.0023316583 	0.010162274 	0.012492276 	0.90457435
0.0023517588 	0.010162274 	0.012492276 	0.90457435
0.0023718593 	0.011597082 	0.0178003 	0.91330971
0.0023919598 	0.011597082 	0.0178003 	0.91330971
0.0024120603 	0.011412799 	0.01876652 	0.92528601
0.0024321608 	0.011412799 	0.01876652 	0.92528601
0.0024522613 	0.0098326989 	0.015813888 	0.93927131
0.0024723618 	0.0098326989 	0.015813888 	0.93927131
0.0024924623 	0.0072606003 	0.010482607 	0.95300738
0.0025125628 	0.0072606003 	0.010482607 	0.95300738
0.0025326633 	0.0041406366 	0.0046462974 	0.96419367
0.0025527638 	0.0041406366 	0.0046462974 	0.96419367
0.0025728643 	0.000998063 	-0.00020739203 	0.97154963
0.0025929648 	0.000998063 	-0.00020739203 	0.97154963
0.0026130653 	-0.0017111013 	-0.003224636 	0.97507243
0.0026331658 	-0.0017111013 	-0.003224636 	0.97507243
0.0026532663 	-0.0037575491 	-0.0041488675 	0.97549784
0.0026733668 	-0.0037575491 	-0.0041488675 	0.97549784
0.0026934673 	-0.0050678025 	-0.0031318875 	0.97363236
0.0027135678 	-0.0050678025 	-0.0031318875 	0.97363236
0.0027336683 	-0.0057428304 	-0.00059277001 	0.97010991
0.0027537688 	-0.0057428304 	-0.00059277001 	0.97010991
0.0027738693 	-0.0059593267 	0.002981065 	0.96540119
0.0027939698 	-0.0059593267 	0.002981065 	0.96540119
0.0028140704 	-0.0059118861 	0.0071344476 	0.95987616
0.0028341709 	-0.0059118861 	0.0071344476 	0.95987616
0.0028542714 	-0.0057646593 	0.011503385 	0.95383536
0.0028743719 	-0.0056272852 	0.015848788 	0.94752507
0.0028944724 	-0.0056272852 	0.015848788 	0.94752507
0.0029145729 	-0.0055796424 	0.020076337 	0.94113992
0.0029346734 	-0.0055796424 	0.020076337 	0.94113992
0.0029547739 	-0.005696334 	0.024225146 	0.93479494
0.0029748744 	-0.005696334 	0.024225146 	0.93479494
0.0029949749 	-0.0060340525 	0.028427623 	0.92848382
0.0030150754 	-0.0066086239 	0.032848573 	0.92204243
0.0030351759 	-0.0066086239 	0.032848573 	0.92204243
0.0030552764 	-0.0073771676 	0.037630159 	0.91516409
0.0030753769 	-0.0073771676 	0.037630159 	0.91516409
0.0030954774 	-0.0082394429 	0.042860878 	0.90746435
0.0031155779 	-0.0090560215 	0.048564906 	0.8985586
0.0031356784 	-0.0090560215 	0.048564906 	0.8985586
0.0031557789 	-0.0096826495 	0.054695647 	0.88811611
0.0031758794 	-0.0096826495 	0.054695647 	0.88811611
0.0031959799 	-0.010011348 	0.061108078 	0.87590019
0.0032160804 	-0.010002912 	0.067502247 	0.86183885
0.0032361809 	-0.010002912 	0.067502247 	0.86183885
0.0032562814 	-0.009700479 	0.073354847 	0.84612416
0.0032763819 	-0.0092163476 	0.077889463 	0.82926787
0.0032964824 	-0.0092163476 	0.077889463 	0.82926787
0.0033165829 	-0.0086846003 	0.080165407 	0.81197265
0.0033366834 	-0.0081972018 	0.079337384 	0.79477991
0.0033567839 	-0.0081972018 	0.079337384 	0.79477991
0.0033768844 	-0.0077618905 	0.075027861 	0.77768475
0.0033969849 	-0.0073130324 	0.0676057 	0.76006323
0.0034170854 	-0.0073130324 	0.0676057 	0.76006323
0.0034371859 	-0.0067685134 	0.05814569 	0.74106591
0.0034572864 	-0.0060859243 	0.0480469 	0.72020372
0.0034773869 	-0.0052798697 	0.038543654 	0.69766199
0.0034974874 	-0.0052798697 	0.038543654 	0.69766199
0.0035175879 	-0.004402422 	0.030393188 	0.6741479
0.0035376884 	-0.0035135733 	0.023846874 	0.65047311
0.0035577889 	-0.0026627026 	0.018811791 	0.62719543
0.0035778894 	-0.0026627026 	0.018811791 	0.62719543
0.0035979899 	-0.001884958 	0.015049158 	0.60447859
0.0036180905 	-0.0012050216 	0.012311835 	0.58213533
0.003638191 	-0.00064071686 	0.010399684 	0.55974541
0.0036582915 	-0.00064071686 	0.010399684 	0.55974541
0.003678392 	-0.00019730036 	0.0091559296 	0.53676908
0.0036984925 	0.00012798868 	0.0084378242 	0.51262985
0.003718593 	0.00034666063 	0.0080898362 	0.48677222
0.0037386935 	0.00048381268 	0.0079336557 	0.4587141
0.003758794 	0.00056722527 	0.0077827331 	0.42810268
0.0037788945 	0.00056722527 	0.0077827331 	0.42810268
0.003798995 	0.00061990306 	0.0074740187 	0.39477073
0.0038190955 	0.00065423072 	0.0069034141 	0.35877182
0.003839196 	0.00067022997 	0.0060496707 	0.32037466
0.0038592965 	0.00065884007 	0.0049753247 	0.28000749
0.003879397 	0.00060859409 	0.0038016993 	0.2381695
0.0038994975 	0.00051324082 	0.0026654125 	0.19534292
0.003919598 	0.00037775847 	0.0016736177 	0.15193923
0.0039396985 	0.0002219515 	0.00087728348 	0.10829545
0.003959799 	8.2289425e-05 	0.00028720076 	0.064711285
0.0039798995 	4.2547192e-06 	-5.1669605e-05 	0.021474112
0.004 	4.2547192e-06 	-5.1669605e-05 	0.021474112
