0 	-0.010245693 	-0.021514506 	1.0705387
5.5555556e-05 	-0.0052562106 	-0.02535354 	1.0719583
0.00011111111 	-0.0076396842 	-0.028145435 	1.0738264
0.00016666667 	-0.011340644 	-0.031551611 	1.0760646
0.00022222222 	-0.01518563 	-0.035487948 	1.0785508
0.00027777778 	-0.018783048 	-0.039695314 	1.0811069
0.00033333333 	-0.02196794 	-0.043839067 	1.0835136
0.00038888889 	-0.024664666 	-0.047583458 	1.0855463
0.00044444444 	-0.026843227 	-0.050638366 	1.0870251
0.0005 	-0.028508768 	-0.05278611 	1.0878645
0.00055555556 	-0.0297053 	-0.053896709 	1.0881083
0.00061111111 	-0.030515388 	-0.053935895 	1.0879231
0.00066666667 	-0.031048121 	-0.052958983 	1.0875388
0.00072222222 	-0.031418097 	-0.051094586 	1.087147
0.00077777778 	-0.031704998 	-0.048518284 	1.0867928
0.00083333333 	-0.03191122 	-0.04539673 	1.0863074
0.00088888889 	-0.03196155 	-0.041852573 	1.0853324
0.00094444444 	-0.031771507 	-0.037933594 	1.083413
0.001 	-0.030932494 	-0.033398596 	1.0800184
0.0010617199 	-0.029360698 	-0.027930736 	1.0748409
0.0011225874 	-0.027242325 	-0.021949172 	1.0682705
0.0011826143 	-0.024809147 	-0.015492775 	1.0607632
0.0012418122 	-0.022290928 	-0.0089254931 	1.0526205
0.0013001926 	-0.019805832 	-0.002839279 	1.0441791
0.0013577668 	-0.017468842 	0.0022151318 	1.0361003
0.0014145458 	-0.015311414 	0.0060223946 	1.0289681
0.0014705407 	-0.01317543 	0.0086943061 	1.0228016
0.0015257623 	-0.010846538 	0.010245254 	1.017272
0.0015802213 	-0.0082060057 	0.010416029 	1.0123783
0.0016339282 	-0.0052502671 	0.0090269205 	1.0085839
0.0016868934 	-0.001945499 	0.0063390389 	1.0059557
0.0017391271 	0.0018982022 	0.0032165225 	1.0033941
0.0017906395 	0.0065467252 	0.00070337638 	0.99924469
0.0018414404 	0.012074481 	-0.00058562612 	0.99260691
0.0018915398 	0.018267101 	-0.00065708524 	0.98380455
0.0019409473 	0.024738627 	5.8135374e-05 	0.97390968
0.0019896725 	0.031050632 	0.0010083252 	0.96408855
0.0020377248 	0.036801597 	0.0016970311 	0.9553095
0.0020851134 	0.041652327 	0.0017587553 	0.94828478
0.0021318476 	0.045313654 	0.00098268951 	0.94352144
0.0021779364 	0.047556016 	-0.00071953669 	0.94140018
0.0022233887 	0.048226195 	-0.0033045049 	0.94215321
0.0022682133 	0.047304885 	-0.0066273115 	0.94584931
0.0023124189 	0.044949319 	-0.010442477 	0.95223289
0.0023560139 	0.041519046 	-0.014428393 	0.96055772
0.0023990069 	0.037541857 	-0.01826834 	0.96951575
0.0024414062 	0.033591092 	-0.021706493 	0.9772897
0.0024832199 	0.030209572 	-0.024632825 	0.981879
0.0025244562 	0.027849364 	-0.027129719 	0.98153503
0.002565123 	0.026770086 	-0.02952336 	0.97519176
0.0026052281 	0.027044135 	-0.032401373 	0.96273787
0.0026447794 	0.02859023 	-0.036501973 	0.94499992
0.0026837845 	0.031186027 	-0.042397421 	0.92348133
0.0027222509 	0.034487707 	-0.050062203 	0.89993519
0.0027601861 	0.0380101 	-0.058592262 	0.87592538
0.0027975974 	0.041074201 	-0.066331151 	0.85252264
0.002834492 	0.042914754 	-0.071398681 	0.8302561
0.0028708772 	0.042833753 	-0.072264269 	0.80929965
0.0029067598 	0.040330968 	-0.068196078 	0.78993581
0.0029421469 	0.035137956 	-0.059503255 	0.77301168
0.0029770452 	0.02725428 	-0.047466144 	0.75983514
0.0030114616 	0.017153437 	-0.033880447 	0.75119688
0.0030454028 	0.0058828339 	-0.020566773 	0.7462773
0.0030788752 	-0.0051880958 	-0.0089398131 	0.74270966
0.0031118853 	-0.014824822 	8.3830987e-05 	0.73797375
0.0031444395 	-0.022338043 	0.0060850524 	0.73072395
0.0031765442 	-0.027580153 	0.0091592768 	0.72095165
0.0032082055 	-0.030692566 	0.0098535291 	0.70935029
0.0032394295 	-0.03189543 	0.0090452552 	0.69671694
0.0032702223 	-0.031396493 	0.0076152422 	0.68365095
0.0033005899 	-0.02935699 	0.0063145759 	0.67046658
0.0033305381 	-0.025965708 	0.0056776256 	0.65724397
0.0033600727 	-0.021530296 	0.006052793 	0.64395223
0.0033891994 	-0.016462125 	0.0076447485 	0.6305079
0.0034179239 	-0.011213122 	0.010515616 	0.61675842
0.0034462517 	-0.0061922755 	0.014528469 	0.60246745
0.0034741882 	-0.0017015493 	0.019310096 	0.58734184
0.003501739 	0.0020487897 	0.024281764 	0.57110479
0.0035289093 	0.004943552 	0.028749926 	0.55358156
0.0035557043 	0.0069583141 	0.032049108 	0.53475799
0.0035821293 	0.008109663 	0.033690456 	0.51480438
0.0036081894 	0.0084463733 	0.033477898 	0.49401687
0.0036338895 	0.0080550983 	0.031532448 	0.47271152
0.0036592348 	0.0070749761 	0.028240877 	0.45110125
0.00368423 	0.0057000464 	0.024137015 	0.42921123
0.00370888 	0.0041574403 	0.019764725 	0.40686445
0.0037331896 	0.0026678397 	0.015573506 	0.3837305
0.0037571635 	0.0014033698 	0.011872691 	0.35941075
0.0037808063 	0.00045620858 	0.0088342049 	0.333521
0.0038041226 	-0.0001634149 	0.0065151215 	0.30575697
0.0038271169 	-0.00050251002 	0.0048792973 	0.27592937
0.0038497936 	-0.00063111055 	0.0038159393 	0.24396967
0.0038721572 	-0.0006148127 	0.0031599546 	0.209926
0.0038942119 	-0.00050638393 	0.0027137797 	0.17396802
0.003915962 	-0.00034959039 	0.0022696683 	0.13640122
0.0039374118 	-0.0001856887 	0.0016482229 	0.09768094
0.0039585653 	-5.3810853e-05 	0.00079358253 	0.058413658
0.0039794267 	-4.2254384e-07 	-3.0427504e-05 	0.019301981
0.004 	-2.6544274e-05 	0.00064884554 	0.016452025
