0 	0.042942881 	0.0053028221 	0.98074229
2.0100503e-05 	-0.0051764551 	0.042253533 	0.9794626
4.0201005e-05 	-0.0051764551 	0.042253533 	0.9794626
6.0301508e-05 	-0.023001923 	0.035069809 	0.97836025
8.040201e-05 	-0.023001923 	0.035069809 	0.97836025
0.00010050251 	-0.023001923 	0.035069809 	0.97836025
0.00012060302 	-0.026617964 	0.031973741 	0.97735157
0.00014070352 	-0.026617964 	0.031973741 	0.97735157
0.00016080402 	-0.026617964 	0.031973741 	0.97735157
0.00018090452 	-0.027887856 	0.030946054 	0.97641814
0.00020100503 	-0.027887856 	0.030946054 	0.97641814
0.00022110553 	-0.027887856 	0.030946054 	0.97641814
0.00024120603 	-0.028509565 	0.030889017 	0.97558723
0.00026130653 	-0.028509565 	0.030889017 	0.97558723
0.00028140704 	-0.028899987 	0.031177809 	0.974882
0.00030150754 	-0.028899987 	0.031177809 	0.974882
0.00032160804 	-0.028899987 	0.031177809 	0.974882
0.00034170854 	-0.029159199 	0.03134547 	0.97427809
0.00036180905 	-0.029159199 	0.03134547 	0.97427809
0.00038190955 	-0.029159199 	0.03134547 	0.97427809
0.00040201005 	-0.029274321 	0.03112453 	0.97369981
0.00042211055 	-0.029274321 	0.03112453 	0.97369981
0.00044221106 	-0.029274321 	0.03112453 	0.97369981
0.00046231156 	-0.029187231 	0.030485876 	0.97305058
0.00048241206 	-0.029187231 	0.030485876 	0.97305058
0.00050251256 	-0.028820046 	0.029571873 	0.9722543
0.00052261307 	-0.028820046 	0.029571873 	0.9722543
0.00054271357 	-0.028820046 	0.029571873 	0.9722543
0.00056281407 	-0.028095728 	0.028567314 	0.97127925
0.00058291457 	-0.028095728 	0.028567314 	0.97127925
0.00060301508 	-0.028095728 	0.028567314 	0.97127925
0.00062311558 	-0.026953231 	0.027596178 	0.97014773
0.00064321608 	-0.026953231 	0.027596178 	0.97014773
0.00066331658 	-0.026953231 	0.027596178 	0.97014773
0.00068341709 	-0.025358559 	0.026693045 	0.96893691
0.00070351759 	-0.025358559 	0.026693045 	0.96893691
0.00072361809 	-0.02332339 	0.025833008 	0.96777757
0.00074371859 	-0.02332339 	0.025833008 	0.96777757
0.0007638191 	-0.02332339 	0.025833008 	0.96777757
0.0007839196 	-0.020926294 	0.024975005 	0.96684108
0.0008040201 	-0.020926294 	0.024975005 	0.96684108
0.0008241206 	-0.020926294 	0.024975005 	0.96684108
0.00084422111 	-0.018321145 	0.024082441 	0.96631893
0.00086432161 	-0.018321145 	0.024082441 	0.96631893
0.00088442211 	-0.018321145 	0.024082441 	0.96631893
0.00090452261 	-0.015671437 	0.023119413 	0.9663831
0.00092462312 	-0.015671437 	0.023119413 	0.9663831
0.00094472362 	-0.013171853 	0.022100469 	0.96716295
0.00096482412 	-0.013171853 	0.022100469 	0.96716295
0.00098492462 	-0.013171853 	0.022100469 	0.96716295
0.0010050251 	-0.010904566 	0.026697677 	0.97198426
0.0010251256 	-0.010904566 	0.026697677 	0.97198426
0.0010452261 	-0.010904566 	0.026697677 	0.97198426
0.0010653266 	-0.0076726007 	0.025612838 	0.97345987
0.0010854271 	-0.0076726007 	0.025612838 	0.97345987
0.0011055276 	-0.0080649741 	0.018554769 	0.97172714
0.0011256281 	-0.0049910842 	0.015970286 	0.97571895
0.0011457286 	-0.0049910842 	0.015970286 	0.97571895
0.0011658291 	-0.0043744591 	0.024110153 	0.97595482
0.0011859296 	-0.00076951141 	0.022074255 	0.97948989
0.0012060302 	-0.00076951141 	0.022074255 	0.97948989
0.0012261307 	-0.00076951141 	0.022074255 	0.97948989
0.0012462312 	0.0032940652 	0.019345459 	0.98385934
0.0012663317 	0.0032940652 	0.019345459 	0.98385934
0.0012864322 	0.0032940652 	0.019345459 	0.98385934
0.0013065327 	0.0078716993 	0.015819969 	0.98858606
0.0013266332 	0.0078716993 	0.015819969 	0.98858606
0.0013467337 	0.0078716993 	0.015819969 	0.98858606
0.0013668342 	0.012802134 	0.0114582 	0.99309762
0.0013869347 	0.012802134 	0.0114582 	0.99309762
0.0014070352 	0.012802134 	0.0114582 	0.99309762
0.0014271357 	0.017924618 	0.0061001397 	0.99682428
0.0014472362 	0.017924618 	0.0061001397 	0.99682428
0.0014673367 	0.017924618 	0.0061001397 	0.99682428
0.0014874372 	0.023295182 	-0.0006875849 	0.99911773
0.0015075377 	0.023295182 	-0.0006875849 	0.99911773
0.0015276382 	0.029177459 	-0.0095445534 	0.99927131
0.0015477387 	0.029177459 	-0.0095445534 	0.99927131
0.0015678392 	0.029177459 	-0.0095445534 	0.99927131
0.0015879397 	0.035779131 	-0.021054515 	0.99689268
0.0016080402 	0.035779131 	-0.021054515 	0.99689268
0.0016281407 	0.035779131 	-0.021054515 	0.99689268
0.0016482412 	0.042957923 	-0.035351764 	0.99238249
0.0016683417 	0.042957923 	-0.035351764 	0.99238249
0.0016884422 	0.050076889 	-0.051935571 	0.98719447
0.0017085427 	0.050076889 	-0.051935571 	0.98719447
0.0017286432 	0.050076889 	-0.051935571 	0.98719447
0.0017487437 	0.056157445 	-0.069603194 	0.98347114
0.0017688442 	0.056157445 	-0.069603194 	0.98347114
0.0017889447 	0.056157445 	-0.069603194 	0.98347114
0.0018090452 	0.060240299 	-0.086623304 	0.98307481
0.0018291457 	0.060240299 	-0.086623304 	0.98307481
0.0018492462 	0.061610535 	-0.10106372 	0.98626418
0.0018693467 	0.061610535 	-0.10106372 	0.98626418
0.0018894472 	0.061610535 	-0.10106372 	0.98626418
0.0019095477 	0.059808565 	-0.11127554 	0.99055471
0.0019296482 	0.059808565 	-0.11127554 	0.99055471
0.0019497487 	0.054660476 	-0.11658409 	0.99066641
0.0019698492 	0.054660476 	-0.11658409 	0.99066641
0.0019899497 	0.054660476 	-0.11658409 	0.99066641
0.0020100503 	0.046329071 	-0.11773976 	0.98073158
0.0020301508 	0.046329071 	-0.11773976 	0.98073158
0.0020502513 	0.035201754 	-0.11631655 	0.95842832
0.0020703518 	0.035201754 	-0.11631655 	0.95842832
0.0020904523 	0.021790581 	-0.11337445 	0.92748958
0.0021105528 	0.021790581 	-0.11337445 	0.92748958
0.0021306533 	0.021790581 	-0.11337445 	0.92748958
0.0021507538 	0.0072698943 	-0.10870196 	0.89554593
0.0021708543 	0.0072698943 	-0.10870196 	0.89554593
0.0021909548 	-0.0064960842 	-0.10179733 	0.86997326
0.0022110553 	-0.0064960842 	-0.10179733 	0.86997326
0.0022311558 	-0.018482232 	-0.093115133 	0.85481365
0.0022512563 	-0.018482232 	-0.093115133 	0.85481365
0.0022713568 	-0.028863645 	-0.083328664 	0.8496642
0.0022914573 	-0.028863645 	-0.083328664 	0.8496642
0.0023115578 	-0.028863645 	-0.083328664 	0.8496642
0.0023316583 	-0.038059016 	-0.072298787 	0.85102273
0.0023517588 	-0.038059016 	-0.072298787 	0.85102273
0.0023718593 	-0.046152182 	-0.05966431 	0.85525899
0.0023919598 	-0.046152182 	-0.05966431 	0.85525899
0.0024120603 	-0.053050816 	-0.045524049 	0.85986455
0.0024321608 	-0.053050816 	-0.045524049 	0.85986455
0.0024522613 	-0.058508635 	-0.030458744 	0.86296484
0.0024723618 	-0.058508635 	-0.030458744 	0.86296484
0.0024924623 	-0.062168844 	-0.015218961 	0.86245292
0.0025125628 	-0.062168844 	-0.015218961 	0.86245292
0.0025326633 	-0.063602126 	-0.00069035987 	0.85597087
0.0025527638 	-0.063602126 	-0.00069035987 	0.85597087
0.0025728643 	-0.062487404 	0.01218223 	0.84151887
0.0025929648 	-0.062487404 	0.01218223 	0.84151887
0.0026130653 	-0.058961873 	0.022546682 	0.81850104
0.0026331658 	-0.058961873 	0.022546682 	0.81850104
0.0026532663 	-0.053801209 	0.029954369 	0.78863805
0.0026733668 	-0.053801209 	0.029954369 	0.78863805
0.0026934673 	-0.048197223 	0.034633455 	0.75581947
0.0027135678 	-0.048197223 	0.034633455 	0.75581947
0.0027336683 	-0.04329038 	0.037393202 	0.72449108
0.0027537688 	-0.04329038 	0.037393202 	0.72449108
0.0027738693 	-0.039679612 	0.039197863 	0.6977452
0.0027939698 	-0.039679612 	0.039197863 	0.6977452
0.0028140704 	-0.037335709 	0.040709 	0.67663264
0.0028341709 	-0.037335709 	0.040709 	0.67663264
0.0028542714 	-0.035874079 	0.042070131 	0.6608102
0.0028743719 	-0.034881195 	0.042969225 	0.6495433
0.0028944724 	-0.034881195 	0.042969225 	0.6495433
0.0029145729 	-0.034108875 	0.042927637 	0.64234301
0.0029346734 	-0.034108875 	0.042927637 	0.64234301
0.0029547739 	-0.033491379 	0.04163164 	0.63907291
0.0029748744 	-0.033491379 	0.04163164 	0.63907291
0.0029949749 	-0.033059142 	0.039122762 	0.63971002
0.0030150754 	-0.032844851 	0.035734826 	0.64405834
0.0030351759 	-0.032844851 	0.035734826 	0.64405834
0.0030552764 	-0.032833999 	0.031878328 	0.65160249
0.0030753769 	-0.032833999 	0.031878328 	0.65160249
0.0030954774 	-0.032957207 	0.027845106 	0.66152565
0.0031155779 	-0.03310349 	0.023729081 	0.67284162
0.0031356784 	-0.03310349 	0.023729081 	0.67284162
0.0031557789 	-0.033138791 	0.019460952 	0.68456833
0.0031758794 	-0.033138791 	0.019460952 	0.68456833
0.0031959799 	-0.032924596 	0.014901041 	0.69587386
0.0032160804 	-0.032342497 	0.0099285207 	0.70614738
0.0032361809 	-0.032342497 	0.0099285207 	0.70614738
0.0032562814 	-0.031280596 	0.0044970834 	0.71498816
0.0032763819 	-0.029715069 	-0.0013632224 	0.72214913
0.0032964824 	-0.029715069 	-0.0013632224 	0.72214913
0.0033165829 	-0.027649658 	-0.0075417519 	0.72746939
0.0033366834 	-0.025066339 	-0.013857107 	0.7308305
0.0033567839 	-0.025066339 	-0.013857107 	0.7308305
0.0033768844 	-0.02200964 	-0.020091235 	0.73211357
0.0033969849 	-0.018557844 	-0.025999651 	0.731217
0.0034170854 	-0.018557844 	-0.025999651 	0.731217
0.0034371859 	-0.014816967 	-0.031314309 	0.72807768
0.0034572864 	-0.010921756 	-0.035752635 	0.72269317
0.0034773869 	-0.0070312949 	-0.039031647 	0.71513029
0.0034974874 	-0.0070312949 	-0.039031647 	0.71513029
0.0035175879 	-0.003319434 	-0.040899841 	0.70551473
0.0035376884 	3.6092198e-05 	-0.041184313 	0.69399408
0.0035577889 	0.0028817062 	-0.039844933 	0.68068031
0.0035778894 	0.0028817062 	-0.039844933 	0.68068031
0.0035979899 	0.0051128895 	-0.037015343 	0.66558685
0.0036180905 	0.0066928608 	-0.033004297 	0.64858905
0.003638191 	0.0076662893 	-0.028240307 	0.62944029
0.0036582915 	0.0076662893 	-0.028240307 	0.62944029
0.003678392 	0.0081419184 	-0.023173969 	0.60786516
0.0036984925 	0.0082525522 	-0.018176554 	0.58369116
0.003718593 	0.0081073751 	-0.013472863 	0.55693557
0.0037386935 	0.0077629147 	-0.0091170599 	0.52776936
0.003758794 	0.0072252625 	-0.0050190296 	0.49635642
0.0037788945 	0.0072252625 	-0.0050190296 	0.49635642
0.003798995 	0.0064921621 	-0.0010247081 	0.46266891
0.0038190955 	0.0055746353 	0.0029681778 	0.42635813
0.003839196 	0.0045061031 	0.0069081944 	0.38682865
0.0038592965 	0.0033506416 	0.010541337 	0.34349144
0.003879397 	0.0022090248 	0.013439831 	0.29608916
0.0038994975 	0.0012081349 	0.015102532 	0.24501078
0.003919598 	0.00045806628 	0.015077766 	0.1913196
0.0039396985 	1.7340233e-05 	0.013079922 	0.13645017
0.003959799 	-0.00011740734 	0.0090743525 	0.081636052
0.0039798995 	-3.8452457e-05 	0.0033520834 	0.027336133
0.004 	-3.8452457e-05 	0.0033520834 	0.027336133
