0 	0.0066445269 	0.034300552 	0.98264695
2.0100503e-05 	-0.034300824 	0.0016901931 	0.97960991
4.0201005e-05 	-0.034300824 	0.0016901931 	0.97960991
6.0301508e-05 	-0.028508229 	-0.017905234 	0.97740922
8.040201e-05 	-0.028508229 	-0.017905234 	0.97740922
0.00010050251 	-0.028508229 	-0.017905234 	0.97740922
0.00012060302 	-0.02194499 	-0.024188511 	0.97601134
0.00014070352 	-0.02194499 	-0.024188511 	0.97601134
0.00016080402 	-0.02194499 	-0.024188511 	0.97601134
0.00018090452 	-0.015646642 	-0.026866004 	0.97537262
0.00020100503 	-0.015646642 	-0.026866004 	0.97537262
0.00022110553 	-0.015646642 	-0.026866004 	0.97537262
0.00024120603 	-0.0093148802 	-0.027325134 	0.97546919
0.00026130653 	-0.0093148802 	-0.027325134 	0.97546919
0.00028140704 	-0.0029526107 	-0.025986988 	0.97632407
0.00030150754 	-0.0029526107 	-0.025986988 	0.97632407
0.00032160804 	-0.0029526107 	-0.025986988 	0.97632407
0.00034170854 	0.0032834498 	-0.0232853 	0.97800797
0.00036180905 	0.0032834498 	-0.0232853 	0.97800797
0.00038190955 	0.0032834498 	-0.0232853 	0.97800797
0.00040201005 	0.0092236722 	-0.019765128 	0.98065122
0.00042211055 	0.0092236722 	-0.019765128 	0.98065122
0.00044221106 	0.0092236722 	-0.019765128 	0.98065122
0.00046231156 	0.014715503 	-0.015974155 	0.9844441
0.00048241206 	0.014715503 	-0.015974155 	0.9844441
0.00050251256 	0.019668712 	-0.012318563 	0.98965672
0.00052261307 	0.019668712 	-0.012318563 	0.98965672
0.00054271357 	0.019668712 	-0.012318563 	0.98965672
0.00056281407 	0.02409015 	-0.0089975751 	0.99660834
0.00058291457 	0.02409015 	-0.0089975751 	0.99660834
0.00060301508 	0.02409015 	-0.0089975751 	0.99660834
0.00062311558 	0.028086254 	-0.0060293242 	1.0055447
0.00064321608 	0.028086254 	-0.0060293242 	1.0055447
0.00066331658 	0.028086254 	-0.0060293242 	1.0055447
0.00068341709 	0.031811426 	-0.0033164127 	1.016406
0.00070351759 	0.031811426 	-0.0033164127 	1.016406
0.00072361809 	0.0353138 	-0.00069325122 	1.0285456
0.00074371859 	0.0353138 	-0.00069325122 	1.0285456
0.0007638191 	0.0353138 	-0.00069325122 	1.0285456
0.0007839196 	0.038429333 	0.0020459126 	1.0406111
0.0008040201 	0.038429333 	0.0020459126 	1.0406111
0.0008241206 	0.038429333 	0.0020459126 	1.0406111
0.00084422111 	0.04076474 	0.0049048959 	1.0509987
0.00086432161 	0.04076474 	0.0049048959 	1.0509987
0.00088442211 	0.04076474 	0.0049048959 	1.0509987
0.00090452261 	0.041648072 	0.0072771565 	1.0589423
0.00092462312 	0.041648072 	0.0072771565 	1.0589423
0.00094472362 	0.040626192 	0.0082451189 	1.0649039
0.00096482412 	0.040626192 	0.0082451189 	1.0649039
0.00098492462 	0.040626192 	0.0082451189 	1.0649039
0.0010050251 	0.033831185 	0.0019180528 	1.0671078
0.0010251256 	0.033831185 	0.0019180528 	1.0671078
0.0010452261 	0.033831185 	0.0019180528 	1.0671078
0.0010653266 	0.02776663 	0.00049761493 	1.0695635
0.0010854271 	0.02776663 	0.00049761493 	1.0695635
0.0011055276 	0.02776663 	0.00049761493 	1.0695635
0.0011256281 	0.020788965 	0.0013317889 	1.0690427
0.0011457286 	0.020788965 	0.0013317889 	1.0690427
0.0011658291 	0.020788965 	0.0013317889 	1.0690427
0.0011859296 	0.013536928 	0.0043812694 	1.0654252
0.0012060302 	0.013536928 	0.0043812694 	1.0654252
0.0012261307 	0.013536928 	0.0043812694 	1.0654252
0.0012462312 	0.006554183 	0.0084933618 	1.0599387
0.0012663317 	0.006554183 	0.0084933618 	1.0599387
0.0012864322 	0.006554183 	0.0084933618 	1.0599387
0.0013065327 	0.00020188877 	0.012417482 	1.05409
0.0013266332 	0.00020188877 	0.012417482 	1.05409
0.0013467337 	0.00020188877 	0.012417482 	1.05409
0.0013668342 	-0.0052807925 	0.015256463 	1.0489778
0.0013869347 	-0.0052807925 	0.015256463 	1.0489778
0.0014070352 	-0.0052807925 	0.015256463 	1.0489778
0.0014271357 	-0.0096705297 	0.016531644 	1.0450403
0.0014472362 	-0.0096705297 	0.016531644 	1.0450403
0.0014673367 	-0.0096705297 	0.016531644 	1.0450403
0.0014874372 	-0.012716129 	0.016218253 	1.0421293
0.0015075377 	-0.012716129 	0.016218253 	1.0421293
0.0015276382 	-0.014163961 	0.014658727 	1.0398339
0.0015477387 	-0.014163961 	0.014658727 	1.0398339
0.0015678392 	-0.014163961 	0.014658727 	1.0398339
0.0015879397 	-0.013813376 	0.012403179 	1.0377917
0.0016080402 	-0.013813376 	0.012403179 	1.0377917
0.0016281407 	-0.013813376 	0.012403179 	1.0377917
0.0016482412 	-0.01154611 	0.010013305 	1.0357988
0.0016683417 	-0.01154611 	0.010013305 	1.0357988
0.0016884422 	-0.0074083219 	0.0079066507 	1.033705
0.0017085427 	-0.0074083219 	0.0079066507 	1.033705
0.0017286432 	-0.0074083219 	0.0079066507 	1.033705
0.0017487437 	-0.001640501 	0.0062961118 	1.0312445
0.0017688442 	-0.001640501 	0.0062961118 	1.0312445
0.0017889447 	-0.001640501 	0.0062961118 	1.0312445
0.0018090452 	0.0053414428 	0.0052150905 	1.0279648
0.0018291457 	0.0053414428 	0.0052150905 	1.0279648
0.0018492462 	0.012988659 	0.0045711724 	1.0232816
0.0018693467 	0.012988659 	0.0045711724 	1.0232816
0.0018894472 	0.012988659 	0.0045711724 	1.0232816
0.0019095477 	0.02067538 	0.0041948312 	1.0166596
0.0019296482 	0.02067538 	0.0041948312 	1.0166596
0.0019497487 	0.027796411 	0.0038559383 	1.0078464
0.0019698492 	0.027796411 	0.0038559383 	1.0078464
0.0019899497 	0.027796411 	0.0038559383 	1.0078464
0.0020100503 	0.033872941 	0.0032691253 	0.99703265
0.0020301508 	0.033872941 	0.0032691253 	0.99703265
0.0020502513 	0.03862691 	0.0021235261 	0.98479552
0.0020703518 	0.03862691 	0.0021235261 	0.98479552
0.0020904523 	0.041948605 	0.00016554608 	0.97190357
0.0021105528 	0.041948605 	0.00016554608 	0.97190357
0.0021306533 	0.041948605 	0.00016554608 	0.97190357
0.0021507538 	0.043849151 	-0.002693543 	0.95914946
0.0021708543 	0.043849151 	-0.002693543 	0.95914946
0.0021909548 	0.044418236 	-0.0063041146 	0.94721164
0.0022110553 	0.044418236 	-0.0063041146 	0.94721164
0.0022311558 	0.043818803 	-0.010287653 	0.93656074
0.0022512563 	0.043818803 	-0.010287653 	0.93656074
0.0022713568 	0.042303006 	-0.014126627 	0.9273524
0.0022914573 	0.042303006 	-0.014126627 	0.9273524
0.0023115578 	0.042303006 	-0.014126627 	0.9273524
0.0023316583 	0.040146896 	-0.017288975 	0.9194551
0.0023517588 	0.040146896 	-0.017288975 	0.9194551
0.0023718593 	0.03765415 	-0.019297153 	0.91253744
0.0023919598 	0.03765415 	-0.019297153 	0.91253744
0.0024120603 	0.035131483 	-0.019751203 	0.90623117
0.0024321608 	0.035131483 	-0.019751203 	0.90623117
0.0024522613 	0.032804525 	-0.018336217 	0.90023924
0.0024723618 	0.032804525 	-0.018336217 	0.90023924
0.0024924623 	0.030816979 	-0.014839824 	0.8943979
0.0025125628 	0.030816979 	-0.014839824 	0.8943979
0.0025326633 	0.029292367 	-0.0092329915 	0.88866597
0.0025527638 	0.029292367 	-0.0092329915 	0.88866597
0.0025728643 	0.028363 	-0.0017269519 	0.88306548
0.0025929648 	0.028363 	-0.0017269519 	0.88306548
0.0026130653 	0.02823615 	0.0072298383 	0.87764852
0.0026331658 	0.02823615 	0.0072298383 	0.87764852
0.0026532663 	0.029138658 	0.017011253 	0.87249429
0.0026733668 	0.029138658 	0.017011253 	0.87249429
0.0026934673 	0.031131097 	0.026972334 	0.86769177
0.0027135678 	0.031131097 	0.026972334 	0.86769177
0.0027336683 	0.03409681 	0.036570407 	0.86332854
0.0027537688 	0.03409681 	0.036570407 	0.86332854
0.0027738693 	0.037812461 	0.045392308 	0.85946005
0.0027939698 	0.037812461 	0.045392308 	0.85946005
0.0028140704 	0.042003615 	0.053170783 	0.8560779
0.0028341709 	0.042003615 	0.053170783 	0.8560779
0.0028542714 	0.046393894 	0.059795486 	0.85310939
0.0028743719 	0.050753444 	0.065270157 	0.85045127
0.0028944724 	0.050753444 	0.065270157 	0.85045127
0.0029145729 	0.054941706 	0.069693153 	0.84801405
0.0029346734 	0.054941706 	0.069693153 	0.84801405
0.0029547739 	0.058905906 	0.07323237 	0.84575779
0.0029748744 	0.058905906 	0.07323237 	0.84575779
0.0029949749 	0.062661818 	0.07607242 	0.84371278
0.0030150754 	0.066250579 	0.078375654 	0.8419765
0.0030351759 	0.066250579 	0.078375654 	0.8419765
0.0030552764 	0.069684251 	0.080233656 	0.84067248
0.0030753769 	0.069684251 	0.080233656 	0.84067248
0.0030954774 	0.072935768 	0.08167903 	0.83992914
0.0031155779 	0.075902788 	0.082692384 	0.83979808
0.0031356784 	0.075902788 	0.082692384 	0.83979808
0.0031557789 	0.07845819 	0.083264847 	0.84022897
0.0031758794 	0.07845819 	0.083264847 	0.84022897
0.0031959799 	0.080483647 	0.083390845 	0.84105378
0.0032160804 	0.081900695 	0.08304726 	0.84201389
0.0032361809 	0.081900695 	0.08304726 	0.84201389
0.0032562814 	0.08270174 	0.08218092 	0.84281184
0.0032763819 	0.082957421 	0.080679246 	0.84316903
0.0032964824 	0.082957421 	0.080679246 	0.84316903
0.0033165829 	0.082777661 	0.078366031 	0.84285118
0.0033366834 	0.082294029 	0.075047545 	0.84165852
0.0033567839 	0.082294029 	0.075047545 	0.84165852
0.0033768844 	0.081639267 	0.07058525 	0.8393882
0.0033969849 	0.080955262 	0.064937763 	0.83581772
0.0034170854 	0.080955262 	0.064937763 	0.83581772
0.0034371859 	0.080363061 	0.058161506 	0.83074141
0.0034572864 	0.079918703 	0.050399269 	0.82404203
0.0034773869 	0.07957554 	0.041888897 	0.81574415
0.0034974874 	0.07957554 	0.041888897 	0.81574415
0.0035175879 	0.079171114 	0.032979078 	0.80603403
0.0035376884 	0.078429335 	0.024114837 	0.79524109
0.0035577889 	0.076981052 	0.015731503 	0.78388093
0.0035778894 	0.076981052 	0.015731503 	0.78388093
0.0035979899 	0.074440183 	0.0081113229 	0.77286097
0.0036180905 	0.07042436 	0.001350587 	0.76365069
0.003638191 	0.064610466 	-0.0044305694 	0.75772754
0.0036582915 	0.064610466 	-0.0044305694 	0.75772754
0.003678392 	0.057006176 	-0.0087401771 	0.75477462
0.0036984925 	0.048206884 	-0.010654215 	0.75062123
0.003718593 	0.039342729 	-0.0093796628 	0.73747842
0.0037386935 	0.031610216 	-0.005116358 	0.70789152
0.003758794 	0.02564503 	0.00066900736 	0.65989689
0.0037788945 	0.02564503 	0.00066900736 	0.65989689
0.003798995 	0.021303548 	0.0059711147 	0.59856681
0.0038190955 	0.018006936 	0.0093028691 	0.53233584
0.003839196 	0.015196435 	0.01015342 	0.46787407
0.0038592965 	0.012532198 	0.00881513 	0.40763683
0.003879397 	0.009890557 	0.0060462409 	0.35043921
0.0038994975 	0.007303333 	0.0027629695 	0.29335827
0.003919598 	0.004882898 	-0.00022000722 	0.23360288
0.0039396985 	0.0027674118 	-0.0023199607 	0.16973887
0.003959799 	0.0011197488 	-0.0031231216 	0.10219366
0.0039798995 	0.00013072083 	-0.0020676797 	0.03331277
0.004 	0.00013072083 	-0.0020676797 	0.03331277
