0 	0.0071715615 	0.018122173 	1.0310351
5.5555625e-05 	0.017466826 	0.014136533 	1.0350204
0.00011111111 	0.022269989 	0.012339615 	1.0384767
0.00016666667 	0.026193069 	0.011099411 	1.0413635
0.00022222222 	0.029819242 	0.0098448321 	1.0436419
0.00027777778 	0.033278 	0.0083209435 	1.045231
0.00033333333 	0.036606892 	0.0063874048 	1.0459955
0.00038888889 	0.039790809 	0.0039457714 	1.045759
0.00044444444 	0.042751009 	0.00088954088 	1.0443531
0.0005 	0.045365588 	-0.0029505149 	1.0417066
0.00055555556 	0.047512313 	-0.0077835897 	1.0379286
0.00061111111 	0.049129539 	-0.013759612 	1.0333241
0.00066666667 	0.050242688 	-0.020860538 	1.0283285
0.00072222222 	0.050949902 	-0.028847756 	1.0233942
0.00077777778 	0.051390458 	-0.037244196 	1.0188829
0.00083333333 	0.051719113 	-0.045378561 	1.0150084
0.00088888889 	0.05208517 	-0.052366356 	1.0118501
0.00094444444 	0.052597603 	-0.057394674 	1.0093166
0.001 	0.053353634 	-0.059704803 	1.0072016
0.0010617199 	0.054227373 	-0.058227336 	1.0054933
0.0011225874 	0.055042526 	-0.053275473 	1.0041906
0.0011826143 	0.055691202 	-0.04598642 	1.0033012
0.0012418122 	0.056153446 	-0.037727336 	1.003025
0.0013001926 	0.056464719 	-0.029858694 	1.0036494
0.0013577668 	0.056601202 	-0.023567656 	1.0053788
0.0014145458 	0.056462086 	-0.019641725 	1.0082524
0.0014705407 	0.055932878 	-0.018243058 	1.0122435
0.0015257623 	0.054901154 	-0.018992744 	1.0174607
0.0015802213 	0.053263125 	-0.021267849 	1.024189
0.0016339282 	0.050911009 	-0.024448436 	1.0325239
0.0016868934 	0.047757897 	-0.027958458 	1.0419232
0.0017391271 	0.043827368 	-0.031302036 	1.0511204
0.0017906395 	0.039319602 	-0.034225291 	1.0586123
0.0018414404 	0.034580802 	-0.036842707 	1.0633926
0.0018915398 	0.029969879 	-0.039538026 	1.0653506
0.0019409473 	0.025703204 	-0.042708534 	1.0651141
0.0019896725 	0.021822414 	-0.046536685 	1.0635776
0.0020377248 	0.018274439 	-0.050963671 	1.0614269
0.0020851134 	0.015001068 	-0.055838698 	1.0588737
0.0021318476 	0.011971796 	-0.061077709 	1.0556628
0.0021779364 	0.0091558601 	-0.066676605 	1.0512975
0.0022233887 	0.0064959544 	-0.072566641 	1.0453437
0.0022682133 	0.0039009915 	-0.078423265 	1.0376489
0.0023124189 	0.0012756315 	-0.083601432 	1.028357
0.0023560139 	-0.0013933174 	-0.087263729 	1.0176482
0.0023990069 	-0.0039744574 	-0.088624745 	1.0053974
0.0024414062 	-0.0062055725 	-0.08721104 	0.99114604
0.0024832199 	-0.0078293296 	-0.083052842 	0.97459727
0.0025244562 	-0.0087641845 	-0.076732029 	0.95633064
0.002565123 	-0.0091403555 	-0.069167973 	0.93803326
0.0026052281 	-0.0092043749 	-0.061199083 	0.9219716
0.0026447794 	-0.0092008775 	-0.053219129 	0.91007969
0.0026837845 	-0.0093304603 	-0.045146535 	0.90327635
0.0027222509 	-0.0097735877 	-0.036646975 	0.90130154
0.0027601861 	-0.010667651 	-0.027421535 	0.90303942
0.0027975974 	-0.012090299 	-0.017379584 	0.90707091
0.002834492 	-0.01399661 	-0.0066133247 	0.91214106
0.0028708772 	-0.016243071 	0.0047624728 	0.91732925
0.0029067598 	-0.0186084 	0.016746159 	0.92204944
0.0029421469 	-0.02084912 	0.029420996 	0.92620564
0.0029770452 	-0.022899235 	0.042829198 	0.93015065
0.0030114616 	-0.024854938 	0.056872409 	0.93434602
0.0030454028 	-0.026848567 	0.071286543 	0.93875796
0.0030788752 	-0.028959542 	0.085596547 	0.94243081
0.0031118853 	-0.031199011 	0.099044123 	0.9436927
0.0031444395 	-0.033559752 	0.1106307 	0.94089916
0.0031765442 	-0.036075333 	0.11939849 	0.93313067
0.0032082055 	-0.038780085 	0.12487684 	0.92032842
0.0032394295 	-0.041613095 	0.12739978 	0.90289509
0.0032702223 	-0.044312639 	0.12801276 	0.8811815
0.0033005899 	-0.046384998 	0.12795624 	0.8552767
0.0033305381 	-0.047244232 	0.12805748 	0.82528421
0.0033600727 	-0.046482289 	0.12838499 	0.79187451
0.0033891994 	-0.04407786 	0.12827032 	0.75653347
0.0034179239 	-0.040380522 	0.12658731 	0.72116797
0.0034462517 	-0.036009547 	0.1222454 	0.68739666
0.0034741882 	-0.031682497 	0.11467898 	0.65609635
0.003501739 	-0.028068715 	0.10400262 	0.6274199
0.0035289093 	-0.025672169 	0.090823322 	0.6011464
0.0035557043 	-0.024717638 	0.076047903 	0.57686244
0.0035821293 	-0.02511266 	0.060750518 	0.55399616
0.0036081894 	-0.026489773 	0.046009116 	0.53188558
0.0036338895 	-0.028322702 	0.032666129 	0.50986792
0.0036592348 	-0.030039568 	0.021142299 	0.48736428
0.00368423 	-0.031135675 	0.011467314 	0.46391241
0.00370888 	-0.031282178 	0.0034700749 	0.43917689
0.0037331896 	-0.03042241 	-0.0030342064 	0.41292519
0.0037571635 	-0.02868603 	-0.0081358611 	0.38506236
0.0037808063 	-0.026261255 	-0.011828254 	0.35549516
0.0038041226 	-0.023325301 	-0.014087482 	0.32417589
0.0038271169 	-0.020061285 	-0.014922183 	0.29112382
0.0038497936 	-0.016660123 	-0.014430628 	0.25644541
0.0038721572 	-0.013261832 	-0.012802491 	0.22032046
0.0038942119 	-0.0099646951 	-0.010279406 	0.18298429
0.003915962 	-0.0068534849 	-0.0071180294 	0.14471504
0.0039374118 	-0.0040275639 	-0.0036263757 	0.10574284
0.0039585653 	-0.001689537 	-0.00036475616 	0.065913003
0.0039794267 	-0.00020141568 	0.0013542612 	0.023929649
0.004 	-0.00020141568 	0.0013542612 	0.023929649
