0 	0.031210597 	-0.035713897 	1.0228906
2.0100503e-05 	0.037349095 	0.034228239 	1.0252111
4.0201005e-05 	0.037349095 	0.034228239 	1.0252111
6.0301508e-05 	0.01754404 	0.049682571 	1.0264333
8.040201e-05 	0.01754404 	0.049682571 	1.0264333
0.00010050251 	0.01754404 	0.049682571 	1.0264333
0.00012060302 	0.010078596 	0.052486659 	1.0263165
0.00014070352 	0.010078596 	0.052486659 	1.0263165
0.00016080402 	0.010078596 	0.052486659 	1.0263165
0.00018090452 	0.0058410334 	0.052826762 	1.0249203
0.00020100503 	0.0058410334 	0.052826762 	1.0249203
0.00022110553 	0.0058410334 	0.052826762 	1.0249203
0.00024120603 	0.0029032755 	0.052136363 	1.0224397
0.00026130653 	0.0029032755 	0.052136363 	1.0224397
0.00028140704 	0.00061025816 	0.051078491 	1.019057
0.00030150754 	0.00061025816 	0.051078491 	1.019057
0.00032160804 	0.00061025816 	0.051078491 	1.019057
0.00034170854 	-0.001390713 	0.049962455 	1.0149364
0.00036180905 	-0.001390713 	0.049962455 	1.0149364
0.00038190955 	-0.001390713 	0.049962455 	1.0149364
0.00040201005 	-0.0033780579 	0.048743244 	1.010326
0.00042211055 	-0.0033780579 	0.048743244 	1.010326
0.00044221106 	-0.0033780579 	0.048743244 	1.010326
0.00046231156 	-0.0056626638 	0.047103965 	1.0056681
0.00048241206 	-0.0056626638 	0.047103965 	1.0056681
0.00050251256 	-0.0086202206 	0.044621482 	1.001608
0.00052261307 	-0.0086202206 	0.044621482 	1.001608
0.00054271357 	-0.0086202206 	0.044621482 	1.001608
0.00056281407 	-0.012643405 	0.040946445 	0.99885081
0.00058291457 	-0.012643405 	0.040946445 	0.99885081
0.00060301508 	-0.012643405 	0.040946445 	0.99885081
0.00062311558 	-0.021538058 	0.029415964 	0.99678456
0.00064321608 	-0.021538058 	0.029415964 	0.99678456
0.00066331658 	-0.021538058 	0.029415964 	0.99678456
0.00068341709 	-0.027689345 	0.021843099 	0.99682191
0.00070351759 	-0.027689345 	0.021843099 	0.99682191
0.00072361809 	-0.031580539 	0.020522171 	0.99943083
0.00074371859 	-0.031580539 	0.020522171 	0.99943083
0.0007638191 	-0.031580539 	0.020522171 	0.99943083
0.0007839196 	-0.03829522 	0.010181626 	0.99882293
0.0008040201 	-0.03829522 	0.010181626 	0.99882293
0.0008241206 	-0.03829522 	0.010181626 	0.99882293
0.00084422111 	-0.043635965 	-0.0011293952 	0.99408615
0.00086432161 	-0.043635965 	-0.0011293952 	0.99408615
0.00088442211 	-0.043635965 	-0.0011293952 	0.99408615
0.00090452261 	-0.046963473 	-0.011931186 	0.98341775
0.00092462312 	-0.046963473 	-0.011931186 	0.98341775
0.00094472362 	-0.048012431 	-0.020854344 	0.96698309
0.00096482412 	-0.048012431 	-0.020854344 	0.96698309
0.00098492462 	-0.048012431 	-0.020854344 	0.96698309
0.0010050251 	-0.047164717 	-0.027580107 	0.94622236
0.0010251256 	-0.047164717 	-0.027580107 	0.94622236
0.0010452261 	-0.047164717 	-0.027580107 	0.94622236
0.0010653266 	-0.044927096 	-0.032037834 	0.9256302
0.0010854271 	-0.044531429 	-0.037473583 	0.92644755
0.0011055276 	-0.044531429 	-0.037473583 	0.92644755
0.0011256281 	-0.040469451 	-0.039199467 	0.91149931
0.0011457286 	-0.040469451 	-0.039199467 	0.91149931
0.0011658291 	-0.04262943 	-0.034729132 	0.91027316
0.0011859296 	-0.040290972 	-0.035559839 	0.90047107
0.0012060302 	-0.036074451 	-0.039366285 	0.9019128
0.0012261307 	-0.036074451 	-0.039366285 	0.9019128
0.0012462312 	-0.031729957 	-0.03797181 	0.89637424
0.0012663317 	-0.031729957 	-0.03797181 	0.89637424
0.0012864322 	-0.031729957 	-0.03797181 	0.89637424
0.0013065327 	-0.027600422 	-0.035392217 	0.89373183
0.0013266332 	-0.027600422 	-0.035392217 	0.89373183
0.0013467337 	-0.027600422 	-0.035392217 	0.89373183
0.0013668342 	-0.023805134 	-0.032499362 	0.89350038
0.0013869347 	-0.023805134 	-0.032499362 	0.89350038
0.0014070352 	-0.023805134 	-0.032499362 	0.89350038
0.0014271357 	-0.020350472 	-0.030209112 	0.89552723
0.0014472362 	-0.020350472 	-0.030209112 	0.89552723
0.0014673367 	-0.020350472 	-0.030209112 	0.89552723
0.0014874372 	-0.017072788 	-0.028980027 	0.89966151
0.0015075377 	-0.017072788 	-0.028980027 	0.89966151
0.0015276382 	-0.013643486 	-0.028575841 	0.90553409
0.0015477387 	-0.013643486 	-0.028575841 	0.90553409
0.0015678392 	-0.013643486 	-0.028575841 	0.90553409
0.0015879397 	-0.0096840897 	-0.028290762 	0.91244445
0.0016080402 	-0.0096840897 	-0.028290762 	0.91244445
0.0016281407 	-0.019651386 	-0.022000996 	0.90785863
0.0016482412 	-0.0049175587 	-0.027504033 	0.91948128
0.0016683417 	-0.0049175587 	-0.027504033 	0.91948128
0.0016884422 	0.00071850275 	-0.026040236 	0.92581391
0.0017085427 	0.00071850275 	-0.026040236 	0.92581391
0.0017286432 	0.00071850275 	-0.026040236 	0.92581391
0.0017487437 	0.0070433585 	-0.024072138 	0.93086973
0.0017688442 	0.0070433585 	-0.024072138 	0.93086973
0.0017889447 	0.0070433585 	-0.024072138 	0.93086973
0.0018090452 	0.013705598 	-0.021863955 	0.93435293
0.0018291457 	0.013705598 	-0.021863955 	0.93435293
0.0018492462 	0.020302788 	-0.019622854 	0.93619034
0.0018693467 	0.020302788 	-0.019622854 	0.93619034
0.0018894472 	0.020302788 	-0.019622854 	0.93619034
0.0019095477 	0.026467062 	-0.01746295 	0.93649681
0.0019296482 	0.026467062 	-0.01746295 	0.93649681
0.0019497487 	0.031942086 	-0.015445623 	0.93553947
0.0019698492 	0.031942086 	-0.015445623 	0.93553947
0.0019899497 	0.036590996 	-0.013595472 	0.9337064
0.0020100503 	0.036590996 	-0.013595472 	0.9337064
0.0020301508 	0.036590996 	-0.013595472 	0.9337064
0.0020502513 	0.040374123 	-0.011922101 	0.93143202
0.0020703518 	0.040374123 	-0.011922101 	0.93143202
0.0020904523 	0.043336588 	-0.010426789 	0.92914057
0.0021105528 	0.043336588 	-0.010426789 	0.92914057
0.0021306533 	0.043336588 	-0.010426789 	0.92914057
0.0021507538 	0.045580595 	-0.0090853354 	0.92718518
0.0021708543 	0.045580595 	-0.0090853354 	0.92718518
0.0021909548 	0.04723884 	-0.0078499102 	0.92583306
0.0022110553 	0.04723884 	-0.0078499102 	0.92583306
0.0022311558 	0.048459551 	-0.0066204083 	0.92527326
0.0022512563 	0.048459551 	-0.0066204083 	0.92527326
0.0022713568 	0.049365622 	-0.0052572162 	0.92562616
0.0022914573 	0.049365622 	-0.0052572162 	0.92562616
0.0023115578 	0.049365622 	-0.0052572162 	0.92562616
0.0023316583 	0.050052146 	-0.0035729688 	0.92695878
0.0023517588 	0.050052146 	-0.0035729688 	0.92695878
0.0023718593 	0.050581027 	-0.0013681153 	0.9292725
0.0023919598 	0.050581027 	-0.0013681153 	0.9292725
0.0024120603 	0.050969682 	0.0015170425 	0.93249562
0.0024321608 	0.050969682 	0.0015170425 	0.93249562
0.0024522613 	0.051221079 	0.0051996483 	0.9364608
0.0024723618 	0.051221079 	0.0051996483 	0.9364608
0.0024924623 	0.051310044 	0.009718724 	0.94092728
0.0025125628 	0.051310044 	0.009718724 	0.94092728
0.0025326633 	0.051192151 	0.015039812 	0.9456092
0.0025527638 	0.051192151 	0.015039812 	0.9456092
0.0025728643 	0.050871457 	0.021053067 	0.95024588
0.0025929648 	0.050871457 	0.021053067 	0.95024588
0.0026130653 	0.050433793 	0.027582035 	0.9546251
0.0026331658 	0.050433793 	0.027582035 	0.9546251
0.0026532663 	0.050042115 	0.034402352 	0.9585337
0.0026733668 	0.050042115 	0.034402352 	0.9585337
0.0026934673 	0.049892686 	0.041226223 	0.96177428
0.0027135678 	0.049892686 	0.041226223 	0.96177428
0.0027336683 	0.050172986 	0.047673526 	0.96422892
0.0027537688 	0.050172986 	0.047673526 	0.96422892
0.0027738693 	0.051004805 	0.053297788 	0.96596887
0.0027939698 	0.051004805 	0.053297788 	0.96596887
0.0028140704 	0.052383309 	0.057714393 	0.96730514
0.0028341709 	0.052383309 	0.057714393 	0.96730514
0.0028542714 	0.054168421 	0.060817613 	0.96866057
0.0028743719 	0.056146405 	0.062898712 	0.97029932
0.0028944724 	0.056146405 	0.062898712 	0.97029932
0.0029145729 	0.058135634 	0.064533917 	0.97213799
0.0029346734 	0.058135634 	0.064533917 	0.97213799
0.0029547739 	0.060051341 	0.066287659 	0.97382166
0.0029748744 	0.060051341 	0.066287659 	0.97382166
0.0029949749 	0.061881257 	0.068448158 	0.9750027
0.0030150754 	0.063616244 	0.070981936 	0.97557032
0.0030351759 	0.063616244 	0.070981936 	0.97557032
0.0030552764 	0.065206982 	0.073668774 	0.97567693
0.0030753769 	0.065206982 	0.073668774 	0.97567693
0.0030954774 	0.066568147 	0.076265467 	0.97561314
0.0031155779 	0.067596328 	0.078594003 	0.9756698
0.0031356784 	0.067596328 	0.078594003 	0.9756698
0.0031557789 	0.068187071 	0.080553002 	0.97606594
0.0031758794 	0.068187071 	0.080553002 	0.97606594
0.0031959799 	0.068243048 	0.082087918 	0.97694634
0.0032160804 	0.067677135 	0.083157513 	0.97840952
0.0032361809 	0.067677135 	0.083157513 	0.97840952
0.0032562814 	0.066413669 	0.083713377 	0.98053942
0.0032763819 	0.064386839 	0.083693143 	0.98342407
0.0032964824 	0.064386839 	0.083693143 	0.98342407
0.0033165829 	0.061550237 	0.083027058 	0.98715813
0.0033366834 	0.057874318 	0.081656029 	0.99182718
0.0033567839 	0.057874318 	0.081656029 	0.99182718
0.0033768844 	0.053359277 	0.079557514 	0.99749082
0.0033969849 	0.048041457 	0.07677948 	1.0041287
0.0034170854 	0.048041457 	0.07677948 	1.0041287
0.0034371859 	0.04200037 	0.07347253 	1.0115923
0.0034572864 	0.035404584 	0.06990801 	1.0195393
0.0034773869 	0.028476972 	0.066454831 	1.0273693
0.0034974874 	0.028476972 	0.066454831 	1.0273693
0.0035175879 	0.021497549 	0.063488513 	1.0341535
0.0035376884 	0.014830747 	0.06124075 	1.0385716
0.0035577889 	0.0088861891 	0.059646059 	1.0388586
0.0035778894 	0.0088861891 	0.059646059 	1.0388586
0.0035979899 	0.0040607139 	0.058267469 	1.0328013
0.0036180905 	0.00067650024 	0.056369978 	1.0178762
0.003638191 	-0.0010879724 	0.053136072 	0.99163772
0.0036582915 	-0.0010879724 	0.053136072 	0.99163772
0.003678392 	-0.0012994827 	0.047960222 	0.95236553
0.0036984925 	-0.00029994663 	0.040735862 	0.89981148
0.003718593 	0.001355185 	0.032016518 	0.83565625
0.0037386935 	0.0030745753 	0.022919749 	0.76331175
0.003758794 	0.0044041788 	0.014745132 	0.68698619
0.0037788945 	0.0044041788 	0.014745132 	0.68698619
0.003798995 	0.0051179645 	0.0084870076 	0.61044366
0.0038190955 	0.0052075299 	0.004503608 	0.53610817
0.003839196 	0.0048067314 	0.0025399318 	0.46487232
0.0038592965 	0.0041048404 	0.0019789684 	0.39650537
0.003879397 	0.0032690339 	0.0021181193 	0.33037227
0.0038994975 	0.002423661 	0.0023596304 	0.2660672
0.003919598 	0.0016460438 	0.0023062909 	0.20364156
0.0039396985 	0.00097433187 	0.0017993095 	0.14334895
0.003959799 	0.00043643483 	0.00093277937 	0.085132848
0.0039798995 	6.8320605e-05 	7.7413584e-05 	0.028319197
0.004 	6.8320605e-05 	7.7413584e-05 	0.028319197
