0 	0.058423147 	0.00013399179 	1.0715292
5.5555556e-05 	0.056758922 	0.033722849 	1.0685938
0.00011111111 	0.054857929 	0.048415891 	1.0642824
0.00016666667 	0.053511354 	0.059026339 	1.0590947
0.00022222222 	0.052098541 	0.0676886 	1.0533282
0.00027777778 	0.05050995 	0.074890626 	1.047052
0.00033333333 	0.048808907 	0.080722269 	1.040202
0.00038888889 	0.047087262 	0.085118328 	1.032731
0.00044444444 	0.04540671 	0.087989156 	1.024734
0.0005 	0.043785611 	0.089329394 	1.0164751
0.00055555556 	0.042217767 	0.089294421 	1.0083378
0.00061111111 	0.04068875 	0.088167025 	1.0007374
0.00066666667 	0.039183948 	0.08621885 	0.99405134
0.00072222222 	0.037665318 	0.083527575 	0.98852302
0.00077777778 	0.036042932 	0.079925039 	0.98406053
0.00083333333 	0.034297998 	0.075176032 	0.98006887
0.00088888889 	0.032544276 	0.069210649 	0.9758048
0.00094444444 	0.031045222 	0.062135711 	0.97117869
0.001 	0.030036556 	0.053509852 	0.96681444
0.0010617199 	0.02943875 	0.043308022 	0.96406493
0.0011225874 	0.028880837 	0.031938619 	0.96339662
0.0011826143 	0.027980263 	0.019612373 	0.96429625
0.0012418122 	0.02653069 	0.0066525114 	0.96618275
0.0013001926 	0.024427286 	-0.0065802297 	0.96875087
0.0013577668 	0.021706557 	-0.01972328 	0.97191367
0.0014145458 	0.018512768 	-0.03231596 	0.9756306
0.0014705407 	0.015084365 	-0.043710973 	0.97983363
0.0015257623 	0.011614074 	-0.05322924 	0.98446454
0.0015802213 	0.008154691 	-0.060392346 	0.9895709
0.0016339282 	0.0046803119 	-0.065182439 	0.99530497
0.0016868934 	0.0011035567 	-0.068017209 	1.0018331
0.0017391271 	-0.0026165479 	-0.069500506 	1.0092048
0.0017906395 	-0.0063987372 	-0.070146861 	1.0172784
0.0018414404 	-0.010048281 	-0.070211127 	1.0257425
0.0018915398 	-0.013305654 	-0.06964234 	1.0342203
0.0019409473 	-0.01592217 	-0.068200418 	1.0423963
0.0019896725 	-0.017764339 	-0.065673502 	1.0500456
0.0020377248 	-0.018857211 	-0.062076767 	1.0568542
0.0020851134 	-0.019328259 	-0.057679689 	1.0621191
0.0021318476 	-0.019335858 	-0.052852657 	1.0647785
0.0021779364 	-0.018942585 	-0.047902869 	1.0640232
0.0022233887 	-0.017970612 	-0.043053103 	1.0600206
0.0022682133 	-0.016117689 	-0.038547172 	1.0539507
0.0023124189 	-0.013317903 	-0.034636151 	1.0472013
0.0023560139 	-0.0098567844 	-0.031445888 	1.0402326
0.0023990069 	-0.0060906798 	-0.028778332 	1.0322315
0.0024414062 	-0.0023022627 	-0.026125717 	1.0220192
0.0024832199 	0.0015185626 	-0.023071278 	1.0090581
0.0025244562 	0.0057788783 	-0.019605536 	0.99386524
0.002565123 	0.010817569 	-0.016167029 	0.97741266
0.0026052281 	0.016749104 	-0.013282107 	0.96039265
0.0026447794 	0.02344783 	-0.011273196 	0.94302247
0.0026837845 	0.030554121 	-0.010178693 	0.92527505
0.0027222509 	0.037593252 	-0.0098799989 	0.90716486
0.0027601861 	0.044051151 	-0.010323308 	0.88896664
0.0027975974 	0.049297124 	-0.011509945 	0.87127244
0.002834492 	0.05277626 	-0.012993199 	0.85474769
0.0028708772 	0.054141689 	-0.013470522 	0.84006444
0.0029067598 	0.053160711 	-0.011104757 	0.82793483
0.0029421469 	0.050001428 	-0.0046235408 	0.8191757
0.0029770452 	0.045370881 	0.005455359 	0.81467423
0.0030114616 	0.040095363 	0.016980018 	0.81485667
0.0030454028 	0.034522886 	0.027660872 	0.81912796
0.0030788752 	0.028541368 	0.035734991 	0.82571252
0.0031118853 	0.022058428 	0.040060939 	0.83268015
0.0031444395 	0.015283194 	0.040232954 	0.83907713
0.0031765442 	0.0087059551 	0.036830974 	0.84503301
0.0032082055 	0.0027908174 	0.031141771 	0.85101971
0.0032394295 	-0.0022394089 	0.024428882 	0.85722445
0.0032702223 	-0.006445077 	0.017434808 	0.86333415
0.0033005899 	-0.010032988 	0.010370262 	0.86884126
0.0033305381 	-0.013293783 	0.0031583897 	0.87326734
0.0033600727 	-0.016499337 	-0.0043665466 	0.87637728
0.0033891994 	-0.019833313 	-0.012384237 	0.87801459
0.0034179239 	-0.023268486 	-0.021069391 	0.87818481
0.0034462517 	-0.026805935 	-0.03054428 	0.87685021
0.0034741882 	-0.030423984 	-0.040866302 	0.87393986
0.003501739 	-0.033992153 	-0.051983235 	0.86928505
0.0035289093 	-0.037309843 	-0.063689486 	0.86255652
0.0035557043 	-0.040117448 	-0.075608864 	0.85330915
0.0035821293 	-0.042105157 	-0.087193968 	0.84098316
0.0036081894 	-0.042959785 	-0.097725543 	0.82496213
0.0036338895 	-0.042423857 	-0.10633281 	0.80468714
0.0036592348 	-0.040363647 	-0.1120505 	0.77982695
0.00368423 	-0.036814813 	-0.11392728 	0.75042966
0.00370888 	-0.031989107 	-0.11118068 	0.71691606
0.0037331896 	-0.026249029 	-0.10339713 	0.67983059
0.0037571635 	-0.020106555 	-0.090797914 	0.63946623
0.0037808063 	-0.014218174 	-0.074585394 	0.59556001
0.0038041226 	-0.0092641761 	-0.056990986 	0.54715619
0.0038271169 	-0.0056762558 	-0.040606075 	0.49279205
0.0038497936 	-0.0034788372 	-0.027309608 	0.43123149
0.0038721572 	-0.0023642474 	-0.017677415 	0.3625503
0.0038942119 	-0.0018694851 	-0.011251468 	0.28892221
0.003915962 	-0.0015939886 	-0.007236285 	0.21442452
0.0039374118 	-0.0012744237 	-0.0049385107 	0.14369206
0.0039585653 	-0.00079625139 	-0.0036318827 	0.080157946
0.0039794267 	-0.00016952286 	-0.0020478233 	0.024830256
0.004 	-0.00014832817 	-0.0025364546 	0.024474316
