0 	0.013664657 	0.0094852386 	1.04556
2.0100503e-05 	0.013664657 	0.0094852386 	1.04556
4.0201005e-05 	0.013664657 	0.0094852386 	1.04556
6.0301508e-05 	0.010410355 	0.015229969 	1.0508506
8.040201e-05 	0.010410355 	0.015229969 	1.0508506
0.00010050251 	0.010410355 	0.015229969 	1.0508506
0.00012060302 	0.010507184 	0.017673276 	1.0547402
0.00014070352 	0.010507184 	0.017673276 	1.0547402
0.00016080402 	0.010507184 	0.017673276 	1.0547402
0.00018090452 	0.011241076 	0.019884368 	1.0572884
0.00020100503 	0.0010891077 	0.022194508 	1.0560639
0.00022110553 	0.0010891077 	0.022194508 	1.0560639
0.00024120603 	0.0026069778 	0.024392935 	1.0568429
0.00026130653 	0.0026069778 	0.024392935 	1.0568429
0.00028140704 	0.004250093 	0.026949217 	1.0555743
0.00030150754 	0.004250093 	0.026949217 	1.0555743
0.00032160804 	0.004250093 	0.026949217 	1.0555743
0.00034170854 	0.0064075038 	0.02993379 	1.0512968
0.00036180905 	0.014815138 	0.027076172 	1.0554084
0.00038190955 	0.014815138 	0.027076172 	1.0554084
0.00040201005 	0.017040679 	0.029780652 	1.0495291
0.00042211055 	0.017040679 	0.029780652 	1.0495291
0.00044221106 	0.017040679 	0.029780652 	1.0495291
0.00046231156 	0.019974522 	0.032608673 	1.039843
0.00048241206 	0.019974522 	0.032608673 	1.039843
0.00050251256 	0.023167025 	0.035277948 	1.0268391
0.00052261307 	0.023167025 	0.035277948 	1.0268391
0.00054271357 	0.023167025 	0.035277948 	1.0268391
0.00056281407 	0.025563726 	0.037140633 	1.012214
0.00058291457 	0.025563726 	0.037140633 	1.012214
0.00060301508 	0.025563726 	0.037140633 	1.012214
0.00062311558 	0.025953025 	0.037446224 	0.99789277
0.00064321608 	0.014487156 	0.037964021 	0.98323589
0.00066331658 	0.014487156 	0.037964021 	0.98323589
0.00068341709 	0.010919125 	0.034680045 	0.96740919
0.00070351759 	0.010919125 	0.034680045 	0.96740919
0.00072361809 	0.0073378774 	0.031263788 	0.95051702
0.00074371859 	0.02043661 	0.033289517 	0.97165592
0.0007638191 	0.02043661 	0.033289517 	0.97165592
0.0007839196 	0.017347289 	0.030497412 	0.95810399
0.0008040201 	0.017347289 	0.030497412 	0.95810399
0.0008241206 	0.017347289 	0.030497412 	0.95810399
0.00084422111 	0.016062609 	0.028296584 	0.94445065
0.00086432161 	0.016062609 	0.028296584 	0.94445065
0.00088442211 	0.016062609 	0.028296584 	0.94445065
0.00090452261 	0.0086927781 	0.027704087 	0.90586388
0.00092462312 	0.0086927781 	0.027704087 	0.90586388
0.00094472362 	0.01238453 	0.027212877 	0.8994101
0.00096482412 	0.01238453 	0.027212877 	0.8994101
0.00098492462 	0.01238453 	0.027212877 	0.8994101
0.0010050251 	0.016568907 	0.025870143 	0.89736689
0.0010251256 	0.016568907 	0.025870143 	0.89736689
0.0010452261 	0.016568907 	0.025870143 	0.89736689
0.0010653266 	0.020577119 	0.023684184 	0.89973427
0.0010854271 	0.026311013 	0.020711702 	0.91763027
0.0011055276 	0.020577119 	0.023684184 	0.89973427
0.0011256281 	0.024087845 	0.020874338 	0.90514455
0.0011457286 	0.024087845 	0.020874338 	0.90514455
0.0011658291 	0.024087845 	0.020874338 	0.90514455
0.0011859296 	0.026882853 	0.017952182 	0.91238085
0.0012060302 	0.026882853 	0.017952182 	0.91238085
0.0012261307 	0.026882853 	0.017952182 	0.91238085
0.0012462312 	0.028995108 	0.015216799 	0.92076026
0.0012663317 	0.028995108 	0.015216799 	0.92076026
0.0012864322 	0.028995108 	0.015216799 	0.92076026
0.0013065327 	0.030651576 	0.012657011 	0.92993991
0.0013266332 	0.030651576 	0.012657011 	0.92993991
0.0013467337 	0.030651576 	0.012657011 	0.92993991
0.0013668342 	0.032174888 	0.009884567 	0.93952213
0.0013869347 	0.032174888 	0.009884567 	0.93952213
0.0014070352 	0.032174888 	0.009884567 	0.93952213
0.0014271357 	0.033839248 	0.0062160722 	0.94860655
0.0014472362 	0.033839248 	0.0062160722 	0.94860655
0.0014673367 	0.033839248 	0.0062160722 	0.94860655
0.0014874372 	0.035715316 	0.0008094425 	0.95571569
0.0015075377 	0.035715316 	0.0008094425 	0.95571569
0.0015276382 	0.037709463 	-0.0072457481 	0.95933595
0.0015477387 	0.037709463 	-0.0072457481 	0.95933595
0.0015678392 	0.037709463 	-0.0072457481 	0.95933595
0.0015879397 	0.039689484 	-0.019168915 	0.95880717
0.0016080402 	0.039689484 	-0.019168915 	0.95880717
0.0016281407 	0.039689484 	-0.019168915 	0.95880717
0.0016482412 	0.041831618 	-0.036594846 	0.9545531
0.0016683417 	0.041831618 	-0.036594846 	0.9545531
0.0016884422 	0.044494012 	-0.059902215 	0.94671432
0.0017085427 	0.044494012 	-0.059902215 	0.94671432
0.0017286432 	0.044494012 	-0.059902215 	0.94671432
0.0017487437 	0.047288625 	-0.085839077 	0.93527439
0.0017688442 	0.047288625 	-0.085839077 	0.93527439
0.0017889447 	0.047288625 	-0.085839077 	0.93527439
0.0018090452 	0.049027155 	-0.10827654 	0.92385057
0.0018291457 	0.049027155 	-0.10827654 	0.92385057
0.0018492462 	0.048780791 	-0.12234205 	0.91721265
0.0018693467 	0.048780791 	-0.12234205 	0.91721265
0.0018894472 	0.048780791 	-0.12234205 	0.91721265
0.0019095477 	0.046966637 	-0.12847391 	0.91264323
0.0019296482 	0.046966637 	-0.12847391 	0.91264323
0.0019497487 	0.044901333 	-0.1307687 	0.90121974
0.0019698492 	0.044901333 	-0.1307687 	0.90121974
0.0019899497 	0.043130612 	-0.12968767 	0.88021135
0.0020100503 	0.043130612 	-0.12968767 	0.88021135
0.0020301508 	0.043130612 	-0.12968767 	0.88021135
0.0020502513 	0.040864959 	-0.12162572 	0.85710181
0.0020703518 	0.040864959 	-0.12162572 	0.85710181
0.0020904523 	0.03748639 	-0.10589126 	0.8398216
0.0021105528 	0.03748639 	-0.10589126 	0.8398216
0.0021306533 	0.03748639 	-0.10589126 	0.8398216
0.0021507538 	0.03316277 	-0.085030336 	0.83135687
0.0021708543 	0.03316277 	-0.085030336 	0.83135687
0.0021909548 	0.028575537 	-0.06175427 	0.83101651
0.0022110553 	0.028575537 	-0.06175427 	0.83101651
0.0022311558 	0.024844419 	-0.038418117 	0.83601911
0.0022512563 	0.024844419 	-0.038418117 	0.83601911
0.0022713568 	0.022958252 	-0.016810678 	0.84303401
0.0022914573 	0.022958252 	-0.016810678 	0.84303401
0.0023115578 	0.022958252 	-0.016810678 	0.84303401
0.0023316583 	0.023529266 	0.0017449508 	0.84943475
0.0023517588 	0.023529266 	0.0017449508 	0.84943475
0.0023718593 	0.026594931 	0.016698991 	0.85344838
0.0023919598 	0.026594931 	0.016698991 	0.85344838
0.0024120603 	0.031552073 	0.02832523 	0.85429039
0.0024321608 	0.031552073 	0.02832523 	0.85429039
0.0024522613 	0.037236997 	0.037489166 	0.85218888
0.0024723618 	0.037236997 	0.037489166 	0.85218888
0.0024924623 	0.042412523 	0.045495638 	0.84785249
0.0025125628 	0.042412523 	0.045495638 	0.84785249
0.0025326633 	0.04600871 	0.053644936 	0.84210709
0.0025527638 	0.04600871 	0.053644936 	0.84210709
0.0025728643 	0.047348747 	0.06291463 	0.83566514
0.0025929648 	0.047348747 	0.06291463 	0.83566514
0.0026130653 	0.046109107 	0.073838874 	0.82931118
0.0026331658 	0.046109107 	0.073838874 	0.82931118
0.0026532663 	0.042161815 	0.086297841 	0.82441394
0.0026733668 	0.042161815 	0.086297841 	0.82441394
0.0026934673 	0.035575433 	0.099482203 	0.82273234
0.0027135678 	0.035575433 	0.099482203 	0.82273234
0.0027336683 	0.026983911 	0.1121914 	0.82440988
0.0027537688 	0.026983911 	0.1121914 	0.82440988
0.0027738693 	0.017915259 	0.1231834 	0.82592552
0.0027939698 	0.017915259 	0.1231834 	0.82592552
0.0028140704 	0.010479612 	0.13141073 	0.82141647
0.0028341709 	0.010479612 	0.13141073 	0.82141647
0.0028542714 	0.0063318876 	0.13645541 	0.80684474
0.0028743719 	0.0057788223 	0.13874814 	0.78255498
0.0028944724 	0.0057788223 	0.13874814 	0.78255498
0.0029145729 	0.0078688788 	0.13905054 	0.75227297
0.0029346734 	0.0078688788 	0.13905054 	0.75227297
0.0029547739 	0.011123657 	0.13785401 	0.72071655
0.0029748744 	0.011123657 	0.13785401 	0.72071655
0.0029949749 	0.01422445 	0.13529271 	0.69180937
0.0030150754 	0.016353649 	0.13143563 	0.66790198
0.0030351759 	0.016353649 	0.13143563 	0.66790198
0.0030552764 	0.017222148 	0.12647796 	0.64979176
0.0030753769 	0.017222148 	0.12647796 	0.64979176
0.0030954774 	0.016896862 	0.12071645 	0.63718272
0.0031155779 	0.015613591 	0.11440385 	0.6292106
0.0031356784 	0.015613591 	0.11440385 	0.6292106
0.0031557789 	0.013644457 	0.10762292 	0.62484211
0.0031758794 	0.013644457 	0.10762292 	0.62484211
0.0031959799 	0.011215434 	0.10029769 	0.6231058
0.0032160804 	0.0084951603 	0.092276702 	0.62320664
0.0032361809 	0.0084951603 	0.092276702 	0.62320664
0.0032562814 	0.0056100312 	0.083429307 	0.62458316
0.0032763819 	0.0026352581 	0.073708373 	0.62691413
0.0032964824 	0.0026352581 	0.073708373 	0.62691413
0.0033165829 	-0.00034504243 	0.063160837 	0.63010033
0.0033366834 	-0.0032641223 	0.051911227 	0.63420651
0.0033567839 	-0.0032641223 	0.051911227 	0.63420651
0.0033768844 	-0.0060676319 	0.040142296 	0.63937394
0.0033969849 	-0.0086608242 	0.028068286 	0.64572808
0.0034170854 	-0.0086608242 	0.028068286 	0.64572808
0.0034371859 	-0.010948727 	0.015918423 	0.65327146
0.0034572864 	-0.012797721 	0.0039412294 	0.66180907
0.0034773869 	-0.014011424 	-0.0076361271 	0.67096866
0.0034974874 	-0.014011424 	-0.0076361271 	0.67096866
0.0035175879 	-0.014485582 	-0.018584698 	0.68022951
0.0035376884 	-0.014261708 	-0.028689308 	0.68888595
0.0035577889 	-0.013405297 	-0.037731411 	0.69615107
0.0035778894 	-0.013405297 	-0.037731411 	0.69615107
0.0035979899 	-0.01200935 	-0.045473291 	0.70121959
0.0036180905 	-0.010212535 	-0.051644315 	0.70332677
0.003638191 	-0.008191111 	-0.055936674 	0.70178569
0.0036582915 	-0.008191111 	-0.055936674 	0.70178569
0.003678392 	-0.0061387252 	-0.058017637 	0.6959612
0.0036984925 	-0.0042387454 	-0.057577241 	0.68515472
0.003718593 	-0.0026330012 	-0.054430545 	0.66842809
0.0037386935 	-0.0013989181 	-0.048674722 	0.64447493
0.003758794 	-0.00054374438 	-0.040854387 	0.61171967
0.0037788945 	-0.00054374438 	-0.040854387 	0.61171967
0.003798995 	-9.609314e-06 	-0.032022896 	0.56877754
0.0038190955 	0.00028986329 	-0.023557138 	0.51522079
0.003839196 	0.00042808885 	-0.01669047 	0.45230761
0.0038592965 	0.00045072202 	-0.01197984 	0.38314687
0.003879397 	0.00037700945 	-0.0091243697 	0.31198768
0.0038994975 	0.00022724555 	-0.0072804334 	0.24294286
0.003919598 	4.6732611e-05 	-0.0056287977 	0.17889301
0.0039396985 	-9.0098446e-05 	-0.0037835188 	0.1210817
0.003959799 	-0.00012128638 	-0.0018701069 	0.069311014
0.0039798995 	-4.0406045e-05 	-0.00034411468 	0.022314321
0.004 	-4.0406045e-05 	-0.00034411468 	0.022314321
