0 	0.023354953 	0.060416962 	0.993383
2.0100503e-05 	0.062456872 	-0.020512495 	0.99590678
4.0201005e-05 	0.062456872 	-0.020512495 	0.99590678
6.0301508e-05 	0.049432843 	-0.045269514 	0.99830911
8.040201e-05 	0.049432843 	-0.045269514 	0.99830911
0.00010050251 	0.049432843 	-0.045269514 	0.99830911
0.00012060302 	0.045627487 	-0.050960762 	1.0007476
0.00014070352 	0.045627487 	-0.050960762 	1.0007476
0.00016080402 	0.045627487 	-0.050960762 	1.0007476
0.00018090452 	0.044166508 	-0.053957008 	1.0032849
0.00020100503 	0.044166508 	-0.053957008 	1.0032849
0.00022110553 	0.044166508 	-0.053957008 	1.0032849
0.00024120603 	0.043169691 	-0.056384676 	1.0058289
0.00026130653 	0.043169691 	-0.056384676 	1.0058289
0.00028140704 	0.042125927 	-0.058829625 	1.0079934
0.00030150754 	0.042125927 	-0.058829625 	1.0079934
0.00032160804 	0.042125927 	-0.058829625 	1.0079934
0.00034170854 	0.040810585 	-0.061514474 	1.0089906
0.00036180905 	0.040810585 	-0.061514474 	1.0089906
0.00038190955 	0.040810585 	-0.061514474 	1.0089906
0.00040201005 	0.038916852 	-0.064333587 	1.0079066
0.00042211055 	0.038916852 	-0.064333587 	1.0079066
0.00044221106 	0.038916852 	-0.064333587 	1.0079066
0.00046231156 	0.036025056 	-0.06673088 	1.0043988
0.00048241206 	0.036025056 	-0.06673088 	1.0043988
0.00050251256 	0.031848072 	-0.067841763 	0.99907413
0.00052261307 	0.031848072 	-0.067841763 	0.99907413
0.00054271357 	0.031848072 	-0.067841763 	0.99907413
0.00056281407 	0.026470582 	-0.066915008 	0.99309757
0.00058291457 	0.026470582 	-0.066915008 	0.99309757
0.00060301508 	0.026470582 	-0.066915008 	0.99309757
0.00062311558 	0.020331674 	-0.063666189 	0.98754355
0.00064321608 	0.020331674 	-0.063666189 	0.98754355
0.00066331658 	0.020331674 	-0.063666189 	0.98754355
0.00068341709 	0.014030331 	-0.058368796 	0.98300308
0.00070351759 	0.014030331 	-0.058368796 	0.98300308
0.00072361809 	0.0080876062 	-0.051783215 	0.97946179
0.00074371859 	0.0080876062 	-0.051783215 	0.97946179
0.0007638191 	0.0080876062 	-0.051783215 	0.97946179
0.0007839196 	0.0027598784 	-0.045025897 	0.97637019
0.0008040201 	0.0027598784 	-0.045025897 	0.97637019
0.0008241206 	0.0027598784 	-0.045025897 	0.97637019
0.00084422111 	-0.0019681819 	-0.039340281 	0.97301708
0.00086432161 	-0.0019681819 	-0.039340281 	0.97301708
0.00088442211 	-0.0019681819 	-0.039340281 	0.97301708
0.00090452261 	-0.0060550497 	-0.035663943 	0.96914905
0.00092462312 	-0.0060550497 	-0.035663943 	0.96914905
0.00094472362 	-0.0090582935 	-0.03419129 	0.96550643
0.00096482412 	-0.0090582935 	-0.03419129 	0.96550643
0.00098492462 	-0.0090582935 	-0.03419129 	0.96550643
0.0010050251 	-0.010415896 	-0.034229126 	0.9637695
0.0010251256 	-0.010415896 	-0.034229126 	0.9637695
0.0010452261 	-0.010415896 	-0.034229126 	0.9637695
0.0010653266 	-0.0090656238 	-0.034371043 	0.96647762
0.0010854271 	-0.0090656238 	-0.034371043 	0.96647762
0.0011055276 	-0.011075681 	-0.036348195 	0.95764575
0.0011256281 	-0.0077110257 	-0.036710691 	0.96349991
0.0011457286 	-0.0077110257 	-0.036710691 	0.96349991
0.0011658291 	-0.0077110257 	-0.036710691 	0.96349991
0.0011859296 	-0.0024503677 	-0.034474504 	0.97244327
0.0012060302 	0.0010851352 	-0.028779095 	0.98426489
0.0012261307 	0.0010851352 	-0.028779095 	0.98426489
0.0012462312 	0.0081383905 	-0.022114125 	0.99561022
0.0012663317 	0.0081383905 	-0.022114125 	0.99561022
0.0012864322 	0.0081383905 	-0.022114125 	0.99561022
0.0013065327 	0.015189856 	-0.013937019 	1.0058968
0.0013266332 	0.015189856 	-0.013937019 	1.0058968
0.0013467337 	0.015189856 	-0.013937019 	1.0058968
0.0013668342 	0.018385562 	-0.01351481 	1.0055742
0.0013869347 	0.02133905 	-0.0057157198 	1.0134568
0.0014070352 	0.02133905 	-0.0057157198 	1.0134568
0.0014271357 	0.025898826 	0.00123888 	1.0173819
0.0014472362 	0.025898826 	0.00123888 	1.0173819
0.0014673367 	0.024650094 	-0.0055704287 	1.0142763
0.0014874372 	0.02856764 	0.0061235306 	1.0177378
0.0015075377 	0.02856764 	0.0061235306 	1.0177378
0.0015276382 	0.029421943 	0.0087746598 	1.0153068
0.0015477387 	0.029421943 	0.0087746598 	1.0153068
0.0015678392 	0.029421943 	0.0087746598 	1.0153068
0.0015879397 	0.03493772 	0.009038751 	1.0229801
0.0016080402 	0.028818494 	0.0095303835 	1.0111892
0.0016281407 	0.028818494 	0.0095303835 	1.0111892
0.0016482412 	0.027255167 	0.0089908817 	1.006495
0.0016683417 	0.027255167 	0.0089908817 	1.006495
0.0016884422 	0.025236963 	0.0077543502 	1.0022145
0.0017085427 	0.025236963 	0.0077543502 	1.0022145
0.0017286432 	0.025236963 	0.0077543502 	1.0022145
0.0017487437 	0.02316436 	0.0062444213 	0.99916531
0.0017688442 	0.02316436 	0.0062444213 	0.99916531
0.0017889447 	0.02316436 	0.0062444213 	0.99916531
0.0018090452 	0.02129683 	0.0046724177 	0.997938
0.0018291457 	0.02129683 	0.0046724177 	0.997938
0.0018492462 	0.019755182 	0.0031106397 	0.99883038
0.0018693467 	0.019755182 	0.0031106397 	0.99883038
0.0018894472 	0.019755182 	0.0031106397 	0.99883038
0.0019095477 	0.018556484 	0.0016065094 	1.0017752
0.0019296482 	0.018556484 	0.0016065094 	1.0017752
0.0019497487 	0.017658936 	0.00026376624 	1.0063077
0.0019698492 	0.017658936 	0.00026376624 	1.0063077
0.0019899497 	0.016998992 	-0.00074922724 	1.0116214
0.0020100503 	0.016998992 	-0.00074922724 	1.0116214
0.0020301508 	0.016998992 	-0.00074922724 	1.0116214
0.0020502513 	0.016532703 	-0.0012615698 	1.0167394
0.0020703518 	0.016532703 	-0.0012615698 	1.0167394
0.0020904523 	0.016250432 	-0.0011588373 	1.0207578
0.0021105528 	0.016250432 	-0.0011588373 	1.0207578
0.0021306533 	0.016250432 	-0.0011588373 	1.0207578
0.0021507538 	0.016143106 	-0.00043422378 	1.0230545
0.0021708543 	0.016143106 	-0.00043422378 	1.0230545
0.0021909548 	0.016172406 	0.00082290739 	1.0233512
0.0022110553 	0.016172406 	0.00082290739 	1.0233512
0.0022311558 	0.016250937 	0.0024598406 	1.02167
0.0022512563 	0.016250937 	0.0024598406 	1.02167
0.0022713568 	0.016221401 	0.0042672361 	1.0182339
0.0022914573 	0.016221401 	0.0042672361 	1.0182339
0.0023115578 	0.016221401 	0.0042672361 	1.0182339
0.0023316583 	0.015879987 	0.0059594915 	1.0133929
0.0023517588 	0.015879987 	0.0059594915 	1.0133929
0.0023718593 	0.015019253 	0.0071006527 	1.0075586
0.0023919598 	0.015019253 	0.0071006527 	1.0075586
0.0024120603 	0.013477443 	0.0070982703 	1.0011389
0.0024321608 	0.013477443 	0.0070982703 	1.0011389
0.0024522613 	0.011209454 	0.0053757745 	0.99445666
0.0024723618 	0.011209454 	0.0053757745 	0.99445666
0.0024924623 	0.0083536952 	0.0017415391 	0.98766073
0.0025125628 	0.0083536952 	0.0017415391 	0.98766073
0.0025326633 	0.0052906319 	-0.0032468069 	0.98069558
0.0025527638 	0.0052906319 	-0.0032468069 	0.98069558
0.0025728643 	0.002505791 	-0.0082187103 	0.97333951
0.0025929648 	0.002505791 	-0.0082187103 	0.97333951
0.0026130653 	0.00039908999 	-0.011494915 	0.96541072
0.0026331658 	0.00039908999 	-0.011494915 	0.96541072
0.0026532663 	-0.00078032005 	-0.011981406 	0.95694495
0.0026733668 	-0.00078032005 	-0.011981406 	0.95694495
0.0026934673 	-0.00097482933 	-0.0098153611 	0.94843769
0.0027135678 	-0.00097482933 	-0.0098153611 	0.94843769
0.0027336683 	-0.00032808188 	-0.0063440753 	0.9410254
0.0027537688 	-0.00032808188 	-0.0063440753 	0.9410254
0.0027738693 	0.00084753454 	-0.0033422768 	0.93642732
0.0027939698 	0.00084753454 	-0.0033422768 	0.93642732
0.0028140704 	0.0019473887 	-0.0020412052 	0.93644287
0.0028341709 	0.0019473887 	-0.0020412052 	0.93644287
0.0028542714 	0.0022563822 	-0.0027851635 	0.94199933
0.0028743719 	0.0014030862 	-0.0053177683 	0.95213736
0.0028944724 	0.0014030862 	-0.0053177683 	0.95213736
0.0029145729 	-0.00036418192 	-0.0091098139 	0.96396353
0.0029346734 	-0.00036418192 	-0.0091098139 	0.96396353
0.0029547739 	-0.0022893006 	-0.013550481 	0.97396297
0.0029748744 	-0.0022893006 	-0.013550481 	0.97396297
0.0029949749 	-0.0036288986 	-0.018044962 	0.97951957
0.0030150754 	-0.0038774235 	-0.022097155 	0.97945816
0.0030351759 	-0.0038774235 	-0.022097155 	0.97945816
0.0030552764 	-0.0028549681 	-0.025349424 	0.97383873
0.0030753769 	-0.0028549681 	-0.025349424 	0.97383873
0.0030954774 	-0.00069558725 	-0.027537792 	0.96342475
0.0031155779 	0.0022562126 	-0.028521818 	0.94931097
0.0031356784 	0.0022562126 	-0.028521818 	0.94931097
0.0031557789 	0.0055684001 	-0.028281195 	0.93260654
0.0031758794 	0.0055684001 	-0.028281195 	0.93260654
0.0031959799 	0.0088783904 	-0.026899372 	0.91433381
0.0032160804 	0.01184107 	-0.024554607 	0.89534392
0.0032361809 	0.01184107 	-0.024554607 	0.89534392
0.0032562814 	0.014121325 	-0.021417356 	0.8763246
0.0032763819 	0.015454231 	-0.01764288 	0.85783846
0.0032964824 	0.015454231 	-0.01764288 	0.85783846
0.0033165829 	0.015702982 	-0.013291731 	0.8403871
0.0033366834 	0.014865615 	-0.0083819663 	0.82440352
0.0033567839 	0.014865615 	-0.0083819663 	0.82440352
0.0033768844 	0.013083444 	-0.0029126491 	0.8101816
0.0033969849 	0.010629832 	0.0030663493 	0.79773276
0.0034170854 	0.010629832 	0.0030663493 	0.79773276
0.0034371859 	0.0078653747 	0.0093902408 	0.78667429
0.0034572864 	0.005157514 	0.01576429 	0.77624451
0.0034773869 	0.0027985607 	0.021800366 	0.76547334
0.0034974874 	0.0027985607 	0.021800366 	0.76547334
0.0035175879 	0.00096791841 	0.027095343 	0.75342794
0.0035376884 	-0.00028353669 	0.031319984 	0.73941238
0.0035577889 	-0.0010127977 	0.034277293 	0.72303503
0.0035778894 	-0.0010127977 	0.034277293 	0.72303503
0.0035979899 	-0.0013258323 	0.035908541 	0.70413536
0.0036180905 	-0.0013339746 	0.036254153 	0.68262781
0.003638191 	-0.001133855 	0.035400297 	0.6583582
0.0036582915 	-0.001133855 	0.035400297 	0.6583582
0.003678392 	-0.00079344948 	0.033443751 	0.63104418
0.0036984925 	-0.00036017278 	0.030497295 	0.60031534
0.003718593 	0.00012819351 	0.02672949 	0.56584298
0.0037386935 	0.00063425505 	0.022406593 	0.52749068
0.003758794 	0.0011131938 	0.017894587 	0.48543844
0.0037788945 	0.0011131938 	0.017894587 	0.48543844
0.003798995 	0.0015184579 	0.013600016 	0.44022754
0.0038190955 	0.0018112822 	0.0098717657 	0.39271012
0.003839196 	0.0019648105 	0.0069174868 	0.34391483
0.0038592965 	0.0019654385 	0.0047767215 	0.29486253
0.003879397 	0.0018148866 	0.0033616117 	0.24638359
0.0038994975 	0.0015296491 	0.0025119552 	0.19899694
0.003919598 	0.00114362 	0.0020390489 	0.15289165
0.0039396985 	0.00071199649 	0.0017379312 	0.1080055
0.003959799 	0.0003129886 	0.001372169 	0.064158875
0.0039798995 	3.7883047e-05 	0.00066373036 	0.021191975
0.004 	3.7883047e-05 	0.00066373036 	0.021191975
