0 	0.047187165 	-0.018289547 	1.0161618
2.0100503e-05 	0.023201658 	0.049449215 	1.0094962
4.0201005e-05 	0.023201658 	0.049449215 	1.0094962
6.0301508e-05 	0.001672221 	0.058042064 	1.004376
8.040201e-05 	0.001672221 	0.058042064 	1.004376
0.00010050251 	0.001672221 	0.058042064 	1.004376
0.00012060302 	-0.0031927517 	0.060699551 	1.0009854
0.00014070352 	-0.0031927517 	0.060699551 	1.0009854
0.00016080402 	-0.0031927517 	0.060699551 	1.0009854
0.00018090452 	-0.0044548803 	0.062609373 	0.99930416
0.00020100503 	-0.0044548803 	0.062609373 	0.99930416
0.00022110553 	-0.0044548803 	0.062609373 	0.99930416
0.00024120603 	-0.0042752566 	0.063979475 	0.99914633
0.00026130653 	-0.0042752566 	0.063979475 	0.99914633
0.00028140704 	-0.0031658911 	0.064923474 	1.0001976
0.00030150754 	-0.0031658911 	0.064923474 	1.0001976
0.00032160804 	-0.0031658911 	0.064923474 	1.0001976
0.00034170854 	-0.0012556887 	0.065553602 	1.0020352
0.00036180905 	-0.0012556887 	0.065553602 	1.0020352
0.00038190955 	-0.0012556887 	0.065553602 	1.0020352
0.00040201005 	0.0014220303 	0.065926487 	1.0041294
0.00042211055 	0.0014220303 	0.065926487 	1.0041294
0.00044221106 	0.0014220303 	0.065926487 	1.0041294
0.00046231156 	0.0048197395 	0.066020954 	1.0058637
0.00048241206 	0.0048197395 	0.066020954 	1.0058637
0.00050251256 	0.0088357583 	0.06570034 	1.006583
0.00052261307 	0.0088357583 	0.06570034 	1.006583
0.00054271357 	0.0088357583 	0.06570034 	1.006583
0.00056281407 	0.013302854 	0.064717164 	1.0057063
0.00058291457 	0.013302854 	0.064717164 	1.0057063
0.00060301508 	0.013302854 	0.064717164 	1.0057063
0.00062311558 	0.017941264 	0.062741906 	1.0028873
0.00064321608 	0.017941264 	0.062741906 	1.0028873
0.00066331658 	0.017941264 	0.062741906 	1.0028873
0.00068341709 	0.022350989 	0.059436643 	0.99815463
0.00070351759 	0.022350989 	0.059436643 	0.99815463
0.00072361809 	0.026089123 	0.054593484 	0.99194212
0.00074371859 	0.026089123 	0.054593484 	0.99194212
0.0007638191 	0.026089123 	0.054593484 	0.99194212
0.0007839196 	0.028761572 	0.048266007 	0.9849564
0.0008040201 	0.028761572 	0.048266007 	0.9849564
0.0008241206 	0.028761572 	0.048266007 	0.9849564
0.00084422111 	0.030179015 	0.040839362 	0.977967
0.00086432161 	0.030179015 	0.040839362 	0.977967
0.00088442211 	0.030179015 	0.040839362 	0.977967
0.00090452261 	0.030230902 	0.032873923 	0.97162738
0.00092462312 	0.030230902 	0.032873923 	0.97162738
0.00094472362 	0.029119446 	0.025112781 	0.96639799
0.00096482412 	0.029119446 	0.025112781 	0.96639799
0.00098492462 	0.029119446 	0.025112781 	0.96639799
0.0010050251 	0.026708374 	0.014320478 	0.95580535
0.0010251256 	0.026708374 	0.014320478 	0.95580535
0.0010452261 	0.026708374 	0.014320478 	0.95580535
0.0010653266 	0.023344305 	0.0063604265 	0.95324404
0.0010854271 	0.023439181 	0.010835957 	0.95980085
0.0011055276 	0.023439181 	0.010835957 	0.95980085
0.0011256281 	0.019577443 	0.0054191285 	0.95833079
0.0011457286 	0.019577443 	0.0054191285 	0.95833079
0.0011658291 	0.019577443 	0.0054191285 	0.95833079
0.0011859296 	0.015160691 	-0.0051644667 	0.95079961
0.0012060302 	0.015160691 	-0.0051644667 	0.95079961
0.0012261307 	0.015160691 	-0.0051644667 	0.95079961
0.0012462312 	0.010831025 	-0.009244803 	0.94919277
0.0012663317 	0.010831025 	-0.009244803 	0.94919277
0.0012864322 	0.010831025 	-0.009244803 	0.94919277
0.0013065327 	0.0064010321 	-0.012627661 	0.94705897
0.0013266332 	0.0064010321 	-0.012627661 	0.94705897
0.0013467337 	0.0064010321 	-0.012627661 	0.94705897
0.0013668342 	0.0019121315 	-0.01560609 	0.94512672
0.0013869347 	0.0019121315 	-0.01560609 	0.94512672
0.0014070352 	0.0019121315 	-0.01560609 	0.94512672
0.0014271357 	-0.002511495 	-0.018365453 	0.94422681
0.0014472362 	-0.002511495 	-0.018365453 	0.94422681
0.0014673367 	-0.002511495 	-0.018365453 	0.94422681
0.0014874372 	-0.0066654885 	-0.020931015 	0.94461646
0.0015075377 	-0.0066654885 	-0.020931015 	0.94461646
0.0015276382 	-0.010362453 	-0.023254921 	0.94580057
0.0015477387 	-0.010362453 	-0.023254921 	0.94580057
0.0015678392 	-0.010362453 	-0.023254921 	0.94580057
0.0015879397 	-0.01352174 	-0.025335241 	0.94688793
0.0016080402 	-0.01352174 	-0.025335241 	0.94688793
0.0016281407 	-0.01352174 	-0.025335241 	0.94688793
0.0016482412 	-0.01616627 	-0.027251555 	0.94708401
0.0016683417 	-0.01616627 	-0.027251555 	0.94708401
0.0016884422 	-0.018389919 	-0.02913811 	0.9460232
0.0017085427 	-0.018389919 	-0.02913811 	0.9460232
0.0017286432 	-0.018389919 	-0.02913811 	0.9460232
0.0017487437 	-0.020303812 	-0.031151033 	0.9438285
0.0017688442 	-0.020303812 	-0.031151033 	0.9438285
0.0017889447 	-0.020303812 	-0.031151033 	0.9438285
0.0018090452 	-0.021983997 	-0.033425128 	0.94095825
0.0018291457 	-0.021983997 	-0.033425128 	0.94095825
0.0018492462 	-0.023460231 	-0.036045652 	0.93795731
0.0018693467 	-0.023460231 	-0.036045652 	0.93795731
0.0018894472 	-0.023460231 	-0.036045652 	0.93795731
0.0019095477 	-0.024736487 	-0.039040565 	0.93526671
0.0019296482 	-0.024736487 	-0.039040565 	0.93526671
0.0019497487 	-0.025811135 	-0.042383516 	0.93314751
0.0019698492 	-0.025811135 	-0.042383516 	0.93314751
0.0019899497 	-0.025811135 	-0.042383516 	0.93314751
0.0020100503 	-0.026696729 	-0.046003115 	0.93169493
0.0020301508 	-0.026696729 	-0.046003115 	0.93169493
0.0020502513 	-0.027423533 	-0.049792069 	0.93088775
0.0020703518 	-0.027423533 	-0.049792069 	0.93088775
0.0020904523 	-0.028034661 	-0.053616187 	0.93063861
0.0021105528 	-0.028034661 	-0.053616187 	0.93063861
0.0021306533 	-0.028034661 	-0.053616187 	0.93063861
0.0021507538 	-0.02858025 	-0.05733213 	0.9308313
0.0021708543 	-0.02858025 	-0.05733213 	0.9308313
0.0021909548 	-0.02910587 	-0.060804775 	0.9313491
0.0022110553 	-0.02910587 	-0.060804775 	0.9313491
0.0022311558 	-0.029638784 	-0.063912503 	0.93209838
0.0022512563 	-0.029638784 	-0.063912503 	0.93209838
0.0022713568 	-0.03016817 	-0.066537561 	0.93302492
0.0022914573 	-0.03016817 	-0.066537561 	0.93302492
0.0023115578 	-0.03016817 	-0.066537561 	0.93302492
0.0023316583 	-0.030624129 	-0.068528757 	0.93411267
0.0023517588 	-0.030624129 	-0.068528757 	0.93411267
0.0023718593 	-0.030879068 	-0.069664965 	0.93534682
0.0023919598 	-0.030879068 	-0.069664965 	0.93534682
0.0024120603 	-0.030782466 	-0.06965881 	0.93663808
0.0024321608 	-0.030782466 	-0.06965881 	0.93663808
0.0024522613 	-0.030232138 	-0.06823525 	0.93774415
0.0024723618 	-0.030232138 	-0.06823525 	0.93774415
0.0024924623 	-0.029244174 	-0.065271142 	0.93825559
0.0025125628 	-0.029244174 	-0.065271142 	0.93825559
0.0025326633 	-0.027971943 	-0.060914543 	0.93768022
0.0025527638 	-0.027971943 	-0.060914543 	0.93768022
0.0025728643 	-0.026660824 	-0.055618415 	0.93556925
0.0025929648 	-0.026660824 	-0.055618415 	0.93556925
0.0026130653 	-0.02556935 	-0.050049149 	0.93160619
0.0026331658 	-0.02556935 	-0.050049149 	0.93160619
0.0026532663 	-0.024871979 	-0.044873773 	0.92562339
0.0026733668 	-0.024871979 	-0.044873773 	0.92562339
0.0026934673 	-0.024576346 	-0.040491717 	0.91756408
0.0027135678 	-0.024576346 	-0.040491717 	0.91756408
0.0027336683 	-0.024500565 	-0.036852866 	0.90746689
0.0027537688 	-0.024500565 	-0.036852866 	0.90746689
0.0027738693 	-0.024317779 	-0.033512618 	0.89550707
0.0027939698 	-0.024317779 	-0.033512618 	0.89550707
0.0028140704 	-0.023649408 	-0.029915773 	0.88204434
0.0028341709 	-0.023649408 	-0.029915773 	0.88204434
0.0028542714 	-0.022187042 	-0.025711993 	0.86761168
0.0028743719 	-0.01980543 	-0.020835745 	0.85281502
0.0028944724 	-0.01980543 	-0.020835745 	0.85281502
0.0029145729 	-0.016597305 	-0.015451016 	0.8382219
0.0029346734 	-0.016597305 	-0.015451016 	0.8382219
0.0029547739 	-0.012770168 	-0.0098336455 	0.82430226
0.0029748744 	-0.012770168 	-0.0098336455 	0.82430226
0.0029949749 	-0.0085947492 	-0.0042827838 	0.81141387
0.0030150754 	-0.0043606804 	0.00091529777 	0.79982897
0.0030351759 	-0.0043606804 	0.00091529777 	0.79982897
0.0030552764 	-0.00030008048 	0.0055385205 	0.78969759
0.0030753769 	-0.00030008048 	0.0055385205 	0.78969759
0.0030954774 	0.0034074037 	0.0094242058 	0.78109125
0.0031155779 	0.0066385485 	0.012464531 	0.77402214
0.0031356784 	0.0066385485 	0.012464531 	0.77402214
0.0031557789 	0.0093181793 	0.014601074 	0.76846042
0.0031758794 	0.0093181793 	0.014601074 	0.76846042
0.0031959799 	0.011414013 	0.01582077 	0.76432646
0.0032160804 	0.012924836 	0.01615793 	0.76147614
0.0032361809 	0.012924836 	0.01615793 	0.76147614
0.0032562814 	0.013877811 	0.015693645 	0.75968227
0.0032763819 	0.014323645 	0.014555113 	0.75862575
0.0032964824 	0.014323645 	0.014555113 	0.75862575
0.0033165829 	0.014331164 	0.012905521 	0.75791223
0.0033366834 	0.013981191 	0.010921128 	0.75712504
0.0033567839 	0.013981191 	0.010921128 	0.75712504
0.0033768844 	0.013359552 	0.0087593233 	0.75590828
0.0033969849 	0.012548982 	0.0065242816 	0.75405262
0.0034170854 	0.012548982 	0.0065242816 	0.75405262
0.0034371859 	0.011619423 	0.0042424039 	0.75154336
0.0034572864 	0.010642663 	0.0018600363 	0.74853657
0.0034773869 	0.0096834762 	-0.00072699429 	0.74527573
0.0034974874 	0.0096834762 	-0.00072699429 	0.74527573
0.0035175879 	0.0087709751 	-0.0036420736 	0.74195364
0.0035376884 	0.0079190864 	-0.0069839955 	0.73861998
0.0035577889 	0.0071474033 	-0.010790971 	0.73512686
0.0035778894 	0.0071474033 	-0.010790971 	0.73512686
0.0035979899 	0.0064708872 	-0.01501429 	0.73113409
0.0036180905 	0.0059001168 	-0.019509481 	0.72614787
0.003638191 	0.0054394656 	-0.024039599 	0.71957073
0.0036582915 	0.0054394656 	-0.024039599 	0.71957073
0.003678392 	0.0050859658 	-0.028291979 	0.71074302
0.0036984925 	0.0048261917 	-0.031909816 	0.69896574
0.003718593 	0.0046330531 	-0.034540252 	0.68350222
0.0037386935 	0.0044650496 	-0.035897963 	0.6635626
0.003758794 	0.0042707864 	-0.035834401 	0.63828514
0.0037788945 	0.0042707864 	-0.035834401 	0.63828514
0.003798995 	0.0040000869 	-0.034390731 	0.60674826
0.0038190955 	0.0036192158 	-0.031805662 	0.56806171
0.003839196 	0.003123683 	-0.02845937 	0.52156641
0.0038592965 	0.0025413686 	-0.024763741 	0.46710119
0.003879397 	0.001923546 	-0.021042306 	0.40521047
0.0038994975 	0.0013288492 	-0.017454032 	0.33715298
0.003919598 	0.00080883153 	-0.013988549 	0.26466961
0.0039396985 	0.00040136526 	-0.010511468 	0.1896113
0.003959799 	0.0001302014 	-0.0068078426 	0.11359216
0.0039798995 	7.4760751e-06 	-0.0025843936 	0.037766253
0.004 	7.4760751e-06 	-0.0025843936 	0.037766253
