0 	0.014391984 	-0.014300275 	1.0653563
5.5555556e-05 	-0.013249404 	-0.0087409028 	1.0654036
0.00011111111 	-0.011732928 	-0.0075861598 	1.0642788
0.00016666667 	-0.010118431 	-0.0068071688 	1.0630254
0.00022222222 	-0.0087715999 	-0.005599718 	1.0616187
0.00027777778 	-0.0077477825 	-0.0039205687 	1.0599268
0.00033333333 	-0.0070948221 	-0.0020141716 	1.0580885
0.00038888889 	-0.0068702047 	-0.00013988732 	1.0564883
0.00044444444 	-0.0070802342 	0.001574125 	1.0554723
0.0005 	-0.0076321892 	0.0031303408 	1.0551742
0.00055555556 	-0.0083504258 	0.0045886239 	1.0555423
0.00061111111 	-0.0090218075 	0.0060007173 	1.0564172
0.00066666667 	-0.0094392492 	0.0073898452 	1.0575421
0.00072222222 	-0.0094386852 	0.0087583347 	1.0585593
0.00077777778 	-0.0089304239 	0.010117841 	1.0590888
0.00083333333 	-0.0079443628 	0.01151304 	1.0588695
0.00088888889 	-0.0066433689 	0.013047868 	1.0578151
0.00094444444 	-0.0052802328 	0.014892492 	1.0558795
0.001 	-0.0040047679 	0.01731232 	1.0527264
0.0010617224 	-0.0031446635 	0.020359889 	1.0477907
0.0011225923 	-0.002936356 	0.02365613 	1.0410189
0.0011826215 	-0.0033751113 	0.026790595 	1.0327211
0.0012418217 	-0.0043317155 	0.029347784 	1.0236459
0.0013002041 	-0.0055865515 	0.031158592 	1.0146193
0.0013577803 	-0.0068949655 	0.032374244 	1.0061549
0.0014145612 	-0.0080859421 	0.033407526 	0.99838503
0.0014705579 	-0.0091074148 	0.03473361 	0.99124673
0.0015257812 	-0.010001192 	0.03666855 	0.98468071
0.0015802418 	-0.01083919 	0.039239419 	0.97870466
0.0016339502 	-0.011681619 	0.042221911 	0.97339102
0.0016869168 	-0.012567489 	0.045285505 	0.96883
0.0017391518 	-0.013523656 	0.048155299 	0.96511009
0.0017906654 	-0.014575523 	0.050704151 	0.96231692
0.0018414676 	-0.015741021 	0.052951711 	0.96052533
0.0018915681 	-0.017002575 	0.054992098 	0.9597643
0.0019409766 	-0.018272188 	0.05690114 	0.95996559
0.0019897027 	-0.019374657 	0.058675311 	0.96092795
0.0020377558 	-0.020064642 	0.060220389 	0.96232613
0.0020851453 	-0.020062819 	0.06138193 	0.96375774
0.0021318802 	-0.01911632 	0.061984562 	0.9648145
0.0021779697 	-0.017038463 	0.061868061 	0.96513119
0.0022234225 	-0.013730846 	0.060912069 	0.96441968
0.0022682477 	-0.0091765823 	0.05903905 	0.9624839
0.0023124537 	-0.0034422953 	0.05622464 	0.95923307
0.0023560491 	0.0033081069 	0.052497436 	0.9546656
0.0023990425 	0.010872369 	0.047939583 	0.94885305
0.002441442 	0.019043311 	0.042675486 	0.94193453
0.002483256 	0.027578714 	0.036865237 	0.93410692
0.0025244924 	0.036228427 	0.03068441 	0.92557956
0.0025651593 	0.044764485 	0.024343952 	0.9165855
0.0026052645 	0.052969365 	0.018053202 	0.90734549
0.0026448158 	0.060658955 	0.012020565 	0.89806427
0.0026838209 	0.067622478 	0.0064385006 	0.88894885
0.0027222872 	0.073684974 	0.0014907919 	0.88018934
0.0027602223 	0.078739988 	-0.0026745839 	0.87199825
0.0027976334 	0.082675254 	-0.0059400746 	0.8645805
0.0028345278 	0.085414762 	-0.0082095885 	0.85811127
0.0028709126 	0.086924997 	-0.0093936715 	0.85273384
0.002906795 	0.08725426 	-0.009394781 	0.84847263
0.0029421817 	0.086502672 	-0.0081201196 	0.84521715
0.0029770797 	0.084843033 	-0.0055124875 	0.8426747
0.0030114957 	0.082509566 	-0.0016096309 	0.84043395
0.0030454363 	0.079711911 	0.0034004785 	0.83805126
0.0030789082 	0.076671507 	0.0091725446 	0.83520538
0.0031119178 	0.073517639 	0.015221485 	0.83181706
0.0031444715 	0.070161761 	0.020956973 	0.82805509
0.0031765755 	0.066304006 	0.025724348 	0.82423316
0.0032082362 	0.061513807 	0.028991024 	0.82065086
0.0032394596 	0.055366347 	0.030813503 	0.8175255
0.0032702517 	0.047586223 	0.032346812 	0.81500349
0.0033006186 	0.038155118 	0.035708485 	0.81312077
0.003330566 	0.027393836 	0.042717345 	0.81156071
0.0033600998 	0.016023038 	0.053230193 	0.80912981
0.0033892257 	0.0052206933 	0.064570012 	0.80324482
0.0034179494 	-0.0036854522 	0.072651315 	0.79016404
0.0034462763 	-0.0094021204 	0.073877649 	0.76648925
0.003474212 	-0.01120124 	0.066546053 	0.73119762
0.0035017619 	-0.0093843028 	0.051267606 	0.68661523
0.0035289312 	-0.0049847167 	0.030526302 	0.63737187
0.0035557253 	0.00058907811 	0.007719891 	0.58834261
0.0035821494 	0.0060670808 	-0.01386609 	0.5430294
0.0036082084 	0.010600702 	-0.031735453 	0.50316244
0.0036339076 	0.013732276 	-0.044471047 	0.46921928
0.0036592518 	0.015318042 	-0.051654541 	0.44106379
0.003684246 	0.015442148 	-0.05360484 	0.41831621
0.003708895 	0.01433446 	-0.051077394 	0.40033931
0.0037332035 	0.012304717 	-0.045024394 	0.38603139
0.0037571763 	0.009695593 	-0.036456786 	0.37368554
0.003780818 	0.006848669 	-0.026391979 	0.36108904
0.0038041332 	0.0040795118 	-0.015834402 	0.34586033
0.0038271264 	0.0016605932 	-0.005742408 	0.32588566
0.0038498019 	-0.00018869734 	0.0030280692 	0.29969635
0.0038721643 	-0.0013450654 	0.0097844189 	0.26669478
0.0038942179 	-0.0017912116 	0.014043014 	0.22720164
0.0039159668 	-0.0016297356 	0.015565486 	0.18223901
0.0039374154 	-0.0010879651 	0.01434654 	0.13319545
0.0039585677 	-0.00045932631 	0.010563402 	0.081397901
0.0039794279 	-4.9369603e-05 	0.0044030719 	0.027764568
0.004 	-4.9369603e-05 	0.0044030719 	0.027764568
