0 	0.033513871 	0.0059202805 	1.0034971
2.0100503e-05 	0.033513871 	0.0059202805 	1.0034971
4.0201005e-05 	0.033513871 	0.0059202805 	1.0034971
6.0301508e-05 	0.025799021 	0.02615875 	1.0083045
8.040201e-05 	0.025799021 	0.02615875 	1.0083045
0.00010050251 	0.025799021 	0.02615875 	1.0083045
0.00012060302 	0.019873399 	0.033590673 	1.012878
0.00014070352 	0.019873399 	0.033590673 	1.012878
0.00016080402 	0.019873399 	0.033590673 	1.012878
0.00018090452 	0.015256948 	0.037568418 	1.0171655
0.00020100503 	0.0048743864 	0.036463075 	1.0172131
0.00022110553 	0.0048743864 	0.036463075 	1.0172131
0.00024120603 	0.0033606481 	0.037077395 	1.021213
0.00026130653 	0.0033606481 	0.037077395 	1.021213
0.00028140704 	0.0082888911 	0.039824612 	1.0242969
0.00030150754 	0.0082888911 	0.039824612 	1.0242969
0.00032160804 	0.0082888911 	0.039824612 	1.0242969
0.00034170854 	0.0056500209 	0.038865454 	1.0266616
0.00036180905 	0.0056500209 	0.038865454 	1.0266616
0.00038190955 	0.0056500209 	0.038865454 	1.0266616
0.00040201005 	0.0033684124 	0.036882349 	1.0277332
0.00042211055 	0.0033684124 	0.036882349 	1.0277332
0.00044221106 	0.0033684124 	0.036882349 	1.0277332
0.00046231156 	0.0012663296 	0.034228896 	1.0269608
0.00048241206 	0.0012663296 	0.034228896 	1.0269608
0.00050251256 	-0.00076199723 	0.031438864 	1.0237932
0.00052261307 	-0.00076199723 	0.031438864 	1.0237932
0.00054271357 	-0.00076199723 	0.031438864 	1.0237932
0.00056281407 	-0.0026536501 	0.029149963 	1.0180811
0.00058291457 	-0.0026536501 	0.029149963 	1.0180811
0.00060301508 	-0.0026536501 	0.029149963 	1.0180811
0.00062311558 	-0.0051528202 	0.024251478 	1.0131901
0.00064321608 	-0.0051528202 	0.024251478 	1.0131901
0.00066331658 	-0.0051528202 	0.024251478 	1.0131901
0.00068341709 	-0.0049489063 	0.027730091 	1.0024475
0.00070351759 	-0.0049489063 	0.027730091 	1.0024475
0.00072361809 	-0.0048521887 	0.028485947 	0.99565856
0.00074371859 	-0.0048521887 	0.028485947 	0.99565856
0.0007638191 	-0.0048521887 	0.028485947 	0.99565856
0.0007839196 	-0.0038567333 	0.029719651 	0.99123227
0.0008040201 	-0.0038567333 	0.029719651 	0.99123227
0.0008241206 	-0.0038567333 	0.029719651 	0.99123227
0.00084422111 	-0.0020350864 	0.030927122 	0.98943206
0.00086432161 	-0.003135133 	0.028844761 	0.98777344
0.00088442211 	-0.003135133 	0.028844761 	0.98777344
0.00090452261 	0.00055499083 	0.031609352 	0.98995925
0.00092462312 	0.00055499083 	0.031609352 	0.98995925
0.00094472362 	0.0038556739 	0.031413516 	0.99230936
0.00096482412 	0.0038556739 	0.031413516 	0.99230936
0.00098492462 	0.0028592984 	0.030925515 	0.98836902
0.0010050251 	0.0072150246 	0.030553946 	0.9912926
0.0010251256 	0.0072150246 	0.030553946 	0.9912926
0.0010452261 	0.0072150246 	0.030553946 	0.9912926
0.0010653266 	0.012395437 	0.029109017 	0.99540243
0.0010854271 	0.012890535 	0.028097238 	1.0009495
0.0011055276 	0.012890535 	0.028097238 	1.0009495
0.0011256281 	0.017887506 	0.027109764 	0.99978352
0.0011457286 	0.017887506 	0.027109764 	0.99978352
0.0011658291 	0.017887506 	0.027109764 	0.99978352
0.0011859296 	0.02347412 	0.025141863 	1.0037397
0.0012060302 	0.02347412 	0.025141863 	1.0037397
0.0012261307 	0.02347412 	0.025141863 	1.0037397
0.0012462312 	0.029028568 	0.023603893 	1.0066201
0.0012663317 	0.029028568 	0.023603893 	1.0066201
0.0012864322 	0.029028568 	0.023603893 	1.0066201
0.0013065327 	0.034520058 	0.022604897 	1.0077851
0.0013266332 	0.034520058 	0.022604897 	1.0077851
0.0013467337 	0.034520058 	0.022604897 	1.0077851
0.0013668342 	0.03996017 	0.022038291 	1.0066197
0.0013869347 	0.03996017 	0.022038291 	1.0066197
0.0014070352 	0.03996017 	0.022038291 	1.0066197
0.0014271357 	0.045318726 	0.021716753 	1.0026461
0.0014472362 	0.045318726 	0.021716753 	1.0026461
0.0014673367 	0.045318726 	0.021716753 	1.0026461
0.0014874372 	0.050420747 	0.021487781 	0.99571807
0.0015075377 	0.050420747 	0.021487781 	0.99571807
0.0015276382 	0.054887279 	0.021334656 	0.98623195
0.0015477387 	0.054887279 	0.021334656 	0.98623195
0.0015678392 	0.054887279 	0.021334656 	0.98623195
0.0015879397 	0.058156663 	0.021430248 	0.97522633
0.0016080402 	0.058156663 	0.021430248 	0.97522633
0.0016281407 	0.058156663 	0.021430248 	0.97522633
0.0016482412 	0.059571411 	0.022171605 	0.96424867
0.0016683417 	0.059571411 	0.022171605 	0.96424867
0.0016884422 	0.058525215 	0.024135541 	0.95495116
0.0017085427 	0.058525215 	0.024135541 	0.95495116
0.0017286432 	0.058525215 	0.024135541 	0.95495116
0.0017487437 	0.054626238 	0.027989435 	0.94853904
0.0017688442 	0.054626238 	0.027989435 	0.94853904
0.0017889447 	0.054626238 	0.027989435 	0.94853904
0.0018090452 	0.047899286 	0.034251082 	0.94526334
0.0018291457 	0.047899286 	0.034251082 	0.94526334
0.0018492462 	0.03903003 	0.042885957 	0.9442007
0.0018693467 	0.03903003 	0.042885957 	0.9442007
0.0018894472 	0.03903003 	0.042885957 	0.9442007
0.0019095477 	0.02937069 	0.052942077 	0.94359948
0.0019296482 	0.02937069 	0.052942077 	0.94359948
0.0019497487 	0.020470235 	0.062620778 	0.94180638
0.0019698492 	0.020470235 	0.062620778 	0.94180638
0.0019899497 	0.013434334 	0.069974548 	0.93812385
0.0020100503 	0.013434334 	0.069974548 	0.93812385
0.0020301508 	0.013434334 	0.069974548 	0.93812385
0.0020502513 	0.0086214275 	0.073883612 	0.93289183
0.0020703518 	0.0086214275 	0.073883612 	0.93289183
0.0020904523 	0.00579125 	0.074337298 	0.92688365
0.0021105528 	0.00579125 	0.074337298 	0.92688365
0.0021306533 	0.00579125 	0.074337298 	0.92688365
0.0021507538 	0.0044646407 	0.072028824 	0.92063918
0.0021708543 	0.0044646407 	0.072028824 	0.92063918
0.0021909548 	0.0042036912 	0.067865087 	0.91415955
0.0022110553 	0.0042036912 	0.067865087 	0.91415955
0.0022311558 	0.0046649497 	0.062718664 	0.90701414
0.0022512563 	0.0046649497 	0.062718664 	0.90701414
0.0022713568 	0.005516145 	0.05740865 	0.89870192
0.0022914573 	0.005516145 	0.05740865 	0.89870192
0.0023115578 	0.005516145 	0.05740865 	0.89870192
0.0023316583 	0.006323128 	0.052740167 	0.88906654
0.0023517588 	0.006323128 	0.052740167 	0.88906654
0.0023718593 	0.0065505679 	0.049446815 	0.87856208
0.0023919598 	0.0065505679 	0.049446815 	0.87856208
0.0024120603 	0.0057337515 	0.047962602 	0.86830142
0.0024321608 	0.0057337515 	0.047962602 	0.86830142
0.0024522613 	0.0037188672 	0.048048295 	0.85984865
0.0024723618 	0.0037188672 	0.048048295 	0.85984865
0.0024924623 	0.00079300818 	0.048684046 	0.85468041
0.0025125628 	0.00079300818 	0.048684046 	0.85468041
0.0025326633 	-0.0023640256 	0.048556974 	0.85336057
0.0025527638 	-0.0023640256 	0.048556974 	0.85336057
0.0025728643 	-0.0049385652 	0.046847562 	0.85490196
0.0025929648 	-0.0049385652 	0.046847562 	0.85490196
0.0026130653 	-0.0061412701 	0.043564017 	0.85714233
0.0026331658 	-0.0061412701 	0.043564017 	0.85714233
0.0026532663 	-0.0055298192 	0.039262465 	0.85813068
0.0026733668 	-0.0055298192 	0.039262465 	0.85813068
0.0026934673 	-0.0031745418 	0.034619198 	0.85729102
0.0027135678 	-0.0031745418 	0.034619198 	0.85729102
0.0027336683 	0.0005850364 	0.030164762 	0.85530455
0.0027537688 	0.0005850364 	0.030164762 	0.85530455
0.0027738693 	0.0053267454 	0.026110055 	0.8529437
0.0027939698 	0.0053267454 	0.026110055 	0.8529437
0.0028140704 	0.010639994 	0.022406685 	0.85033505
0.0028341709 	0.010639994 	0.022406685 	0.85033505
0.0028542714 	0.016027976 	0.019133202 	0.84750659
0.0028743719 	0.020861536 	0.016705156 	0.84538173
0.0028944724 	0.020861536 	0.016705156 	0.84538173
0.0029145729 	0.024511564 	0.015564478 	0.84584362
0.0029346734 	0.024511564 	0.015564478 	0.84584362
0.0029547739 	0.026562016 	0.015787464 	0.85085276
0.0029748744 	0.026562016 	0.015787464 	0.85085276
0.0029949749 	0.026754448 	0.017123402 	0.86149992
0.0030150754 	0.024929691 	0.019184291 	0.87738771
0.0030351759 	0.024929691 	0.019184291 	0.87738771
0.0030552764 	0.021169941 	0.021520057 	0.89625572
0.0030753769 	0.021169941 	0.021520057 	0.89625572
0.0030954774 	0.01600007 	0.023612284 	0.91398427
0.0031155779 	0.010218924 	0.025113517 	0.92587696
0.0031356784 	0.010218924 	0.025113517 	0.92587696
0.0031557789 	0.0046801815 	0.025509219 	0.9283452
0.0031758794 	0.0046801815 	0.025509219 	0.9283452
0.0031959799 	-4.1298348e-05 	0.023652418 	0.91965043
0.0032160804 	-0.0039991971 	0.017755594 	0.89972944
0.0032361809 	-0.0039991971 	0.017755594 	0.89972944
0.0032562814 	-0.0076901702 	0.006372924 	0.87002838
0.0032763819 	-0.011813079 	-0.010356344 	0.83354458
0.0032964824 	-0.011813079 	-0.010356344 	0.83354458
0.0033165829 	-0.016882271 	-0.030355114 	0.79431024
0.0033366834 	-0.022928383 	-0.050520996 	0.75612046
0.0033567839 	-0.022928383 	-0.050520996 	0.75612046
0.0033768844 	-0.029400977 	-0.068088655 	0.72135064
0.0033969849 	-0.03533342 	-0.081460392 	0.69071147
0.0034170854 	-0.03533342 	-0.081460392 	0.69071147
0.0034371859 	-0.039734187 	-0.090168976 	0.66387579
0.0034572864 	-0.041928064 	-0.09442831 	0.64028883
0.0034773869 	-0.041703067 	-0.094734971 	0.61963397
0.0034974874 	-0.041703067 	-0.094734971 	0.61963397
0.0035175879 	-0.039268196 	-0.091705431 	0.60188545
0.0035376884 	-0.035119324 	-0.086052024 	0.58710958
0.0035577889 	-0.029865747 	-0.078581843 	0.57522251
0.0035778894 	-0.029865747 	-0.078581843 	0.57522251
0.0035979899 	-0.024095849 	-0.070071151 	0.56588139
0.0036180905 	-0.018313223 	-0.061195515 	0.55851605
0.003638191 	-0.012925883 	-0.052462391 	0.5524118
0.0036582915 	-0.012925883 	-0.052462391 	0.5524118
0.003678392 	-0.0082493662 	-0.044208634 	0.54673614
0.0036984925 	-0.0044920843 	-0.036646505 	0.54050679
0.003718593 	-0.0017382568 	-0.029920177 	0.53256017
0.0037386935 	5.096476e-05 	-0.024140535 	0.52158352
0.003758794 	0.0010132179 	-0.019396598 	0.50620703
0.0037788945 	0.0010132179 	-0.019396598 	0.50620703
0.003798995 	0.0013492775 	-0.015749872 	0.48513872
0.0038190955 	0.0012759336 	-0.013205617 	0.45733276
0.003839196 	0.00098809665 	-0.011666376 	0.42217965
0.0038592965 	0.0006395507 	-0.010901339 	0.37967503
0.003879397 	0.00033249497 	-0.010597001 	0.33048101
0.0038994975 	0.00012114574 	-0.010418171 	0.27582229
0.003919598 	1.5695951e-05 	-0.010032363 	0.21721299
0.0039396985 	-1.1286524e-05 	-0.0090529762 	0.15612375
0.003959799 	-2.8063319e-06 	-0.0069524401 	0.093763471
0.0039798995 	7.0529889e-07 	-0.0030792549 	0.031118698
0.004 	7.0529889e-07 	-0.0030792549 	0.031118698
