0 	0.046965139 	-0.030980234 	1.0524016
2.0100503e-05 	0.034893054 	0.046249343 	1.0489098
4.0201005e-05 	0.034893054 	0.046249343 	1.0489098
6.0301508e-05 	0.014974401 	0.058353076 	1.0454875
8.040201e-05 	0.014974401 	0.058353076 	1.0454875
0.00010050251 	0.014974401 	0.058353076 	1.0454875
0.00012060302 	0.012471328 	0.061799442 	1.0421813
0.00014070352 	0.012471328 	0.061799442 	1.0421813
0.00016080402 	0.012471328 	0.061799442 	1.0421813
0.00018090452 	0.014289627 	0.064523961 	1.0388965
0.00020100503 	0.014289627 	0.064523961 	1.0388965
0.00022110553 	0.014289627 	0.064523961 	1.0388965
0.00024120603 	0.017864629 	0.066650072 	1.0355227
0.00026130653 	0.017864629 	0.066650072 	1.0355227
0.00028140704 	0.02230287 	0.067809357 	1.032056
0.00030150754 	0.02230287 	0.067809357 	1.032056
0.00032160804 	0.02230287 	0.067809357 	1.032056
0.00034170854 	0.027121781 	0.06765538 	1.0286021
0.00036180905 	0.027121781 	0.06765538 	1.0286021
0.00038190955 	0.027121781 	0.06765538 	1.0286021
0.00040201005 	0.031981918 	0.066018613 	1.0252417
0.00042211055 	0.031981918 	0.066018613 	1.0252417
0.00044221106 	0.031981918 	0.066018613 	1.0252417
0.00046231156 	0.036587102 	0.062999343 	1.0218577
0.00048241206 	0.036587102 	0.062999343 	1.0218577
0.00050251256 	0.040677389 	0.059000292 	1.0180453
0.00052261307 	0.040677389 	0.059000292 	1.0180453
0.00054271357 	0.040677389 	0.059000292 	1.0180453
0.00056281407 	0.044053544 	0.054659428 	1.0131731
0.00058291457 	0.044053544 	0.054659428 	1.0131731
0.00060301508 	0.044053544 	0.054659428 	1.0131731
0.00062311558 	0.046629896 	0.050657395 	1.0066477
0.00064321608 	0.046629896 	0.050657395 	1.0066477
0.00066331658 	0.046629896 	0.050657395 	1.0066477
0.00068341709 	0.048502792 	0.047381963 	0.99842422
0.00070351759 	0.048502792 	0.047381963 	0.99842422
0.00072361809 	0.049941753 	0.044544031 	0.98952434
0.00074371859 	0.049941753 	0.044544031 	0.98952434
0.0007638191 	0.049941753 	0.044544031 	0.98952434
0.0007839196 	0.051287466 	0.041083871 	0.98206101
0.0008040201 	0.051287466 	0.041083871 	0.98206101
0.0008241206 	0.051287466 	0.041083871 	0.98206101
0.00084422111 	0.052767961 	0.035670605 	0.97869803
0.00086432161 	0.052767961 	0.035670605 	0.97869803
0.00088442211 	0.052767961 	0.035670605 	0.97869803
0.00090452261 	0.054014387 	0.027806761 	0.98160343
0.00092462312 	0.054014387 	0.027806761 	0.98160343
0.00094472362 	0.054039379 	0.018644343 	0.99071128
0.00096482412 	0.054039379 	0.018644343 	0.99071128
0.00098492462 	0.054039379 	0.018644343 	0.99071128
0.0010050251 	0.054959089 	0.01369224 	0.99304461
0.0010251256 	0.054959089 	0.01369224 	0.99304461
0.0010452261 	0.054959089 	0.01369224 	0.99304461
0.0010653266 	0.050507027 	0.0080275612 	1.0072243
0.0010854271 	0.050507027 	0.0080275612 	1.0072243
0.0011055276 	0.043807081 	0.0068688297 	1.0155242
0.0011256281 	0.042495786 	0.0090527942 	1.0183025
0.0011457286 	0.042495786 	0.0090527942 	1.0183025
0.0011658291 	0.042495786 	0.0090527942 	1.0183025
0.0011859296 	0.032576374 	0.016429768 	1.0259794
0.0012060302 	0.032576374 	0.016429768 	1.0259794
0.0012261307 	0.032576374 	0.016429768 	1.0259794
0.0012462312 	0.022613125 	0.026459128 	1.0307981
0.0012663317 	0.022613125 	0.026459128 	1.0307981
0.0012864322 	0.022613125 	0.026459128 	1.0307981
0.0013065327 	0.013980399 	0.034737156 	1.0324287
0.0013266332 	0.013980399 	0.034737156 	1.0324287
0.0013467337 	0.013980399 	0.034737156 	1.0324287
0.0013668342 	0.0074409272 	0.039655148 	1.0309453
0.0013869347 	0.0074409272 	0.039655148 	1.0309453
0.0014070352 	0.0074409272 	0.039655148 	1.0309453
0.0014271357 	0.0030680202 	0.042353292 	1.027701
0.0014472362 	0.0030680202 	0.042353292 	1.027701
0.0014673367 	0.0030680202 	0.042353292 	1.027701
0.0014874372 	0.00055339526 	0.044323373 	1.0244883
0.0015075377 	0.00055339526 	0.044323373 	1.0244883
0.0015276382 	-0.00037409698 	0.046316202 	1.022462
0.0015477387 	-0.00037409698 	0.046316202 	1.022462
0.0015678392 	-0.00037409698 	0.046316202 	1.022462
0.0015879397 	0.00010061455 	0.048625891 	1.021771
0.0016080402 	0.00010061455 	0.048625891 	1.021771
0.0016281407 	0.00010061455 	0.048625891 	1.021771
0.0016482412 	0.0017867998 	0.051396213 	1.0218561
0.0016683417 	0.0017867998 	0.051396213 	1.0218561
0.0016884422 	0.0044166292 	0.054649746 	1.0218803
0.0017085427 	0.0044166292 	0.054649746 	1.0218803
0.0017286432 	0.0044166292 	0.054649746 	1.0218803
0.0017487437 	0.0076172579 	0.05823528 	1.0210749
0.0017688442 	0.0076172579 	0.05823528 	1.0210749
0.0017889447 	0.0076172579 	0.05823528 	1.0210749
0.0018090452 	0.01092682 	0.061824982 	1.0189297
0.0018291457 	0.01092682 	0.061824982 	1.0189297
0.0018492462 	0.013923286 	0.064913028 	1.0153762
0.0018693467 	0.013923286 	0.064913028 	1.0153762
0.0018894472 	0.013923286 	0.064913028 	1.0153762
0.0019095477 	0.016245782 	0.067010575 	1.010688
0.0019296482 	0.016245782 	0.067010575 	1.010688
0.0019497487 	0.017645108 	0.067816459 	1.0052864
0.0019698492 	0.017645108 	0.067816459 	1.0052864
0.0019899497 	0.017645108 	0.067816459 	1.0052864
0.0020100503 	0.018031405 	0.067350961 	0.99946978
0.0020301508 	0.018031405 	0.067350961 	0.99946978
0.0020502513 	0.017396264 	0.065909505 	0.99335534
0.0020703518 	0.017396264 	0.065909505 	0.99335534
0.0020904523 	0.015782034 	0.063805578 	0.98707546
0.0021105528 	0.015782034 	0.063805578 	0.98707546
0.0021306533 	0.015782034 	0.063805578 	0.98707546
0.0021507538 	0.01324758 	0.061042553 	0.98092534
0.0021708543 	0.01324758 	0.061042553 	0.98092534
0.0021909548 	0.010020246 	0.057073053 	0.97526255
0.0022110553 	0.010020246 	0.057073053 	0.97526255
0.0022311558 	0.006562947 	0.051102228 	0.97037183
0.0022512563 	0.006562947 	0.051102228 	0.97037183
0.0022713568 	0.003376391 	0.042648511 	0.96630185
0.0022914573 	0.003376391 	0.042648511 	0.96630185
0.0023115578 	0.003376391 	0.042648511 	0.96630185
0.0023316583 	0.00072964364 	0.032196088 	0.96292781
0.0023517588 	0.00072964364 	0.032196088 	0.96292781
0.0023718593 	-0.001540178 	0.021016294 	0.95999236
0.0023919598 	-0.001540178 	0.021016294 	0.95999236
0.0024120603 	-0.0037199449 	0.010551249 	0.95733089
0.0024321608 	-0.0037199449 	0.010551249 	0.95733089
0.0024522613 	-0.0061373996 	0.0018904466 	0.95494333
0.0024723618 	-0.0061373996 	0.0018904466 	0.95494333
0.0024924623 	-0.0088487093 	-0.004329271 	0.95302412
0.0025125628 	-0.0088487093 	-0.004329271 	0.95302412
0.0025326633 	-0.011912072 	-0.008031758 	0.95181293
0.0025527638 	-0.011912072 	-0.008031758 	0.95181293
0.0025728643 	-0.015515825 	-0.0096958741 	0.95154852
0.0025929648 	-0.015515825 	-0.0096958741 	0.95154852
0.0026130653 	-0.019549288 	-0.010729227 	0.95242849
0.0026331658 	-0.019549288 	-0.010729227 	0.95242849
0.0026532663 	-0.023660831 	-0.013506875 	0.95463976
0.0026733668 	-0.023660831 	-0.013506875 	0.95463976
0.0026934673 	-0.02722634 	-0.02012196 	0.95820792
0.0027135678 	-0.02722634 	-0.02012196 	0.95820792
0.0027336683 	-0.029920664 	-0.030170753 	0.96260963
0.0027537688 	-0.029920664 	-0.030170753 	0.96260963
0.0027738693 	-0.031953475 	-0.04055065 	0.96661582
0.0027939698 	-0.031953475 	-0.04055065 	0.96661582
0.0028140704 	-0.033675329 	-0.048374124 	0.96884257
0.0028341709 	-0.033675329 	-0.048374124 	0.96884257
0.0028542714 	-0.03520087 	-0.053396857 	0.96818506
0.0028743719 	-0.036425121 	-0.057391104 	0.9638112
0.0028944724 	-0.036425121 	-0.057391104 	0.9638112
0.0029145729 	-0.037238875 	-0.062223835 	0.95501568
0.0029346734 	-0.037238875 	-0.062223835 	0.95501568
0.0029547739 	-0.037470762 	-0.068675863 	0.94127779
0.0029748744 	-0.037470762 	-0.068675863 	0.94127779
0.0029949749 	-0.036905103 	-0.076430903 	0.92259436
0.0030150754 	-0.0353582 	-0.084652072 	0.89991134
0.0030351759 	-0.0353582 	-0.084652072 	0.89991134
0.0030552764 	-0.032715229 	-0.09266586 	0.87498094
0.0030753769 	-0.032715229 	-0.09266586 	0.87498094
0.0030954774 	-0.028995371 	-0.10017968 	0.84981885
0.0031155779 	-0.024350232 	-0.10704067 	0.82619071
0.0031356784 	-0.024350232 	-0.10704067 	0.82619071
0.0031557789 	-0.019000265 	-0.11305895 	0.8054392
0.0031758794 	-0.019000265 	-0.11305895 	0.8054392
0.0031959799 	-0.013144796 	-0.11776955 	0.78856668
0.0032160804 	-0.0068900541 	-0.12048846 	0.77632632
0.0032361809 	-0.0068900541 	-0.12048846 	0.77632632
0.0032562814 	-0.00022111376 	-0.12054167 	0.76916465
0.0032763819 	0.0068469034 	-0.11753901 	0.76708303
0.0032964824 	0.0068469034 	-0.11753901 	0.76708303
0.0033165829 	0.014112336 	-0.11152062 	0.76956517
0.0033366834 	0.021075819 	-0.10285431 	0.7757248
0.0033567839 	0.021075819 	-0.10285431 	0.7757248
0.0033768844 	0.02696056 	-0.091946794 	0.78460421
0.0033969849 	0.031011282 	-0.079074167 	0.79523869
0.0034170854 	0.031011282 	-0.079074167 	0.79523869
0.0034371859 	0.032854206 	-0.064504705 	0.80650547
0.0034572864 	0.032708225 	-0.048687461 	0.81703727
0.0034773869 	0.031240007 	-0.032420897 	0.82540197
0.0034974874 	0.031240007 	-0.032420897 	0.82540197
0.0035175879 	0.029232868 	-0.016733844 	0.83045375
0.0035376884 	0.027321181 	-0.0027722785 	0.8316135
0.0035577889 	0.025868863 	0.0083866594 	0.82895954
0.0035778894 	0.025868863 	0.0083866594 	0.82895954
0.0035979899 	0.025003722 	0.01602859 	0.82308847
0.0036180905 	0.024679931 	0.019988998 	0.81481693
0.003638191 	0.024733847 	0.020699531 	0.80485266
0.0036582915 	0.024733847 	0.020699531 	0.80485266
0.003678392 	0.024937659 	0.019039845 	0.79354787
0.0036984925 	0.025032464 	0.01605482 	0.78074041
0.003718593 	0.024762905 	0.0127196 	0.76569501
0.0037386935 	0.023926149 	0.009683652 	0.74696926
0.003758794 	0.022434923 	0.0070449873 	0.72235432
0.0037788945 	0.022434923 	0.0070449873 	0.72235432
0.003798995 	0.020322309 	0.004179006 	0.68902617
0.0038190955 	0.017730886 	-0.00010145482 	0.64422632
0.003839196 	0.014885366 	-0.006830158 	0.58644753
0.0038592965 	0.012039999 	-0.015867573 	0.51648206
0.003879397 	0.0093596207 	-0.025396883 	0.43744269
0.0038994975 	0.0069144955 	-0.032545892 	0.35366874
0.003919598 	0.0047470793 	-0.034792431 	0.26926069
0.0039396985 	0.0028476806 	-0.030931492 	0.18704853
0.003959799 	0.0012593773 	-0.021238486 	0.10846552
0.0039798995 	0.0001917891 	-0.0073396525 	0.034307342
0.004 	0.0001917891 	-0.0073396525 	0.034307342
