0 	-0.0037639071 	-0.0089402518 	1.1730307
2.0100503e-05 	-0.010123608 	0.0020035019 	1.1706697
4.0201005e-05 	-0.010123608 	0.0020035019 	1.1706697
6.0301508e-05 	-0.010690224 	0.0047187719 	1.1653891
8.040201e-05 	-0.010690224 	0.0047187719 	1.1653891
0.00010050251 	-0.010690224 	0.0047187719 	1.1653891
0.00012060302 	-0.012933818 	0.0047406856 	1.156621
0.00014070352 	-0.012933818 	0.0047406856 	1.156621
0.00016080402 	-0.012933818 	0.0047406856 	1.156621
0.00018090452 	-0.015341686 	0.0042884476 	1.1450444
0.00020100503 	-0.015341686 	0.0042884476 	1.1450444
0.00022110553 	-0.015341686 	0.0042884476 	1.1450444
0.00024120603 	-0.017464108 	0.0032982083 	1.1322589
0.00026130653 	-0.017464108 	0.0032982083 	1.1322589
0.00028140704 	-0.019249516 	0.0016362826 	1.1197443
0.00030150754 	-0.019249516 	0.0016362826 	1.1197443
0.00032160804 	-0.019249516 	0.0016362826 	1.1197443
0.00034170854 	-0.02078749 	-0.00064289921 	1.1084071
0.00036180905 	-0.02078749 	-0.00064289921 	1.1084071
0.00038190955 	-0.02078749 	-0.00064289921 	1.1084071
0.00040201005 	-0.022177814 	-0.0033377086 	1.0987621
0.00042211055 	-0.022177814 	-0.0033377086 	1.0987621
0.00044221106 	-0.022177814 	-0.0033377086 	1.0987621
0.00046231156 	-0.023468873 	-0.0061850629 	1.0911665
0.00048241206 	-0.023468873 	-0.0061850629 	1.0911665
0.00050251256 	-0.024710523 	-0.0089791266 	1.0858039
0.00052261307 	-0.024710523 	-0.0089791266 	1.0858039
0.00054271357 	-0.024710523 	-0.0089791266 	1.0858039
0.00056281407 	-0.026009773 	-0.011610542 	1.0825916
0.00058291457 	-0.026009773 	-0.011610542 	1.0825916
0.00060301508 	-0.026009773 	-0.011610542 	1.0825916
0.00062311558 	-0.027557608 	-0.014085747 	1.0811697
0.00064321608 	-0.027557608 	-0.014085747 	1.0811697
0.00066331658 	-0.027557608 	-0.014085747 	1.0811697
0.00068341709 	-0.029574894 	-0.016530583 	1.080988
0.00070351759 	-0.029574894 	-0.016530583 	1.080988
0.00072361809 	-0.032195357 	-0.019130553 	1.0814306
0.00074371859 	-0.032195357 	-0.019130553 	1.0814306
0.0007638191 	-0.032195357 	-0.019130553 	1.0814306
0.0007839196 	-0.03534806 	-0.021922151 	1.0819279
0.0008040201 	-0.03534806 	-0.021922151 	1.0819279
0.0008241206 	-0.03534806 	-0.021922151 	1.0819279
0.00084422111 	-0.038823869 	-0.024484042 	1.082111
0.00086432161 	-0.038823869 	-0.024484042 	1.082111
0.00088442211 	-0.038823869 	-0.024484042 	1.082111
0.00090452261 	-0.042373296 	-0.025897905 	1.0819959
0.00092462312 	-0.042373296 	-0.025897905 	1.0819959
0.00094472362 	-0.045683108 	-0.025296283 	1.0818297
0.00096482412 	-0.045683108 	-0.025296283 	1.0818297
0.00098492462 	-0.045683108 	-0.025296283 	1.0818297
0.0010050251 	-0.048265866 	-0.022530661 	1.0815049
0.0010251256 	-0.048265866 	-0.022530661 	1.0815049
0.0010452261 	-0.048265866 	-0.022530661 	1.0815049
0.0010653266 	-0.049325759 	-0.019353526 	1.0799248
0.0010854271 	-0.049325759 	-0.019353526 	1.0799248
0.0011055276 	-0.049325759 	-0.019353526 	1.0799248
0.0011256281 	-0.048375879 	-0.019243751 	1.075448
0.0011457286 	-0.049628767 	-0.02072231 	1.0656644
0.0011658291 	-0.049628767 	-0.02072231 	1.0656644
0.0011859296 	-0.046356382 	-0.028913961 	1.0569038
0.0012060302 	-0.045040054 	-0.024929521 	1.0677598
0.0012261307 	-0.045040054 	-0.024929521 	1.0677598
0.0012462312 	-0.039938804 	-0.035666843 	1.0568955
0.0012663317 	-0.039938804 	-0.035666843 	1.0568955
0.0012864322 	-0.039938804 	-0.035666843 	1.0568955
0.0013065327 	-0.034467454 	-0.0473879 	1.0420357
0.0013266332 	-0.034467454 	-0.0473879 	1.0420357
0.0013467337 	-0.034467454 	-0.0473879 	1.0420357
0.0013668342 	-0.030736828 	-0.054468484 	1.0219937
0.0013869347 	-0.030736828 	-0.054468484 	1.0219937
0.0014070352 	-0.030736828 	-0.054468484 	1.0219937
0.0014271357 	-0.030433341 	-0.053335129 	0.99756331
0.0014472362 	-0.030433341 	-0.053335129 	0.99756331
0.0014673367 	-0.030433341 	-0.053335129 	0.99756331
0.0014874372 	-0.033775626 	-0.044633316 	0.97301627
0.0015075377 	-0.033775626 	-0.044633316 	0.97301627
0.0015276382 	-0.0394594 	-0.03228381 	0.9525986
0.0015477387 	-0.0394594 	-0.03228381 	0.9525986
0.0015678392 	-0.0394594 	-0.03228381 	0.9525986
0.0015879397 	-0.045636426 	-0.021173968 	0.93742814
0.0016080402 	-0.045636426 	-0.021173968 	0.93742814
0.0016281407 	-0.059191352 	-0.011440606 	0.93146905
0.0016482412 	-0.050928575 	-0.014376105 	0.9264465
0.0016683417 	-0.050928575 	-0.014376105 	0.9264465
0.0016884422 	-0.054755967 	-0.012017033 	0.91779227
0.0017085427 	-0.054755967 	-0.012017033 	0.91779227
0.0017286432 	-0.054755967 	-0.012017033 	0.91779227
0.0017487437 	-0.057211462 	-0.012861499 	0.9098247
0.0017688442 	-0.057211462 	-0.012861499 	0.9098247
0.0017889447 	-0.057211462 	-0.012861499 	0.9098247
0.0018090452 	-0.058573284 	-0.015852678 	0.90185821
0.0018291457 	-0.058573284 	-0.015852678 	0.90185821
0.0018492462 	-0.059142559 	-0.020253524 	0.89409651
0.0018693467 	-0.059142559 	-0.020253524 	0.89409651
0.0018894472 	-0.059142559 	-0.020253524 	0.89409651
0.0019095477 	-0.059203758 	-0.02544694 	0.88713552
0.0019296482 	-0.059203758 	-0.02544694 	0.88713552
0.0019497487 	-0.058872108 	-0.030844033 	0.8815387
0.0019698492 	-0.058872108 	-0.030844033 	0.8815387
0.0019899497 	-0.058096222 	-0.035932941 	0.87760596
0.0020100503 	-0.058096222 	-0.035932941 	0.87760596
0.0020301508 	-0.058096222 	-0.035932941 	0.87760596
0.0020502513 	-0.056762144 	-0.040391802 	0.87529147
0.0020703518 	-0.056762144 	-0.040391802 	0.87529147
0.0020904523 	-0.054786646 	-0.044155514 	0.87428677
0.0021105528 	-0.054786646 	-0.044155514 	0.87428677
0.0021306533 	-0.054786646 	-0.044155514 	0.87428677
0.0021507538 	-0.052231639 	-0.047352274 	0.87422109
0.0021708543 	-0.052231639 	-0.047352274 	0.87422109
0.0021909548 	-0.049332777 	-0.050184071 	0.87476904
0.0022110553 	-0.049332777 	-0.050184071 	0.87476904
0.0022311558 	-0.046302166 	-0.05280752 	0.87566937
0.0022512563 	-0.046302166 	-0.05280752 	0.87566937
0.0022713568 	-0.043226274 	-0.055324535 	0.87671552
0.0022914573 	-0.043226274 	-0.055324535 	0.87671552
0.0023115578 	-0.043226274 	-0.055324535 	0.87671552
0.0023316583 	-0.040189241 	-0.057750644 	0.87777116
0.0023517588 	-0.040189241 	-0.057750644 	0.87777116
0.0023718593 	-0.037268359 	-0.059997295 	0.87881496
0.0023919598 	-0.037268359 	-0.059997295 	0.87881496
0.0024120603 	-0.034522766 	-0.061865436 	0.87996775
0.0024321608 	-0.034522766 	-0.061865436 	0.87996775
0.0024522613 	-0.032081159 	-0.063108866 	0.88144434
0.0024723618 	-0.032081159 	-0.063108866 	0.88144434
0.0024924623 	-0.030077532 	-0.063508738 	0.88353812
0.0025125628 	-0.030077532 	-0.063508738 	0.88353812
0.0025326633 	-0.028562831 	-0.062941998 	0.88652548
0.0025527638 	-0.028562831 	-0.062941998 	0.88652548
0.0025728643 	-0.027476483 	-0.061397927 	0.89049891
0.0025929648 	-0.027476483 	-0.061397927 	0.89049891
0.0026130653 	-0.026628459 	-0.058969198 	0.89512899
0.0026331658 	-0.026628459 	-0.058969198 	0.89512899
0.0026532663 	-0.025686055 	-0.055839317 	0.89949845
0.0026733668 	-0.025686055 	-0.055839317 	0.89949845
0.0026934673 	-0.024249036 	-0.052220295 	0.90200224
0.0027135678 	-0.024249036 	-0.052220295 	0.90200224
0.0027336683 	-0.021968114 	-0.048271769 	0.90047662
0.0027537688 	-0.021968114 	-0.048271769 	0.90047662
0.0027738693 	-0.018692341 	-0.044053231 	0.89247316
0.0027939698 	-0.018692341 	-0.044053231 	0.89247316
0.0028140704 	-0.014524277 	-0.039549704 	0.87578058
0.0028341709 	-0.014524277 	-0.039549704 	0.87578058
0.0028542714 	-0.0098910854 	-0.034650125 	0.84918694
0.0028743719 	-0.0055193013 	-0.02934413 	0.81349979
0.0028944724 	-0.0055193013 	-0.02934413 	0.81349979
0.0029145729 	-0.0023688652 	-0.02390962 	0.77218046
0.0029346734 	-0.0023688652 	-0.02390962 	0.77218046
0.0029547739 	-0.0014321074 	-0.018958561 	0.73059575
0.0029748744 	-0.0014321074 	-0.018958561 	0.73059575
0.0029949749 	-0.0031852202 	-0.015078709 	0.6939113
0.0030150754 	-0.0072134417 	-0.012308854 	0.66512654
0.0030351759 	-0.0072134417 	-0.012308854 	0.66512654
0.0030552764 	-0.012467246 	-0.010053175 	0.64478826
0.0030753769 	-0.012467246 	-0.010053175 	0.64478826
0.0030954774 	-0.017817715 	-0.0076667119 	0.63204807
0.0031155779 	-0.022459836 	-0.004888143 	0.62562627
0.0031356784 	-0.022459836 	-0.004888143 	0.62562627
0.0031557789 	-0.026088573 	-0.0018414334 	0.62412292
0.0031758794 	-0.026088573 	-0.0018414334 	0.62412292
0.0031959799 	-0.028791169 	0.0012506541 	0.6260672
0.0032160804 	-0.030776309 	0.004243686 	0.63001583
0.0032361809 	-0.030776309 	0.004243686 	0.63001583
0.0032562814 	-0.032258847 	0.0070966124 	0.6346177
0.0032763819 	-0.033441426 	0.0098478829 	0.6386516
0.0032964824 	-0.033441426 	0.0098478829 	0.6386516
0.0033165829 	-0.034414922 	0.012581948 	0.64119565
0.0033366834 	-0.035186741 	0.015340497 	0.6417217
0.0033567839 	-0.035186741 	0.015340497 	0.6417217
0.0033768844 	-0.035762143 	0.018064662 	0.64008944
0.0033969849 	-0.036072447 	0.020602277 	0.63643991
0.0034170854 	-0.036072447 	0.020602277 	0.63643991
0.0034371859 	-0.035996256 	0.022765842 	0.63110882
0.0034572864 	-0.035494776 	0.024394362 	0.62453274
0.0034773869 	-0.034580321 	0.025413883 	0.61713259
0.0034974874 	-0.034580321 	0.025413883 	0.61713259
0.0035175879 	-0.03330896 	0.025846171 	0.60925116
0.0035376884 	-0.031767052 	0.025776401 	0.60112817
0.0035577889 	-0.030052876 	0.025316861 	0.59289777
0.0035778894 	-0.030052876 	0.025316861 	0.59289777
0.0035979899 	-0.028259323 	0.024566538 	0.58460146
0.0036180905 	-0.026456973 	0.02359511 	0.57620099
0.003638191 	-0.024648123 	0.02244488 	0.56758901
0.0036582915 	-0.024648123 	0.02244488 	0.56758901
0.003678392 	-0.022787307 	0.021151501 	0.55859001
0.0036984925 	-0.020813359 	0.019820723 	0.54892796
0.003718593 	-0.018632193 	0.018601416 	0.53823863
0.0037386935 	-0.016159941 	0.017712421 	0.52604888
0.003758794 	-0.013356232 	0.017414192 	0.51176567
0.0037788945 	-0.013356232 	0.017414192 	0.51176567
0.003798995 	-0.010281513 	0.017918107 	0.49467664
0.0038190955 	-0.0071353927 	0.019244524 	0.4739424
0.003839196 	-0.0042249642 	0.021110356 	0.44853565
0.0038592965 	-0.0018606725 	0.02296986 	0.41713833
0.003879397 	-0.00024107583 	0.024194652 	0.37813511
0.0038994975 	0.00060566376 	0.024230275 	0.32986761
0.003919598 	0.0008124112 	0.022644266 	0.27120098
0.0039396985 	0.00060789428 	0.01909239 	0.20223043
0.003959799 	0.00025660591 	0.01329336 	0.12474444
0.0039798995 	1.3295527e-05 	0.0050957256 	0.042074396
0.004 	1.3295527e-05 	0.0050957256 	0.042074396
