0 	-0.031513656 	-0.0012658696 	1.1951295
5.5555556e-05 	0.0051596858 	-0.028068811 	1.1950479
0.00011111111 	0.0032398619 	-0.028069844 	1.1932343
0.00016666667 	-0.00027200279 	-0.028645337 	1.1898823
0.00022222222 	-0.0038261329 	-0.028997556 	1.1848911
0.00027777778 	-0.0067537041 	-0.02880861 	1.1784129
0.00033333333 	-0.0086621893 	-0.02801049 	1.1707823
0.00038888889 	-0.0094429782 	-0.026751217 	1.1624231
0.00044444444 	-0.0093237165 	-0.025451511 	1.1538656
0.0005 	-0.0088160902 	-0.024757204 	1.1458182
0.00055555556 	-0.0084895265 	-0.025259291 	1.1391142
0.00061111111 	-0.0087458664 	-0.027197801 	1.1345049
0.00066666667 	-0.0096522683 	-0.030419446 	1.132481
0.00072222222 	-0.010913707 	-0.034703821 	1.1331701
0.00077777778 	-0.012091191 	-0.040015503 	1.1361752
0.00083333333 	-0.012820821 	-0.046383221 	1.1405108
0.00088888889 	-0.012887366 	-0.053543504 	1.1447928
0.00094444444 	-0.012440945 	-0.060657194 	1.1476093
0.001 	-0.011619382 	-0.0671433 	1.1478575
0.0010617451 	-0.010535083 	-0.071478283 	1.1438551
0.0011226367 	-0.0091549719 	-0.073077196 	1.1353599
0.0011826866 	-0.0072496336 	-0.072755733 	1.1230763
0.0012419064 	-0.0046258486 	-0.071809237 	1.108106
0.0013003077 	-0.0012649869 	-0.0714696 	1.0916352
0.0013579017 	0.002746523 	-0.072392212 	1.0748116
0.0014146996 	0.0071436397 	-0.074289626 	1.0588119
0.0014707124 	0.011448119 	-0.07589454 	1.0448266
0.0015259509 	0.015139231 	-0.075539742 	1.0336538
0.001580426 	0.017872024 	-0.071856931 	1.0253374
0.001634148 	0.019500103 	-0.064322254 	1.0191595
0.0016871274 	0.02005474 	-0.05344259 	1.0140515
0.0017393745 	0.019700142 	-0.040685953 	1.0090508
0.0017908994 	0.018670441 	-0.028245629 	1.0033036
0.0018417121 	0.017259041 	-0.018460881 	0.9957159
0.0018918224 	0.01586414 	-0.012860789 	0.98503917
0.0019412401 	0.014974568 	-0.011188604 	0.97092435
0.0019899746 	0.014926932 	-0.011154234 	0.95519376
0.0020380356 	0.015555092 	-0.0095442808 	0.94163339
0.0020854322 	0.016357994 	-0.0042600625 	0.93375445
0.0021321736 	0.016809919 	0.0046661048 	0.93282646
0.002178269 	0.01662623 	0.015830578 	0.93778394
0.0022237272 	0.015898653 	0.027917632 	0.94634001
0.002268557 	0.015035889 	0.040401571 	0.95567268
0.0023127672 	0.014680633 	0.053275105 	0.96290263
0.0023563662 	0.01535266 	0.066190588 	0.96566359
0.0023993626 	0.016982237 	0.077809845 	0.96281829
0.0024417647 	0.0188618 	0.086046449 	0.95492752
0.0024835806 	0.02011971 	0.089139124 	0.94396414
0.0025248186 	0.02025032 	0.086645635 	0.93228997
0.0025654865 	0.019271124 	0.079399373 	0.92168658
0.0026055923 	0.017530552 	0.068887863 	0.9129096
0.0026451437 	0.015483363 	0.056697086 	0.90581295
0.0026841484 	0.013451462 	0.044224022 	0.89981219
0.002722614 	0.01148018 	0.032586801 	0.89440654
0.0027605478 	0.0093976248 	0.022613099 	0.88934763
0.0027979573 	0.0069362943 	0.01487151 	0.88452752
0.0028348498 	0.0038600688 	0.0097394072 	0.87979812
0.0028712322 	-4.4425164e-06 	0.0074762765 	0.87496928
0.0029071118 	-0.0047666225 	0.0082034622 	0.86995326
0.0029424953 	-0.010393915 	0.01173237 	0.86489173
0.0029773898 	-0.016692521 	0.017372013 	0.86005208
0.003011802 	-0.023331011 	0.023951291 	0.85550041
0.0030457385 	-0.029819252 	0.030205514 	0.85090995
0.0030792059 	-0.035570972 	0.035264908 	0.84568906
0.0031122107 	-0.040076812 	0.038837667 	0.83926887
0.0031447592 	-0.04301896 	0.041064362 	0.83127494
0.0031768579 	-0.044293631 	0.04228824 	0.82154479
0.0032085129 	-0.043960796 	0.042896441 	0.81013056
0.0032397303 	-0.042184369 	0.043225694 	0.79731446
0.0032705162 	-0.039194559 	0.043489853 	0.78358038
0.0033008765 	-0.035264517 	0.043748087 	0.76952727
0.0033308172 	-0.030686822 	0.043921415 	0.75577391
0.0033603441 	-0.025742582 	0.043841264 	0.74289239
0.0033894627 	-0.020676646 	0.043308924 	0.73137488
0.0034181789 	-0.015685266 	0.042148369 	0.72161981
0.0034464982 	-0.010914756 	0.040245028 	0.71392239
0.003474426 	-0.0064642163 	0.037567142 	0.70846017
0.0035019678 	-0.0023814266 	0.034174058 	0.70526993
0.0035291288 	0.0013175085 	0.030200095 	0.70423678
0.0035559144 	0.0046259979 	0.025827288 	0.70506801
0.0035823298 	0.0075312708 	0.021247509 	0.70726703
0.0036083801 	0.010014422 	0.016636037 	0.71013161
0.0036340702 	0.012058662 	0.012123177 	0.71277452
0.0036594053 	0.01364947 	0.0077811008 	0.714172
0.0036843901 	0.014779246 	0.003632376 	0.71322384
0.0037090296 	0.015445091 	-0.00031700107 	0.70879816
0.0037333285 	0.015649168 	-0.0040375217 	0.69972494
0.0037572915 	0.015369955 	-0.0074491806 	0.68473095
0.0037809233 	0.014592763 	-0.010444666 	0.66237066
0.0038042285 	0.013354217 	-0.012918279 	0.63101898
0.0038272115 	0.011721149 	-0.014796806 	0.58901538
0.0038498768 	0.0097915109 	-0.016015525 	0.53504117
0.0038722288 	0.0076905269 	-0.016457683 	0.46874605
0.0038942718 	0.0055667927 	-0.015969219 	0.391422
0.0039160102 	0.003584753 	-0.014480772 	0.30628313
0.003937448 	0.0019112238 	-0.012013733 	0.2177652
0.0039585896 	0.00069885686 	-0.0084380225 	0.12970883
0.0039794389 	7.1261234e-05 	-0.0033772485 	0.043411541
0.004 	-5.2204982e-05 	-0.0068513362 	0.048161533
