0 	0.003085657 	0.036807837 	1.1445274
2.0100503e-05 	0.003085657 	0.036807837 	1.1445274
4.0201005e-05 	0.003085657 	0.036807837 	1.1445274
6.0301508e-05 	-0.017850627 	0.033573342 	1.150235
8.040201e-05 	-0.017850627 	0.033573342 	1.150235
0.00010050251 	-0.017850627 	0.033573342 	1.150235
0.00012060302 	-0.026872103 	0.031409128 	1.151024
0.00014070352 	-0.026872103 	0.031409128 	1.151024
0.00016080402 	-0.035194968 	0.016350767 	1.1498583
0.00018090452 	-0.040004068 	0.017169516 	1.1464817
0.00020100503 	-0.040004068 	0.017169516 	1.1464817
0.00022110553 	-0.040004068 	0.017169516 	1.1464817
0.00024120603 	-0.046014074 	0.01800826 	1.1379794
0.00026130653 	-0.041929386 	0.031702654 	1.1370842
0.00028140704 	-0.049405983 	0.032176457 	1.1232822
0.00030150754 	-0.049405983 	0.032176457 	1.1232822
0.00032160804 	-0.049405983 	0.032176457 	1.1232822
0.00034170854 	-0.056719016 	0.032034525 	1.1059303
0.00036180905 	-0.056719016 	0.032034525 	1.1059303
0.00038190955 	-0.056719016 	0.032034525 	1.1059303
0.00040201005 	-0.064918652 	0.017268411 	1.0891342
0.00042211055 	-0.064918652 	0.017268411 	1.0891342
0.00044221106 	-0.064918652 	0.017268411 	1.0891342
0.00046231156 	-0.07030284 	0.016808222 	1.0701106
0.00048241206 	-0.07030284 	0.016808222 	1.0701106
0.00050251256 	-0.074674485 	0.017120487 	1.0538847
0.00052261307 	-0.074674485 	0.017120487 	1.0538847
0.00054271357 	-0.074674485 	0.017120487 	1.0538847
0.00056281407 	-0.077707225 	0.017324693 	1.0420582
0.00058291457 	-0.077707225 	0.017324693 	1.0420582
0.00060301508 	-0.077707225 	0.017324693 	1.0420582
0.00062311558 	-0.079218444 	0.015948615 	1.0338242
0.00064321608 	-0.079218444 	0.015948615 	1.0338242
0.00066331658 	-0.079218444 	0.015948615 	1.0338242
0.00068341709 	-0.08092988 	0.022453497 	1.02556
0.00070351759 	-0.08092988 	0.022453497 	1.02556
0.00072361809 	-0.081076816 	0.017562976 	1.0201612
0.00074371859 	-0.081076816 	0.017562976 	1.0201612
0.0007638191 	-0.07797879 	0.0091980737 	1.0214546
0.0007839196 	-0.075835264 	0.0074448114 	1.0176044
0.0008040201 	-0.075835264 	0.0074448114 	1.0176044
0.0008241206 	-0.075835264 	0.0074448114 	1.0176044
0.00084422111 	-0.078236557 	0.015444107 	1.0157871
0.00086432161 	-0.078236557 	0.015444107 	1.0157871
0.00088442211 	-0.078236557 	0.015444107 	1.0157871
0.00090452261 	-0.075199915 	0.018329075 	1.0178436
0.00092462312 	-0.075199915 	0.018329075 	1.0178436
0.00094472362 	-0.071563307 	0.022622301 	1.0207615
0.00096482412 	-0.071563307 	0.022622301 	1.0207615
0.00098492462 	-0.071563307 	0.022622301 	1.0207615
0.0010050251 	-0.067715723 	0.027526929 	1.0224255
0.0010251256 	-0.061609188 	0.021159991 	1.0258844
0.0010452261 	-0.061609188 	0.021159991 	1.0258844
0.0010653266 	-0.05756068 	0.025135438 	1.0266416
0.0010854271 	-0.05756068 	0.025135438 	1.0266416
0.0011055276 	-0.05756068 	0.025135438 	1.0266416
0.0011256281 	-0.054125375 	0.027411943 	1.0237552
0.0011457286 	-0.054125375 	0.027411943 	1.0237552
0.0011658291 	-0.054125375 	0.027411943 	1.0237552
0.0011859296 	-0.05102922 	0.028164102 	1.0175925
0.0012060302 	-0.05102922 	0.028164102 	1.0175925
0.0012261307 	-0.05102922 	0.028164102 	1.0175925
0.0012462312 	-0.04831603 	0.028007881 	1.0087587
0.0012663317 	-0.04831603 	0.028007881 	1.0087587
0.0012864322 	-0.04831603 	0.028007881 	1.0087587
0.0013065327 	-0.045990353 	0.027396315 	0.99839604
0.0013266332 	-0.045990353 	0.027396315 	0.99839604
0.0013467337 	-0.045990353 	0.027396315 	0.99839604
0.0013668342 	-0.044064388 	0.026607063 	0.98807125
0.0013869347 	-0.044064388 	0.026607063 	0.98807125
0.0014070352 	-0.044064388 	0.026607063 	0.98807125
0.0014271357 	-0.042479683 	0.025884783 	0.97926804
0.0014472362 	-0.042479683 	0.025884783 	0.97926804
0.0014673367 	-0.042479683 	0.025884783 	0.97926804
0.0014874372 	-0.041104264 	0.025601099 	0.97284109
0.0015075377 	-0.041104264 	0.025601099 	0.97284109
0.0015276382 	-0.039773937 	0.026162527 	0.96883695
0.0015477387 	-0.039773937 	0.026162527 	0.96883695
0.0015678392 	-0.039773937 	0.026162527 	0.96883695
0.0015879397 	-0.038377483 	0.027822118 	0.96669416
0.0016080402 	-0.038377483 	0.027822118 	0.96669416
0.0016281407 	-0.038377483 	0.027822118 	0.96669416
0.0016482412 	-0.036907346 	0.030581991 	0.96561627
0.0016683417 	-0.036907346 	0.030581991 	0.96561627
0.0016884422 	-0.035423583 	0.034255627 	0.96490164
0.0017085427 	-0.035423583 	0.034255627 	0.96490164
0.0017286432 	-0.035423583 	0.034255627 	0.96490164
0.0017487437 	-0.033978991 	0.038577719 	0.96413715
0.0017688442 	-0.033978991 	0.038577719 	0.96413715
0.0017889447 	-0.033978991 	0.038577719 	0.96413715
0.0018090452 	-0.032568688 	0.043222447 	0.96326484
0.0018291457 	-0.032568688 	0.043222447 	0.96326484
0.0018492462 	-0.031143843 	0.047699437 	0.96250372
0.0018693467 	-0.031143843 	0.047699437 	0.96250372
0.0018894472 	-0.031143843 	0.047699437 	0.96250372
0.0019095477 	-0.029680652 	0.051258925 	0.96226208
0.0019296482 	-0.029680652 	0.051258925 	0.96226208
0.0019497487 	-0.028274909 	0.053006524 	0.96305382
0.0019698492 	-0.028274909 	0.053006524 	0.96305382
0.0019899497 	-0.027126148 	0.052194182 	0.96541052
0.0020100503 	-0.027126148 	0.052194182 	0.96541052
0.0020301508 	-0.027126148 	0.052194182 	0.96541052
0.0020502513 	-0.026353673 	0.048513992 	0.96962062
0.0020703518 	-0.026353673 	0.048513992 	0.96962062
0.0020904523 	-0.025866767 	0.042238557 	0.97548651
0.0021105528 	-0.025866767 	0.042238557 	0.97548651
0.0021306533 	-0.025866767 	0.042238557 	0.97548651
0.0021507538 	-0.025436394 	0.034062367 	0.98218105
0.0021708543 	-0.025436394 	0.034062367 	0.98218105
0.0021909548 	-0.024755276 	0.024877578 	0.98850285
0.0022110553 	-0.024755276 	0.024877578 	0.98850285
0.0022311558 	-0.02356642 	0.015542943 	0.99313747
0.0022512563 	-0.02356642 	0.015542943 	0.99313747
0.0022713568 	-0.02176099 	0.0066969411 	0.99500415
0.0022914573 	-0.02176099 	0.0066969411 	0.99500415
0.0023115578 	-0.02176099 	0.0066969411 	0.99500415
0.0023316583 	-0.019279865 	-0.0014209677 	0.99322523
0.0023517588 	-0.019279865 	-0.0014209677 	0.99322523
0.0023718593 	-0.016188476 	-0.0089662337 	0.98714173
0.0023919598 	-0.016188476 	-0.0089662337 	0.98714173
0.0024120603 	-0.012560391 	-0.0164331 	0.97637387
0.0024321608 	-0.012560391 	-0.0164331 	0.97637387
0.0024522613 	-0.0083679216 	-0.024440468 	0.96098556
0.0024723618 	-0.0083679216 	-0.024440468 	0.96098556
0.0024924623 	-0.0036176355 	-0.033434687 	0.94161755
0.0025125628 	-0.0036176355 	-0.033434687 	0.94161755
0.0025326633 	0.0017025583 	-0.043365076 	0.91950309
0.0025527638 	0.0017025583 	-0.043365076 	0.91950309
0.0025728643 	0.0075506271 	-0.05346187 	0.89630257
0.0025929648 	0.0075506271 	-0.05346187 	0.89630257
0.0026130653 	0.013710755 	-0.062223761 	0.87384547
0.0026331658 	0.013710755 	-0.062223761 	0.87384547
0.0026532663 	0.019698482 	-0.067848302 	0.85389422
0.0026733668 	0.019698482 	-0.067848302 	0.85389422
0.0026934673 	0.024780328 	-0.069005553 	0.8378706
0.0027135678 	0.024780328 	-0.069005553 	0.8378706
0.0027336683 	0.028206471 	-0.065435933 	0.82657324
0.0027537688 	0.028206471 	-0.065435933 	0.82657324
0.0027738693 	0.029512203 	-0.057913172 	0.81995614
0.0027939698 	0.029512203 	-0.057913172 	0.81995614
0.0028140704 	0.028692177 	-0.047687995 	0.81718584
0.0028341709 	0.028692177 	-0.047687995 	0.81718584
0.0028542714 	0.026086728 	-0.035983124 	0.81708279
0.0028743719 	0.022189717 	-0.023787058 	0.81867197
0.0028944724 	0.022189717 	-0.023787058 	0.81867197
0.0029145729 	0.017415206 	-0.011824427 	0.82146085
0.0029346734 	0.017415206 	-0.011824427 	0.82146085
0.0029547739 	0.012091975 	-0.00059939544 	0.82541056
0.0029748744 	0.012091975 	-0.00059939544 	0.82541056
0.0029949749 	0.0066011827 	0.0095514575 	0.83068497
0.0030150754 	0.0012163276 	0.018442469 	0.83734222
0.0030351759 	0.0012163276 	0.018442469 	0.83734222
0.0030552764 	-0.0038594748 	0.025965239 	0.84510827
0.0030753769 	-0.0038594748 	0.025965239 	0.84510827
0.0030954774 	-0.0083708809 	0.031978564 	0.85329813
0.0031155779 	-0.012044322 	0.03621933 	0.86097346
0.0031356784 	-0.012044322 	0.03621933 	0.86097346
0.0031557789 	-0.014658182 	0.03828603 	0.8672015
0.0031758794 	-0.014658182 	0.03828603 	0.8672015
0.0031959799 	-0.016116792 	0.037787212 	0.87120735
0.0032160804 	-0.016466576 	0.034554035 	0.87242691
0.0032361809 	-0.016466576 	0.034554035 	0.87242691
0.0032562814 	-0.015896536 	0.028848235 	0.87049332
0.0032763819 	-0.014702467 	0.021445439 	0.86525104
0.0032964824 	-0.014702467 	0.021445439 	0.86525104
0.0033165829 	-0.013218258 	0.013547063 	0.8568091
0.0033366834 	-0.011755368 	0.0065149202 	0.84555639
0.0033567839 	-0.011755368 	0.0065149202 	0.84555639
0.0033768844 	-0.010554671 	0.001518646 	0.83206387
0.0033969849 	-0.0097726763 	-0.0007563245 	0.81688047
0.0034170854 	-0.0097726763 	-0.0007563245 	0.81688047
0.0034371859 	-0.009453304 	-0.00024664341 	0.80031656
0.0034572864 	-0.0095318585 	0.0025717171 	0.78233018
0.0034773869 	-0.0098838181 	0.0068840534 	0.76259311
0.0034974874 	-0.0098838181 	0.0068840534 	0.76259311
0.0035175879 	-0.010344078 	0.011776421 	0.7406606
0.0035376884 	-0.010737195 	0.016442621 	0.71615224
0.0035577889 	-0.01091063 	0.020315799 	0.68887502
0.0035778894 	-0.01091063 	0.020315799 	0.68887502
0.0035979899 	-0.010758235 	0.023108585 	0.65886308
0.0036180905 	-0.010231588 	0.024777568 	0.62635016
0.003638191 	-0.0093416974 	0.02545046 	0.59171272
0.0036582915 	-0.0093416974 	0.02545046 	0.59171272
0.003678392 	-0.0081533874 	0.025345137 	0.55541628
0.0036984925 	-0.0067740492 	0.024705346 	0.51797506
0.003718593 	-0.0053358028 	0.023758131 	0.47991314
0.0037386935 	-0.0039714504 	0.022687474 	0.44170909
0.003758794 	-0.0027882841 	0.021619078 	0.40372135
0.0037788945 	-0.0027882841 	0.021619078 	0.40372135
0.003798995 	-0.001848277 	0.020612968 	0.36611823
0.0038190955 	-0.0011629803 	0.019663233 	0.32885062
0.003839196 	-0.00070455006 	0.018702741 	0.29169134
0.0038592965 	-0.00042536898 	0.017610434 	0.25433034
0.003879397 	-0.00027310986 	0.016223255 	0.21649059
0.0038994975 	-0.00020012489 	0.014361696 	0.17802837
0.003919598 	-0.00016454003 	0.011881409 	0.13898706
0.0039396985 	-0.00013046656 	0.0087568634 	0.099574043
0.003959799 	-7.87323e-05 	0.0051762711 	0.060024893
0.0039798995 	-1.7939615e-05 	0.0015722796 	0.020335952
0.004 	-1.7939615e-05 	0.0015722796 	0.020335952
