0 	0.027824048 	0.035249828 	1.1648511
5.5555556e-05 	0.021216777 	-0.039397064 	1.1753387
0.00011111111 	0.01780674 	-0.043482466 	1.1764424
0.00016666667 	0.017368117 	-0.047545413 	1.1750242
0.00022222222 	0.018311572 	-0.052062149 	1.1715872
0.00027777778 	0.020227221 	-0.056640657 	1.1665606
0.00033333333 	0.022980619 	-0.060787998 	1.1600935
0.00038888889 	0.026457567 	-0.064129627 	1.1520576
0.00044444444 	0.030479735 	-0.066439742 	1.1421356
0.0005 	0.034770242 	-0.067626476 	1.1299833
0.00055555556 	0.038965344 	-0.067681492 	1.1154162
0.00061111111 	0.042648449 	-0.066702029 	1.0986016
0.00066666667 	0.045405849 	-0.064909762 	1.0801317
0.00072222222 	0.046894462 	-0.062661645 	1.0609814
0.00077777778 	0.046870615 	-0.060392568 	1.0423639
0.00083333333 	0.045254547 	-0.058625093 	1.0255588
0.00088888889 	0.041912899 	-0.05803552 	1.0121945
0.00094444444 	0.036830292 	-0.059333914 	1.0047175
0.001 	0.029460644 	-0.060936044 	1.0049736
0.0010617199 	0.020579827 	-0.056723431 	1.0091504
0.0011225874 	0.013083602 	-0.044132977 	1.0074249
0.0011826143 	0.0081187572 	-0.028403061 	0.9985054
0.0012418122 	0.0057889845 	-0.014963362 	0.98745882
0.0013001926 	0.0054958388 	-0.0051913443 	0.97809627
0.0013577668 	0.0058157289 	0.0019760025 	0.97158884
0.0014145458 	0.0056643335 	0.0077402819 	0.96741876
0.0014705407 	0.0048157673 	0.012863504 	0.96447261
0.0015257623 	0.0035480416 	0.017571353 	0.96183913
0.0015802213 	0.0024055703 	0.021655177 	0.95897152
0.0016339282 	0.0016966712 	0.024744598 	0.95544258
0.0016868934 	0.001357787 	0.026606552 	0.95087626
0.0017391271 	0.0010249612 	0.027297664 	0.94500093
0.0017906395 	0.00022135638 	0.027277648 	0.93782011
0.0018414404 	-0.0014217088 	0.027177307 	0.92965028
0.0018915398 	-0.0039565522 	0.027312828 	0.92098611
0.0019409473 	-0.0070254829 	0.027282862 	0.91224008
0.0019896725 	-0.0099573203 	0.025950487 	0.90350495
0.0020377248 	-0.011991483 	0.022035834 	0.8945716
0.0020851134 	-0.012609308 	0.014923792 	0.88515611
0.0021318476 	-0.011757731 	0.0050675612 	0.87513492
0.0021779364 	-0.0098245129 	-0.0062828346 	0.8646037
0.0022233887 	-0.0074644768 	-0.017630082 	0.85387201
0.0022682133 	-0.0053656028 	-0.027681097 	0.84347236
0.0023124189 	-0.0040605802 	-0.035550959 	0.83409883
0.0023560139 	-0.0038062469 	-0.040793823 	0.82649382
0.0023990069 	-0.0046120531 	-0.043431862 	0.82120996
0.0024414062 	-0.0062929937 	-0.043828261 	0.81847166
0.0024832199 	-0.0084952852 	-0.042501772 	0.81809939
0.0025244562 	-0.010915341 	-0.03991223 	0.81952554
0.002565123 	-0.01329441 	-0.036392836 	0.82194208
0.0026052281 	-0.015427299 	-0.032150281 	0.82449243
0.0026447794 	-0.017185008 	-0.027416988 	0.82644757
0.0026837845 	-0.018436298 	-0.022477858 	0.82735135
0.0027222509 	-0.019114571 	-0.017690842 	0.82697005
0.0027601861 	-0.019187787 	-0.013441157 	0.82524605
0.0027975974 	-0.018591829 	-0.010046108 	0.8222427
0.002834492 	-0.017430263 	-0.0076411942 	0.81804111
0.0028708772 	-0.015863454 	-0.006231327 	0.81258908
0.0029067598 	-0.013935574 	-0.0057785047 	0.80568393
0.0029421469 	-0.011656984 	-0.0063273485 	0.79707434
0.0029770452 	-0.0090374215 	-0.0080285644 	0.78673061
0.0030114616 	-0.0061386635 	-0.011057348 	0.77497963
0.0030454028 	-0.0030544478 	-0.015489638 	0.76250602
0.0030788752 	0.00013491739 	-0.021225569 	0.75017819
0.0031118853 	0.0033099913 	-0.02799781 	0.73880318
0.0031444395 	0.0063619253 	-0.035421629 	0.72894728
0.0031765442 	0.0092862594 	-0.043043228 	0.7208538
0.0032082055 	0.012121106 	-0.050384488 	0.71441731
0.0032394295 	0.014893563 	-0.057010824 	0.70925335
0.0032702223 	0.017590566 	-0.062552131 	0.70484159
0.0033005899 	0.02016639 	-0.066736344 	0.70064546
0.0033305381 	0.022544146 	-0.069407523 	0.69622871
0.0033600727 	0.024630389 	-0.070505979 	0.69136874
0.0033891994 	0.026343329 	-0.070054026 	0.68615668
0.0034179239 	0.027628863 	-0.06808117 	0.68107442
0.0034462517 	0.028458451 	-0.064535462 	0.67695257
0.0034741882 	0.028812788 	-0.059224705 	0.67474047
0.003501739 	0.028651154 	-0.051825883 	0.67514102
0.0035289093 	0.027888417 	-0.041972081 	0.67824196
0.0035557043 	0.026396167 	-0.029431248 	0.6832851
0.0035821293 	0.024034231 	-0.014338396 	0.68865423
0.0036081894 	0.020703627 	0.0025924339 	0.69208796
0.0036338895 	0.016453025 	0.019937389 	0.69109357
0.0036592348 	0.011495565 	0.03575533 	0.6834334
0.00368423 	0.0062455727 	0.048149385 	0.66759763
0.00370888 	0.0012780398 	0.056012291 	0.64299296
0.0037331896 	-0.0028004788 	0.059410847 	0.60974393
0.0037571635 	-0.0055291691 	0.059263712 	0.56827853
0.0037808063 	-0.006738613 	0.056661071 	0.51920006
0.0038041226 	-0.0066129394 	0.052481949 	0.46371518
0.0038271169 	-0.0056222983 	0.047427669 	0.40406313
0.0038497936 	-0.0043130148 	0.042071737 	0.34311651
0.0038721572 	-0.0030808323 	0.036741752 	0.28332845
0.0038942119 	-0.0020864472 	0.031437836 	0.22603377
0.003915962 	-0.0013258322 	0.025916704 	0.17154999
0.0039374118 	-0.00074502697 	0.019842921 	0.11968931
0.0039585653 	-0.00031481413 	0.012888857 	0.070192775
0.0039794267 	-5.5782682e-05 	0.0047643187 	0.022869306
0.004 	-5.5782682e-05 	0.0047643187 	0.022869306
