0 	0.01025001 	0.015537043 	1.1245078
5.5555625e-05 	0.020233481 	0.011158903 	1.1214834
0.00011111111 	0.025824908 	0.0097022163 	1.1177737
0.00016666667 	0.030933782 	0.0090525656 	1.1141198
0.00022222222 	0.036009613 	0.0086695954 	1.1110359
0.00027777778 	0.040988002 	0.0082205936 	1.1086051
0.00033333333 	0.045665175 	0.0073318272 	1.1065442
0.00038888889 	0.049858904 	0.005682597 	1.1044542
0.00044444444 	0.053476974 	0.003127792 	1.1020701
0.0005 	0.056472634 	-0.00028503602 	1.0993556
0.00055555556 	0.058806541 	-0.0043842787 	1.0964361
0.00061111111 	0.060433634 	-0.0089038705 	1.0935165
0.00066666667 	0.061299093 	-0.013495007 	1.0908283
0.00072222222 	0.061351979 	-0.017785218 	1.0886211
0.00077777778 	0.060644418 	-0.021422612 	1.0871013
0.00083333333 	0.059212841 	-0.024277147 	1.0864027
0.00088888889 	0.05728945 	-0.026230659 	1.0864555
0.00094444444 	0.054833664 	-0.027504491 	1.0870671
0.001 	0.052044235 	-0.027798622 	1.0879712
0.0010617199 	0.04903874 	-0.027083178 	1.0887917
0.0011225874 	0.045958497 	-0.025419028 	1.0891841
0.0011826143 	0.042709098 	-0.023012532 	1.0890368
0.0012418122 	0.039320439 	-0.0203283 	1.0885748
0.0013001926 	0.035832694 	-0.017997607 	1.0884002
0.0013577668 	0.032546031 	-0.016681005 	1.0891173
0.0014145458 	0.030102762 	-0.016885022 	1.0906665
0.0014705407 	0.029109927 	-0.018765579 	1.0923792
0.0015257623 	0.029588181 	-0.022024747 	1.0936332
0.0015802213 	0.030797294 	-0.025870303 	1.093948
0.0016339282 	0.031456542 	-0.029044907 	1.092858
0.0016868934 	0.030239654 	-0.030242223 	1.0901222
0.0017391271 	0.026401302 	-0.028918069 	1.0857063
0.0017906395 	0.020214507 	-0.025937921 	1.0790552
0.0018414404 	0.012952547 	-0.023534896 	1.068665
0.0018915398 	0.006408288 	-0.024374223 	1.0533434
0.0019409473 	0.0016868217 	-0.029869808 	1.0342884
0.0019896725 	-0.00097691446 	-0.038419797 	1.014678
0.0020377248 	-0.0022652703 	-0.045898281 	0.99709945
0.0020851134 	-0.003630034 	-0.048915035 	0.98259481
0.0021318476 	-0.0058184696 	-0.047464038 	0.97111627
0.0021779364 	-0.0086310376 	-0.043914582 	0.96194079
0.0022233887 	-0.011609031 	-0.040719854 	0.95410638
0.0022682133 	-0.014285686 	-0.03948235 	0.9468714
0.0023124189 	-0.016268116 	-0.040692494 	0.93993032
0.0023560139 	-0.017112544 	-0.043782987 	0.93347047
0.0023990069 	-0.016504247 	-0.047468111 	0.92789246
0.0024414062 	-0.014422949 	-0.050446045 	0.92331273
0.0024832199 	-0.010969795 	-0.052078131 	0.91941253
0.0025244562 	-0.0064040659 	-0.052258656 	0.91564714
0.002565123 	-0.0010574547 	-0.051286321 	0.91160995
0.0026052281 	0.0047244197 	-0.049433824 	0.90725353
0.0026447794 	0.010594602 	-0.046798123 	0.90287857
0.0026837845 	0.016232685 	-0.043279314 	0.89897952
0.0027222509 	0.021360879 	-0.038626269 	0.89608485
0.0027601861 	0.025791824 	-0.032651054 	0.89459098
0.0027975974 	0.02948576 	-0.025414868 	0.89466231
0.002834492 	0.032537389 	-0.017250948 	0.89615781
0.0028708772 	0.035084052 	-0.0086698495 	0.89862668
0.0029067598 	0.037248695 	-0.00018918538 	0.9014673
0.0029421469 	0.039023009 	0.0077882396 	0.90414517
0.0029770452 	0.040300631 	0.015081637 	0.90637699
0.0030114616 	0.040952286 	0.021654388 	0.90815068
0.0030454028 	0.04084466 	0.027589968 	0.90954256
0.0030788752 	0.039957088 	0.033005754 	0.91049516
0.0031118853 	0.038406797 	0.037962004 	0.91070306
0.0031444395 	0.03638549 	0.04236137 	0.90981236
0.0031765442 	0.034077074 	0.045953301 	0.90774324
0.0032082055 	0.031591153 	0.048440939 	0.90490899
0.0032394295 	0.028970479 	0.049617304 	0.90211901
0.0032702223 	0.026249072 	0.049436773 	0.90019345
0.0033005899 	0.023529337 	0.04799755 	0.89955693
0.0033305381 	0.021021244 	0.045478555 	0.90005594
0.0033600727 	0.019020386 	0.042069357 	0.90103625
0.0033891994 	0.017839914 	0.03793226 	0.90155406
0.0034179239 	0.017715692 	0.033199071 	0.90064149
0.0034462517 	0.018723044 	0.028004088 	0.89752697
0.0034741882 	0.02072709 	0.022516319 	0.89170491
0.003501739 	0.023404679 	0.016964086 	0.88293414
0.0035289093 	0.026309861 	0.011613984 	0.87113485
0.0035557043 	0.028948012 	0.0067702618 	0.85637793
0.0035821293 	0.030846489 	0.0028045602 	0.83902517
0.0036081894 	0.031590512 	0.00023653088 	0.81990981
0.0036338895 	0.030850249 	-0.0002359921 	0.80026624
0.0036592348 	0.028498214 	0.0020953483 	0.78107061
0.00368423 	0.024780406 	0.0074998727 	0.76193725
0.00370888 	0.020334381 	0.015273202 	0.74036258
0.0037331896 	0.015928241 	0.023586727 	0.71221227
0.0037571635 	0.012168237 	0.030086176 	0.67340527
0.0037808063 	0.0093415795 	0.033026887 	0.62176984
0.0038041226 	0.0073970239 	0.03214763 	0.55796766
0.0038271169 	0.0060777652 	0.028593623 	0.48522633
0.0038497936 	0.0050809317 	0.023999809 	0.40826265
0.0038721572 	0.0041698876 	0.019556391 	0.33185118
0.0038942119 	0.0032255819 	0.01570028 	0.25955104
0.003915962 	0.0022444256 	0.012350846 	0.19310567
0.0039374118 	0.0013048784 	0.0092382351 	0.13261146
0.0039585653 	0.00053180922 	0.0060402814 	0.077092111
0.0039794267 	6.0962885e-05 	0.0023448172 	0.025098474
0.004 	6.0962885e-05 	0.0023448172 	0.025098474
