0 	-0.031513656 	-0.0012658696 	1.1951295
2.0100503e-05 	-0.031513656 	-0.0012658696 	1.1951295
4.0201005e-05 	-0.031513656 	-0.0012658696 	1.1951295
6.0301508e-05 	-0.026119796 	-0.018817 	1.1968243
8.040201e-05 	-0.026119796 	-0.018817 	1.1968243
0.00010050251 	-0.026119796 	-0.018817 	1.1968243
0.00012060302 	-0.020713931 	-0.026915768 	1.1975625
0.00014070352 	-0.020713931 	-0.026915768 	1.1975625
0.00016080402 	-0.020713931 	-0.026915768 	1.1975625
0.00018090452 	-0.014729083 	-0.033725714 	1.195849
0.00020100503 	-0.014729083 	-0.033725714 	1.195849
0.00022110553 	-0.014729083 	-0.033725714 	1.195849
0.00024120603 	-0.0077024341 	-0.03940706 	1.1895536
0.00026130653 	-0.0077024341 	-0.03940706 	1.1895536
0.00028140704 	-0.00018329679 	-0.042663622 	1.1770407
0.00030150754 	-0.00018329679 	-0.042663622 	1.1770407
0.00032160804 	-0.00018329679 	-0.042663622 	1.1770407
0.00034170854 	0.0062936504 	-0.041764922 	1.1591403
0.00036180905 	0.0062936504 	-0.041764922 	1.1591403
0.00038190955 	0.0062936504 	-0.041764922 	1.1591403
0.00040201005 	0.0097010527 	-0.035396703 	1.1402353
0.00042211055 	0.0097010527 	-0.035396703 	1.1402353
0.00044221106 	0.0097010527 	-0.035396703 	1.1402353
0.00046231156 	0.008383749 	-0.022664095 	1.1261541
0.00048241206 	0.008383749 	-0.022664095 	1.1261541
0.00050251256 	0.0016623804 	-0.0030493103 	1.1201834
0.00052261307 	0.0016623804 	-0.0030493103 	1.1201834
0.00054271357 	0.0016623804 	-0.0030493103 	1.1201834
0.00056281407 	-0.0098504122 	0.022825999 	1.1204675
0.00058291457 	-0.0098504122 	0.022825999 	1.1204675
0.00060301508 	-0.0098504122 	0.022825999 	1.1204675
0.00062311558 	-0.024146282 	0.051925397 	1.1202567
0.00064321608 	-0.024146282 	0.051925397 	1.1202567
0.00066331658 	-0.024146282 	0.051925397 	1.1202567
0.00068341709 	-0.038187437 	0.079392489 	1.1124717
0.00070351759 	-0.038187437 	0.079392489 	1.1124717
0.00072361809 	-0.049531553 	0.10027461 	1.0968657
0.00074371859 	-0.049531553 	0.10027461 	1.0968657
0.0007638191 	-0.049531553 	0.10027461 	1.0968657
0.0007839196 	-0.057661815 	0.11227097 	1.0802598
0.0008040201 	-0.057661815 	0.11227097 	1.0802598
0.0008241206 	-0.057661815 	0.11227097 	1.0802598
0.00084422111 	-0.062894414 	0.116917 	1.0682354
0.00086432161 	-0.062894414 	0.116917 	1.0682354
0.00088442211 	-0.062894414 	0.116917 	1.0682354
0.00090452261 	-0.065695052 	0.11778212 	1.0613405
0.00092462312 	-0.065695052 	0.11778212 	1.0613405
0.00094472362 	-0.066736866 	0.11797288 	1.0582346
0.00096482412 	-0.066736866 	0.11797288 	1.0582346
0.00098492462 	-0.066736866 	0.11797288 	1.0582346
0.0010050251 	-0.066575489 	0.11902112 	1.0576282
0.0010251256 	-0.069273226 	0.11437387 	1.0588023
0.0010452261 	-0.069273226 	0.11437387 	1.0588023
0.0010653266 	-0.068458795 	0.11555888 	1.0593745
0.0010854271 	-0.068458795 	0.11555888 	1.0593745
0.0011055276 	-0.068458795 	0.11555888 	1.0593745
0.0011256281 	-0.067343824 	0.11661622 	1.0591041
0.0011457286 	-0.067343824 	0.11661622 	1.0591041
0.0011658291 	-0.065289132 	0.12207882 	1.0579465
0.0011859296 	-0.064922351 	0.12177606 	1.053766
0.0012060302 	-0.064922351 	0.12177606 	1.053766
0.0012261307 	-0.067005683 	0.11626259 	1.0552596
0.0012462312 	-0.067290861 	0.11420573 	1.0456255
0.0012663317 	-0.067290861 	0.11420573 	1.0456255
0.0012864322 	-0.067290861 	0.11420573 	1.0456255
0.0013065327 	-0.068355072 	0.11001822 	1.0295093
0.0013266332 	-0.068355072 	0.11001822 	1.0295093
0.0013467337 	-0.068355072 	0.11001822 	1.0295093
0.0013668342 	-0.070197507 	0.10302505 	1.0078959
0.0013869347 	-0.070197507 	0.10302505 	1.0078959
0.0014070352 	-0.070197507 	0.10302505 	1.0078959
0.0014271357 	-0.072914368 	0.092572528 	0.98298503
0.0014472362 	-0.072914368 	0.092572528 	0.98298503
0.0014673367 	-0.072914368 	0.092572528 	0.98298503
0.0014874372 	-0.076639903 	0.07855756 	0.95734944
0.0015075377 	-0.076639903 	0.07855756 	0.95734944
0.0015276382 	-0.081493378 	0.061382878 	0.9329146
0.0015477387 	-0.081493378 	0.061382878 	0.9329146
0.0015678392 	-0.081493378 	0.061382878 	0.9329146
0.0015879397 	-0.087559602 	0.041914546 	0.90991895
0.0016080402 	-0.087559602 	0.041914546 	0.90991895
0.0016281407 	-0.087559602 	0.041914546 	0.90991895
0.0016482412 	-0.094765219 	0.021797399 	0.88679994
0.0016683417 	-0.094765219 	0.021797399 	0.88679994
0.0016884422 	-0.10246926 	0.0035600178 	0.86182904
0.0017085427 	-0.10246926 	0.0035600178 	0.86182904
0.0017286432 	-0.10246926 	0.0035600178 	0.86182904
0.0017487437 	-0.10911751 	-0.010114631 	0.83587576
0.0017688442 	-0.10911751 	-0.010114631 	0.83587576
0.0017889447 	-0.10911751 	-0.010114631 	0.83587576
0.0018090452 	-0.11245129 	-0.017010468 	0.81399545
0.0018291457 	-0.11245129 	-0.017010468 	0.81399545
0.0018492462 	-0.11027881 	-0.016730374 	0.80339773
0.0018693467 	-0.11027881 	-0.016730374 	0.80339773
0.0018894472 	-0.11027881 	-0.016730374 	0.80339773
0.0019095477 	-0.10249367 	-0.011467415 	0.80775903
0.0019296482 	-0.10249367 	-0.011467415 	0.80775903
0.0019497487 	-0.091328839 	-0.0041631928 	0.82425088
0.0019698492 	-0.091328839 	-0.0041631928 	0.82425088
0.0019899497 	-0.079044022 	0.0042139801 	0.84608192
0.0020100503 	-0.079044022 	0.0042139801 	0.84608192
0.0020301508 	-0.079044022 	0.0042139801 	0.84608192
0.0020502513 	-0.066811468 	0.014239396 	0.86707641
0.0020703518 	-0.066811468 	0.014239396 	0.86707641
0.0020904523 	-0.10458983 	0.017689833 	0.85838757
0.0021105528 	-0.055064376 	0.02660261 	0.88469656
0.0021306533 	-0.055064376 	0.02660261 	0.88469656
0.0021507538 	-0.044253248 	0.041518376 	0.8990437
0.0021708543 	-0.044253248 	0.041518376 	0.8990437
0.0021909548 	-0.035012745 	0.058392931 	0.91067718
0.0022110553 	-0.035012745 	0.058392931 	0.91067718
0.0022311558 	-0.028071016 	0.075759831 	0.91964057
0.0022512563 	-0.028071016 	0.075759831 	0.91964057
0.0022713568 	-0.024220273 	0.091309714 	0.92540477
0.0022914573 	-0.024220273 	0.091309714 	0.92540477
0.0023115578 	-0.024220273 	0.091309714 	0.92540477
0.0023316583 	-0.024127221 	0.102331 	0.92737442
0.0023517588 	-0.024127221 	0.102331 	0.92737442
0.0023718593 	-0.027926478 	0.10676772 	0.92589372
0.0023919598 	-0.027926478 	0.10676772 	0.92589372
0.0024120603 	-0.034849526 	0.10423303 	0.92293067
0.0024321608 	-0.034849526 	0.10423303 	0.92293067
0.0024522613 	-0.043454023 	0.096209879 	0.92112822
0.0024723618 	-0.043454023 	0.096209879 	0.92112822
0.0024924623 	-0.052265725 	0.085284242 	0.92177102
0.0025125628 	-0.052265725 	0.085284242 	0.92177102
0.0025326633 	-0.060206382 	0.074001917 	0.92395266
0.0025527638 	-0.060206382 	0.074001917 	0.92395266
0.0025728643 	-0.06666739 	0.064045319 	0.92574682
0.0025929648 	-0.06666739 	0.064045319 	0.92574682
0.0026130653 	-0.071381073 	0.056064295 	0.92573264
0.0026331658 	-0.071381073 	0.056064295 	0.92573264
0.0026532663 	-0.074321331 	0.049982894 	0.92349243
0.0026733668 	-0.074321331 	0.049982894 	0.92349243
0.0026934673 	-0.075608967 	0.045434672 	0.91931558
0.0027135678 	-0.075608967 	0.045434672 	0.91931558
0.0027336683 	-0.075427055 	0.042045288 	0.91376968
0.0027537688 	-0.075427055 	0.042045288 	0.91376968
0.0027738693 	-0.073991638 	0.039531326 	0.90742273
0.0027939698 	-0.073991638 	0.039531326 	0.90742273
0.0028140704 	-0.071487176 	0.037685727 	0.90078583
0.0028341709 	-0.071487176 	0.037685727 	0.90078583
0.0028542714 	-0.068057785 	0.036358798 	0.89424469
0.0028743719 	-0.063818395 	0.035444127 	0.88808691
0.0028944724 	-0.063818395 	0.035444127 	0.88808691
0.0029145729 	-0.058857299 	0.03486116 	0.88249507
0.0029346734 	-0.058857299 	0.03486116 	0.88249507
0.0029547739 	-0.053236183 	0.034552292 	0.87757371
0.0029748744 	-0.053236183 	0.034552292 	0.87757371
0.0029949749 	-0.047003709 	0.034471621 	0.87336603
0.0030150754 	-0.040195696 	0.034582696 	0.8698746
0.0030351759 	-0.040195696 	0.034582696 	0.8698746
0.0030552764 	-0.032842267 	0.034849024 	0.86706297
0.0030753769 	-0.032842267 	0.034849024 	0.86706297
0.0030954774 	-0.024972461 	0.035232555 	0.86487517
0.0031155779 	-0.016612182 	0.035692782 	0.86323723
0.0031356784 	-0.016612182 	0.035692782 	0.86323723
0.0031557789 	-0.0077757351 	0.036182993 	0.86205976
0.0031758794 	-0.0077757351 	0.036182993 	0.86205976
0.0031959799 	0.0014587419 	0.036647914 	0.86124443
0.0032160804 	0.011007876 	0.037021742 	0.86069756
0.0032361809 	0.011007876 	0.037021742 	0.86069756
0.0032562814 	0.020814857 	0.037229582 	0.86030849
0.0032763819 	0.030766378 	0.037192351 	0.85996624
0.0032964824 	0.030766378 	0.037192351 	0.85996624
0.0033165829 	0.040716631 	0.036827061 	0.85956581
0.0033366834 	0.050495679 	0.036058951 	0.85900776
0.0033567839 	0.050495679 	0.036058951 	0.85900776
0.0033768844 	0.059916472 	0.034831172 	0.85820773
0.0033969849 	0.06877683 	0.033114597 	0.85711433
0.0034170854 	0.06877683 	0.033114597 	0.85711433
0.0034371859 	0.076867707 	0.030914264 	0.85572036
0.0034572864 	0.08399204 	0.028272301 	0.85405438
0.0034773869 	0.089983703 	0.025261454 	0.85215762
0.0034974874 	0.089983703 	0.025261454 	0.85215762
0.0035175879 	0.094720856 	0.021972666 	0.85005611
0.0035376884 	0.098128506 	0.018505673 	0.84774564
0.0035577889 	0.10017072 	0.014967393 	0.84520731
0.0035778894 	0.10017072 	0.014967393 	0.84520731
0.0035979899 	0.10083031 	0.011475426 	0.84243286
0.0036180905 	0.10009841 	0.0081534213 	0.83946257
0.003638191 	0.097983437 	0.0051176692 	0.83642066
0.0036582915 	0.097983437 	0.0051176692 	0.83642066
0.003678392 	0.09433815 	0.0024906915 	0.8335227
0.0036984925 	0.089046351 	0.00039320398 	0.83105529
0.003718593 	0.082142849 	-0.0010149708 	0.82934092
0.0037386935 	0.073668409 	-0.0015716159 	0.8285902
0.003758794 	0.06377722 	-0.0011558553 	0.82829214
0.0037788945 	0.06377722 	-0.0011558553 	0.82829214
0.003798995 	0.05282741 	0.00033947985 	0.82605364
0.0038190955 	0.041509574 	0.0031918343 	0.81624604
0.003839196 	0.030850373 	0.0080345593 	0.78995295
0.0038592965 	0.021925592 	0.015366957 	0.73783481
0.003879397 	0.015318791 	0.02428242 	0.65542341
0.0038994975 	0.010733281 	0.031871499 	0.54702682
0.003919598 	0.007314757 	0.03472169 	0.42389911
0.0039396985 	0.0044320773 	0.031160406 	0.29768552
0.003959799 	0.00201747 	0.021652263 	0.17526912
0.0039798995 	0.00033669435 	0.0077573179 	0.057923457
0.004 	0.00033669435 	0.0077573179 	0.057923457
