0 	0.061207446 	-0.036025853 	1.1063841
5.5555625e-05 	0.03982547 	-0.062034659 	1.1107839
0.00011111111 	0.032426285 	-0.069089716 	1.1165415
0.00016666667 	0.028981614 	-0.073219853 	1.1237949
0.00022222222 	0.027220539 	-0.076047553 	1.1328383
0.00027777778 	0.026465126 	-0.07761961 	1.1439132
0.00033333333 	0.026332331 	-0.077628414 	1.1568478
0.00038888889 	0.026346431 	-0.075798557 	1.1705549
0.00044444444 	0.025717229 	-0.07225512 	1.1827038
0.0005 	0.023293552 	-0.067805435 	1.1903717
0.00055555556 	0.018025406 	-0.063583926 	1.1919243
0.00061111111 	0.0098331253 	-0.059677624 	1.1879516
0.00066666667 	-3.4488405e-07 	-0.05404575 	1.1795327
0.00072222222 	-0.0093757393 	-0.044170934 	1.1664672
0.00077777778 	-0.016727362 	-0.030600781 	1.1481711
0.00083333333 	-0.021878153 	-0.017445374 	1.1254769
0.00088888889 	-0.025320841 	-0.0080169975 	1.1005691
0.00094444444 	-0.027833527 	-0.0032857424 	1.0762855
0.001 	-0.029752124 	-0.0030231108 	1.0543373
0.0010617199 	-0.031428316 	-0.0077754874 	1.037871
0.0011225874 	-0.032885167 	-0.015303993 	1.025806
0.0011826143 	-0.033855781 	-0.022986878 	1.0133049
0.0012418122 	-0.035164204 	-0.02808866 	1.0006034
0.0013001926 	-0.038214786 	-0.028215847 	0.99486348
0.0013577668 	-0.043205021 	-0.021924678 	0.99769984
0.0014145458 	-0.048889486 	-0.0099733164 	0.99890643
0.0014705407 	-0.054333434 	0.0040571744 	0.98830527
0.0015257623 	-0.059437098 	0.015253828 	0.9651305
0.0015802213 	-0.064292937 	0.020540466 	0.93434283
0.0016339282 	-0.068669964 	0.019255242 	0.90150546
0.0016868934 	-0.072288961 	0.012067098 	0.87082641
0.0017391271 	-0.075242368 	0.00051445682 	0.84427356
0.0017906395 	-0.077844553 	-0.012324869 	0.8228791
0.0018414404 	-0.080395446 	-0.022624948 	0.8080623
0.0018915398 	-0.082756824 	-0.027574208 	0.80216283
0.0019409473 	-0.084325883 	-0.026759569 	0.80788218
0.0019896725 	-0.084727216 	-0.02239572 	0.82563208
0.0020377248 	-0.084183193 	-0.018017 	0.85102348
0.0020851134 	-0.083403719 	-0.016204939 	0.87668715
0.0021318476 	-0.083177706 	-0.017327119 	0.89715259
0.0021779364 	-0.083866346 	-0.020357953 	0.9109838
0.0022233887 	-0.085202941 	-0.024388659 	0.91900455
0.0022682133 	-0.086542809 	-0.029005738 	0.9224188
0.0023124189 	-0.087296344 	-0.033745694 	0.92243165
0.0023560139 	-0.087241102 	-0.037774464 	0.92043212
0.0023990069 	-0.0865911 	-0.040183142 	0.91775395
0.0024414062 	-0.085894957 	-0.040469869 	0.91515302
0.0024832199 	-0.085828016 	-0.038800614 	0.91251007
0.0025244562 	-0.086967118 	-0.0359243 	0.90904
0.002565123 	-0.089564286 	-0.032842645 	0.90385516
0.0026052281 	-0.093395725 	-0.030340054 	0.89647671
0.0026447794 	-0.097858667 	-0.028656368 	0.88687073
0.0026837845 	-0.102219 	-0.027498474 	0.87524228
0.0027222509 	-0.10589162 	-0.026289478 	0.86173554
0.0027601861 	-0.10857926 	-0.024491178 	0.84637621
0.0027975974 	-0.11023439 	-0.021807993 	0.82920338
0.002834492 	-0.11095981 	-0.018225685 	0.81044477
0.0028708772 	-0.11087766 	-0.013926946 	0.79059251
0.0029067598 	-0.11008752 	-0.0091660523 	0.77035405
0.0029421469 	-0.10869904 	-0.0041922769 	0.75062417
0.0029770452 	-0.10677528 	0.00077888744 	0.73237562
0.0030114616 	-0.10438289 	0.0055697707 	0.71648823
0.0030454028 	-0.10151698 	0.010033293 	0.7036356
0.0030788752 	-0.098086778 	0.014083404 	0.69417383
0.0031118853 	-0.094033522 	0.017685839 	0.68809855
0.0031444395 	-0.089331749 	0.020849614 	0.68509903
0.0031765442 	-0.084069467 	0.023620124 	0.68462379
0.0032082055 	-0.078359399 	0.026038332 	0.6860217
0.0032394295 	-0.072313831 	0.028120097 	0.68864185
0.0032702223 	-0.066061583 	0.029864041 	0.691929
0.0033005899 	-0.059699285 	0.031274082 	0.69545903
0.0033305381 	-0.053326469 	0.032362898 	0.6989225
0.0033600727 	-0.047036826 	0.033147883 	0.70206093
0.0033891994 	-0.040905673 	0.033652543 	0.70471015
0.0034179239 	-0.034997531 	0.033911095 	0.70671753
0.0034462517 	-0.029366257 	0.033957699 	0.70789958
0.0034741882 	-0.02406052 	0.033830615 	0.70809863
0.003501739 	-0.019128727 	0.03356766 	0.70710319
0.0035289093 	-0.014619008 	0.033209829 	0.7046703
0.0035557043 	-0.010575891 	0.032802145 	0.70048877
0.0035821293 	-0.0070439027 	0.032399446 	0.69421609
0.0036081894 	-0.0040730596 	0.032073805 	0.68544161
0.0036338895 	-0.001715971 	0.031918448 	0.67369651
0.0036592348 	-2.157981e-05 	0.032047726 	0.65844068
0.00368423 	0.00096750071 	0.032588841 	0.63906771
0.00370888 	0.0012505247 	0.033639551 	0.61493697
0.0037331896 	0.00089573549 	0.035199104 	0.58543926
0.0037571635 	5.1775715e-05 	0.037094782 	0.55012777
0.0037808063 	-0.0010288403 	0.038955006 	0.50888887
0.0038041226 	-0.0020366411 	0.040269937 	0.46210103
0.0038271169 	-0.0026981584 	0.040526269 	0.41070897
0.0038497936 	-0.0028699334 	0.039355891 	0.35613006
0.0038721572 	-0.0025768106 	0.036637134 	0.2999738
0.0038942119 	-0.0019699992 	0.032502536 	0.24364491
0.003915962 	-0.0012494942 	0.027232457 	0.18803569
0.0039374118 	-0.00060051851 	0.021058455 	0.13344413
0.0039585653 	-0.00015540077 	0.013934998 	0.079701597
0.0039794267 	3.3430626e-06 	0.0053778226 	0.026481252
0.004 	3.3430626e-06 	0.0053778226 	0.026481252
