0 	-0.018522482 	-0.026258155 	1.0670986
2.0100503e-05 	-0.018522482 	-0.026258155 	1.0670986
4.0201005e-05 	-0.018522482 	-0.026258155 	1.0670986
6.0301508e-05 	-0.032123213 	-0.011047343 	1.0720871
8.040201e-05 	-0.032123213 	-0.011047343 	1.0720871
0.00010050251 	-0.032123213 	-0.011047343 	1.0720871
0.00012060302 	-0.033755245 	0.015111068 	1.0774353
0.00014070352 	-0.033755245 	0.015111068 	1.0774353
0.00016080402 	-0.033755245 	0.015111068 	1.0774353
0.00018090452 	-0.034707188 	0.026998129 	1.0833707
0.00020100503 	-0.034707188 	0.026998129 	1.0833707
0.00022110553 	-0.041460063 	0.018400403 	1.0845737
0.00024120603 	-0.04596362 	0.029641405 	1.0922465
0.00026130653 	-0.04596362 	0.029641405 	1.0922465
0.00028140704 	-0.042119724 	0.044780879 	1.0992062
0.00030150754 	-0.050831649 	0.036139093 	1.1005822
0.00032160804 	-0.050831649 	0.036139093 	1.1005822
0.00034170854 	-0.055514874 	0.038539954 	1.1092352
0.00036180905 	-0.055514874 	0.038539954 	1.1092352
0.00038190955 	-0.047232127 	0.047242291 	1.1084375
0.00040201005 	-0.051974559 	0.046533252 	1.1177029
0.00042211055 	-0.051974559 	0.046533252 	1.1177029
0.00044221106 	-0.051974559 	0.046533252 	1.1177029
0.00046231156 	-0.055908546 	0.043987742 	1.126047
0.00048241206 	-0.055908546 	0.043987742 	1.126047
0.00050251256 	-0.058843948 	0.040813465 	1.1325614
0.00052261307 	-0.058843948 	0.040813465 	1.1325614
0.00054271357 	-0.058843948 	0.040813465 	1.1325614
0.00056281407 	-0.060700762 	0.037983815 	1.1364219
0.00058291457 	-0.060700762 	0.037983815 	1.1364219
0.00060301508 	-0.060700762 	0.037983815 	1.1364219
0.00062311558 	-0.061460604 	0.036181306 	1.1367588
0.00064321608 	-0.061460604 	0.036181306 	1.1367588
0.00066331658 	-0.061460604 	0.036181306 	1.1367588
0.00068341709 	-0.065756198 	0.027898881 	1.1266649
0.00070351759 	-0.065756198 	0.027898881 	1.1266649
0.00072361809 	-0.064214103 	0.029237621 	1.1172218
0.00074371859 	-0.064214103 	0.029237621 	1.1172218
0.0007638191 	-0.060014701 	0.037204365 	1.1233188
0.0007839196 	-0.058286194 	0.040245457 	1.1086434
0.0008040201 	-0.058286194 	0.040245457 	1.1086434
0.0008241206 	-0.058286194 	0.040245457 	1.1086434
0.00084422111 	-0.060628642 	0.036564769 	1.0849887
0.00086432161 	-0.060628642 	0.036564769 	1.0849887
0.00088442211 	-0.060628642 	0.036564769 	1.0849887
0.00090452261 	-0.059677394 	0.041409535 	1.063571
0.00092462312 	-0.059677394 	0.041409535 	1.063571
0.00094472362 	-0.059715607 	0.045760918 	1.0399324
0.00096482412 	-0.059715607 	0.045760918 	1.0399324
0.00098492462 	-0.059715607 	0.045760918 	1.0399324
0.0010050251 	-0.06061872 	0.048368063 	1.0139062
0.0010251256 	-0.06061872 	0.048368063 	1.0139062
0.0010452261 	-0.06061872 	0.048368063 	1.0139062
0.0010653266 	-0.062698572 	0.046555855 	0.98807691
0.0010854271 	-0.062698572 	0.046555855 	0.98807691
0.0011055276 	-0.062698572 	0.046555855 	0.98807691
0.0011256281 	-0.065461248 	0.039550553 	0.96698168
0.0011457286 	-0.065461248 	0.039550553 	0.96698168
0.0011658291 	-0.065461248 	0.039550553 	0.96698168
0.0011859296 	-0.068871948 	0.028669279 	0.95338022
0.0012060302 	-0.068871948 	0.028669279 	0.95338022
0.0012261307 	-0.068871948 	0.028669279 	0.95338022
0.0012462312 	-0.072720068 	0.017529449 	0.94870141
0.0012663317 	-0.072720068 	0.017529449 	0.94870141
0.0012864322 	-0.072720068 	0.017529449 	0.94870141
0.0013065327 	-0.076290488 	0.0088382418 	0.95173591
0.0013266332 	-0.076290488 	0.0088382418 	0.95173591
0.0013467337 	-0.076290488 	0.0088382418 	0.95173591
0.0013668342 	-0.078571021 	0.0019765439 	0.95903203
0.0013869347 	-0.078571021 	0.0019765439 	0.95903203
0.0014070352 	-0.078571021 	0.0019765439 	0.95903203
0.0014271357 	-0.079091024 	-0.0052739203 	0.96722596
0.0014472362 	-0.079091024 	-0.0052739203 	0.96722596
0.0014673367 	-0.079091024 	-0.0052739203 	0.96722596
0.0014874372 	-0.078063096 	-0.013542523 	0.9749425
0.0015075377 	-0.078063096 	-0.013542523 	0.9749425
0.0015276382 	-0.075893987 	-0.021817459 	0.98224816
0.0015477387 	-0.075893987 	-0.021817459 	0.98224816
0.0015678392 	-0.075893987 	-0.021817459 	0.98224816
0.0015879397 	-0.072935208 	-0.029258655 	0.98932916
0.0016080402 	-0.072935208 	-0.029258655 	0.98932916
0.0016281407 	-0.072935208 	-0.029258655 	0.98932916
0.0016482412 	-0.069503031 	-0.035689476 	0.9961416
0.0016683417 	-0.069503031 	-0.035689476 	0.9961416
0.0016884422 	-0.065863597 	-0.041125002 	1.0025398
0.0017085427 	-0.065863597 	-0.041125002 	1.0025398
0.0017286432 	-0.065863597 	-0.041125002 	1.0025398
0.0017487437 	-0.062188757 	-0.045603987 	1.0082865
0.0017688442 	-0.062188757 	-0.045603987 	1.0082865
0.0017889447 	-0.062188757 	-0.045603987 	1.0082865
0.0018090452 	-0.058557475 	-0.049244359 	1.0130843
0.0018291457 	-0.058557475 	-0.049244359 	1.0130843
0.0018492462 	-0.054979793 	-0.052230974 	1.0166858
0.0018693467 	-0.054979793 	-0.052230974 	1.0166858
0.0018894472 	-0.054979793 	-0.052230974 	1.0166858
0.0019095477 	-0.051407802 	-0.054738026 	1.0189831
0.0019296482 	-0.051407802 	-0.054738026 	1.0189831
0.0019497487 	-0.047749968 	-0.05682622 	1.0200312
0.0019698492 	-0.047749968 	-0.05682622 	1.0200312
0.0019899497 	-0.043912363 	-0.058381352 	1.0200164
0.0020100503 	-0.043912363 	-0.058381352 	1.0200164
0.0020301508 	-0.043912363 	-0.058381352 	1.0200164
0.0020502513 	-0.039817744 	-0.059151768 	1.0191982
0.0020703518 	-0.039817744 	-0.059151768 	1.0191982
0.0020904523 	-0.035476751 	-0.058825981 	1.017866
0.0021105528 	-0.035476751 	-0.058825981 	1.017866
0.0021306533 	-0.035476751 	-0.058825981 	1.017866
0.0021507538 	-0.030977124 	-0.057128475 	1.0162925
0.0021708543 	-0.030977124 	-0.057128475 	1.0162925
0.0021909548 	-0.026452655 	-0.053912733 	1.0146755
0.0022110553 	-0.026452655 	-0.053912733 	1.0146755
0.0022311558 	-0.022074727 	-0.049215072 	1.0131383
0.0022512563 	-0.022074727 	-0.049215072 	1.0131383
0.0022713568 	-0.017975228 	-0.043259239 	1.0117045
0.0022914573 	-0.017975228 	-0.043259239 	1.0117045
0.0023115578 	-0.017975228 	-0.043259239 	1.0117045
0.0023316583 	-0.014260664 	-0.036412623 	1.010309
0.0023517588 	-0.014260664 	-0.036412623 	1.010309
0.0023718593 	-0.010962737 	-0.029162223 	1.0088517
0.0023919598 	-0.010962737 	-0.029162223 	1.0088517
0.0024120603 	-0.0080661144 	-0.021999979 	1.0072427
0.0024321608 	-0.0080661144 	-0.021999979 	1.0072427
0.0024522613 	-0.0055308776 	-0.015401919 	1.0054506
0.0024723618 	-0.0055308776 	-0.015401919 	1.0054506
0.0024924623 	-0.0032792855 	-0.009743625 	1.0034843
0.0025125628 	-0.0032792855 	-0.009743625 	1.0034843
0.0025326633 	-0.0012505748 	-0.0053197122 	1.001391
0.0025527638 	-0.0012505748 	-0.0053197122 	1.001391
0.0025728643 	0.00064071259 	-0.0023050119 	0.99921522
0.0025929648 	0.00064071259 	-0.0023050119 	0.99921522
0.0026130653 	0.0025230582 	-0.00075527292 	0.99699666
0.0026331658 	0.0025230582 	-0.00075527292 	0.99699666
0.0026532663 	0.0044768507 	-0.00064135125 	0.99474301
0.0026733668 	0.0044768507 	-0.00064135125 	0.99474301
0.0026934673 	0.0065786949 	-0.0018308725 	0.99244112
0.0027135678 	0.0065786949 	-0.0018308725 	0.99244112
0.0027336683 	0.0089198284 	-0.0041130973 	0.99006607
0.0027537688 	0.0089198284 	-0.0041130973 	0.99006607
0.0027738693 	0.01155593 	-0.0071883883 	0.98760146
0.0027939698 	0.01155593 	-0.0071883883 	0.98760146
0.0028140704 	0.014506695 	-0.010697254 	0.98508822
0.0028341709 	0.014506695 	-0.010697254 	0.98508822
0.0028542714 	0.017698207 	-0.014267949 	0.98266204
0.0028743719 	0.020972387 	-0.017580664 	0.9805704
0.0028944724 	0.020972387 	-0.017580664 	0.9805704
0.0029145729 	0.024136423 	-0.020393545 	0.97909693
0.0029346734 	0.024136423 	-0.020393545 	0.97909693
0.0029547739 	0.027004274 	-0.022536477 	0.9784496
0.0029748744 	0.027004274 	-0.022536477 	0.9784496
0.0029949749 	0.029436664 	-0.023890616 	0.97868264
0.0030150754 	0.0313532 	-0.024395591 	0.9796933
0.0030351759 	0.0313532 	-0.024395591 	0.9796933
0.0030552764 	0.03271601 	-0.02406772 	0.9812766
0.0030753769 	0.03271601 	-0.02406772 	0.9812766
0.0030954774 	0.033505225 	-0.023006848 	0.983181
0.0031155779 	0.033705994 	-0.021381212 	0.98513971
0.0031356784 	0.033705994 	-0.021381212 	0.98513971
0.0031557789 	0.033315712 	-0.019392497 	0.98688226
0.0031758794 	0.033315712 	-0.019392497 	0.98688226
0.0031959799 	0.032359879 	-0.017233188 	0.98814017
0.0032160804 	0.030901903 	-0.01505156 	0.98865448
0.0032361809 	0.030901903 	-0.01505156 	0.98865448
0.0032562814 	0.029042927 	-0.012938125 	0.98817773
0.0032763819 	0.026913188 	-0.010922566 	0.98646143
0.0032964824 	0.026913188 	-0.010922566 	0.98646143
0.0033165829 	0.024656781 	-0.0089943587 	0.98321244
0.0033366834 	0.022420732 	-0.0071255454 	0.97804586
0.0033567839 	0.022420732 	-0.0071255454 	0.97804586
0.0033768844 	0.020342828 	-0.005293093 	0.9704603
0.0033969849 	0.018545356 	-0.0034824743 	0.9598795
0.0034170854 	0.018545356 	-0.0034824743 	0.9598795
0.0034371859 	0.017144801 	-0.0016833747 	0.94576729
0.0034572864 	0.016239921 	0.0001025851 	0.92777651
0.0034773869 	0.015896321 	0.0018331489 	0.90588351
0.0034974874 	0.015896321 	0.0018331489 	0.90588351
0.0035175879 	0.016117629 	0.0033509266 	0.88048119
0.0035376884 	0.016788529 	0.0042936288 	0.85243201
0.0035577889 	0.017648307 	0.0040370324 	0.82305462
0.0035778894 	0.017648307 	0.0040370324 	0.82305462
0.0035979899 	0.018297623 	0.0017383325 	0.79392564
0.0036180905 	0.018290388 	-0.0034790013 	0.76644914
0.003638191 	0.017239529 	-0.012248836 	0.74120259
0.0036582915 	0.017239529 	-0.012248836 	0.74120259
0.003678392 	0.014947784 	-0.024632814 	0.7173217
0.0036984925 	0.011598334 	-0.039762916 	0.69225992
0.003718593 	0.0078010944 	-0.055601706 	0.66251247
0.0037386935 	0.0043645399 	-0.069181041 	0.62549057
0.003758794 	0.0018902435 	-0.077448317 	0.5814686
0.0037788945 	0.0018902435 	-0.077448317 	0.5814686
0.003798995 	0.00051369668 	-0.078394613 	0.53367401
0.0038190955 	-3.6487513e-05 	-0.071825866 	0.48598885
0.003839196 	-0.00013978985 	-0.059381303 	0.44026279
0.0038592965 	-8.8222485e-05 	-0.043862385 	0.39547619
0.003879397 	-4.5320671e-05 	-0.028287437 	0.34890584
0.0038994975 	-5.4331117e-05 	-0.015114132 	0.29784786
0.003919598 	-9.9129078e-05 	-0.0058306396 	0.24072466
0.0039396985 	-0.00013226009 	-0.00085255504 	0.17735676
0.003959799 	-0.00011214483 	0.00045673326 	0.10873315
0.0039798995 	-2.9812811e-05 	-0.00018246912 	0.036684141
0.004 	-2.9812811e-05 	-0.00018246912 	0.036684141
