0 	0.016536981 	0.0084745541 	1.0627229
2.0100503e-05 	-0.009954218 	0.012288406 	1.060334
4.0201005e-05 	-0.009954218 	0.012288406 	1.060334
6.0301508e-05 	-0.013735996 	0.0016614872 	1.0580237
8.040201e-05 	-0.013735996 	0.0016614872 	1.0580237
0.00010050251 	-0.013735996 	0.0016614872 	1.0580237
0.00012060302 	-0.012421689 	-0.0050428677 	1.0558209
0.00014070352 	-0.012421689 	-0.0050428677 	1.0558209
0.00016080402 	-0.012421689 	-0.0050428677 	1.0558209
0.00018090452 	-0.010279026 	-0.010682428 	1.0537446
0.00020100503 	-0.010279026 	-0.010682428 	1.0537446
0.00022110553 	-0.010279026 	-0.010682428 	1.0537446
0.00024120603 	-0.0078161997 	-0.015812115 	1.0518189
0.00026130653 	-0.0078161997 	-0.015812115 	1.0518189
0.00028140704 	-0.0051983239 	-0.020553456 	1.0500806
0.00030150754 	-0.0051983239 	-0.020553456 	1.0500806
0.00032160804 	-0.0051983239 	-0.020553456 	1.0500806
0.00034170854 	-0.0025194636 	-0.024948359 	1.0485761
0.00036180905 	-0.0025194636 	-0.024948359 	1.0485761
0.00038190955 	-0.0025194636 	-0.024948359 	1.0485761
0.00040201005 	0.00015868446 	-0.02903856 	1.0473513
0.00042211055 	0.00015868446 	-0.02903856 	1.0473513
0.00044221106 	0.00015868446 	-0.02903856 	1.0473513
0.00046231156 	0.0028042371 	-0.032879948 	1.0464373
0.00048241206 	0.0028042371 	-0.032879948 	1.0464373
0.00050251256 	0.0054138801 	-0.036533303 	1.0458395
0.00052261307 	0.0054138801 	-0.036533303 	1.0458395
0.00054271357 	0.0054138801 	-0.036533303 	1.0458395
0.00056281407 	0.0080067048 	-0.040043062 	1.0455334
0.00058291457 	0.0080067048 	-0.040043062 	1.0455334
0.00060301508 	0.0080067048 	-0.040043062 	1.0455334
0.00062311558 	0.010612324 	-0.043417338 	1.0454704
0.00064321608 	0.010612324 	-0.043417338 	1.0454704
0.00066331658 	0.010612324 	-0.043417338 	1.0454704
0.00068341709 	0.013245869 	-0.046612807 	1.0455888
0.00070351759 	0.013245869 	-0.046612807 	1.0455888
0.00072361809 	0.015904293 	-0.049539959 	1.0458212
0.00074371859 	0.015904293 	-0.049539959 	1.0458212
0.0007638191 	0.015904293 	-0.049539959 	1.0458212
0.0007839196 	0.018556938 	-0.052080635 	1.0460916
0.0008040201 	0.018556938 	-0.052080635 	1.0460916
0.0008241206 	0.018556938 	-0.052080635 	1.0460916
0.00084422111 	0.02111889 	-0.054113547 	1.0463198
0.00086432161 	0.02111889 	-0.054113547 	1.0463198
0.00088442211 	0.02111889 	-0.054113547 	1.0463198
0.00090452261 	0.023520629 	-0.05557554 	1.0464059
0.00092462312 	0.023520629 	-0.05557554 	1.0464059
0.00094472362 	0.025644955 	-0.056404292 	1.0462048
0.00096482412 	0.025644955 	-0.056404292 	1.0462048
0.00098492462 	0.025644955 	-0.056404292 	1.0462048
0.0010050251 	0.030865356 	-0.056913419 	1.0434847
0.0010251256 	0.030865356 	-0.056913419 	1.0434847
0.0010452261 	0.030865356 	-0.056913419 	1.0434847
0.0010653266 	0.032024551 	-0.05673574 	1.0422714
0.0010854271 	0.032024551 	-0.05673574 	1.0422714
0.0011055276 	0.032024551 	-0.05673574 	1.0422714
0.0011256281 	0.032547127 	-0.055755603 	1.0402058
0.0011457286 	0.032547127 	-0.055755603 	1.0402058
0.0011658291 	0.032547127 	-0.055755603 	1.0402058
0.0011859296 	0.0324778 	-0.053813785 	1.0373883
0.0012060302 	0.0324778 	-0.053813785 	1.0373883
0.0012261307 	0.0324778 	-0.053813785 	1.0373883
0.0012462312 	0.031885678 	-0.050845573 	1.0342805
0.0012663317 	0.031885678 	-0.050845573 	1.0342805
0.0012864322 	0.031885678 	-0.050845573 	1.0342805
0.0013065327 	0.030870565 	-0.046906447 	1.0317556
0.0013266332 	0.030870565 	-0.046906447 	1.0317556
0.0013467337 	0.030870565 	-0.046906447 	1.0317556
0.0013668342 	0.029458121 	-0.042288475 	1.0308362
0.0013869347 	0.029458121 	-0.042288475 	1.0308362
0.0014070352 	0.029458121 	-0.042288475 	1.0308362
0.0014271357 	0.027628804 	-0.037426939 	1.0321635
0.0014472362 	0.027628804 	-0.037426939 	1.0321635
0.0014673367 	0.027628804 	-0.037426939 	1.0321635
0.0014874372 	0.025340931 	-0.032787888 	1.0355396
0.0015075377 	0.025340931 	-0.032787888 	1.0355396
0.0015276382 	0.02258574 	-0.028784342 	1.0399453
0.0015477387 	0.02258574 	-0.028784342 	1.0399453
0.0015678392 	0.02258574 	-0.028784342 	1.0399453
0.0015879397 	0.019437397 	-0.025700585 	1.0439561
0.0016080402 	0.019437397 	-0.025700585 	1.0439561
0.0016281407 	0.019437397 	-0.025700585 	1.0439561
0.0016482412 	0.016127882 	-0.023644842 	1.0461904
0.0016683417 	0.016127882 	-0.023644842 	1.0461904
0.0016884422 	0.01304739 	-0.022480727 	1.0455624
0.0017085427 	0.01304739 	-0.022480727 	1.0455624
0.0017286432 	0.01304739 	-0.022480727 	1.0455624
0.0017487437 	0.01066763 	-0.021793607 	1.0413966
0.0017688442 	0.01066763 	-0.021793607 	1.0413966
0.0017889447 	0.01066763 	-0.021793607 	1.0413966
0.0018090452 	0.0094083039 	-0.020846297 	1.0335638
0.0018291457 	0.0094083039 	-0.020846297 	1.0335638
0.0018492462 	0.0095472661 	-0.018597254 	1.0226105
0.0018693467 	0.0095472661 	-0.018597254 	1.0226105
0.0018894472 	0.0095472661 	-0.018597254 	1.0226105
0.0019095477 	0.011134673 	-0.013855741 	1.0097079
0.0019296482 	0.011134673 	-0.013855741 	1.0097079
0.0019497487 	0.014034799 	-0.0057450358 	0.99619855
0.0019698492 	0.014034799 	-0.0057450358 	0.99619855
0.0019899497 	0.014034799 	-0.0057450358 	0.99619855
0.0020100503 	0.01802298 	0.0057459575 	0.98288172
0.0020301508 	0.01802298 	0.0057459575 	0.98288172
0.0020502513 	0.022774174 	0.019431998 	0.96956608
0.0020703518 	0.022774174 	0.019431998 	0.96956608
0.0020904523 	0.02780055 	0.033248992 	0.95526877
0.0021105528 	0.02780055 	0.033248992 	0.95526877
0.0021306533 	0.02780055 	0.033248992 	0.95526877
0.0021507538 	0.032406038 	0.044981417 	0.93894082
0.0021708543 	0.032406038 	0.044981417 	0.93894082
0.0021909548 	0.035770187 	0.05308049 	0.92016275
0.0022110553 	0.035770187 	0.05308049 	0.92016275
0.0022311558 	0.037158727 	0.057085635 	0.89941842
0.0022512563 	0.037158727 	0.057085635 	0.89941842
0.0022713568 	0.036174084 	0.057605066 	0.87789114
0.0022914573 	0.036174084 	0.057605066 	0.87789114
0.0023115578 	0.036174084 	0.057605066 	0.87789114
0.0023316583 	0.032876322 	0.0559033 	0.85698882
0.0023517588 	0.032876322 	0.0559033 	0.85698882
0.0023718593 	0.027817601 	0.053427339 	0.83788016
0.0023919598 	0.027817601 	0.053427339 	0.83788016
0.0024120603 	0.021896924 	0.051353922 	0.82114513
0.0024321608 	0.021896924 	0.051353922 	0.82114513
0.0024522613 	0.016056213 	0.050278337 	0.80675204
0.0024723618 	0.016056213 	0.050278337 	0.80675204
0.0024924623 	0.010947759 	0.050116774 	0.79431598
0.0025125628 	0.010947759 	0.050116774 	0.79431598
0.0025326633 	0.0067757732 	0.050261191 	0.78349211
0.0025527638 	0.0067757732 	0.050261191 	0.78349211
0.0025728643 	0.0033547894 	0.049894947 	0.77425609
0.0025929648 	0.0033547894 	0.049894947 	0.77425609
0.0026130653 	0.00030715315 	0.04831174 	0.76691964
0.0026331658 	0.00030715315 	0.04831174 	0.76691964
0.0026532663 	-0.0026848107 	0.045123679 	0.76192126
0.0026733668 	-0.0026848107 	0.045123679 	0.76192126
0.0026934673 	-0.0057706629 	0.04030444 	0.75956266
0.0027135678 	-0.0057706629 	0.04030444 	0.75956266
0.0027336683 	-0.0089244031 	0.034126015 	0.75984909
0.0027537688 	-0.0089244031 	0.034126015 	0.75984909
0.0027738693 	-0.011967092 	0.027027657 	0.76248544
0.0027939698 	-0.011967092 	0.027027657 	0.76248544
0.0028140704 	-0.014670567 	0.019473638 	0.76693321
0.0028341709 	-0.014670567 	0.019473638 	0.76693321
0.0028542714 	-0.016824605 	0.011844789 	0.77251255
0.0028743719 	-0.018243792 	0.0044071838 	0.77847182
0.0028944724 	-0.018243792 	0.0044071838 	0.77847182
0.0029145729 	-0.018776041 	-0.0026951857 	0.78403843
0.0029346734 	-0.018776041 	-0.0026951857 	0.78403843
0.0029547739 	-0.018365054 	-0.0094048005 	0.78847735
0.0029748744 	-0.018365054 	-0.0094048005 	0.78847735
0.0029949749 	-0.017059774 	-0.015694908 	0.79116994
0.0030150754 	-0.014979604 	-0.021569729 	0.79168806
0.0030351759 	-0.014979604 	-0.021569729 	0.79168806
0.0030552764 	-0.01235756 	-0.027048649 	0.78996543
0.0030753769 	-0.01235756 	-0.027048649 	0.78996543
0.0030954774 	-0.0095232133 	-0.032170878 	0.7863871
0.0031155779 	-0.0068795268 	-0.03700811 	0.78176922
0.0031356784 	-0.0068795268 	-0.03700811 	0.78176922
0.0031557789 	-0.004841768 	-0.041693103 	0.77716377
0.0031758794 	-0.004841768 	-0.041693103 	0.77716377
0.0031959799 	-0.0036840804 	-0.046448962 	0.77346067
0.0032160804 	-0.0033625205 	-0.051594949 	0.77087083
0.0032361809 	-0.0033625205 	-0.051594949 	0.77087083
0.0032562814 	-0.0034589569 	-0.057506304 	0.76859213
0.0032763819 	-0.0032557513 	-0.064517834 	0.76490401
0.0032964824 	-0.0032557513 	-0.064517834 	0.76490401
0.0033165829 	-0.0019224112 	-0.072790694 	0.75773045
0.0033366834 	0.0011938754 	-0.082174032 	0.7454142
0.0033567839 	0.0011938754 	-0.082174032 	0.7454142
0.0033768844 	0.0062997414 	-0.092157123 	0.72737411
0.0033969849 	0.01308462 	-0.10197955 	0.70437964
0.0034170854 	0.01308462 	-0.10197955 	0.70437964
0.0034371859 	0.020811801 	-0.11084217 	0.6782296
0.0034572864 	0.028539022 	-0.11814816 	0.65078167
0.0034773869 	0.035457729 	-0.12365585 	0.62279667
0.0034974874 	0.035457729 	-0.12365585 	0.62279667
0.0035175879 	0.041064299 	-0.1275126 	0.593558
0.0035376884 	0.045025903 	-0.13004317 	0.56205362
0.0035577889 	0.046856307 	-0.13111595 	0.52908582
0.0035778894 	0.046856307 	-0.13111595 	0.52908582
0.0035979899 	0.045825674 	-0.12935033 	0.49821942
0.0036180905 	0.041310186 	-0.12201294 	0.47442603
0.003638191 	0.033249529 	-0.10626861 	0.46155644
0.0036582915 	0.033249529 	-0.10626861 	0.46155644
0.003678392 	0.02230913 	-0.081181272 	0.4599832
0.0036984925 	0.0098593956 	-0.049089235 	0.46511392
0.003718593 	-0.0023827072 	-0.015351818 	0.4683318
0.0037386935 	-0.013142373 	0.013796974 	0.46120525
0.003758794 	-0.021629361 	0.034334401 	0.44044686
0.0037788945 	-0.021629361 	0.034334401 	0.44044686
0.003798995 	-0.027452679 	0.046020618 	0.40842401
0.0038190955 	-0.030484239 	0.051248553 	0.36931146
0.003839196 	-0.03061337 	0.052504137 	0.32576875
0.0038592965 	-0.02801941 	0.050939554 	0.27886295
0.003879397 	-0.023324562 	0.046788798 	0.22989389
0.0038994975 	-0.017529242 	0.040324788 	0.18135158
0.003919598 	-0.011658472 	0.032179925 	0.13583135
0.0039396985 	-0.006488444 	0.023025679 	0.094521219
0.003959799 	-0.0025646628 	0.013401247 	0.056684605
0.0039798995 	-0.00030076164 	0.0039947355 	0.019871533
0.004 	-0.00030076164 	0.0039947355 	0.019871533
