0 	-0.0089016364 	-0.0061023677 	1.0382055
5.5555556e-05 	-0.0030931353 	-0.0092041943 	1.0374069
0.00011111111 	0.00067298729 	-0.0077934096 	1.0359566
0.00016666667 	0.003881375 	-0.0046435022 	1.0342043
0.00022222222 	0.0067071766 	-0.0004153411 	1.0326229
0.00027777778 	0.0090575632 	0.0042711847 	1.0316377
0.00033333333 	0.010829542 	0.0088320781 	1.0314837
0.00038888889 	0.011992151 	0.012829659 	1.0321546
0.00044444444 	0.012582725 	0.01603245 	1.0334727
0.0005 	0.012681602 	0.018362486 	1.0352278
0.00055555556 	0.012382584 	0.019793746 	1.037303
0.00061111111 	0.011775705 	0.020278286 	1.0397201
0.00066666667 	0.010941998 	0.019753791 	1.0425756
0.00072222222 	0.0099570641 	0.018218454 	1.045912
0.00077777778 	0.0089000231 	0.015795378 	1.0496292
0.00083333333 	0.0078696801 	0.012720998 	1.0535101
0.00088888889 	0.0069837432 	0.0092732927 	1.0573261
0.00094444444 	0.0063489249 	0.0056741341 	1.0609027
0.001 	0.0060030978 	0.0018977969 	1.0643634
0.0010617199 	0.0060098877 	-0.0018329352 	1.067402
0.0011225874 	0.0062683961 	-0.0051446746 	1.0696382
0.0011826143 	0.0066330792 	-0.007860937 	1.0708882
0.0012418122 	0.0069999979 	-0.0097150396 	1.0709892
0.0013001926 	0.0073089357 	-0.010415541 	1.0698457
0.0013577668 	0.0075858832 	-0.0097823168 	1.0674712
0.0014145458 	0.007901922 	-0.0079330287 	1.0640139
0.0014705407 	0.0082980346 	-0.0053774427 	1.0598124
0.0015257623 	0.0087418647 	-0.0029256993 	1.0554543
0.0015802213 	0.0091466776 	-0.0013848078 	1.0517194
0.0016339282 	0.0094325245 	-0.0012069013 	1.0493142
0.0016868934 	0.009571431 	-0.002327556 	1.0484917
0.0017391271 	0.009599651 	-0.0042823604 	1.0488503
0.0017906395 	0.0096115602 	-0.0064787248 	1.0494728
0.0018414404 	0.0097504216 	-0.0084020391 	1.0493278
0.0018915398 	0.010179651 	-0.009655317 	1.047669
0.0019409473 	0.011050392 	-0.0099388118 	1.0442723
0.0019896725 	0.012457071 	-0.0090787261 	1.0394363
0.0020377248 	0.014443221 	-0.0070690549 	1.0337786
0.0020851134 	0.017024695 	-0.0040914903 	1.0279401
0.0021318476 	0.020200563 	-0.00043760158 	1.0223803
0.0021779364 	0.024033948 	0.0036150652 	1.0173349
0.0022233887 	0.028569123 	0.007784323 	1.0128644
0.0022682133 	0.033759126 	0.011849036 	1.0090296
0.0023124189 	0.039520913 	0.015625559 	1.0059906
0.0023560139 	0.045692791 	0.01892674 	1.0039658
0.0023990069 	0.052039315 	0.02159526 	1.0031651
0.0024414062 	0.058283862 	0.023505137 	1.0036827
0.0024832199 	0.064154454 	0.024559219 	1.0054698
0.0025244562 	0.069417835 	0.024714991 	1.0083734
0.002565123 	0.07388928 	0.023993092 	1.0121932
0.0026052281 	0.07743347 	0.022501254 	1.0167272
0.0026447794 	0.079983929 	0.020425962 	1.021726
0.0026837845 	0.081616333 	0.017994889 	1.0268096
0.0027222509 	0.082542362 	0.015401705 	1.0313488
0.0027601861 	0.083034259 	0.012801279 	1.0345792
0.0027975974 	0.083325813 	0.01030128 	1.0357768
0.002834492 	0.083536056 	0.0080175315 	1.0344435
0.0028708772 	0.083693691 	0.0061277938 	1.0303322
0.0029067598 	0.083712644 	0.0048889095 	1.0233808
0.0029421469 	0.083381266 	0.0046299527 	1.0135763
0.0029770452 	0.082490516 	0.0057244974 	1.0009273
0.0030114616 	0.080859255 	0.0085298821 	0.98553089
0.0030454028 	0.078291288 	0.013394403 	0.96762877
0.0030788752 	0.074673232 	0.020659028 	0.94772389
0.0031118853 	0.070022942 	0.030700973 	0.92680823
0.0031444395 	0.064446059 	0.043789854 	0.90662262
0.0031765442 	0.058134488 	0.059702803 	0.88947432
0.0032082055 	0.051477882 	0.077457175 	0.87732131
0.0032394295 	0.045185477 	0.095347045 	0.87057279
0.0032702223 	0.040169534 	0.11127011 	0.86754134
0.0033005899 	0.037150641 	0.12317734 	0.86500471
0.0033305381 	0.036250499 	0.12957446 	0.85954397
0.0033600727 	0.036884103 	0.12993202 	0.84883796
0.0033891994 	0.038066563 	0.12470829 	0.83204126
0.0034179239 	0.038894 	0.11498604 	0.80912882
0.0034462517 	0.038904626 	0.10205741 	0.78011025
0.0034741882 	0.03814296 	0.087153525 	0.74523741
0.003501739 	0.036892438 	0.071465303 	0.70594922
0.0035289093 	0.035358201 	0.056302944 	0.66510146
0.0035557043 	0.033574536 	0.04300448 	0.62584728
0.0035821293 	0.031506134 	0.032523048 	0.59023371
0.0036081894 	0.029149237 	0.025095133 	0.55869363
0.0036338895 	0.026549322 	0.020285717 	0.53044873
0.0036592348 	0.02378389 	0.017308022 	0.50416969
0.00368423 	0.020946856 	0.015362379 	0.47842516
0.00370888 	0.018142668 	0.013831685 	0.4518609
0.0037331896 	0.015480271 	0.012333826 	0.42327097
0.0037571635 	0.01305745 	0.010680276 	0.39171612
0.0037808063 	0.010938932 	0.0088197951 	0.35673656
0.0038041226 	0.0091398889 	0.0068085656 	0.31853912
0.0038271169 	0.0076211286 	0.0047960013 	0.27801367
0.0038497936 	0.0063013591 	0.0029900748 	0.23648676
0.0038721572 	0.0050929014 	0.0015934017 	0.19531424
0.0038942119 	0.0039332651 	0.00073137087 	0.15548602
0.003915962 	0.0027972817 	0.00040296167 	0.11741564
0.0039374118 	0.0017065659 	0.0004672205 	0.08100261
0.0039585653 	0.00074751466 	0.00065394695 	0.046071922
0.0039794267 	9.5419514e-05 	0.00055658751 	0.013427584
0.004 	7.642937e-05 	0.00056915846 	0.013353678
