0 	0.012843788 	-0.020281237 	1.042156
5.5555625e-05 	0.0030636488 	-0.025368185 	1.0374928
0.00011111111 	-0.00019636432 	-0.026182138 	1.0338975
0.00016666667 	-0.0021538644 	-0.02595214 	1.0317276
0.00022222222 	-0.0036512993 	-0.025037687 	1.0312791
0.00027777778 	-0.0048631422 	-0.023601745 	1.0325378
0.00033333333 	-0.0058828163 	-0.02173356 	1.0350437
0.00038888889 	-0.006872981 	-0.019469135 	1.037973
0.00044444444 	-0.0080716119 	-0.016857102 	1.0404217
0.0005 	-0.0097248335 	-0.01396334 	1.0417189
0.00055555556 	-0.012054835 	-0.010866869 	1.04156
0.00061111111 	-0.015288253 	-0.0076595387 	1.0398157
0.00066666667 	-0.019666379 	-0.0045681084 	1.0360051
0.00072222222 	-0.02540326 	-0.0022445989 	1.0286763
0.00077777778 	-0.032518765 	-0.0020415995 	1.0152976
0.00083333333 	-0.040538726 	-0.0059539799 	0.99347936
0.00088888889 	-0.04835872 	-0.015725283 	0.96357211
0.00094444444 	-0.054662566 	-0.030861781 	0.93076122
0.001 	-0.05917135 	-0.048107853 	0.90212662
0.0010617199 	-0.062741001 	-0.060292516 	0.88706346
0.0011225874 	-0.066092599 	-0.062883509 	0.88627117
0.0011826143 	-0.068754407 	-0.058667802 	0.89200644
0.0012418122 	-0.070435378 	-0.05102597 	0.89967924
0.0013001926 	-0.071411225 	-0.041816164 	0.90804595
0.0013577668 	-0.072324621 	-0.031876573 	0.91650252
0.0014145458 	-0.073766072 	-0.021423822 	0.92434941
0.0014705407 	-0.075950244 	-0.010616021 	0.93123067
0.0015257623 	-0.078645644 	-1.4687043e-05 	0.93709565
0.0015802213 	-0.08172974 	0.0094983342 	0.94121059
0.0016339282 	-0.085433892 	0.017538893 	0.94079899
0.0016868934 	-0.089915744 	0.024739609 	0.93119373
0.0017391271 	-0.094444855 	0.03204915 	0.90862733
0.0017906395 	-0.097328964 	0.039552232 	0.87347468
0.0018414404 	-0.096912356 	0.046712381 	0.83189472
0.0018915398 	-0.092223952 	0.053069619 	0.79460101
0.0019409473 	-0.083905299 	0.057679403 	0.77034898
0.0019896725 	-0.074383115 	0.060053705 	0.76004075
0.0020377248 	-0.066206905 	0.061961103 	0.75876063
0.0020851134 	-0.059999611 	0.064687619 	0.75839786
0.0021318476 	-0.055719009 	0.068360226 	0.75822437
0.0021779364 	-0.053173795 	0.072918106 	0.75895484
0.0022233887 	-0.052100954 	0.078349919 	0.76013764
0.0022682133 	-0.052125716 	0.084701296 	0.76102295
0.0023124189 	-0.05281839 	0.091939578 	0.76089312
0.0023560139 	-0.05376331 	0.099852937 	0.7592353
0.0023990069 	-0.054596289 	0.10803545 	0.75583895
0.0024414062 	-0.055031128 	0.11595443 	0.7508059
0.0024832199 	-0.054882112 	0.12304899 	0.74452328
0.0025244562 	-0.0540803 	0.1288409 	0.73760062
0.002565123 	-0.052665489 	0.13301335 	0.73079948
0.0026052281 	-0.050775517 	0.13543598 	0.72493517
0.0026447794 	-0.048586182 	0.13612977 	0.72075585
0.0026837845 	-0.046249951 	0.13519269 	0.71881729
0.0027222509 	-0.04384831 	0.13271209 	0.71938041
0.0027601861 	-0.041377307 	0.12869601 	0.72239229
0.0027975974 	-0.038751718 	0.12304774 	0.72754535
0.002834492 	-0.035846411 	0.1156131 	0.73438157
0.0028708772 	-0.032545785 	0.10625879 	0.74242517
0.0029067598 	-0.02878009 	0.094966015 	0.75129018
0.0029421469 	-0.02454787 	0.081893223 	0.7607395
0.0029770452 	-0.019929343 	0.067397068 	0.77066909
0.0030114616 	-0.015066433 	0.051993205 	0.78105633
0.0030454028 	-0.010122944 	0.036290197 	0.79187518
0.0030788752 	-0.0052650372 	0.02090538 	0.80300639
0.0031118853 	-0.00062709595 	0.0063712289 	0.81420593
0.0031444395 	0.0036897911 	-0.0069102165 	0.82510942
0.0031765442 	0.0075972256 	-0.018707096 	0.83529577
0.0032082055 	0.011031173 	-0.028929532 	0.84435363
0.0032394295 	0.013966971 	-0.037583507 	0.85195747
0.0032702223 	0.016375728 	-0.044739696 	0.85791978
0.0033005899 	0.018231563 	-0.050484194 	0.86221043
0.0033305381 	0.019517989 	-0.054902216 	0.86494182
0.0033600727 	0.020237724 	-0.05807358 	0.86632535
0.0033891994 	0.020421479 	-0.060074642 	0.86661544
0.0034179239 	0.020133676 	-0.060984051 	0.86605926
0.0034462517 	0.019474346 	-0.060893102 	0.86486489
0.0034741882 	0.018566946 	-0.05991676 	0.86318491
0.003501739 	0.017543909 	-0.05819836 	0.86110509
0.0035289093 	0.016534616 	-0.055901094 	0.85862711
0.0035557043 	0.015632217 	-0.053193664 	0.85565348
0.0035821293 	0.014867578 	-0.05024332 	0.85198848
0.0036081894 	0.014191911 	-0.047230176 	0.84735231
0.0036338895 	0.013473051 	-0.044378725 	0.8413725
0.0036592348 	0.012535621 	-0.041984205 	0.83348581
0.00368423 	0.011233277 	-0.040398015 	0.82270771
0.00370888 	0.0095323405 	-0.039931717 	0.80731922
0.0037331896 	0.0075648694 	-0.040669787 	0.78468469
0.0037571635 	0.0056114445 	-0.042266223 	0.75155719
0.0037808063 	0.003993894 	-0.043893301 	0.7050918
0.0038041226 	0.0029199527 	-0.044485174 	0.64428638
0.0038271169 	0.0023805368 	-0.043205169 	0.57098335
0.0038497936 	0.0021734165 	-0.039829922 	0.48957484
0.0038721572 	0.0020373768 	-0.03477568 	0.40540343
0.0038942119 	0.0017909675 	-0.028794762 	0.32286336
0.003915962 	0.0013867463 	-0.022574047 	0.2443483
0.0039374118 	0.00088225858 	-0.016447269 	0.17036473
0.0039585653 	0.0003941235 	-0.010302288 	0.10028481
0.0039794267 	5.6681924e-05 	-0.0037141759 	0.03304364
0.004 	5.6681924e-05 	-0.0037141759 	0.03304364
