0 	-0.036346624 	-0.042459371 	1.0491394
5.5555556e-05 	0.059141055 	-0.014402673 	1.0617171
0.00011111111 	0.062662724 	-0.0062487969 	1.0675752
0.00016666667 	0.064473605 	-0.0017466071 	1.0721616
0.00022222222 	0.065385988 	0.0014787897 	1.0750682
0.00027777778 	0.065631062 	0.0041977853 	1.0762813
0.00033333333 	0.065327459 	0.0066573971 	1.0760926
0.00038888889 	0.064505164 	0.0087745195 	1.0749083
0.00044444444 	0.063122298 	0.010286848 	1.0730854
0.0005 	0.061112476 	0.010919887 	1.0708663
0.00055555556 	0.058447673 	0.010503611 	1.0683898
0.00061111111 	0.055183278 	0.0090127302 	1.0657248
0.00066666667 	0.051472616 	0.0065509035 	1.0628955
0.00072222222 	0.04754867 	0.0033253207 	1.0598851
0.00077777778 	0.043693807 	-0.00032567057 	1.0565756
0.00083333333 	0.040166688 	-0.0037680711 	1.0525794
0.00088888889 	0.037132827 	-0.0058836288 	1.0470492
0.00094444444 	0.034509191 	-0.0051973305 	1.0387975
0.001 	0.031794769 	-0.00038027001 	1.0264605
0.0010617451 	0.028356269 	0.0083212145 	1.0106603
0.0011226367 	0.023885879 	0.016727733 	0.9949431
0.0011826866 	0.018530774 	0.020242648 	0.98143112
0.0012419064 	0.012633757 	0.016336007 	0.97105239
0.0013003077 	0.0065070439 	0.0058691484 	0.96415408
0.0013579017 	0.00061392769 	-0.0080027348 	0.96039719
0.0014146996 	-0.0044969327 	-0.022188226 	0.9587437
0.0014707124 	-0.0085646946 	-0.034693719 	0.95818954
0.0015259509 	-0.011622997 	-0.044407098 	0.95813445
0.001580426 	-0.013757241 	-0.05073069 	0.95815607
0.001634148 	-0.01498039 	-0.053481577 	0.95780339
0.0016871274 	-0.015277397 	-0.052857676 	0.95672374
0.0017393745 	-0.014683873 	-0.049372872 	0.95488821
0.0017908994 	-0.013305149 	-0.043752533 	0.95262083
0.0018417121 	-0.011264539 	-0.036809392 	0.95039584
0.0018918224 	-0.0086478357 	-0.029315539 	0.9485775
0.0019412401 	-0.0055040009 	-0.021880249 	0.94727414
0.0019899746 	-0.0018854667 	-0.014844161 	0.94633924
0.0020380356 	0.0021127908 	-0.0082288886 	0.94545524
0.0020854322 	0.006334854 	-0.0017936551 	0.94423857
0.0021321736 	0.01059524 	0.0047444781 	0.9423697
0.002178269 	0.014749559 	0.01143205 	0.9397364
0.0022237272 	0.01862783 	0.017844166 	0.93659818
0.002268557 	0.022018119 	0.02319743 	0.93354457
0.0023127672 	0.024702818 	0.026687129 	0.93117256
0.0023563662 	0.02655558 	0.027750775 	0.92969453
0.0023993626 	0.027670199 	0.02617179 	0.92877566
0.0024417647 	0.028337039 	0.02205681 	0.92766544
0.0024835806 	0.028873971 	0.015770692 	0.92552818
0.0025248186 	0.029523563 	0.0078509166 	0.92174407
0.0025654865 	0.030356044 	-0.0010725992 	0.91615688
0.0026055923 	0.031240587 	-0.010318174 	0.90913239
0.0026451437 	0.031957499 	-0.019276867 	0.90139021
0.0026841484 	0.032293058 	-0.0275642 	0.89375645
0.002722614 	0.032117229 	-0.035085264 	0.88693524
0.0027605478 	0.031404878 	-0.041912962 	0.88138452
0.0027979573 	0.03024502 	-0.048055798 	0.8772696
0.0028348498 	0.028863068 	-0.053329468 	0.87448641
0.0028712322 	0.027602163 	-0.057422814 	0.87271717
0.0029071118 	0.026857435 	-0.06009127 	0.87150821
0.0029424953 	0.026955959 	-0.061296583 	0.87038427
0.0029773898 	0.028058426 	-0.061236443 	0.86896588
0.003011802 	0.030135894 	-0.06027376 	0.86704964
0.0030457385 	0.03300735 	-0.058804367 	0.86462293
0.0030792059 	0.036412981 	-0.057142002 	0.86181787
0.0031122107 	0.040084752 	-0.055460703 	0.85883977
0.0031447592 	0.043797805 	-0.053792358 	0.85589872
0.0031768579 	0.047393934 	-0.052068104 	0.85316175
0.0032085129 	0.050780254 	-0.050167269 	0.85073643
0.0032397303 	0.053910007 	-0.047968061 	0.84867312
0.0032705162 	0.056760341 	-0.045371787 	0.84698591
0.0033008765 	0.05930404 	-0.042334999 	0.84564607
0.0033308172 	0.061484195 	-0.038853625 	0.844638
0.0033603441 	0.063223001 	-0.034991009 	0.84395048
0.0033894627 	0.064385475 	-0.030861905 	0.8435905
0.0034181789 	0.064830823 	-0.026640275 	0.84351442
0.0034464982 	0.064474274 	-0.022499142 	0.84356744
0.003474426 	0.063330729 	-0.018521123 	0.84339757
0.0035019678 	0.061538252 	-0.014574444 	0.84238714
0.0035291288 	0.059374613 	-0.010254958 	0.8396144
0.0035559144 	0.057151996 	-0.0049304695 	0.83396797
0.0035823298 	0.055187905 	0.0020335534 	0.82433488
0.0036083801 	0.053716427 	0.011034027 	0.80993135
0.0036340702 	0.052893198 	0.022206998 	0.79041813
0.0036594053 	0.052671885 	0.035620244 	0.76576358
0.0036843901 	0.052472556 	0.05124618 	0.73617505
0.0037090296 	0.051209851 	0.06771247 	0.70202206
0.0037333285 	0.047818902 	0.080438514 	0.66289436
0.0037572915 	0.042099039 	0.082710367 	0.61616876
0.0037809233 	0.03498506 	0.071315571 	0.55831957
0.0038042285 	0.027814956 	0.050618303 	0.48946641
0.0038272115 	0.021487867 	0.029028569 	0.41522058
0.0038498768 	0.016253786 	0.012500713 	0.34281615
0.0038722288 	0.012014379 	0.0024576699 	0.27668194
0.0038942718 	0.0085779749 	-0.002242912 	0.21760728
0.0039160102 	0.0057281564 	-0.0032234367 	0.1641718
0.003937448 	0.0033333979 	-0.0018455416 	0.11434676
0.0039585896 	0.0014334021 	0.0005240421 	0.066595869
0.0039794389 	0.00021068115 	0.0017776293 	0.020786926
0.004 	0.00018767716 	0.00039496024 	0.017781125
