0 	0.023572127 	-0.0055550768 	1.0409527
5.5555625e-05 	0.017085818 	-0.012672789 	1.0350522
0.00011111111 	0.013791415 	-0.010810803 	1.0303682
0.00016666667 	0.011267464 	-0.0065372695 	1.0269193
0.00022222222 	0.0087464706 	-0.00068477537 	1.0241237
0.00027777778 	0.0060789988 	0.0064096318 	1.0210642
0.00033333333 	0.0033753751 	0.014331903 	1.0169835
0.00038888889 	0.00073335912 	0.022276136 	1.0114937
0.00044444444 	-0.0019316046 	0.0288931 	1.004245
0.0005 	-0.0048027036 	0.032324461 	0.99438126
0.00055555556 	-0.0078849894 	0.030794934 	0.98086875
0.00061111111 	-0.011137488 	0.023908215 	0.96442788
0.00066666667 	-0.014491895 	0.013543823 	0.94905794
0.00072222222 	-0.017533025 	0.0027906741 	0.93971657
0.00077777778 	-0.019714515 	-0.005797741 	0.93778705
0.00083333333 	-0.020687456 	-0.010775347 	0.94037489
0.00088888889 	-0.020318408 	-0.011916658 	0.94384203
0.00094444444 	-0.018721405 	-0.0096822571 	0.94624551
0.001 	-0.016073959 	-0.0048912274 	0.94714735
0.0010617199 	-0.012561248 	0.0011097052 	0.94633739
0.0011225874 	-0.0085878327 	0.0059276523 	0.94467682
0.0011826143 	-0.0045359548 	0.007691799 	0.94286881
0.0012418122 	-0.00062476566 	0.0053889798 	0.94103512
0.0013001926 	0.0033711289 	-0.001207538 	0.93837911
0.0013577668 	0.0077958812 	-0.011631726 	0.93341899
0.0014145458 	0.012681215 	-0.025138402 	0.92500363
0.0014705407 	0.017800787 	-0.040820068 	0.91386293
0.0015257623 	0.02243186 	-0.057951232 	0.90254558
0.0015802213 	0.025505744 	-0.075558512 	0.893052
0.0016339282 	0.026051206 	-0.091590918 	0.88443491
0.0016868934 	0.023924517 	-0.10369834 	0.87505113
0.0017391271 	0.020044803 	-0.11105605 	0.86629111
0.0017906395 	0.015483159 	-0.11460933 	0.86119925
0.0018414404 	0.010899109 	-0.11595468 	0.8612459
0.0018915398 	0.0066380947 	-0.11622037 	0.86586362
0.0019409473 	0.0028092507 	-0.1159758 	0.87346978
0.0019896725 	-0.00053656835 	-0.11555083 	0.88230428
0.0020377248 	-0.003300497 	-0.11526746 	0.8907695
0.0020851134 	-0.0053291783 	-0.11535796 	0.89761087
0.0021318476 	-0.0064297216 	-0.1157896 	0.90200202
0.0021779364 	-0.0064541333 	-0.11616734 	0.90356923
0.0022233887 	-0.0053611431 	-0.11584063 	0.90239052
0.0022682133 	-0.0032532876 	-0.11416175 	0.89895684
0.0023124189 	-0.00039792774 	-0.11077656 	0.89404516
0.0023560139 	0.0028094196 	-0.10580882 	0.88844704
0.0023990069 	0.0058988857 	-0.099868382 	0.88264876
0.0024414062 	0.0084224773 	-0.093881555 	0.87665938
0.0024832199 	0.010098989 	-0.088761576 	0.87007545
0.0025244562 	0.010875639 	-0.085023042 	0.86240609
0.002565123 	0.010931819 	-0.082527415 	0.85346887
0.0026052281 	0.010632023 	-0.080547039 	0.84359901
0.0026447794 	0.010382646 	-0.078126883 	0.83355006
0.0026837845 	0.010499469 	-0.074527624 	0.82416462
0.0027222509 	0.011172636 	-0.069421547 	0.8160004
0.0027601861 	0.012543713 	-0.062683407 	0.80906097
0.0027975974 	0.014769059 	-0.053914911 	0.8027087
0.002834492 	0.017956318 	-0.042281112 	0.7958993
0.0028708772 	0.021909324 	-0.027211354 	0.78783458
0.0029067598 	0.02589768 	-0.0095271105 	0.77884741
0.0029421469 	0.029131669 	0.0086671787 	0.77078812
0.0029770452 	0.031116606 	0.025730659 	0.76617992
0.0030114616 	0.031762681 	0.041515376 	0.76657779
0.0030454028 	0.031534091 	0.056660762 	0.77177053
0.0030788752 	0.031061609 	0.071460793 	0.78002212
0.0031118853 	0.030865582 	0.085548955 	0.78875677
0.0031444395 	0.031123153 	0.098074118 	0.79506319
0.0031765442 	0.031659396 	0.10787941 	0.79604297
0.0032082055 	0.032146699 	0.11374524 	0.78932803
0.0032394295 	0.03227213 	0.11489676 	0.77375357
0.0032702223 	0.031970968 	0.1112861 	0.74945652
0.0033005899 	0.031242718 	0.10315743 	0.7174713
0.0033305381 	0.029659816 	0.091114035 	0.67996407
0.0033600727 	0.026292936 	0.077004153 	0.64082451
0.0033891994 	0.020503174 	0.063514139 	0.60488604
0.0034179239 	0.012691143 	0.052399237 	0.57598855
0.0034462517 	0.0041157189 	0.043886487 	0.55538209
0.0034741882 	-0.0036483993 	0.037516368 	0.54160431
0.003501739 	-0.0091757451 	0.032870027 	0.53198327
0.0035289093 	-0.011716155 	0.029179978 	0.52501968
0.0035557043 	-0.011427442 	0.025112824 	0.52138337
0.0035821293 	-0.009151205 	0.019228691 	0.52234008
0.0036081894 	-0.0059661298 	0.01081698 	0.52753452
0.0036338895 	-0.0028696121 	9.3191833e-05 	0.53488836
0.0036592348 	-0.00057341905 	-0.012235477 	0.54223736
0.00368423 	0.00053255166 	-0.02543243 	0.54790522
0.00370888 	0.00054541569 	-0.038905647 	0.55081662
0.0037331896 	-0.00010417521 	-0.051595997 	0.54890973
0.0037571635 	-0.00076416015 	-0.061579275 	0.53949618
0.0037808063 	-0.000926279 	-0.06641897 	0.52063339
0.0038041226 	-0.00057471527 	-0.064526075 	0.49188875
0.0038271169 	-9.0116414e-05 	-0.056665564 	0.45356553
0.0038497936 	0.00016780681 	-0.046141992 	0.40547211
0.0038721572 	0.00010428918 	-0.036919029 	0.34714245
0.0038942119 	-0.0001826543 	-0.030905209 	0.27976147
0.003915962 	-0.00050074738 	-0.026950213 	0.20760182
0.0039374118 	-0.00066979234 	-0.022421763 	0.13691044
0.0039585653 	-0.00058289509 	-0.015394412 	0.073354274
0.0039794267 	-0.00018291823 	-0.0055894015 	0.02052763
0.004 	-0.00018291823 	-0.0055894015 	0.02052763
