0 	0.014221238 	-0.083070199 	0.92216362
5.5555556e-05 	0.058662619 	0.052298495 	0.90799075
0.00011111111 	0.046202555 	0.056073388 	0.90165567
0.00016666667 	0.037354095 	0.053451422 	0.89511472
0.00022222222 	0.030224597 	0.048927913 	0.887
0.00027777778 	0.024621892 	0.044959871 	0.87652368
0.00033333333 	0.020810946 	0.043137304 	0.864998
0.00038888889 	0.018843279 	0.043847447 	0.85597837
0.00044444444 	0.01822146 	0.046067182 	0.85302155
0.0005 	0.018109423 	0.047963797 	0.85712838
0.00055555556 	0.017841303 	0.0480606 	0.8665425
0.00061111111 	0.017173847 	0.045960422 	0.87834147
0.00066666667 	0.016261899 	0.042292038 	0.89014286
0.00072222222 	0.015574753 	0.038256686 	0.90119607
0.00077777778 	0.015691392 	0.035123724 	0.91239723
0.00083333333 	0.016963685 	0.03384419 	0.92531963
0.00088888889 	0.019271268 	0.034757572 	0.94110475
0.00094444444 	0.022071982 	0.037428693 	0.95989151
0.001 	0.02484282 	0.041261263 	0.9820303
0.0010617451 	0.027029812 	0.046044512 	1.0052448
0.0011226367 	0.028667495 	0.052301113 	1.0251869
0.0011826866 	0.030220466 	0.060968492 	1.0393096
0.0012419064 	0.031882902 	0.071446677 	1.0460621
0.0013003077 	0.033091672 	0.080600355 	1.0441062
0.0013579017 	0.032444409 	0.083492709 	1.0324175
0.0014146996 	0.028604721 	0.077111946 	1.0126146
0.0014707124 	0.021677829 	0.063238024 	0.98875213
0.0015259509 	0.01320945 	0.046675642 	0.96437135
0.001580426 	0.0050489407 	0.032406458 	0.94166243
0.001634148 	-0.001402154 	0.023930081 	0.92225531
0.0016871274 	-0.0055801054 	0.02226855 	0.90769435
0.0017393745 	-0.0078965404 	0.025861591 	0.89869351
0.0017908994 	-0.0092581069 	0.031856059 	0.8940428
0.0018417121 	-0.010317218 	0.037715428 	0.89109091
0.0018918224 	-0.011277756 	0.04173726 	0.88742244
0.0019412401 	-0.012094215 	0.042701786 	0.88211857
0.0019899746 	-0.012743229 	0.039760132 	0.87599705
0.0020380356 	-0.013391626 	0.032841591 	0.87103757
0.0020854322 	-0.014342612 	0.023064493 	0.86920697
0.0021321736 	-0.015752324 	0.012392854 	0.87125063
0.002178269 	-0.017267928 	0.0026810305 	0.87620356
0.0022237272 	-0.018112951 	-0.0049738508 	0.88195177
0.002268557 	-0.0175017 	-0.010101566 	0.88627104
0.0023127672 	-0.014909038 	-0.012577552 	0.88747466
0.0023563662 	-0.010163863 	-0.012405773 	0.88465935
0.0023993626 	-0.0035533765 	-0.0096956301 	0.87769605
0.0024417647 	0.0042187082 	-0.0047012676 	0.86718361
0.0024835806 	0.012164907 	0.0020436238 	0.85427913
0.0025248186 	0.019057523 	0.0096023595 	0.84050037
0.0025654865 	0.023753679 	0.016561546 	0.82746544
0.0026055923 	0.025530184 	0.021213148 	0.8165745
0.0026451437 	0.024312378 	0.022080223 	0.80866049
0.0026841484 	0.020686045 	0.018470242 	0.80370411
0.002722614 	0.015681675 	0.010762972 	0.80099899
0.0027605478 	0.010288368 	7.8015633e-05 	0.79955006
0.0027979573 	0.0053544378 	-0.012245631 	0.79853202
0.0028348498 	0.0014139647 	-0.025095691 	0.79742694
0.0028712322 	-0.001259572 	-0.037670893 	0.79599686
0.0029071118 	-0.002551106 	-0.049378073 	0.79410546
0.0029424953 	-0.0025338245 	-0.059705794 	0.79173252
0.0029773898 	-0.0012869716 	-0.068163327 	0.78897037
0.003011802 	0.00099990838 	-0.074275182 	0.78601129
0.0030457385 	0.0040190224 	-0.077628552 	0.7831303
0.0030792059 	0.0074778223 	-0.077972879 	0.78061988
0.0031122107 	0.011028479 	-0.07530666 	0.77869476
0.0031447592 	0.014345111 	-0.069915615 	0.77736298
0.0031768579 	0.017171001 	-0.062350001 	0.77638094
0.0032085129 	0.019357747 	-0.053342377 	0.77529277
0.0032397303 	0.020852008 	-0.043701754 	0.77358335
0.0032705162 	0.02166807 	-0.034190562 	0.77086148
0.0033008765 	0.021855312 	-0.025414246 	0.76700062
0.0033308172 	0.021470098 	-0.017765911 	0.76217808
0.0033603441 	0.020558344 	-0.011447138 	0.75679709
0.0033894627 	0.019150241 	-0.006528391 	0.75132992
0.0034181789 	0.017291344 	-0.002993892 	0.74613925
0.0034464982 	0.015081079 	-0.00075773033 	0.74130165
0.003474426 	0.012658159 	0.00033972203 	0.73649017
0.0035019678 	0.010231608 	0.00054593087 	0.73093375
0.0035291288 	0.0080767 	0.0001874497 	0.72351762
0.0035559144 	0.0064320465 	-0.0003591763 	0.71303041
0.0035823298 	0.0054412254 	-0.00072398698 	0.69847573
0.0036083801 	0.0051217593 	-0.00061637442 	0.67934687
0.0036340702 	0.0053725941 	0.00011083321 	0.65575384
0.0036594053 	0.0059835522 	0.0014284763 	0.62833962
0.0036843901 	0.0067052703 	0.0031410551 	0.59808498
0.0037090296 	0.007320344 	0.0049461344 	0.56604321
0.0037333285 	0.0076580654 	0.0065107048 	0.53306623
0.0037572915 	0.0076198305 	0.0075445756 	0.49961306
0.0037809233 	0.0071875649 	0.0078537263 	0.46565998
0.0038042285 	0.0064146128 	0.0073696271 	0.43071354
0.0038272115 	0.0054049882 	0.0061604102 	0.39392006
0.0038498768 	0.0042865344 	0.0044292888 	0.35425458
0.0038722288 	0.0031834361 	0.0024954081 	0.31075735
0.0038942718 	0.002194162 	0.00074438179 	0.26276736
0.0039160102 	0.0013763558 	-0.00045926798 	0.21010089
0.003937448 	0.00074041 	-0.00088948164 	0.1531523
0.0039585896 	0.00028752487 	-0.00058800993 	0.092906787
0.0039794389 	3.4897888e-05 	1.4366521e-05 	0.030932345
0.004 	3.7808728e-05 	-6.7400331e-05 	0.027636989
