0 	0.011855627 	-0.0034501648 	1.0556984
2.0100503e-05 	-0.0029646105 	0.013542997 	1.0490156
4.0201005e-05 	-0.0029646105 	0.013542997 	1.0490156
6.0301508e-05 	-0.016039783 	0.0092019481 	1.0397521
8.040201e-05 	-0.016039783 	0.0092019481 	1.0397521
0.00010050251 	-0.016039783 	0.0092019481 	1.0397521
0.00012060302 	-0.024024938 	0.0044735975 	1.030067
0.00014070352 	-0.024024938 	0.0044735975 	1.030067
0.00016080402 	-0.024024938 	0.0044735975 	1.030067
0.00018090452 	-0.030130483 	0.00021203844 	1.021914
0.00020100503 	-0.030130483 	0.00021203844 	1.021914
0.00022110553 	-0.030130483 	0.00021203844 	1.021914
0.00024120603 	-0.034499322 	-0.0031968765 	1.0166104
0.00026130653 	-0.034499322 	-0.0031968765 	1.0166104
0.00028140704 	-0.037080638 	-0.0054073202 	1.0146902
0.00030150754 	-0.037080638 	-0.0054073202 	1.0146902
0.00032160804 	-0.037080638 	-0.0054073202 	1.0146902
0.00034170854 	-0.037909985 	-0.0064078211 	1.0159119
0.00036180905 	-0.037909985 	-0.0064078211 	1.0159119
0.00038190955 	-0.037909985 	-0.0064078211 	1.0159119
0.00040201005 	-0.037205343 	-0.0064619655 	1.0193452
0.00042211055 	-0.037205343 	-0.0064619655 	1.0193452
0.00044221106 	-0.037205343 	-0.0064619655 	1.0193452
0.00046231156 	-0.035387407 	-0.0059074738 	1.0236028
0.00048241206 	-0.035387407 	-0.0059074738 	1.0236028
0.00050251256 	-0.032991457 	-0.0050838424 	1.0272739
0.00052261307 	-0.032991457 	-0.0050838424 	1.0272739
0.00054271357 	-0.032991457 	-0.0050838424 	1.0272739
0.00056281407 	-0.030505091 	-0.0043342397 	1.0293906
0.00058291457 	-0.030505091 	-0.0043342397 	1.0293906
0.00060301508 	-0.030505091 	-0.0043342397 	1.0293906
0.00062311558 	-0.028235669 	-0.0039351539 	1.0296925
0.00064321608 	-0.028235669 	-0.0039351539 	1.0296925
0.00066331658 	-0.028235669 	-0.0039351539 	1.0296925
0.00068341709 	-0.026277655 	-0.0039632426 	1.0285046
0.00070351759 	-0.026277655 	-0.0039632426 	1.0285046
0.00072361809 	-0.024576035 	-0.0042716943 	1.0263875
0.00074371859 	-0.024576035 	-0.0042716943 	1.0263875
0.0007638191 	-0.024576035 	-0.0042716943 	1.0263875
0.0007839196 	-0.023025994 	-0.0046467637 	1.0238381
0.0008040201 	-0.023025994 	-0.0046467637 	1.0238381
0.0008241206 	-0.023025994 	-0.0046467637 	1.0238381
0.00084422111 	-0.021537557 	-0.004989332 	1.021186
0.00086432161 	-0.021537557 	-0.004989332 	1.021186
0.00088442211 	-0.021537557 	-0.004989332 	1.021186
0.00090452261 	-0.020106093 	-0.0053422086 	1.0186303
0.00092462312 	-0.020106093 	-0.0053422086 	1.0186303
0.00094472362 	-0.018751364 	-0.0058557156 	1.016293
0.00096482412 	-0.018751364 	-0.0058557156 	1.016293
0.00098492462 	-0.018751364 	-0.0058557156 	1.016293
0.0010050251 	-0.022956287 	-0.009133971 	1.0083411
0.0010251256 	-0.022956287 	-0.009133971 	1.0083411
0.0010452261 	-0.022956287 	-0.009133971 	1.0083411
0.0010653266 	-0.021621891 	-0.010104666 	1.0068613
0.0010854271 	-0.021621891 	-0.010104666 	1.0068613
0.0011055276 	-0.021621891 	-0.010104666 	1.0068613
0.0011256281 	-0.020296139 	-0.011495179 	1.0055441
0.0011457286 	-0.020296139 	-0.011495179 	1.0055441
0.0011658291 	-0.020296139 	-0.011495179 	1.0055441
0.0011859296 	-0.019151362 	-0.013138744 	1.004162
0.0012060302 	-0.019151362 	-0.013138744 	1.004162
0.0012261307 	-0.019151362 	-0.013138744 	1.004162
0.0012462312 	-0.018210485 	-0.014975854 	1.0024921
0.0012663317 	-0.018210485 	-0.014975854 	1.0024921
0.0012864322 	-0.018210485 	-0.014975854 	1.0024921
0.0013065327 	-0.017500246 	-0.016913753 	1.0003048
0.0013266332 	-0.017500246 	-0.016913753 	1.0003048
0.0013467337 	-0.017500246 	-0.016913753 	1.0003048
0.0013668342 	-0.016985956 	-0.018870608 	0.99741641
0.0013869347 	-0.016985956 	-0.018870608 	0.99741641
0.0014070352 	-0.016985956 	-0.018870608 	0.99741641
0.0014271357 	-0.016622401 	-0.020767418 	0.99374718
0.0014472362 	-0.016622401 	-0.020767418 	0.99374718
0.0014673367 	-0.016622401 	-0.020767418 	0.99374718
0.0014874372 	-0.016350489 	-0.022526292 	0.98930788
0.0015075377 	-0.016350489 	-0.022526292 	0.98930788
0.0015276382 	-0.01609604 	-0.024060673 	0.98411964
0.0015477387 	-0.01609604 	-0.024060673 	0.98411964
0.0015678392 	-0.01609604 	-0.024060673 	0.98411964
0.0015879397 	-0.015755999 	-0.025239312 	0.97817906
0.0016080402 	-0.015755999 	-0.025239312 	0.97817906
0.0016281407 	-0.015755999 	-0.025239312 	0.97817906
0.0016482412 	-0.015204714 	-0.025886368 	0.97152879
0.0016683417 	-0.015204714 	-0.025886368 	0.97152879
0.0016884422 	-0.01431502 	-0.025816542 	0.96435331
0.0017085427 	-0.01431502 	-0.025816542 	0.96435331
0.0017286432 	-0.01431502 	-0.025816542 	0.96435331
0.0017487437 	-0.012968753 	-0.024958055 	0.95695344
0.0017688442 	-0.012968753 	-0.024958055 	0.95695344
0.0017889447 	-0.012968753 	-0.024958055 	0.95695344
0.0018090452 	-0.011076103 	-0.023452664 	0.94966649
0.0018291457 	-0.011076103 	-0.023452664 	0.94966649
0.0018492462 	-0.0085894607 	-0.02166764 	0.94279634
0.0018693467 	-0.0085894607 	-0.02166764 	0.94279634
0.0018894472 	-0.0085894607 	-0.02166764 	0.94279634
0.0019095477 	-0.0055098151 	-0.020062326 	0.93657175
0.0019296482 	-0.0055098151 	-0.020062326 	0.93657175
0.0019497487 	-0.0018998376 	-0.019027436 	0.93115162
0.0019698492 	-0.0018998376 	-0.019027436 	0.93115162
0.0019899497 	-0.0018998376 	-0.019027436 	0.93115162
0.0020100503 	0.0021275119 	-0.018777206 	0.92665998
0.0020301508 	0.0021275119 	-0.018777206 	0.92665998
0.0020502513 	0.0064875191 	-0.019373858 	0.9232033
0.0020703518 	0.0064875191 	-0.019373858 	0.9232033
0.0020904523 	0.011103125 	-0.020752159 	0.92081123
0.0021105528 	0.011103125 	-0.020752159 	0.92081123
0.0021306533 	0.011103125 	-0.020752159 	0.92081123
0.0021507538 	0.015932654 	-0.022760427 	0.91938951
0.0021708543 	0.015932654 	-0.022760427 	0.91938951
0.0021909548 	0.021002423 	-0.025178555 	0.91863254
0.0022110553 	0.021002423 	-0.025178555 	0.91863254
0.0022311558 	0.026332211 	-0.02775835 	0.91810108
0.0022512563 	0.026332211 	-0.02775835 	0.91810108
0.0022713568 	0.031905894 	-0.030267597 	0.91734615
0.0022914573 	0.031905894 	-0.030267597 	0.91734615
0.0023115578 	0.031905894 	-0.030267597 	0.91734615
0.0023316583 	0.037629251 	-0.032526609 	0.91609345
0.0023517588 	0.037629251 	-0.032526609 	0.91609345
0.0023718593 	0.043319919 	-0.0344359 	0.91432605
0.0023919598 	0.043319919 	-0.0344359 	0.91432605
0.0024120603 	0.048754787 	-0.035903815 	0.91217088
0.0024321608 	0.048754787 	-0.035903815 	0.91217088
0.0024522613 	0.053743156 	-0.036720017 	0.90962987
0.0024723618 	0.053743156 	-0.036720017 	0.90962987
0.0024924623 	0.058172722 	-0.036494332 	0.90634494
0.0025125628 	0.058172722 	-0.036494332 	0.90634494
0.0025326633 	0.061971898 	-0.034759855 	0.90166736
0.0025527638 	0.061971898 	-0.034759855 	0.90166736
0.0025728643 	0.065129357 	-0.03117297 	0.89500673
0.0025929648 	0.065129357 	-0.03117297 	0.89500673
0.0026130653 	0.067778921 	-0.025605687 	0.88605817
0.0026331658 	0.067778921 	-0.025605687 	0.88605817
0.0026532663 	0.070222818 	-0.018037914 	0.87471132
0.0026733668 	0.070222818 	-0.018037914 	0.87471132
0.0026934673 	0.07281195 	-0.0084114545 	0.86092447
0.0027135678 	0.07281195 	-0.0084114545 	0.86092447
0.0027336683 	0.075676282 	0.0034114381 	0.84491402
0.0027537688 	0.075676282 	0.0034114381 	0.84491402
0.0027738693 	0.078541483 	0.017514539 	0.82762495
0.0027939698 	0.078541483 	0.017514539 	0.82762495
0.0028140704 	0.080689567 	0.033517577 	0.81091381
0.0028341709 	0.080689567 	0.033517577 	0.81091381
0.0028542714 	0.081172982 	0.049994074 	0.79706037
0.0028743719 	0.079149736 	0.064109169 	0.78735951
0.0028944724 	0.079149736 	0.064109169 	0.78735951
0.0029145729 	0.074050371 	0.071956792 	0.78081512
0.0029346734 	0.074050371 	0.071956792 	0.78081512
0.0029547739 	0.065740676 	0.06996684 	0.77419468
0.0029748744 	0.065740676 	0.06996684 	0.77419468
0.0029949749 	0.054946852 	0.05709102 	0.76320424
0.0030150754 	0.043409226 	0.036286224 	0.74395966
0.0030351759 	0.043409226 	0.036286224 	0.74395966
0.0030552764 	0.033147753 	0.01367403 	0.71504538
0.0030753769 	0.033147753 	0.01367403 	0.71504538
0.0030954774 	0.025337277 	-0.004825703 	0.67900797
0.0031155779 	0.019992067 	-0.016474259 	0.64103327
0.0031356784 	0.019992067 	-0.016474259 	0.64103327
0.0031557789 	0.016436697 	-0.021701808 	0.60599214
0.0031758794 	0.016436697 	-0.021701808 	0.60599214
0.0031959799 	0.013904873 	-0.022420767 	0.57658701
0.0032160804 	0.011886803 	-0.020637397 	0.55323538
0.0032361809 	0.011886803 	-0.020637397 	0.55323538
0.0032562814 	0.010146625 	-0.017844085 	0.53496848
0.0032763819 	0.008616386 	-0.014929898 	0.52039856
0.0032964824 	0.008616386 	-0.014929898 	0.52039856
0.0033165829 	0.0072971262 	-0.012315532 	0.5083137
0.0033366834 	0.0062035409 	-0.010131023 	0.49786817
0.0033567839 	0.0062035409 	-0.010131023 	0.49786817
0.0033768844 	0.0053421933 	-0.0083576042 	0.48853665
0.0033969849 	0.0047024879 	-0.0069185222 	0.4800023
0.0034170854 	0.0047024879 	-0.0069185222 	0.4800023
0.0034371859 	0.0042615647 	-0.0057269915 	0.47205982
0.0034572864 	0.003984463 	-0.0047033721 	0.4645561
0.0034773869 	0.0038262481 	-0.0037828868 	0.45735536
0.0034974874 	0.0038262481 	-0.0037828868 	0.45735536
0.0035175879 	0.0037482389 	-0.0029143182 	0.45032097
0.0035376884 	0.0037071508 	-0.0020597815 	0.44329863
0.0035577889 	0.0036559184 	-0.0011865552 	0.4360895
0.0035778894 	0.0036559184 	-0.0011865552 	0.4360895
0.0035979899 	0.0035662259 	-0.00026608445 	0.42842486
0.0036180905 	0.0034361275 	0.0007266405 	0.41994471
0.003638191 	0.0032845542 	0.0018062317 	0.41018426
0.0036582915 	0.0032845542 	0.0018062317 	0.41018426
0.003678392 	0.0031456921 	0.0029668759 	0.39859817
0.0036984925 	0.0030583641 	0.0041713772 	0.38462151
0.003718593 	0.0030476311 	0.0053468905 	0.36776886
0.0037386935 	0.0031115805 	0.006393393 	0.34774854
0.003758794 	0.0032172404 	0.0072062409 	0.32454778
0.0037788945 	0.0032172404 	0.0072062409 	0.32454778
0.003798995 	0.0033092605 	0.0077060105 	0.29844905
0.0038190955 	0.0033266118 	0.0078628117 	0.26996837
0.003839196 	0.0032142979 	0.007703009 	0.23973515
0.0038592965 	0.0029484374 	0.0072947061 	0.20835024
0.003879397 	0.0025419067 	0.0067180863 	0.17629268
0.0038994975 	0.0020260487 	0.0060308787 	0.14389298
0.003919598 	0.001446636 	0.0052426597 	0.11136717
0.0039396985 	0.00086522572 	0.0043010482 	0.078889394
0.003959799 	0.00036538943 	0.0030805226 	0.046689229
0.0039798995 	4.5863711e-05 	0.0013484158 	0.015171545
0.004 	4.5863711e-05 	0.0013484158 	0.015171545
