0 	-0.00063210962 	-0.047100922 	0.99604544
2.0100503e-05 	0.044008804 	-0.0045615961 	0.99835608
4.0201005e-05 	0.044008804 	-0.0045615961 	0.99835608
6.0301508e-05 	0.039599326 	0.0097120425 	1.0007784
8.040201e-05 	0.039599326 	0.0097120425 	1.0007784
0.00010050251 	0.039599326 	0.0097120425 	1.0007784
0.00012060302 	0.036439485 	0.0076442726 	1.0030501
0.00014070352 	0.036439485 	0.0076442726 	1.0030501
0.00016080402 	0.036439485 	0.0076442726 	1.0030501
0.00018090452 	0.034088193 	0.0021224486 	1.0047895
0.00020100503 	0.034088193 	0.0021224486 	1.0047895
0.00022110553 	0.034088193 	0.0021224486 	1.0047895
0.00024120603 	0.031713842 	-0.0045106178 	1.0056672
0.00026130653 	0.031713842 	-0.0045106178 	1.0056672
0.00028140704 	0.028871799 	-0.011221326 	1.0055563
0.00030150754 	0.028871799 	-0.011221326 	1.0055563
0.00032160804 	0.028871799 	-0.011221326 	1.0055563
0.00034170854 	0.025384827 	-0.017349188 	1.004564
0.00036180905 	0.025384827 	-0.017349188 	1.004564
0.00038190955 	0.025384827 	-0.017349188 	1.004564
0.00040201005 	0.021281792 	-0.022481634 	1.0028854
0.00042211055 	0.021281792 	-0.022481634 	1.0028854
0.00044221106 	0.021281792 	-0.022481634 	1.0028854
0.00046231156 	0.016855533 	-0.026496002 	1.0006626
0.00048241206 	0.016855533 	-0.026496002 	1.0006626
0.00050251256 	0.012689879 	-0.029042589 	0.99818125
0.00052261307 	0.012689879 	-0.029042589 	0.99818125
0.00054271357 	0.012689879 	-0.029042589 	0.99818125
0.00056281407 	0.0095067578 	-0.028859798 	0.99626058
0.00058291457 	0.0095067578 	-0.028859798 	0.99626058
0.00060301508 	0.0095067578 	-0.028859798 	0.99626058
0.00062311558 	0.0078616225 	-0.023891516 	0.99614215
0.00064321608 	0.0078616225 	-0.023891516 	0.99614215
0.00066331658 	0.0078616225 	-0.023891516 	0.99614215
0.00068341709 	0.0077525652 	-0.012671702 	0.9986643
0.00070351759 	0.0077525652 	-0.012671702 	0.9986643
0.00072361809 	0.0081448044 	0.0032928356 	1.0032351
0.00074371859 	0.0081448044 	0.0032928356 	1.0032351
0.0007638191 	0.0081448044 	0.0032928356 	1.0032351
0.0007839196 	0.006613107 	0.017800226 	1.0071818
0.0008040201 	0.006613107 	0.017800226 	1.0071818
0.0008241206 	0.006613107 	0.017800226 	1.0071818
0.00084422111 	0.00068550746 	0.023215366 	1.006758
0.00086432161 	0.00068550746 	0.023215366 	1.006758
0.00088442211 	0.00068550746 	0.023215366 	1.006758
0.00090452261 	-0.0094100243 	0.018236764 	1.0001419
0.00092462312 	-0.0094100243 	0.018236764 	1.0001419
0.00094472362 	-0.020941066 	0.0093901372 	0.98960361
0.00096482412 	-0.020941066 	0.0093901372 	0.98960361
0.00098492462 	-0.020941066 	0.0093901372 	0.98960361
0.0010050251 	-0.037240956 	-0.0035134313 	0.97637755
0.0010251256 	-0.037240956 	-0.0035134313 	0.97637755
0.0010452261 	-0.037240956 	-0.0035134313 	0.97637755
0.0010653266 	-0.046327525 	-0.0035272443 	0.97165728
0.0010854271 	-0.046327525 	-0.0035272443 	0.97165728
0.0011055276 	-0.046327525 	-0.0035272443 	0.97165728
0.0011256281 	-0.05346965 	-0.0036782471 	0.97203151
0.0011457286 	-0.05346965 	-0.0036782471 	0.97203151
0.0011658291 	-0.05346965 	-0.0036782471 	0.97203151
0.0011859296 	-0.058773195 	-0.0045793385 	0.97432281
0.0012060302 	-0.058773195 	-0.0045793385 	0.97432281
0.0012261307 	-0.058773195 	-0.0045793385 	0.97432281
0.0012462312 	-0.06177809 	-0.0037080416 	0.97677399
0.0012663317 	-0.06177809 	-0.0037080416 	0.97677399
0.0012864322 	-0.06177809 	-0.0037080416 	0.97677399
0.0013065327 	-0.06262415 	-0.00052574812 	0.97830783
0.0013266332 	-0.06262415 	-0.00052574812 	0.97830783
0.0013467337 	-0.06262415 	-0.00052574812 	0.97830783
0.0013668342 	-0.061804399 	0.004207524 	0.97810293
0.0013869347 	-0.061804399 	0.004207524 	0.97810293
0.0014070352 	-0.061804399 	0.004207524 	0.97810293
0.0014271357 	-0.05985349 	0.0096810804 	0.97574231
0.0014472362 	-0.05985349 	0.0096810804 	0.97574231
0.0014673367 	-0.05985349 	0.0096810804 	0.97574231
0.0014874372 	-0.0572945 	0.015040802 	0.97121654
0.0015075377 	-0.0572945 	0.015040802 	0.97121654
0.0015276382 	-0.05459513 	0.019431112 	0.96493826
0.0015477387 	-0.05459513 	0.019431112 	0.96493826
0.0015678392 	-0.05459513 	0.019431112 	0.96493826
0.0015879397 	-0.05205757 	0.022121354 	0.95762162
0.0016080402 	-0.05205757 	0.022121354 	0.95762162
0.0016281407 	-0.05205757 	0.022121354 	0.95762162
0.0016482412 	-0.049735786 	0.022661324 	0.9500162
0.0016683417 	-0.049735786 	0.022661324 	0.9500162
0.0016884422 	-0.047466464 	0.020973452 	0.94266325
0.0017085427 	-0.047466464 	0.020973452 	0.94266325
0.0017286432 	-0.047466464 	0.020973452 	0.94266325
0.0017487437 	-0.045001898 	0.01738129 	0.93581839
0.0017688442 	-0.045001898 	0.01738129 	0.93581839
0.0017889447 	-0.045001898 	0.01738129 	0.93581839
0.0018090452 	-0.042161919 	0.012494183 	0.92954631
0.0018291457 	-0.042161919 	0.012494183 	0.92954631
0.0018492462 	-0.038911313 	0.0070562298 	0.92383625
0.0018693467 	-0.038911313 	0.0070562298 	0.92383625
0.0018894472 	-0.038911313 	0.0070562298 	0.92383625
0.0019095477 	-0.03537363 	0.0018045479 	0.91866627
0.0019296482 	-0.03537363 	0.0018045479 	0.91866627
0.0019497487 	-0.031778405 	-0.0026356094 	0.91401704
0.0019698492 	-0.031778405 	-0.0026356094 	0.91401704
0.0019899497 	-0.031778405 	-0.0026356094 	0.91401704
0.0020100503 	-0.028421147 	-0.0057695442 	0.90984779
0.0020301508 	-0.028421147 	-0.0057695442 	0.90984779
0.0020502513 	-0.025600965 	-0.0071921675 	0.90605802
0.0020703518 	-0.025600965 	-0.0071921675 	0.90605802
0.0020904523 	-0.023496504 	-0.0064976587 	0.9024344
0.0021105528 	-0.023496504 	-0.0064976587 	0.9024344
0.0021306533 	-0.023496504 	-0.0064976587 	0.9024344
0.0021507538 	-0.022161973 	-0.0032240708 	0.89857124
0.0021708543 	-0.022161973 	-0.0032240708 	0.89857124
0.0021909548 	-0.021301185 	0.003017333 	0.89377584
0.0022110553 	-0.021301185 	0.003017333 	0.89377584
0.0022311558 	-0.020274365 	0.012091008 	0.88712495
0.0022512563 	-0.020274365 	0.012091008 	0.88712495
0.0022713568 	-0.018547199 	0.022719867 	0.87795904
0.0022914573 	-0.018547199 	0.022719867 	0.87795904
0.0023115578 	-0.018547199 	0.022719867 	0.87795904
0.0023316583 	-0.016101548 	0.032389175 	0.86682502
0.0023517588 	-0.016101548 	0.032389175 	0.86682502
0.0023718593 	-0.013500281 	0.038549488 	0.85599513
0.0023919598 	-0.013500281 	0.038549488 	0.85599513
0.0024120603 	-0.011302628 	0.039884062 	0.84861123
0.0024321608 	-0.011302628 	0.039884062 	0.84861123
0.0024522613 	-0.0095566628 	0.036451362 	0.8464076
0.0024723618 	-0.0095566628 	0.036451362 	0.8464076
0.0024924623 	-0.0078809093 	0.029568342 	0.84790995
0.0025125628 	-0.0078809093 	0.029568342 	0.84790995
0.0025326633 	-0.0060206395 	0.021068315 	0.85008319
0.0025527638 	-0.0060206395 	0.021068315 	0.85008319
0.0025728643 	-0.0040328574 	0.012214498 	0.85116346
0.0025929648 	-0.0040328574 	0.012214498 	0.85116346
0.0026130653 	-0.0020508333 	0.0032976767 	0.85108624
0.0026331658 	-0.0020508333 	0.0032976767 	0.85108624
0.0026532663 	-0.00029116193 	-0.0058614048 	0.85035816
0.0026733668 	-0.00029116193 	-0.0058614048 	0.85035816
0.0026934673 	0.0013349004 	-0.015342826 	0.84937922
0.0027135678 	0.0013349004 	-0.015342826 	0.84937922
0.0027336683 	0.0030820223 	-0.024988377 	0.84835209
0.0027537688 	0.0030820223 	-0.024988377 	0.84835209
0.0027738693 	0.0048856911 	-0.034464608 	0.84740955
0.0027939698 	0.0048856911 	-0.034464608 	0.84740955
0.0028140704 	0.0066469584 	-0.043462539 	0.84661172
0.0028341709 	0.0066469584 	-0.043462539 	0.84661172
0.0028542714 	0.0082898184 	-0.051745363 	0.84600121
0.0028743719 	0.0097124013 	-0.059130643 	0.84555625
0.0028944724 	0.0097124013 	-0.059130643 	0.84555625
0.0029145729 	0.010776996 	-0.065467176 	0.84526908
0.0029346734 	0.010776996 	-0.065467176 	0.84526908
0.0029547739 	0.011353678 	-0.070632685 	0.84520383
0.0029748744 	0.011353678 	-0.070632685 	0.84520383
0.0029949749 	0.011341337 	-0.074533279 	0.84553769
0.0030150754 	0.010692847 	-0.077091964 	0.84655651
0.0030351759 	0.010692847 	-0.077091964 	0.84655651
0.0030552764 	0.0094426708 	-0.078225889 	0.84859435
0.0030753769 	0.0094426708 	-0.078225889 	0.84859435
0.0030954774 	0.0077369899 	-0.077828462 	0.85192466
0.0031155779 	0.0058402583 	-0.07578413 	0.856591
0.0031356784 	0.0058402583 	-0.07578413 	0.856591
0.0031557789 	0.004113529 	-0.07201169 	0.86222219
0.0031758794 	0.004113529 	-0.07201169 	0.86222219
0.0031959799 	0.0029640051 	-0.066537556 	0.86792231
0.0032160804 	0.0027598456 	-0.059560451 	0.87232775
0.0032361809 	0.0027598456 	-0.059560451 	0.87232775
0.0032562814 	0.0037246702 	-0.051442868 	0.87387113
0.0032763819 	0.005827998 	-0.042585396 	0.87116678
0.0032964824 	0.005827998 	-0.042585396 	0.87116678
0.0033165829 	0.0087231263 	-0.033173667 	0.86337237
0.0033366834 	0.011760063 	-0.022952833 	0.85044655
0.0033567839 	0.011760063 	-0.022952833 	0.85044655
0.0033768844 	0.013995244 	-0.011447708 	0.83333547
0.0033969849 	0.014672855 	0.0010454051 	0.81363681
0.0034170854 	0.014672855 	0.0010454051 	0.81363681
0.0034371859 	0.013511606 	0.012343377 	0.79219204
0.0034572864 	0.010766488 	0.018906919 	0.76744909
0.0034773869 	0.0073449003 	0.018157888 	0.73581237
0.0034974874 	0.0073449003 	0.018157888 	0.73581237
0.0035175879 	0.0042815509 	0.010768037 	0.69458826
0.0035376884 	0.0022365669 	0.00048232609 	0.6447439
0.0035577889 	0.001425439 	-0.0083700979 	0.59030124
0.0035778894 	0.001425439 	-0.0083700979 	0.59030124
0.0035979899 	0.0018597505 	-0.013216101 	0.53542547
0.0036180905 	0.0032971517 	-0.013778468 	0.48272995
0.003638191 	0.0052039432 	-0.01128822 	0.43363471
0.0036582915 	0.0052039432 	-0.01128822 	0.43363471
0.003678392 	0.007013622 	-0.0074743101 	0.38902514
0.0036984925 	0.0082829973 	-0.0038027026 	0.34938398
0.003718593 	0.0087864564 	-0.0011194098 	0.31467553
0.0037386935 	0.0085343544 	0.00035062857 	0.28435255
0.003758794 	0.0077041846 	0.00079195499 	0.25747666
0.0037788945 	0.0077041846 	0.00079195499 	0.25747666
0.003798995 	0.0065336046 	0.00056000953 	0.23295737
0.0038190955 	0.0052537585 	9.8264352e-06 	0.20976243
0.003839196 	0.0040383138 	-0.00057905718 	0.18704394
0.0038592965 	0.0029889502 	-0.0010171236 	0.16417984
0.003879397 	0.0021407556 	-0.0011990981 	0.14076724
0.0038994975 	0.0014771294 	-0.0010976168 	0.11659809
0.003919598 	0.00095647128 	-0.00075885462 	0.091621676
0.0039396985 	0.00054159727 	-0.00029783401 	0.065918176
0.003959799 	0.00022305113 	0.00010433795 	0.039688168
0.0039798995 	2.4621195e-05 	0.00020854592 	0.013239824
0.004 	2.4621195e-05 	0.00020854592 	0.013239824
