0 	0.011120908 	0.044040724 	1.0371493
5.5555625e-05 	-0.010526674 	0.048163963 	1.042822
0.00011111111 	-0.017492665 	0.049337509 	1.047277
0.00016666667 	-0.02112161 	0.050092451 	1.0506093
0.00022222222 	-0.023197956 	0.0500938 	1.0530575
0.00027777778 	-0.02413582 	0.049187971 	1.0548881
0.00033333333 	-0.024041642 	0.047379688 	1.0563339
0.00038888889 	-0.022957687 	0.044810789 	1.0575655
0.00044444444 	-0.020944128 	0.041727634 	1.0586786
0.0005 	-0.01809623 	0.038444435 	1.0596931
0.00055555556 	-0.014543391 	0.035267343 	1.0605734
0.00061111111 	-0.010445726 	0.032443984 	1.0612664
0.00066666667 	-0.0059779756 	0.03010589 	1.0617229
0.00072222222 	-0.001327609 	0.028251782 	1.0619075
0.00077777778 	0.0033053898 	0.026769391 	1.0617916
0.00083333333 	0.0077148224 	0.025488036 	1.0613549
0.00088888889 	0.011694987 	0.024214665 	1.0606032
0.00094444444 	0.015085452 	0.022839009 	1.0595624
0.001 	0.017889324 	0.021065551 	1.0582977
0.0010617224 	0.019719651 	0.01865226 	1.056872
0.0011225923 	0.020522271 	0.01564724 	1.0553297
0.0011826215 	0.020443597 	0.011965002 	1.053481
0.0012418217 	0.019766863 	0.007594571 	1.0510031
0.0013002041 	0.01884304 	0.0026896397 	1.0475453
0.0013577803 	0.017990952 	-0.0024791214 	1.0428742
0.0014145612 	0.017430718 	-0.0075857666 	1.0369887
0.0014705579 	0.017223084 	-0.012332729 	1.0301577
0.0015257812 	0.017275544 	-0.016517981 	1.0228687
0.0015802418 	0.01738748 	-0.02005158 	1.0157236
0.0016339502 	0.01733041 	-0.022928348 	1.0093157
0.0016869168 	0.016930497 	-0.025177386 	1.0041277
0.0017391518 	0.016110509 	-0.026823736 	1.000473
0.0017906654 	0.014906717 	-0.027858188 	0.9984673
0.0018414676 	0.013456405 	-0.028246717 	0.99801184
0.0018915681 	0.011976766 	-0.027952705 	0.99879795
0.0019409766 	0.010743749 	-0.026952191 	1.00032
0.0019897027 	0.010048151 	-0.025248494 	1.0019235
0.0020377558 	0.010173513 	-0.022879257 	1.0028855
0.0020851453 	0.011328458 	-0.019920081 	1.0025336
0.0021318802 	0.013580937 	-0.0164865 	1.0004171
0.0021779697 	0.016805263 	-0.01273842 	0.99644426
0.0022234225 	0.020680794 	-0.0088837322 	0.99095299
0.0022682477 	0.024714659 	-0.0051595387 	0.98462854
0.0023124537 	0.028416922 	-0.0018046041 	0.97826519
0.0023560491 	0.031425229 	0.0010114453 	0.97248571
0.0023990425 	0.033499293 	0.0032485528 	0.96749872
0.002441442 	0.034595315 	0.0050231606 	0.96305076
0.002483256 	0.034798987 	0.0065400326 	0.95852023
0.0025244924 	0.034233058 	0.0079448606 	0.95309885
0.0025651593 	0.033012392 	0.0091477666 	0.94599291
0.0026052645 	0.031254025 	0.0097175446 	0.93657603
0.0026448158 	0.029101053 	0.0089542852 	0.92456079
0.0026838209 	0.026737446 	0.0061343032 	0.91013832
0.0027222872 	0.024414124 	0.00086171467 	0.89403537
0.0027602223 	0.022340237 	-0.0066880114 	0.87734729
0.0027976334 	0.02082681 	-0.015683947 	0.86123329
0.0028345278 	0.020096388 	-0.024791199 	0.84656596
0.0028709126 	0.020067432 	-0.032379499 	0.8338236
0.002906795 	0.020488629 	-0.036989363 	0.8232175
0.0029421817 	0.020951571 	-0.037780341 	0.81482512
0.0029770797 	0.021050219 	-0.034744597 	0.80860462
0.0030114957 	0.020535797 	-0.028621772 	0.80435304
0.0030454363 	0.019379586 	-0.02059216 	0.80172305
0.0030789082 	0.017734717 	-0.011972635 	0.80030008
0.0031119178 	0.015863296 	-0.0039816774 	0.7996754
0.0031444715 	0.014068919 	0.0024118702 	0.79946432
0.0031765755 	0.012622555 	0.0065742677 	0.79931517
0.0032082362 	0.011705849 	0.0082229117 	0.79892331
0.0032394596 	0.011390499 	0.0073952932 	0.7980541
0.0032702517 	0.011639531 	0.0043720646 	0.7965573
0.0033006186 	0.012337621 	-0.00041933338 	0.79435573
0.003330566 	0.013311794 	-0.0065231813 	0.79139958
0.0033600998 	0.014365782 	-0.013532508 	0.78763415
0.0033892257 	0.015315632 	-0.021173903 	0.78294064
0.0034179494 	0.016040158 	-0.029335489 	0.77707232
0.0034462763 	0.016507975 	-0.03802079 	0.76957856
0.003474212 	0.016784644 	-0.047213371 	0.75973036
0.0035017619 	0.01699302 	-0.056687282 	0.74649747
0.0035289312 	0.017239594 	-0.065901258 	0.72869575
0.0035557253 	0.017528454 	-0.074072583 	0.70531798
0.0035821494 	0.017726306 	-0.080375488 	0.67600805
0.0036082084 	0.017593997 	-0.084090753 	0.64149406
0.0036339076 	0.016868778 	-0.084673395 	0.60368786
0.0036592518 	0.015372927 	-0.081884896 	0.56517499
0.003684246 	0.013111416 	-0.076031879 	0.52822118
0.003708895 	0.010304949 	-0.0680736 	0.49393244
0.0037332035 	0.0073265916 	-0.059368611 	0.46211292
0.0037571763 	0.0045740948 	-0.05116983 	0.43174531
0.003780818 	0.0023386996 	-0.044228871 	0.40160149
0.0038041332 	0.00074335198 	-0.038716766 	0.37062313
0.0038271264 	-0.00022519975 	-0.034382645 	0.33800253
0.0038498019 	-0.00071908281 	-0.030780621 	0.3031126
0.0038721643 	-0.00092393941 	-0.027458795 	0.26542008
0.0038942179 	-0.00094398312 	-0.024074596 	0.22448772
0.0039159668 	-0.00083135299 	-0.020413538 	0.18006826
0.0039374154 	-0.00060418104 	-0.016290219 	0.13221208
0.0039585677 	-0.00030749797 	-0.011337876 	0.081270882
0.0039794279 	-4.9240756e-05 	-0.0047626663 	0.027789614
0.004 	-1.7609145e-05 	-0.0025354223 	0.034181202
