0 	-0.046013455 	-0.01058594 	1.0970723
5.5555625e-05 	-0.044299454 	0.01321118 	1.0956589
0.00011111111 	-0.039743962 	0.020118928 	1.092824
0.00016666667 	-0.035182773 	0.023642888 	1.0881464
0.00022222222 	-0.030270374 	0.026320973 	1.0813092
0.00027777778 	-0.024866518 	0.029025028 	1.072224
0.00033333333 	-0.019049688 	0.032019079 	1.0610917
0.00038888889 	-0.013128613 	0.035153088 	1.0483799
0.00044444444 	-0.007606893 	0.037969895 	1.0347614
0.0005 	-0.0031020027 	0.03985564 	1.0210392
0.00055555556 	-0.00018977599 	0.040212139 	1.0080626
0.00061111111 	0.00076366958 	0.038648531 	0.99662868
0.00066666667 	-0.00027812943 	0.035112686 	0.98734326
0.00072222222 	-0.0029587595 	0.029938237 	0.98043601
0.00077777778 	-0.0066220418 	0.023719487 	0.97565912
0.00083333333 	-0.010426953 	0.017139553 	0.97234122
0.00088888889 	-0.013513408 	0.01089494 	0.96958386
0.00094444444 	-0.015168741 	0.0056733591 	0.96644488
0.001 	-0.014728784 	0.0020677262 	0.96163598
0.0010617199 	-0.011185475 	0.001818257 	0.95363699
0.0011225874 	-0.0044711118 	0.0056370825 	0.94251454
0.0011826143 	0.0044195957 	0.012970315 	0.9288881
0.0012418122 	0.013700949 	0.022114688 	0.91478106
0.0013001926 	0.021489151 	0.030992224 	0.90282254
0.0013577668 	0.026558487 	0.038082606 	0.89501385
0.0014145458 	0.028682243 	0.042652469 	0.89213511
0.0014705407 	0.02836922 	0.044635439 	0.89386237
0.0015257623 	0.026418138 	0.04425041 	0.89921402
0.0015802213 	0.02353717 	0.041733924 	0.9069582
0.0016339282 	0.020269098 	0.037270069 	0.91588248
0.0016868934 	0.016937286 	0.030968607 	0.92492059
0.0017391271 	0.013764354 	0.022990236 	0.9332379
0.0017906395 	0.010972701 	0.013644039 	0.94022305
0.0018414404 	0.0086960234 	0.0034206201 	0.94561572
0.0018915398 	0.0069915632 	-0.0069949777 	0.94943744
0.0019409473 	0.0058861165 	-0.01677825 	0.95206472
0.0019896725 	0.005327343 	-0.025139923 	0.95386994
0.0020377248 	0.0051673565 	-0.0316386 	0.95504908
0.0020851134 	0.0051923428 	-0.036399185 	0.95538344
0.0021318476 	0.0052238375 	-0.040045079 	0.95449034
0.0021779364 	0.0051824165 	-0.043266111 	0.95227504
0.0022233887 	0.0051737205 	-0.04648269 	0.94928444
0.0022682133 	0.0054332458 	-0.049766387 	0.94664319
0.0023124189 	0.0062603761 	-0.053025574 	0.94544661
0.0023560139 	0.0079473431 	-0.056222867 	0.94601454
0.0023990069 	0.010583616 	-0.059505108 	0.94747763
0.0024414062 	0.013953543 	-0.063172731 	0.94804633
0.0024832199 	0.017549401 	-0.067518385 	0.94589684
0.0025244562 	0.020707555 	-0.072706766 	0.94006223
0.002565123 	0.022874492 	-0.078851949 	0.93073737
0.0026052281 	0.023784883 	-0.086213736 	0.91878759
0.0026447794 	0.02356371 	-0.095245894 	0.9049558
0.0026837845 	0.022684436 	-0.10631446 	0.88926043
0.0027222509 	0.021794891 	-0.11911278 	0.87146501
0.0027601861 	0.021568603 	-0.13222339 	0.85236297
0.0027975974 	0.022535609 	-0.1433324 	0.83460072
0.002834492 	0.024975798 	-0.15017567 	0.82175002
0.0028708772 	0.028843146 	-0.151504 	0.8161199
0.0029067598 	0.033795048 	-0.14751049 	0.81729085
0.0029421469 	0.039351995 	-0.13950094 	0.82247179
0.0029770452 	0.04508921 	-0.1291636 	0.8279965
0.0030114616 	0.050757087 	-0.11795394 	0.83060226
0.0030454028 	0.056287965 	-0.10686354 	0.82804223
0.0030788752 	0.061742081 	-0.096422854 	0.8192929
0.0031118853 	0.067192003 	-0.086750266 	0.80476499
0.0031444395 	0.07255276 	-0.077634699 	0.78654092
0.0031765442 	0.077461961 	-0.068661291 	0.76796811
0.0032082055 	0.081402874 	-0.059355421 	0.75221185
0.0032394295 	0.083888474 	-0.049190329 	0.74064451
0.0032702223 	0.084804911 	-0.037755596 	0.73271935
0.0033005899 	0.084075193 	-0.02453838 	0.72769313
0.0033305381 	0.081891529 	-0.0090946119 	0.7255794
0.0033600727 	0.079145358 	0.0084341099 	0.72706718
0.0033891994 	0.076194429 	0.027481359 	0.73325159
0.0034179239 	0.072631211 	0.046838565 	0.74502299
0.0034462517 	0.068101927 	0.064812139 	0.76273547
0.0034741882 	0.062472762 	0.079727508 	0.78592746
0.003501739 	0.055922513 	0.090492888 	0.81308317
0.0035289093 	0.048992232 	0.096862899 	0.84151081
0.0035557043 	0.0423978 	0.099287192 	0.86764791
0.0035821293 	0.036660211 	0.098614473 	0.88792372
0.0036081894 	0.031851776 	0.095926483 	0.89965039
0.0036338895 	0.02766768 	0.092435183 	0.90117592
0.0036592348 	0.023741013 	0.089192962 	0.89116949
0.00368423 	0.019960034 	0.086669181 	0.86771347
0.00370888 	0.016577949 	0.084639273 	0.82819655
0.0037331896 	0.014026796 	0.08259957 	0.77074527
0.0037571635 	0.012525323 	0.080221964 	0.69679352
0.0037808063 	0.011802737 	0.077290105 	0.61255217
0.0038041226 	0.01123487 	0.073386162 	0.5270601
0.0038271169 	0.010272071 	0.067989423 	0.44778247
0.0038497936 	0.0087360256 	0.06093408 	0.37751451
0.0038721572 	0.0067915159 	0.052616923 	0.31471087
0.0038942119 	0.0047464302 	0.043731673 	0.25600096
0.003915962 	0.0028846982 	0.03481934 	0.19857285
0.0039374118 	0.0014058527 	0.025972351 	0.1412218
0.0039585653 	0.00042938794 	0.016771449 	0.084145215
0.0039794267 	9.5538815e-06 	0.0063686939 	0.027973319
0.004 	9.5538815e-06 	0.0063686939 	0.027973319
