0 	-0.003334257 	0.0090236956 	1.1054462
2.0100503e-05 	-0.0080676976 	-0.0039213425 	1.105817
4.0201005e-05 	-0.0080676976 	-0.0039213425 	1.105817
6.0301508e-05 	-0.0042321329 	-0.0070926077 	1.1054887
8.040201e-05 	-0.0042321329 	-0.0070926077 	1.1054887
0.00010050251 	-0.0042321329 	-0.0070926077 	1.1054887
0.00012060302 	-0.002112668 	-0.0072197377 	1.1043747
0.00014070352 	-0.002112668 	-0.0072197377 	1.1043747
0.00016080402 	-0.002112668 	-0.0072197377 	1.1043747
0.00018090452 	-0.00062957606 	-0.0066837066 	1.1024084
0.00020100503 	-0.00062957606 	-0.0066837066 	1.1024084
0.00022110553 	-0.00062957606 	-0.0066837066 	1.1024084
0.00024120603 	0.0018686507 	-0.003047676 	1.0940104
0.00026130653 	0.0018686507 	-0.003047676 	1.0940104
0.00028140704 	0.0023366676 	-0.0014642955 	1.0895214
0.00030150754 	0.0023366676 	-0.0014642955 	1.0895214
0.00032160804 	0.0023366676 	-0.0014642955 	1.0895214
0.00034170854 	0.0026589339 	0.0007028153 	1.084386
0.00036180905 	0.0026589339 	0.0007028153 	1.084386
0.00038190955 	0.0026589339 	0.0007028153 	1.084386
0.00040201005 	0.0023973815 	0.00036689587 	1.0863023
0.00042211055 	0.0023973815 	0.00036689587 	1.0863023
0.00044221106 	0.0023973815 	0.00036689587 	1.0863023
0.00046231156 	0.0027888535 	0.0038599202 	1.0808681
0.00048241206 	0.0027888535 	0.0038599202 	1.0808681
0.00050251256 	0.0031554555 	0.0081490195 	1.0754009
0.00052261307 	0.0031554555 	0.0081490195 	1.0754009
0.00054271357 	0.0031554555 	0.0081490195 	1.0754009
0.00056281407 	0.0034944074 	0.012973475 	1.0702517
0.00058291457 	0.0034944074 	0.012973475 	1.0702517
0.00060301508 	0.0034944074 	0.012973475 	1.0702517
0.00062311558 	0.0037969194 	0.01784702 	1.0657888
0.00064321608 	0.0037969194 	0.01784702 	1.0657888
0.00066331658 	0.0037969194 	0.01784702 	1.0657888
0.00068341709 	0.0032747409 	0.026807715 	1.0528074
0.00070351759 	0.0032747409 	0.026807715 	1.0528074
0.00072361809 	0.0029274217 	0.029812649 	1.0498683
0.00074371859 	0.0029274217 	0.029812649 	1.0498683
0.0007638191 	0.0039850173 	0.025430132 	1.060166
0.0007839196 	0.0036685123 	0.027350177 	1.0593562
0.0008040201 	0.0036685123 	0.027350177 	1.0593562
0.0008241206 	0.0036685123 	0.027350177 	1.0593562
0.00084422111 	0.0013211476 	0.03119712 	1.0472581
0.00086432161 	0.0013211476 	0.03119712 	1.0472581
0.00088442211 	0.0013211476 	0.03119712 	1.0472581
0.00090452261 	0.0022884497 	0.027154313 	1.0614289
0.00092462312 	0.0022884497 	0.027154313 	1.0614289
0.00094472362 	0.0014762257 	0.025433938 	1.0638506
0.00096482412 	-0.00084763051 	0.027622148 	1.0483432
0.00098492462 	-0.00084763051 	0.027622148 	1.0483432
0.0010050251 	-0.0019348903 	0.024410346 	1.0498976
0.0010251256 	-0.0019348903 	0.024410346 	1.0498976
0.0010452261 	-0.0019348903 	0.024410346 	1.0498976
0.0010653266 	-0.0026975277 	0.020599107 	1.0521617
0.0010854271 	-0.0026975277 	0.020599107 	1.0521617
0.0011055276 	-0.0026975277 	0.020599107 	1.0521617
0.0011256281 	-0.0031753117 	0.01657184 	1.055332
0.0011457286 	-0.0031753117 	0.01657184 	1.055332
0.0011658291 	-0.0031753117 	0.01657184 	1.055332
0.0011859296 	-0.0034230359 	0.012429751 	1.0594763
0.0012060302 	-0.0034230359 	0.012429751 	1.0594763
0.0012261307 	-0.0034230359 	0.012429751 	1.0594763
0.0012462312 	-0.0034618922 	0.0082756061 	1.064523
0.0012663317 	0.0013931719 	0.0066623439 	1.0880418
0.0012864322 	-0.0034618922 	0.0082756061 	1.064523
0.0013065327 	-0.0032744146 	0.0042861663 	1.0702252
0.0013266332 	-0.0032744146 	0.0042861663 	1.0702252
0.0013467337 	-0.0032744146 	0.0042861663 	1.0702252
0.0013668342 	-0.0028251457 	0.00073631276 	1.0762304
0.0013869347 	-0.0028251457 	0.00073631276 	1.0762304
0.0014070352 	-0.0028251457 	0.00073631276 	1.0762304
0.0014271357 	-0.0021270866 	-0.0020802717 	1.0821619
0.0014472362 	-0.0021270866 	-0.0020802717 	1.0821619
0.0014673367 	-0.0021270866 	-0.0020802717 	1.0821619
0.0014874372 	-0.0012402418 	-0.0039192939 	1.0876838
0.0015075377 	-0.0012402418 	-0.0039192939 	1.0876838
0.0015276382 	-0.00028282836 	-0.0046596288 	1.0925145
0.0015477387 	-0.00028282836 	-0.0046596288 	1.0925145
0.0015678392 	-0.00028282836 	-0.0046596288 	1.0925145
0.0015879397 	0.00059538582 	-0.004328818 	1.0964212
0.0016080402 	0.00059538582 	-0.004328818 	1.0964212
0.0016281407 	0.00059538582 	-0.004328818 	1.0964212
0.0016482412 	0.0013148662 	-0.0030868999 	1.0991894
0.0016683417 	0.0013148662 	-0.0030868999 	1.0991894
0.0016884422 	0.0018868896 	-0.0011990177 	1.1005913
0.0017085427 	0.0018868896 	-0.0011990177 	1.1005913
0.0017286432 	0.0018868896 	-0.0011990177 	1.1005913
0.0017487437 	0.0023866724 	0.0010460573 	1.1003614
0.0017688442 	0.0023866724 	0.0010460573 	1.1003614
0.0017889447 	0.0023866724 	0.0010460573 	1.1003614
0.0018090452 	0.0030014217 	0.0034035694 	1.0982232
0.0018291457 	0.0030014217 	0.0034035694 	1.0982232
0.0018492462 	0.0040224788 	0.005639065 	1.0938977
0.0018693467 	0.0040224788 	0.005639065 	1.0938977
0.0018894472 	0.0040224788 	0.005639065 	1.0938977
0.0019095477 	0.0057867207 	0.0075187529 	1.0871332
0.0019296482 	0.0057867207 	0.0075187529 	1.0871332
0.0019497487 	0.0085475969 	0.0087859889 	1.0777737
0.0019698492 	0.0085475969 	0.0087859889 	1.0777737
0.0019899497 	0.012287265 	0.0092591168 	1.0659227
0.0020100503 	0.012287265 	0.0092591168 	1.0659227
0.0020301508 	0.012287265 	0.0092591168 	1.0659227
0.0020502513 	0.016638026 	0.0089297062 	1.052139
0.0020703518 	0.016638026 	0.0089297062 	1.052139
0.0020904523 	0.020978097 	0.0079999008 	1.037476
0.0021105528 	0.020978097 	0.0079999008 	1.037476
0.0021306533 	0.020978097 	0.0079999008 	1.037476
0.0021507538 	0.024682163 	0.0067684513 	1.023243
0.0021708543 	0.024682163 	0.0067684513 	1.023243
0.0021909548 	0.027372052 	0.0054021529 	1.0105837
0.0022110553 	0.027372052 	0.0054021529 	1.0105837
0.0022311558 	0.029053162 	0.0037231394 	1.0001241
0.0022512563 	0.029053162 	0.0037231394 	1.0001241
0.0022713568 	0.030096749 	0.0011233784 	0.99185168
0.0022914573 	0.030096749 	0.0011233784 	0.99185168
0.0023115578 	0.030096749 	0.0011233784 	0.99185168
0.0023316583 	0.031090758 	-0.003346561 	0.98522645
0.0023517588 	0.031090758 	-0.003346561 	0.98522645
0.0023718593 	0.032624762 	-0.01066796 	0.97941333
0.0023919598 	0.032624762 	-0.01066796 	0.97941333
0.0024120603 	0.035098455 	-0.02141437 	0.97347257
0.0024321608 	0.035098455 	-0.02141437 	0.97347257
0.0024522613 	0.038618046 	-0.035378502 	0.96637241
0.0024723618 	0.038618046 	-0.035378502 	0.96637241
0.0024924623 	0.04295261 	-0.051456236 	0.95687555
0.0025125628 	0.04295261 	-0.051456236 	0.95687555
0.0025326633 	0.047512321 	-0.067793379 	0.94346674
0.0025527638 	0.047512321 	-0.067793379 	0.94346674
0.0025728643 	0.051302165 	-0.082063537 	0.92460319
0.0025929648 	0.051302165 	-0.082063537 	0.92460319
0.0026130653 	0.052883894 	-0.09174129 	0.89955896
0.0026331658 	0.052883894 	-0.09174129 	0.89955896
0.0026532663 	0.05059864 	-0.094530021 	0.86971885
0.0026733668 	0.05059864 	-0.094530021 	0.86971885
0.0026934673 	0.043273482 	-0.089191552 	0.83897258
0.0027135678 	0.043273482 	-0.089191552 	0.83897258
0.0027336683 	0.031029269 	-0.076442971 	0.81224728
0.0027537688 	0.031029269 	-0.076442971 	0.81224728
0.0027738693 	0.015534232 	-0.058877895 	0.79348346
0.0027939698 	0.015534232 	-0.058877895 	0.79348346
0.0028140704 	-0.00057920157 	-0.039811275 	0.78417148
0.0028341709 	-0.00057920157 	-0.039811275 	0.78417148
0.0028542714 	-0.014937689 	-0.022034998 	0.78268817
0.0028743719 	-0.026295193 	-0.0072696406 	0.7852822
0.0028944724 	-0.026295193 	-0.0072696406 	0.7852822
0.0029145729 	-0.034423997 	0.0038602566 	0.78835334
0.0029346734 	-0.034423997 	0.0038602566 	0.78835334
0.0029547739 	-0.039507957 	0.011651004 	0.79000598
0.0029748744 	-0.039507957 	0.011651004 	0.79000598
0.0029949749 	-0.042016359 	0.016901675 	0.78992186
0.0030150754 	-0.042450121 	0.020310626 	0.78847567
0.0030351759 	-0.042450121 	0.020310626 	0.78847567
0.0030552764 	-0.041214456 	0.02232975 	0.78604926
0.0030753769 	-0.041214456 	0.02232975 	0.78604926
0.0030954774 	-0.038764117 	0.023229058 	0.78289934
0.0031155779 	-0.035577656 	0.02325026 	0.77921021
0.0031356784 	-0.035577656 	0.02325026 	0.77921021
0.0031557789 	-0.032046923 	0.022685173 	0.77513461
0.0031758794 	-0.032046923 	0.022685173 	0.77513461
0.0031959799 	-0.028442278 	0.021862775 	0.77078916
0.0032160804 	-0.02489986 	0.021089847 	0.76624015
0.0032361809 	-0.02489986 	0.021089847 	0.76624015
0.0032562814 	-0.021452345 	0.020598629 	0.76150135
0.0032763819 	-0.018064022 	0.020519527 	0.75654463
0.0032964824 	-0.018064022 	0.020519527 	0.75654463
0.0033165829 	-0.014676403 	0.020880518 	0.75130761
0.0033366834 	-0.011247118 	0.021632107 	0.74569255
0.0033567839 	-0.011247118 	0.021632107 	0.74569255
0.0033768844 	-0.0077727094 	0.022690668 	0.73956627
0.0033969849 	-0.0043003631 	0.02399487 	0.7327799
0.0034170854 	-0.0043003631 	0.02399487 	0.7327799
0.0034371859 	-0.00093084179 	0.02556091 	0.72522605
0.0034572864 	0.0022059299 	0.027524284 	0.71692272
0.0034773869 	0.0049515482 	0.030157275 	0.70808396
0.0034974874 	0.0049515482 	0.030157275 	0.70808396
0.0035175879 	0.0071517221 	0.033854093 	0.69912786
0.0035376884 	0.0087159679 	0.039072244 	0.69059953
0.0035577889 	0.0096409447 	0.046220411 	0.68301443
0.0035778894 	0.0096409447 	0.046220411 	0.68301443
0.0035979899 	0.010037409 	0.055502488 	0.6766577
0.0036180905 	0.010130085 	0.066754142 	0.67139184
0.003638191 	0.010220492 	0.079332196 	0.66655044
0.0036582915 	0.010220492 	0.079332196 	0.66655044
0.003678392 	0.010617913 	0.092106263 	0.6610039
0.0036984925 	0.011548091 	0.10356631 	0.65345013
0.003718593 	0.01306798 	0.11203222 	0.64289182
0.0037386935 	0.01502361 	0.11593977 	0.62910486
0.003758794 	0.017076982 	0.11417088 	0.61276017
0.0037788945 	0.017076982 	0.11417088 	0.61276017
0.003798995 	0.018799287 	0.10636636 	0.59492677
0.0038190955 	0.019776617 	0.093146294 	0.57604755
0.003839196 	0.019677854 	0.076177502 	0.55486636
0.0038592965 	0.018302993 	0.058033798 	0.52782148
0.003879397 	0.015660064 	0.041660378 	0.48937674
0.0038994975 	0.012052681 	0.029247968 	0.433776
0.003919598 	0.008070045 	0.020963906 	0.35806629
0.0039396985 	0.0044147125 	0.014885014 	0.26460097
0.003959799 	0.0016697343 	0.0087914132 	0.16042149
0.0039798995 	0.00018020515 	0.0023180401 	0.053251201
0.004 	0.00018020515 	0.0023180401 	0.053251201
