0 	0.038694118 	0.011794292 	0.98592346
2.0100503e-05 	0.038694118 	0.011794292 	0.98592346
4.0201005e-05 	0.038694118 	0.011794292 	0.98592346
6.0301508e-05 	0.032748878 	-0.0034148861 	0.98642859
8.040201e-05 	0.032748878 	-0.0034148861 	0.98642859
0.00010050251 	0.032748878 	-0.0034148861 	0.98642859
0.00012060302 	0.023716409 	-0.0016294295 	0.98785662
0.00014070352 	0.023716409 	-0.0016294295 	0.98785662
0.00016080402 	0.023716409 	-0.0016294295 	0.98785662
0.00018090452 	0.014878164 	0.0043256345 	0.99023658
0.00020100503 	0.014878164 	0.0043256345 	0.99023658
0.00022110553 	0.014878164 	0.0043256345 	0.99023658
0.00024120603 	0.0067709496 	0.011489827 	0.99383481
0.00026130653 	0.0067709496 	0.011489827 	0.99383481
0.00028140704 	-0.00033133229 	0.018661709 	0.99882968
0.00030150754 	-0.00033133229 	0.018661709 	0.99882968
0.00032160804 	-0.00033133229 	0.018661709 	0.99882968
0.00034170854 	-0.0064351687 	0.025413709 	1.0050823
0.00036180905 	-0.0064351687 	0.025413709 	1.0050823
0.00038190955 	-0.0064351687 	0.025413709 	1.0050823
0.00040201005 	-0.011652031 	0.031610872 	1.0121988
0.00042211055 	-0.011652031 	0.031610872 	1.0121988
0.00044221106 	-0.011652031 	0.031610872 	1.0121988
0.00046231156 	-0.01609765 	0.037141728 	1.0196963
0.00048241206 	-0.01609765 	0.037141728 	1.0196963
0.00050251256 	-0.019876143 	0.041892717 	1.0271294
0.00052261307 	-0.019876143 	0.041892717 	1.0271294
0.00054271357 	-0.019876143 	0.041892717 	1.0271294
0.00056281407 	-0.023060999 	0.045747247 	1.0341617
0.00058291457 	-0.023060999 	0.045747247 	1.0341617
0.00060301508 	-0.023060999 	0.045747247 	1.0341617
0.00062311558 	-0.025672882 	0.048543664 	1.0406055
0.00064321608 	-0.025672882 	0.048543664 	1.0406055
0.00066331658 	-0.025672882 	0.048543664 	1.0406055
0.00068341709 	-0.027667275 	0.05003245 	1.0464491
0.00070351759 	-0.027667275 	0.05003245 	1.0464491
0.00072361809 	-0.028919359 	0.049873203 	1.0518065
0.00074371859 	-0.028919359 	0.049873203 	1.0518065
0.0007638191 	-0.028919359 	0.049873203 	1.0518065
0.0007839196 	-0.029250758 	0.047752549 	1.0567749
0.0008040201 	-0.029250758 	0.047752549 	1.0567749
0.0008241206 	-0.029250758 	0.047752549 	1.0567749
0.00084422111 	-0.028504462 	0.0435552 	1.0612495
0.00086432161 	-0.028504462 	0.0435552 	1.0612495
0.00088442211 	-0.028504462 	0.0435552 	1.0612495
0.00090452261 	-0.026608433 	0.037509542 	1.0649285
0.00092462312 	-0.026608433 	0.037509542 	1.0649285
0.00094472362 	-0.023738369 	0.03010013 	1.0675895
0.00096482412 	-0.023738369 	0.03010013 	1.0675895
0.00098492462 	-0.023738369 	0.03010013 	1.0675895
0.0010050251 	-0.02001717 	0.021383263 	1.0694411
0.0010251256 	-0.02001717 	0.021383263 	1.0694411
0.0010452261 	-0.02001717 	0.021383263 	1.0694411
0.0010653266 	-0.01564617 	0.012137891 	1.070564
0.0010854271 	-0.01564617 	0.012137891 	1.070564
0.0011055276 	-0.01564617 	0.012137891 	1.070564
0.0011256281 	-0.011232882 	0.0032380092 	1.0712035
0.0011457286 	-0.011232882 	0.0032380092 	1.0712035
0.0011658291 	-0.011232882 	0.0032380092 	1.0712035
0.0011859296 	-0.0070467175 	-0.0050467758 	1.0712185
0.0012060302 	-0.0070467175 	-0.0050467758 	1.0712185
0.0012261307 	-0.0070467175 	-0.0050467758 	1.0712185
0.0012462312 	-0.0032830638 	-0.012700694 	1.0703111
0.0012663317 	-0.0032830638 	-0.012700694 	1.0703111
0.0012864322 	-0.0032830638 	-0.012700694 	1.0703111
0.0013065327 	-2.2450701e-05 	-0.019908523 	1.0682427
0.0013266332 	-2.2450701e-05 	-0.019908523 	1.0682427
0.0013467337 	-2.2450701e-05 	-0.019908523 	1.0682427
0.0013668342 	0.0027539855 	-0.02694206 	1.0648928
0.0013869347 	0.0027539855 	-0.02694206 	1.0648928
0.0014070352 	0.0027539855 	-0.02694206 	1.0648928
0.0014271357 	0.0052333428 	-0.034031306 	1.0601383
0.0014472362 	0.0052333428 	-0.034031306 	1.0601383
0.0014673367 	0.0052333428 	-0.034031306 	1.0601383
0.0014874372 	0.007749361 	-0.041331156 	1.0537294
0.0015075377 	0.007749361 	-0.041331156 	1.0537294
0.0015276382 	0.010640134 	-0.048826377 	1.0453392
0.0015477387 	0.010640134 	-0.048826377 	1.0453392
0.0015678392 	0.010640134 	-0.048826377 	1.0453392
0.0015879397 	0.014103272 	-0.056229978 	1.0348714
0.0016080402 	0.014103272 	-0.056229978 	1.0348714
0.0016281407 	0.014103272 	-0.056229978 	1.0348714
0.0016482412 	0.018013967 	-0.062957777 	1.0227824
0.0016683417 	0.018013967 	-0.062957777 	1.0227824
0.0016884422 	0.021972588 	-0.068246354 	1.0100933
0.0017085427 	0.021972588 	-0.068246354 	1.0100933
0.0017286432 	0.021972588 	-0.068246354 	1.0100933
0.0017487437 	0.025553451 	-0.071274408 	0.99799417
0.0017688442 	0.025553451 	-0.071274408 	0.99799417
0.0017889447 	0.025553451 	-0.071274408 	0.99799417
0.0018090452 	0.028535605 	-0.071392545 	0.98728116
0.0018291457 	0.028535605 	-0.071392545 	0.98728116
0.0018492462 	0.030952305 	-0.068288328 	0.97804489
0.0018693467 	0.030952305 	-0.068288328 	0.97804489
0.0018894472 	0.030952305 	-0.068288328 	0.97804489
0.0019095477 	0.032881164 	-0.062003172 	0.96981565
0.0019296482 	0.032881164 	-0.062003172 	0.96981565
0.0019497487 	0.034240742 	-0.052901779 	0.96210528
0.0019698492 	0.034240742 	-0.052901779 	0.96210528
0.0019899497 	0.034240742 	-0.052901779 	0.96210528
0.0020100503 	0.034811045 	-0.041655975 	0.95482665
0.0020301508 	0.034811045 	-0.041655975 	0.95482665
0.0020502513 	0.034420311 	-0.029211958 	0.94826507
0.0020703518 	0.034420311 	-0.029211958 	0.94826507
0.0020904523 	0.03308827 	-0.016554643 	0.94272284
0.0021105528 	0.03308827 	-0.016554643 	0.94272284
0.0021306533 	0.03308827 	-0.016554643 	0.94272284
0.0021507538 	0.031075841 	-0.0044572766 	0.93825189
0.0021708543 	0.031075841 	-0.0044572766 	0.93825189
0.0021909548 	0.028732671 	0.0066688218 	0.9345238
0.0022110553 	0.028732671 	0.0066688218 	0.9345238
0.0022311558 	0.026459152 	0.016699605 	0.93089968
0.0022512563 	0.026459152 	0.016699605 	0.93089968
0.0022713568 	0.02457936 	0.025598696 	0.92661404
0.0022914573 	0.02457936 	0.025598696 	0.92661404
0.0023115578 	0.02457936 	0.025598696 	0.92661404
0.0023316583 	0.023162768 	0.033135047 	0.92111872
0.0023517588 	0.023162768 	0.033135047 	0.92111872
0.0023718593 	0.022129753 	0.038979239 	0.91433451
0.0023919598 	0.022129753 	0.038979239 	0.91433451
0.0024120603 	0.021402861 	0.042961347 	0.90649145
0.0024321608 	0.021402861 	0.042961347 	0.90649145
0.0024522613 	0.020997228 	0.045242244 	0.89769826
0.0024723618 	0.020997228 	0.045242244 	0.89769826
0.0024924623 	0.021002031 	0.046327132 	0.88768295
0.0025125628 	0.021002031 	0.046327132 	0.88768295
0.0025326633 	0.021405661 	0.046917613 	0.87601565
0.0025527638 	0.021405661 	0.046917613 	0.87601565
0.0025728643 	0.021944584 	0.047605904 	0.86266909
0.0025929648 	0.021944584 	0.047605904 	0.86266909
0.0026130653 	0.022134068 	0.048483726 	0.84842559
0.0026331658 	0.022134068 	0.048483726 	0.84842559
0.0026532663 	0.021465418 	0.049006917 	0.83471159
0.0026733668 	0.021465418 	0.049006917 	0.83471159
0.0026934673 	0.0196396 	0.04823442 	0.82301515
0.0027135678 	0.0196396 	0.04823442 	0.82301515
0.0027336683 	0.016703526 	0.045336271 	0.81428706
0.0027537688 	0.016703526 	0.045336271 	0.81428706
0.0027738693 	0.012994697 	0.039994786 	0.80864072
0.0027939698 	0.012994697 	0.039994786 	0.80864072
0.0028140704 	0.0089310842 	0.032434663 	0.80545748
0.0028341709 	0.0089310842 	0.032434663 	0.80545748
0.0028542714 	0.0048496533 	0.023128583 	0.80380437
0.0028743719 	0.00086878836 	0.012425826 	0.80290961
0.0028944724 	0.00086878836 	0.012425826 	0.80290961
0.0029145729 	-0.0031916133 	0.00036787018 	0.80248676
0.0029346734 	-0.0031916133 	0.00036787018 	0.80248676
0.0029547739 	-0.007433743 	-0.013142142 	0.80285445
0.0029748744 	-0.007433743 	-0.013142142 	0.80285445
0.0029949749 	-0.011844814 	-0.028005094 	0.80459686
0.0030150754 	-0.016446951 	-0.043667372 	0.80795227
0.0030351759 	-0.016446951 	-0.043667372 	0.80795227
0.0030552764 	-0.02110955 	-0.059249855 	0.8122624
0.0030753769 	-0.02110955 	-0.059249855 	0.8122624
0.0030954774 	-0.025562752 	-0.073883462 	0.8158857
0.0031155779 	-0.029436315 	-0.086915412 	0.8166966
0.0031356784 	-0.029436315 	-0.086915412 	0.8166966
0.0031557789 	-0.032343123 	-0.097842239 	0.81286144
0.0031758794 	-0.032343123 	-0.097842239 	0.81286144
0.0031959799 	-0.033979443 	-0.10614321 	0.80344884
0.0032160804 	-0.034200709 	-0.11124157 	0.78862452
0.0032361809 	-0.034200709 	-0.11124157 	0.78862452
0.0032562814 	-0.033053844 	-0.1126443 	0.76945225
0.0032763819 	-0.030765548 	-0.11016288 	0.74747739
0.0032964824 	-0.030765548 	-0.11016288 	0.74747739
0.0033165829 	-0.027693465 	-0.10407757 	0.72428608
0.0033366834 	-0.024250609 	-0.095147058 	0.70117511
0.0033567839 	-0.024250609 	-0.095147058 	0.70117511
0.0033768844 	-0.020821748 	-0.084438488 	0.67900091
0.0033969849 	-0.017698323 	-0.073049171 	0.65820929
0.0034170854 	-0.017698323 	-0.073049171 	0.65820929
0.0034371859 	-0.015051049 	-0.061852141 	0.63897792
0.0034572864 	-0.012940259 	-0.051371735 	0.62136509
0.0034773869 	-0.011346499 	-0.0418034 	0.60538568
0.0034974874 	-0.011346499 	-0.0418034 	0.60538568
0.0035175879 	-0.010200368 	-0.033123492 	0.59100142
0.0035376884 	-0.0094054471 	-0.025211377 	0.57806992
0.0035577889 	-0.0088558139 	-0.017943617 	0.56630318
0.0035778894 	-0.0088558139 	-0.017943617 	0.56630318
0.0035979899 	-0.0084453988 	-0.011244678 	0.5552697
0.0036180905 	-0.0080861896 	-0.0051043001 	0.54442272
0.003638191 	-0.0077167791 	0.00043351722 	0.53315456
0.0036582915 	-0.0077167791 	0.00043351722 	0.53315456
0.003678392 	-0.0072909633 	0.005280907 	0.52083784
0.0036984925 	-0.0067775053 	0.0093230666 	0.50686123
0.003718593 	-0.0061593473 	0.012435315 	0.49064952
0.0037386935 	-0.0054414987 	0.014500145 	0.47168273
0.003758794 	-0.0046513883 	0.015434155 	0.4495175
0.0037788945 	-0.0046513883 	0.015434155 	0.4495175
0.003798995 	-0.0038239233 	0.015218335 	0.42380314
0.0038190955 	-0.0030049004 	0.013930032 	0.39428743
0.003839196 	-0.0022458695 	0.011766092 	0.36081252
0.0038592965 	-0.0015957558 	0.0090409329 	0.32330711
0.003879397 	-0.0010889482 	0.0061457098 	0.2817941
0.0038994975 	-0.00072858402 	0.0034726294 	0.23642834
0.003919598 	-0.00048412761 	0.0013324277 	0.18756199
0.0039396985 	-0.00030705236 	-9.193433e-05 	0.13580084
0.003959799 	-0.00015830053 	-0.00072990657 	0.082017132
0.0039798995 	-2.7594584e-05 	-0.00054832429 	0.027317755
0.004 	-2.7594584e-05 	-0.00054832429 	0.027317755
