0 	-0.0048865446 	-0.0027865269 	1.0893049
2.0100503e-05 	0.0057966885 	-0.0061784659 	1.0882402
4.0201005e-05 	0.0057966885 	-0.0061784659 	1.0882402
6.0301508e-05 	0.011502555 	-0.0026608225 	1.0874459
8.040201e-05 	0.011502555 	-0.0026608225 	1.0874459
0.00010050251 	0.011502555 	-0.0026608225 	1.0874459
0.00012060302 	0.015297252 	-0.00039036064 	1.0867002
0.00014070352 	0.015297252 	-0.00039036064 	1.0867002
0.00016080402 	0.015297252 	-0.00039036064 	1.0867002
0.00018090452 	0.01863343 	0.0015573897 	1.0857211
0.00020100503 	0.01863343 	0.0015573897 	1.0857211
0.00022110553 	0.01863343 	0.0015573897 	1.0857211
0.00024120603 	0.021516408 	0.0033589965 	1.0842679
0.00026130653 	0.021516408 	0.0033589965 	1.0842679
0.00028140704 	0.023843298 	0.0050195579 	1.0822047
0.00030150754 	0.023843298 	0.0050195579 	1.0822047
0.00032160804 	0.023843298 	0.0050195579 	1.0822047
0.00034170854 	0.025518817 	0.0065014369 	1.0795178
0.00036180905 	0.025518817 	0.0065014369 	1.0795178
0.00038190955 	0.025518817 	0.0065014369 	1.0795178
0.00040201005 	0.026488592 	0.0077803692 	1.0763039
0.00042211055 	0.026488592 	0.0077803692 	1.0763039
0.00044221106 	0.026488592 	0.0077803692 	1.0763039
0.00046231156 	0.026757019 	0.0088552997 	1.0727395
0.00048241206 	0.026757019 	0.0088552997 	1.0727395
0.00050251256 	0.026398768 	0.0097693705 	1.0690446
0.00052261307 	0.026398768 	0.0097693705 	1.0690446
0.00054271357 	0.026398768 	0.0097693705 	1.0690446
0.00056281407 	0.025562829 	0.010603076 	1.0654463
0.00058291457 	0.025562829 	0.010603076 	1.0654463
0.00060301508 	0.025562829 	0.010603076 	1.0654463
0.00062311558 	0.024454851 	0.01145562 	1.0621375
0.00064321608 	0.024454851 	0.01145562 	1.0621375
0.00066331658 	0.024454851 	0.01145562 	1.0621375
0.00068341709 	0.023299918 	0.012409184 	1.0592535
0.00070351759 	0.023299918 	0.012409184 	1.0592535
0.00072361809 	0.022291342 	0.013472025 	1.0568693
0.00074371859 	0.022291342 	0.013472025 	1.0568693
0.0007638191 	0.022291342 	0.013472025 	1.0568693
0.0007839196 	0.021526216 	0.014538989 	1.0550315
0.0008040201 	0.021526216 	0.014538989 	1.0550315
0.0008241206 	0.021526216 	0.014538989 	1.0550315
0.00084422111 	0.020994936 	0.015371672 	1.053794
0.00086432161 	0.020994936 	0.015371672 	1.053794
0.00088442211 	0.020994936 	0.015371672 	1.053794
0.00090452261 	0.020597284 	0.015652282 	1.0531884
0.00092462312 	0.020597284 	0.015652282 	1.0531884
0.00094472362 	0.020201361 	0.015020432 	1.053161
0.00096482412 	0.020201361 	0.015020432 	1.053161
0.00098492462 	0.020201361 	0.015020432 	1.053161
0.0010050251 	0.019275255 	0.015506926 	1.0578187
0.0010251256 	0.019275255 	0.015506926 	1.0578187
0.0010452261 	0.019275255 	0.015506926 	1.0578187
0.0010653266 	0.019095986 	0.012685153 	1.0588521
0.0010854271 	0.019095986 	0.012685153 	1.0588521
0.0011055276 	0.019095986 	0.012685153 	1.0588521
0.0011256281 	0.019192374 	0.0088423042 	1.0585706
0.0011457286 	0.019192374 	0.0088423042 	1.0585706
0.0011658291 	0.019192374 	0.0088423042 	1.0585706
0.0011859296 	0.01960286 	0.004436182 	1.0563903
0.0012060302 	0.01960286 	0.004436182 	1.0563903
0.0012261307 	0.01960286 	0.004436182 	1.0563903
0.0012462312 	0.020154839 	7.0284636e-05 	1.0522553
0.0012663317 	0.020154839 	7.0284636e-05 	1.0522553
0.0012864322 	0.020154839 	7.0284636e-05 	1.0522553
0.0013065327 	0.020417626 	-0.0036596116 	1.0465851
0.0013266332 	0.020417626 	-0.0036596116 	1.0465851
0.0013467337 	0.020417626 	-0.0036596116 	1.0465851
0.0013668342 	0.019955367 	-0.0062769615 	1.0400362
0.0013869347 	0.019955367 	-0.0062769615 	1.0400362
0.0014070352 	0.019955367 	-0.0062769615 	1.0400362
0.0014271357 	0.018535411 	-0.0075336552 	1.033175
0.0014472362 	0.018535411 	-0.0075336552 	1.033175
0.0014673367 	0.018535411 	-0.0075336552 	1.033175
0.0014874372 	0.016214286 	-0.0074222952 	1.0262125
0.0015075377 	0.016214286 	-0.0074222952 	1.0262125
0.0015276382 	0.013356556 	-0.0062035924 	1.0189471
0.0015477387 	0.013356556 	-0.0062035924 	1.0189471
0.0015678392 	0.013356556 	-0.0062035924 	1.0189471
0.0015879397 	0.010481426 	-0.0043201382 	1.0109738
0.0016080402 	0.010481426 	-0.0043201382 	1.0109738
0.0016281407 	0.010481426 	-0.0043201382 	1.0109738
0.0016482412 	0.0080544206 	-0.0022103914 	1.0020919
0.0016683417 	0.0080544206 	-0.0022103914 	1.0020919
0.0016884422 	0.0062865586 	-5.5118419e-05 	0.99266011
0.0017085427 	0.0062865586 	-5.5118419e-05 	0.99266011
0.0017286432 	0.0062865586 	-5.5118419e-05 	0.99266011
0.0017487437 	0.0050902195 	0.002295504 	0.98360223
0.0017688442 	0.0050902195 	0.002295504 	0.98360223
0.0017889447 	0.0050902195 	0.002295504 	0.98360223
0.0018090452 	0.0041999642 	0.0051391545 	0.97600738
0.0018291457 	0.0041999642 	0.0051391545 	0.97600738
0.0018492462 	0.0033359966 	0.0086307675 	0.97055863
0.0018693467 	0.0033359966 	0.0086307675 	0.97055863
0.0018894472 	0.0033359966 	0.0086307675 	0.97055863
0.0019095477 	0.0022946498 	0.012648882 	0.9672844
0.0019296482 	0.0022946498 	0.012648882 	0.9672844
0.0019497487 	0.0009536023 	0.016913161 	0.96573415
0.0019698492 	0.0009536023 	0.016913161 	0.96573415
0.0019899497 	0.0009536023 	0.016913161 	0.96573415
0.0020100503 	-0.00080020735 	0.021184382 	0.96533974
0.0020301508 	-0.00080020735 	0.021184382 	0.96533974
0.0020502513 	-0.0031113308 	0.025383016 	0.96565397
0.0020703518 	-0.0031113308 	0.025383016 	0.96565397
0.0020904523 	-0.006132233 	0.029602891 	0.96637466
0.0021105528 	-0.006132233 	0.029602891 	0.96637466
0.0021306533 	-0.006132233 	0.029602891 	0.96637466
0.0021507538 	-0.0099724005 	0.034056938 	0.96722309
0.0021708543 	-0.0099724005 	0.034056938 	0.96722309
0.0021909548 	-0.014627638 	0.038951515 	0.96780013
0.0022110553 	-0.014627638 	0.038951515 	0.96780013
0.0022311558 	-0.019899757 	0.044307157 	0.96751253
0.0022512563 	-0.019899757 	0.044307157 	0.96751253
0.0022713568 	-0.025349017 	0.049728466 	0.96564165
0.0022914573 	-0.025349017 	0.049728466 	0.96564165
0.0023115578 	-0.025349017 	0.049728466 	0.96564165
0.0023316583 	-0.030349682 	0.054278978 	0.96159258
0.0023517588 	-0.030349682 	0.054278978 	0.96159258
0.0023718593 	-0.034269056 	0.056637631 	0.95522691
0.0023919598 	-0.034269056 	0.056637631 	0.95522691
0.0024120603 	-0.03671084 	0.055552488 	0.94705702
0.0024321608 	-0.03671084 	0.055552488 	0.94705702
0.0024522613 	-0.037681085 	0.05037713 	0.93809347
0.0024723618 	-0.037681085 	0.05037713 	0.93809347
0.0024924623 	-0.037572987 	0.041367901 	0.92930919
0.0025125628 	-0.037572987 	0.041367901 	0.92930919
0.0025326633 	-0.036948948 	0.02960618 	0.92087016
0.0025527638 	-0.036948948 	0.02960618 	0.92087016
0.0025728643 	-0.036228337 	0.016667156 	0.91148729
0.0025929648 	-0.036228337 	0.016667156 	0.91148729
0.0026130653 	-0.035539771 	0.0042315568 	0.8983858
0.0026331658 	-0.035539771 	0.0042315568 	0.8983858
0.0026532663 	-0.03477098 	-0.0062504003 	0.87838058
0.0026733668 	-0.03477098 	-0.0062504003 	0.87838058
0.0026934673 	-0.03387916 	-0.013800891 	0.8498831
0.0027135678 	-0.03387916 	-0.013800891 	0.8498831
0.0027336683 	-0.033185772 	-0.018057105 	0.8145521
0.0027537688 	-0.033185772 	-0.018057105 	0.8145521
0.0027738693 	-0.033233071 	-0.019278602 	0.77687622
0.0027939698 	-0.033233071 	-0.019278602 	0.77687622
0.0028140704 	-0.034294931 	-0.018256208 	0.74169003
0.0028341709 	-0.034294931 	-0.018256208 	0.74169003
0.0028542714 	-0.036148864 	-0.016165975 	0.71194176
0.0028743719 	-0.038314351 	-0.014185988 	0.68847061
0.0028944724 	-0.038314351 	-0.014185988 	0.68847061
0.0029145729 	-0.040391567 	-0.013049885 	0.67089847
0.0029346734 	-0.040391567 	-0.013049885 	0.67089847
0.0029547739 	-0.04219649 	-0.012879881 	0.65827779
0.0029748744 	-0.04219649 	-0.012879881 	0.65827779
0.0029949749 	-0.043687671 	-0.013371044 	0.64945549
0.0030150754 	-0.044855843 	-0.01409549 	0.6433535
0.0030351759 	-0.044855843 	-0.01409549 	0.6433535
0.0030552764 	-0.045691112 	-0.014708589 	0.63911966
0.0030753769 	-0.045691112 	-0.014708589 	0.63911966
0.0030954774 	-0.046196755 	-0.01496582 	0.63615456
0.0031155779 	-0.046400208 	-0.014688385 	0.63407
0.0031356784 	-0.046400208 	-0.014688385 	0.63407
0.0031557789 	-0.046360498 	-0.013739505 	0.63263084
0.0031758794 	-0.046360498 	-0.013739505 	0.63263084
0.0031959799 	-0.046154287 	-0.012019557 	0.6317204
0.0032160804 	-0.045855137 	-0.0094726753 	0.63129338
0.0032361809 	-0.045855137 	-0.0094726753 	0.63129338
0.0032562814 	-0.045523997 	-0.0060917201 	0.6313259
0.0032763819 	-0.045203641 	-0.0019216791 	0.63178201
0.0032964824 	-0.045203641 	-0.0019216791 	0.63178201
0.0033165829 	-0.044894609 	0.0029405232 	0.63258294
0.0033366834 	-0.044556514 	0.0083759859 	0.63359825
0.0033567839 	-0.044556514 	0.0083759859 	0.63359825
0.0033768844 	-0.044074408 	0.014207186 	0.63463151
0.0033969849 	-0.043308041 	0.020200182 	0.63541683
0.0034170854 	-0.043308041 	0.020200182 	0.63541683
0.0034371859 	-0.042156454 	0.026055236 	0.6356178
0.0034572864 	-0.040529536 	0.031412633 	0.63482422
0.0034773869 	-0.038352454 	0.035865107 	0.63257327
0.0034974874 	-0.038352454 	0.035865107 	0.63257327
0.0035175879 	-0.035578675 	0.03898873 	0.62837068
0.0035376884 	-0.032205922 	0.040395992 	0.62172792
0.0035577889 	-0.028287486 	0.039804625 	0.6122133
0.0035778894 	-0.028287486 	0.039804625 	0.6122133
0.0035979899 	-0.023940028 	0.037115122 	0.59951026
0.0036180905 	-0.019344531 	0.03247862 	0.58347204
0.003638191 	-0.014734797 	0.026329191 	0.56415907
0.0036582915 	-0.014734797 	0.026329191 	0.56415907
0.003678392 	-0.010371924 	0.019347966 	0.54184526
0.0036984925 	-0.0065020743 	0.012339377 	0.51698411
0.003718593 	-0.0033156956 	0.0060540198 	0.49012826
0.0037386935 	-0.00091202056 	0.0010220274 	0.46181241
0.003758794 	0.00071710996 	-0.0025311132 	0.43241364
0.0037788945 	0.00071710996 	-0.0025311132 	0.43241364
0.003798995 	0.0016722646 	-0.0046576388 	0.40204942
0.0038190955 	0.0020950728 	-0.0055885404 	0.37053536
0.003839196 	0.0021302833 	-0.0056247257 	0.33743439
0.0038592965 	0.0019160903 	-0.0050704797 	0.30213615
0.003879397 	0.0015620676 	-0.0041980547 	0.26400942
0.0038994975 	0.0011471369 	-0.003233041 	0.22257087
0.003919598 	0.00073292512 	-0.0023419403 	0.17764231
0.0039396985 	0.00037361857 	-0.0016128252 	0.12945988
0.003959799 	0.00011740497 	-0.0010269187 	0.07870377
0.0039798995 	4.9477605e-06 	-0.00043486271 	0.02643063
0.004 	4.9477605e-06 	-0.00043486271 	0.02643063
