0 	0.018356056 	-0.0019578351 	1.0263416
2.0100503e-05 	0.0020887065 	0.01876951 	1.0286447
4.0201005e-05 	0.0020887065 	0.01876951 	1.0286447
6.0301508e-05 	-0.0065716396 	0.018085984 	1.0312631
8.040201e-05 	-0.0065716396 	0.018085984 	1.0312631
0.00010050251 	-0.0065716396 	0.018085984 	1.0312631
0.00012060302 	-0.0088341305 	0.017276795 	1.0341042
0.00014070352 	-0.0088341305 	0.017276795 	1.0341042
0.00016080402 	-0.0088341305 	0.017276795 	1.0341042
0.00018090452 	-0.0098210813 	0.016554519 	1.0370827
0.00020100503 	-0.0098210813 	0.016554519 	1.0370827
0.00022110553 	-0.0098210813 	0.016554519 	1.0370827
0.00024120603 	-0.010323422 	0.015599405 	1.0401221
0.00026130653 	-0.010323422 	0.015599405 	1.0401221
0.00028140704 	-0.010551632 	0.014310082 	1.0431472
0.00030150754 	-0.010551632 	0.014310082 	1.0431472
0.00032160804 	-0.010551632 	0.014310082 	1.0431472
0.00034170854 	-0.010564584 	0.01272314 	1.0460696
0.00036180905 	-0.010564584 	0.01272314 	1.0460696
0.00038190955 	-0.010564584 	0.01272314 	1.0460696
0.00040201005 	-0.010365652 	0.010948003 	1.0487657
0.00042211055 	-0.010365652 	0.010948003 	1.0487657
0.00044221106 	-0.010365652 	0.010948003 	1.0487657
0.00046231156 	-0.0099060231 	0.0091216209 	1.0510726
0.00048241206 	-0.0099060231 	0.0091216209 	1.0510726
0.00050251256 	-0.0091157042 	0.0073338439 	1.0528216
0.00052261307 	-0.0091157042 	0.0073338439 	1.0528216
0.00054271357 	-0.0091157042 	0.0073338439 	1.0528216
0.00056281407 	-0.0079320639 	0.0055888471 	1.0539082
0.00058291457 	-0.0079320639 	0.0055888471 	1.0539082
0.00060301508 	-0.0079320639 	0.0055888471 	1.0539082
0.00062311558 	-0.0063251451 	0.0037657078 	1.0543716
0.00064321608 	-0.0063251451 	0.0037657078 	1.0543716
0.00066331658 	-0.0063251451 	0.0037657078 	1.0543716
0.00068341709 	-0.0043221876 	0.0016234872 	1.0544198
0.00070351759 	-0.0043221876 	0.0016234872 	1.0544198
0.00072361809 	-0.0019665078 	-0.0011877783 	1.0543684
0.00074371859 	-0.0019665078 	-0.0011877783 	1.0543684
0.0007638191 	-0.0019665078 	-0.0011877783 	1.0543684
0.0007839196 	0.00070875139 	-0.005057187 	1.0545346
0.0008040201 	0.00070875139 	-0.005057187 	1.0545346
0.0008241206 	0.00070875139 	-0.005057187 	1.0545346
0.00084422111 	0.003735654 	-0.010353947 	1.0551485
0.00086432161 	0.003735654 	-0.010353947 	1.0551485
0.00088442211 	0.003735654 	-0.010353947 	1.0551485
0.00090452261 	0.0072563888 	-0.017234078 	1.0562427
0.00092462312 	0.0072563888 	-0.017234078 	1.0562427
0.00094472362 	0.011151545 	-0.025417342 	1.0577192
0.00096482412 	0.011151545 	-0.025417342 	1.0577192
0.00098492462 	0.011151545 	-0.025417342 	1.0577192
0.0010050251 	0.013715742 	-0.029574753 	1.0556054
0.0010251256 	0.013715742 	-0.029574753 	1.0556054
0.0010452261 	0.013715742 	-0.029574753 	1.0556054
0.0010653266 	0.019703342 	-0.040392428 	1.0567709
0.0010854271 	0.019703342 	-0.040392428 	1.0567709
0.0011055276 	0.019703342 	-0.040392428 	1.0567709
0.0011256281 	0.026595724 	-0.051448083 	1.0572091
0.0011457286 	0.026595724 	-0.051448083 	1.0572091
0.0011658291 	0.026595724 	-0.051448083 	1.0572091
0.0011859296 	0.034451608 	-0.062796949 	1.0564297
0.0012060302 	0.034451608 	-0.062796949 	1.0564297
0.0012261307 	0.034451608 	-0.062796949 	1.0564297
0.0012462312 	0.043196822 	-0.07482562 	1.054029
0.0012663317 	0.043196822 	-0.07482562 	1.054029
0.0012864322 	0.043196822 	-0.07482562 	1.054029
0.0013065327 	0.052210534 	-0.087352869 	1.0498414
0.0013266332 	0.052210534 	-0.087352869 	1.0498414
0.0013467337 	0.052210534 	-0.087352869 	1.0498414
0.0013668342 	0.060234187 	-0.099062072 	1.0440894
0.0013869347 	0.060234187 	-0.099062072 	1.0440894
0.0014070352 	0.060234187 	-0.099062072 	1.0440894
0.0014271357 	0.065827131 	-0.10791848 	1.0373111
0.0014472362 	0.065827131 	-0.10791848 	1.0373111
0.0014673367 	0.065827131 	-0.10791848 	1.0373111
0.0014874372 	0.067990099 	-0.11210375 	1.0301278
0.0015075377 	0.067990099 	-0.11210375 	1.0301278
0.0015276382 	0.066437405 	-0.11071543 	1.0230881
0.0015477387 	0.066437405 	-0.11071543 	1.0230881
0.0015678392 	0.066437405 	-0.11071543 	1.0230881
0.0015879397 	0.061602774 	-0.10391638 	1.0166447
0.0016080402 	0.061602774 	-0.10391638 	1.0166447
0.0016281407 	0.061602774 	-0.10391638 	1.0166447
0.0016482412 	0.054500706 	-0.09277594 	1.0112303
0.0016683417 	0.054500706 	-0.09277594 	1.0112303
0.0016884422 	0.046451977 	-0.079092281 	1.0071913
0.0017085427 	0.046451977 	-0.079092281 	1.0071913
0.0017286432 	0.046451977 	-0.079092281 	1.0071913
0.0017487437 	0.038769114 	-0.065075338 	1.0045297
0.0017688442 	0.038769114 	-0.065075338 	1.0045297
0.0017889447 	0.038769114 	-0.065075338 	1.0045297
0.0018090452 	0.032516831 	-0.052878753 	1.0028533
0.0018291457 	0.032516831 	-0.052878753 	1.0028533
0.0018492462 	0.028314333 	-0.044154011 	1.0015808
0.0018693467 	0.028314333 	-0.044154011 	1.0015808
0.0018894472 	0.028314333 	-0.044154011 	1.0015808
0.0019095477 	0.026181947 	-0.039730289 	1.0001517
0.0019296482 	0.026181947 	-0.039730289 	1.0001517
0.0019497487 	0.025604374 	-0.039318902 	0.99813691
0.0019698492 	0.025604374 	-0.039318902 	0.99813691
0.0019899497 	0.025604374 	-0.039318902 	0.99813691
0.0020100503 	0.025819706 	-0.041676919 	0.99517729
0.0020301508 	0.025819706 	-0.041676919 	0.99517729
0.0020502513 	0.026127699 	-0.045177414 	0.99094678
0.0020703518 	0.026127699 	-0.045177414 	0.99094678
0.0020904523 	0.026106187 	-0.048516746 	0.9853037
0.0021105528 	0.026106187 	-0.048516746 	0.9853037
0.0021306533 	0.026106187 	-0.048516746 	0.9853037
0.0021507538 	0.02561796 	-0.051044381 	0.97845877
0.0021708543 	0.02561796 	-0.051044381 	0.97845877
0.0021909548 	0.024667439 	-0.052722246 	0.97100457
0.0022110553 	0.024667439 	-0.052722246 	0.97100457
0.0022311558 	0.023297658 	-0.053874186 	0.9637518
0.0022512563 	0.023297658 	-0.053874186 	0.9637518
0.0022713568 	0.021540861 	-0.054917604 	0.95747021
0.0022914573 	0.021540861 	-0.054917604 	0.95747021
0.0023115578 	0.021540861 	-0.054917604 	0.95747021
0.0023316583 	0.019411228 	-0.056184085 	0.95266169
0.0023517588 	0.019411228 	-0.056184085 	0.95266169
0.0023718593 	0.01696214 	-0.057847868 	0.94944795
0.0023919598 	0.01696214 	-0.057847868 	0.94944795
0.0024120603 	0.014326028 	-0.059913584 	0.94761637
0.0024321608 	0.014326028 	-0.059913584 	0.94761637
0.0024522613 	0.011689825 	-0.062236257 	0.94675163
0.0024723618 	0.011689825 	-0.062236257 	0.94675163
0.0024924623 	0.0092413004 	-0.064582604 	0.94641687
0.0025125628 	0.0092413004 	-0.064582604 	0.94641687
0.0025326633 	0.0071028087 	-0.066700129 	0.94624475
0.0025527638 	0.0071028087 	-0.066700129 	0.94624475
0.0025728643 	0.0053041285 	-0.068378314 	0.94594068
0.0025929648 	0.0053041285 	-0.068378314 	0.94594068
0.0026130653 	0.0037666184 	-0.0694334 	0.94519302
0.0026331658 	0.0037666184 	-0.0694334 	0.94519302
0.0026532663 	0.0023347433 	-0.069683012 	0.94362636
0.0026733668 	0.0023347433 	-0.069683012 	0.94362636
0.0026934673 	0.00079219873 	-0.068897768 	0.9408385
0.0027135678 	0.00079219873 	-0.068897768 	0.9408385
0.0027336683 	-0.0010442501 	-0.066833356 	0.93657187
0.0027537688 	-0.0010442501 	-0.066833356 	0.93657187
0.0027738693 	-0.0032506512 	-0.063340253 	0.9308892
0.0027939698 	-0.0032506512 	-0.063340253 	0.9308892
0.0028140704 	-0.0057478136 	-0.058502199 	0.92421592
0.0028341709 	-0.0057478136 	-0.058502199 	0.92421592
0.0028542714 	-0.0082551566 	-0.052730242 	0.91716048
0.0028743719 	-0.010297859 	-0.046686635 	0.91024803
0.0028944724 	-0.010297859 	-0.046686635 	0.91024803
0.0029145729 	-0.011403092 	-0.041090523 	0.90365955
0.0029346734 	-0.011403092 	-0.041090523 	0.90365955
0.0029547739 	-0.011262706 	-0.036400458 	0.89733771
0.0029748744 	-0.011262706 	-0.036400458 	0.89733771
0.0029949749 	-0.0098237254 	-0.032683849 	0.89118623
0.0030150754 	-0.0073595244 	-0.029701064 	0.88529084
0.0030351759 	-0.0073595244 	-0.029701064 	0.88529084
0.0030552764 	-0.0044035707 	-0.02718928 	0.87987723
0.0030753769 	-0.0044035707 	-0.02718928 	0.87987723
0.0030954774 	-0.0015068094 	-0.025074013 	0.87520232
0.0031155779 	0.00092243452 	-0.023505249 	0.87133027
0.0031356784 	0.00092243452 	-0.023505249 	0.87133027
0.0031557789 	0.0026765735 	-0.022760242 	0.86809468
0.0031758794 	0.0026765735 	-0.022760242 	0.86809468
0.0031959799 	0.0037215524 	-0.023118163 	0.8650916
0.0032160804 	0.0041243415 	-0.024796532 	0.86170116
0.0032361809 	0.0041243415 	-0.024796532 	0.86170116
0.0032562814 	0.0039615569 	-0.027832056 	0.85715652
0.0032763819 	0.0032688212 	-0.03195076 	0.85077397
0.0032964824 	0.0032688212 	-0.03195076 	0.85077397
0.0033165829 	0.0019936428 	-0.036354611 	0.84214228
0.0033366834 	5.4583943e-05 	-0.039558417 	0.83112736
0.0033567839 	5.4583943e-05 	-0.039558417 	0.83112736
0.0033768844 	-0.0025775062 	-0.039561194 	0.81741891
0.0033969849 	-0.0057755699 	-0.03459782 	0.80003861
0.0034170854 	-0.0057755699 	-0.03459782 	0.80003861
0.0034371859 	-0.0092812237 	-0.02422451 	0.77722558
0.0034572864 	-0.012853852 	-0.0099790891 	0.74759118
0.0034773869 	-0.016393606 	0.0052422191 	0.71162128
0.0034974874 	-0.016393606 	0.0052422191 	0.71162128
0.0035175879 	-0.019850012 	0.018776996 	0.671868
0.0035376884 	-0.023030789 	0.029403228 	0.63134301
0.0035577889 	-0.025555533 	0.037224079 	0.59178663
0.0035778894 	-0.025555533 	0.037224079 	0.59178663
0.0035979899 	-0.027033577 	0.04275145 	0.55338634
0.0036180905 	-0.027273351 	0.046262805 	0.51565396
0.003638191 	-0.026336163 	0.047796335 	0.47823831
0.0036582915 	-0.026336163 	0.047796335 	0.47823831
0.003678392 	-0.024457617 	0.04738797 	0.44119311
0.0036984925 	-0.021948692 	0.045225413 	0.40489276
0.003718593 	-0.019123463 	0.041671353 	0.36981601
0.0037386935 	-0.016249857 	0.037209099 	0.33631663
0.003758794 	-0.013522004 	0.032354426 	0.30448062
0.0037788945 	-0.013522004 	0.032354426 	0.30448062
0.003798995 	-0.01105432 	0.027566295 	0.27411885
0.0038190955 	-0.008893163 	0.023180774 	0.24486128
0.003839196 	-0.0070367934 	0.019379875 	0.2162797
0.0038592965 	-0.0054557111 	0.016193251 	0.18798638
0.003879397 	-0.0041085419 	0.013523223 	0.15969213
0.0038994975 	-0.0029545872 	0.011181482 	0.13123079
0.003919598 	-0.0019628344 	0.0089320021 	0.10255738
0.0039396985 	-0.001124056 	0.0065459184 	0.073711242
0.003959799 	-0.00046634122 	0.0038900261 	0.04471201
0.0039798995 	-5.695269e-05 	0.0010990603 	0.015345601
0.004 	-5.695269e-05 	0.0010990603 	0.015345601
