0 	0.030234512 	0.0039656083 	1.0727946
2.0100503e-05 	0.030234512 	0.0039656083 	1.0727946
4.0201005e-05 	0.030234512 	0.0039656083 	1.0727946
6.0301508e-05 	0.030480225 	0.019747503 	1.069612
8.040201e-05 	0.030480225 	0.019747503 	1.069612
0.00010050251 	0.030480225 	0.019747503 	1.069612
0.00012060302 	0.032029927 	0.026671297 	1.0661746
0.00014070352 	0.032029927 	0.026671297 	1.0661746
0.00016080402 	0.032029927 	0.026671297 	1.0661746
0.00018090452 	0.033869908 	0.031568345 	1.0626507
0.00020100503 	0.022089356 	0.043265921 	1.0610528
0.00022110553 	0.022089356 	0.043265921 	1.0610528
0.00024120603 	0.024937801 	0.04565106 	1.0578063
0.00026130653 	0.024937801 	0.04565106 	1.0578063
0.00028140704 	0.036536424 	0.037906225 	1.055935
0.00030150754 	0.036536424 	0.037906225 	1.055935
0.00032160804 	0.036536424 	0.037906225 	1.055935
0.00034170854 	0.037152812 	0.039520535 	1.0529893
0.00036180905 	0.037152812 	0.039520535 	1.0529893
0.00038190955 	0.037152812 	0.039520535 	1.0529893
0.00040201005 	0.03732237 	0.040118442 	1.0504099
0.00042211055 	0.03732237 	0.040118442 	1.0504099
0.00044221106 	0.03732237 	0.040118442 	1.0504099
0.00046231156 	0.037131834 	0.039716781 	1.0481948
0.00048241206 	0.037131834 	0.039716781 	1.0481948
0.00050251256 	0.036692608 	0.038344352 	1.0462965
0.00052261307 	0.036692608 	0.038344352 	1.0462965
0.00054271357 	0.036692608 	0.038344352 	1.0462965
0.00056281407 	0.036136839 	0.036071728 	1.0446496
0.00058291457 	0.036136839 	0.036071728 	1.0446496
0.00060301508 	0.036136839 	0.036071728 	1.0446496
0.00062311558 	0.029828483 	0.039992446 	1.0439361
0.00064321608 	0.029828483 	0.039992446 	1.0439361
0.00066331658 	0.029828483 	0.039992446 	1.0439361
0.00068341709 	0.035112574 	0.029343424 	1.0419575
0.00070351759 	0.035112574 	0.029343424 	1.0419575
0.00072361809 	0.034783452 	0.025323776 	1.0409033
0.00074371859 	0.034783452 	0.025323776 	1.0409033
0.0007638191 	0.034783452 	0.025323776 	1.0409033
0.0007839196 	0.034617036 	0.021233052 	1.0400673
0.0008040201 	0.034617036 	0.021233052 	1.0400673
0.0008241206 	0.034617036 	0.021233052 	1.0400673
0.00084422111 	0.034639553 	0.017344553 	1.0394488
0.00086432161 	0.031395513 	0.02412665 	1.0394157
0.00088442211 	0.031395513 	0.02412665 	1.0394157
0.00090452261 	0.034927624 	0.013851613 	1.0390259
0.00092462312 	0.034927624 	0.013851613 	1.0390259
0.00094472362 	0.035438959 	0.011055268 	1.0387548
0.00096482412 	0.035438959 	0.011055268 	1.0387548
0.00098492462 	0.032926485 	0.017765476 	1.0381063
0.0010050251 	0.033933523 	0.015466995 	1.0375885
0.0010251256 	0.033933523 	0.015466995 	1.0375885
0.0010452261 	0.033933523 	0.015466995 	1.0375885
0.0010653266 	0.035560374 	0.013763634 	1.0370963
0.0010854271 	0.038255244 	0.0065781306 	1.0384548
0.0011055276 	0.038255244 	0.0065781306 	1.0384548
0.0011256281 	0.037819336 	0.012711797 	1.0365702
0.0011457286 	0.037819336 	0.012711797 	1.0365702
0.0011658291 	0.037819336 	0.012711797 	1.0365702
0.0011859296 	0.040895261 	0.012202507 	1.0358496
0.0012060302 	0.040895261 	0.012202507 	1.0358496
0.0012261307 	0.040895261 	0.012202507 	1.0358496
0.0012462312 	0.044887519 	0.011966736 	1.0347787
0.0012663317 	0.044887519 	0.011966736 	1.0347787
0.0012864322 	0.044887519 	0.011966736 	1.0347787
0.0013065327 	0.049889058 	0.011738512 	1.0331692
0.0013266332 	0.049889058 	0.011738512 	1.0331692
0.0013467337 	0.049889058 	0.011738512 	1.0331692
0.0013668342 	0.055889072 	0.011190339 	1.030709
0.0013869347 	0.055889072 	0.011190339 	1.030709
0.0014070352 	0.055889072 	0.011190339 	1.030709
0.0014271357 	0.062742666 	0.0099279814 	1.0268263
0.0014472362 	0.062742666 	0.0099279814 	1.0268263
0.0014673367 	0.062742666 	0.0099279814 	1.0268263
0.0014874372 	0.070099886 	0.007393694 	1.0205868
0.0015075377 	0.070099886 	0.007393694 	1.0205868
0.0015276382 	0.077326319 	0.0028535111 	1.0111867
0.0015477387 	0.077326319 	0.0028535111 	1.0111867
0.0015678392 	0.077326319 	0.0028535111 	1.0111867
0.0015879397 	0.083681605 	-0.0041364991 	0.99887172
0.0016080402 	0.083681605 	-0.0041364991 	0.99887172
0.0016281407 	0.083681605 	-0.0041364991 	0.99887172
0.0016482412 	0.088724898 	-0.013195498 	0.98494353
0.0016683417 	0.088724898 	-0.013195498 	0.98494353
0.0016884422 	0.092489377 	-0.023135048 	0.97085466
0.0017085427 	0.092489377 	-0.023135048 	0.97085466
0.0017286432 	0.092489377 	-0.023135048 	0.97085466
0.0017487437 	0.095288539 	-0.032576343 	0.95753181
0.0017688442 	0.095288539 	-0.032576343 	0.95753181
0.0017889447 	0.095288539 	-0.032576343 	0.95753181
0.0018090452 	0.097401428 	-0.040354451 	0.94528653
0.0018291457 	0.097401428 	-0.040354451 	0.94528653
0.0018492462 	0.098852266 	-0.045654099 	0.93409392
0.0018693467 	0.098852266 	-0.045654099 	0.93409392
0.0018894472 	0.098852266 	-0.045654099 	0.93409392
0.0019095477 	0.099442713 	-0.048081529 	0.92394025
0.0019296482 	0.099442713 	-0.048081529 	0.92394025
0.0019497487 	0.098967501 	-0.047645928 	0.91500911
0.0019698492 	0.098967501 	-0.047645928 	0.91500911
0.0019899497 	0.097393588 	-0.044593167 	0.90763803
0.0020100503 	0.097393588 	-0.044593167 	0.90763803
0.0020301508 	0.097393588 	-0.044593167 	0.90763803
0.0020502513 	0.094847827 	-0.039248068 	0.90215134
0.0020703518 	0.094847827 	-0.039248068 	0.90215134
0.0020904523 	0.091433312 	-0.032083214 	0.89874356
0.0021105528 	0.091433312 	-0.032083214 	0.89874356
0.0021306533 	0.091433312 	-0.032083214 	0.89874356
0.0021507538 	0.087060787 	-0.023934854 	0.89751154
0.0021708543 	0.087060787 	-0.023934854 	0.89751154
0.0021909548 	0.081499397 	-0.015951293 	0.89854468
0.0022110553 	0.081499397 	-0.015951293 	0.89854468
0.0022311558 	0.074665347 	-0.0090525563 	0.90196252
0.0022512563 	0.074665347 	-0.0090525563 	0.90196252
0.0022713568 	0.066868931 	-0.0033036285 	0.90776621
0.0022914573 	0.066868931 	-0.0033036285 	0.90776621
0.0023115578 	0.066868931 	-0.0033036285 	0.90776621
0.0023316583 	0.058701176 	0.0021688857 	0.91558406
0.0023517588 	0.058701176 	0.0021688857 	0.91558406
0.0023718593 	0.050870884 	0.0086480299 	0.92444817
0.0023919598 	0.050870884 	0.0086480299 	0.92444817
0.0024120603 	0.044022496 	0.017081213 	0.93290877
0.0024321608 	0.044022496 	0.017081213 	0.93290877
0.0024522613 	0.038531588 	0.027523602 	0.93961298
0.0024723618 	0.038531588 	0.027523602 	0.93961298
0.0024924623 	0.034429998 	0.039012735 	0.94401408
0.0025125628 	0.034429998 	0.039012735 	0.94401408
0.0025326633 	0.031454477 	0.05000927 	0.94656447
0.0025527638 	0.031454477 	0.05000927 	0.94656447
0.0025728643 	0.02923638 	0.059138003 	0.94819656
0.0025929648 	0.02923638 	0.059138003 	0.94819656
0.0026130653 	0.027497168 	0.065728841 	0.94961883
0.0026331658 	0.027497168 	0.065728841 	0.94961883
0.0026532663 	0.02613729 	0.06987139 	0.95098385
0.0026733668 	0.02613729 	0.06987139 	0.95098385
0.0026934673 	0.025203111 	0.072088501 	0.95200532
0.0027135678 	0.025203111 	0.072088501 	0.95200532
0.0027336683 	0.024763629 	0.07293655 	0.95230723
0.0027537688 	0.024763629 	0.07293655 	0.95230723
0.0027738693 	0.024764398 	0.072748844 	0.95181957
0.0027939698 	0.024764398 	0.072748844 	0.95181957
0.0028140704 	0.024967268 	0.07159493 	0.95108537
0.0028341709 	0.024967268 	0.07159493 	0.95108537
0.0028542714 	0.024939431 	0.069365198 	0.95125008
0.0028743719 	0.024221965 	0.065838798 	0.95346295
0.0028944724 	0.024221965 	0.065838798 	0.95346295
0.0029145729 	0.022603481 	0.060828144 	0.9578417
0.0029346734 	0.022603481 	0.060828144 	0.9578417
0.0029547739 	0.020333208 	0.054225126 	0.96277719
0.0029748744 	0.020333208 	0.054225126 	0.96277719
0.0029949749 	0.018109705 	0.046192666 	0.96528947
0.0030150754 	0.01665561 	0.037347319 	0.96207566
0.0030351759 	0.01665561 	0.037347319 	0.96207566
0.0030552764 	0.016434877 	0.028675192 	0.95026534
0.0030753769 	0.016434877 	0.028675192 	0.95026534
0.0030954774 	0.017538194 	0.021297064 	0.92774857
0.0031155779 	0.01949078 	0.016094932 	0.8938437
0.0031356784 	0.01949078 	0.016094932 	0.8938437
0.0031557789 	0.021321814 	0.013377663 	0.85069929
0.0031758794 	0.021321814 	0.013377663 	0.85069929
0.0031959799 	0.021944636 	0.012382304 	0.80392106
0.0032160804 	0.020829271 	0.011290462 	0.76049036
0.0032361809 	0.020829271 	0.011290462 	0.76049036
0.0032562814 	0.018392015 	0.0081709399 	0.72500325
0.0032763819 	0.015589647 	0.0019901344 	0.69814652
0.0032964824 	0.015589647 	0.0019901344 	0.69814652
0.0033165829 	0.0132609 	-0.0070362721 	0.67796051
0.0033366834 	0.011933356 	-0.017868711 	0.66178531
0.0033567839 	0.011933356 	-0.017868711 	0.66178531
0.0033768844 	0.011633575 	-0.029193358 	0.64729677
0.0033969849 	0.012146057 	-0.039762332 	0.6329155
0.0034170854 	0.012146057 	-0.039762332 	0.6329155
0.0034371859 	0.013226104 	-0.048604473 	0.61794821
0.0034572864 	0.014578813 	-0.0550607 	0.60254715
0.0034773869 	0.01592965 	-0.058739642 	0.58750951
0.0034974874 	0.01592965 	-0.058739642 	0.58750951
0.0035175879 	0.017051955 	-0.05947209 	0.57393535
0.0035376884 	0.017820093 	-0.057263292 	0.56284821
0.0035577889 	0.018229024 	-0.052242812 	0.55489336
0.0035778894 	0.018229024 	-0.052242812 	0.55489336
0.0035979899 	0.018373553 	-0.044622792 	0.55017794
0.0036180905 	0.018397548 	-0.034675477 	0.54825764
0.003638191 	0.018443977 	-0.022694401 	0.54823409
0.0036582915 	0.018443977 	-0.022694401 	0.54823409
0.003678392 	0.018603511 	-0.0090431101 	0.54891754
0.0036984925 	0.018906274 	0.0058020085 	0.5489991
0.003718593 	0.019234107 	0.021240505 	0.54720597
0.0037386935 	0.0193957 	0.036539621 	0.54229012
0.003758794 	0.019296681 	0.050860984 	0.53317944
0.0037788945 	0.019296681 	0.050860984 	0.53317944
0.003798995 	0.018840073 	0.063297958 	0.51897096
0.0038190955 	0.017933111 	0.072925703 	0.49897191
0.003839196 	0.016501624 	0.078869203 	0.47271838
0.0038592965 	0.014503769 	0.08042875 	0.43977969
0.003879397 	0.01196747 	0.077262217 	0.39928408
0.0038994975 	0.009044478 	0.069559353 	0.34959278
0.003919598 	0.0060287935 	0.058057542 	0.28881538
0.0039396985 	0.0033027233 	0.043791256 	0.21621374
0.003959799 	0.0012437844 	0.027632707 	0.13347834
0.0039798995 	0.00014213438 	0.0098790424 	0.044780215
0.004 	0.00014213438 	0.0098790424 	0.044780215
