0 	-0.021222351 	0.016388854 	0.99151371
2.0100503e-05 	-0.020505534 	-0.019330458 	0.9905302
4.0201005e-05 	-0.020505534 	-0.019330458 	0.9905302
6.0301508e-05 	-0.013532773 	-0.026577235 	0.99033394
8.040201e-05 	-0.013532773 	-0.026577235 	0.99033394
0.00010050251 	-0.013532773 	-0.026577235 	0.99033394
0.00012060302 	-0.012789712 	-0.028088376 	0.99273694
0.00014070352 	-0.012789712 	-0.028088376 	0.99273694
0.00016080402 	-0.012789712 	-0.028088376 	0.99273694
0.00018090452 	-0.012827676 	-0.028083412 	0.99809452
0.00020100503 	-0.012827676 	-0.028083412 	0.99809452
0.00022110553 	-0.012827676 	-0.028083412 	0.99809452
0.00024120603 	-0.012898418 	-0.026620798 	1.0054789
0.00026130653 	-0.012898418 	-0.026620798 	1.0054789
0.00028140704 	-0.013057731 	-0.023265666 	1.0133885
0.00030150754 	-0.013057731 	-0.023265666 	1.0133885
0.00032160804 	-0.013057731 	-0.023265666 	1.0133885
0.00034170854 	-0.013474108 	-0.017711972 	1.0205364
0.00036180905 	-0.013474108 	-0.017711972 	1.0205364
0.00038190955 	-0.013474108 	-0.017711972 	1.0205364
0.00040201005 	-0.014205703 	-0.010355742 	1.0263548
0.00042211055 	-0.014205703 	-0.010355742 	1.0263548
0.00044221106 	-0.014205703 	-0.010355742 	1.0263548
0.00046231156 	-0.015116461 	-0.0024812298 	1.0310324
0.00048241206 	-0.015116461 	-0.0024812298 	1.0310324
0.00050251256 	-0.015910052 	0.0041962892 	1.0352145
0.00052261307 	-0.015910052 	0.0041962892 	1.0352145
0.00054271357 	-0.015910052 	0.0041962892 	1.0352145
0.00056281407 	-0.016265397 	0.0083552543 	1.0395477
0.00058291457 	-0.016265397 	0.0083552543 	1.0395477
0.00060301508 	-0.016265397 	0.0083552543 	1.0395477
0.00062311558 	-0.016038354 	0.0096497403 	1.0442327
0.00064321608 	-0.016038354 	0.0096497403 	1.0442327
0.00066331658 	-0.016038354 	0.0096497403 	1.0442327
0.00068341709 	-0.015339895 	0.0086019172 	1.048848
0.00070351759 	-0.015339895 	0.0086019172 	1.048848
0.00072361809 	-0.01442666 	0.0060929636 	1.0526568
0.00074371859 	-0.01442666 	0.0060929636 	1.0526568
0.0007638191 	-0.01442666 	0.0060929636 	1.0526568
0.0007839196 	-0.013508352 	0.0028884903 	1.055089
0.0008040201 	-0.013508352 	0.0028884903 	1.055089
0.0008241206 	-0.013508352 	0.0028884903 	1.055089
0.00084422111 	-0.012635775 	-0.00051064191 	1.0559845
0.00086432161 	-0.012635775 	-0.00051064191 	1.0559845
0.00088442211 	-0.012635775 	-0.00051064191 	1.0559845
0.00090452261 	-0.01171174 	-0.0038440157 	1.0555124
0.00092462312 	-0.01171174 	-0.0038440157 	1.0555124
0.00094472362 	-0.010570523 	-0.0070090862 	1.053953
0.00096482412 	-0.010570523 	-0.0070090862 	1.053953
0.00098492462 	-0.010570523 	-0.0070090862 	1.053953
0.0010050251 	-0.009115914 	-0.010360491 	1.0475171
0.0010251256 	-0.009115914 	-0.010360491 	1.0475171
0.0010452261 	-0.0090274107 	-0.010190716 	1.0514417
0.0010653266 	-0.0068291482 	-0.013376122 	1.0480548
0.0010854271 	-0.0068291482 	-0.013376122 	1.0480548
0.0011055276 	-0.0068291482 	-0.013376122 	1.0480548
0.0011256281 	-0.0041163713 	-0.016307963 	1.0440273
0.0011457286 	-0.0043488533 	-0.015690631 	1.0390387
0.0011658291 	-0.0043488533 	-0.015690631 	1.0390387
0.0011859296 	-0.0015640525 	-0.017785238 	1.0340757
0.0012060302 	-0.0015640525 	-0.017785238 	1.0340757
0.0012261307 	-0.0015640525 	-0.017785238 	1.0340757
0.0012462312 	0.0010357248 	-0.01920028 	1.0292881
0.0012663317 	0.0010357248 	-0.01920028 	1.0292881
0.0012864322 	0.0010357248 	-0.01920028 	1.0292881
0.0013065327 	0.0031105522 	-0.019973877 	1.0250265
0.0013266332 	0.0031105522 	-0.019973877 	1.0250265
0.0013467337 	0.0031105522 	-0.019973877 	1.0250265
0.0013668342 	0.0044801333 	-0.020339156 	1.0213062
0.0013869347 	0.0044801333 	-0.020339156 	1.0213062
0.0014070352 	0.0044801333 	-0.020339156 	1.0213062
0.0014271357 	0.0051198044 	-0.020459418 	1.0178639
0.0014472362 	0.0051198044 	-0.020459418 	1.0178639
0.0014673367 	0.0051198044 	-0.020459418 	1.0178639
0.0014874372 	0.0051572879 	-0.020189311 	1.0143331
0.0015075377 	0.0051572879 	-0.020189311 	1.0143331
0.0015276382 	0.0047888704 	-0.019092524 	1.0102588
0.0015477387 	0.0047888704 	-0.019092524 	1.0102588
0.0015678392 	0.0047888704 	-0.019092524 	1.0102588
0.0015879397 	0.0043335062 	-0.016693901 	1.0049023
0.0016080402 	0.0043335062 	-0.016693901 	1.0049023
0.0016281407 	0.0043335062 	-0.016693901 	1.0049023
0.0016482412 	0.0040617731 	-0.012845113 	0.99710141
0.0016683417 	0.0040617731 	-0.012845113 	0.99710141
0.0016884422 	0.0038747817 	-0.0080107123 	0.98557585
0.0017085427 	0.0038747817 	-0.0080107123 	0.98557585
0.0017286432 	0.0038747817 	-0.0080107123 	0.98557585
0.0017487437 	0.0033953936 	-0.0030697512 	0.96979935
0.0017688442 	0.0033953936 	-0.0030697512 	0.96979935
0.0017889447 	0.0033953936 	-0.0030697512 	0.96979935
0.0018090452 	0.0020504393 	0.0013282036 	0.95075702
0.0018291457 	0.0020504393 	0.0013282036 	0.95075702
0.0018492462 	-0.00037239795 	0.005241575 	0.93067652
0.0018693467 	-0.00037239795 	0.005241575 	0.93067652
0.0018894472 	-0.00037239795 	0.005241575 	0.93067652
0.0019095477 	-0.0033733452 	0.009482232 	0.91188925
0.0019296482 	-0.0033733452 	0.009482232 	0.91188925
0.0019497487 	-0.0061280725 	0.015034125 	0.89588953
0.0019698492 	-0.0061280725 	0.015034125 	0.89588953
0.0019899497 	-0.0061280725 	0.015034125 	0.89588953
0.0020100503 	-0.0079633235 	0.022445542 	0.883202
0.0020301508 	-0.0079633235 	0.022445542 	0.883202
0.0020502513 	-0.0087275332 	0.031416013 	0.87379742
0.0020703518 	-0.0087275332 	0.031416013 	0.87379742
0.0020904523 	-0.0087612559 	0.041110529 	0.86731535
0.0021105528 	-0.0087612559 	0.041110529 	0.86731535
0.0021306533 	-0.0087612559 	0.041110529 	0.86731535
0.0021507538 	-0.0085571332 	0.050584869 	0.86320499
0.0021708543 	-0.0085571332 	0.050584869 	0.86320499
0.0021909548 	-0.0084200703 	0.059025269 	0.86072424
0.0022110553 	-0.0084200703 	0.059025269 	0.86072424
0.0022311558 	-0.0083205371 	0.065751055 	0.8590126
0.0022512563 	-0.0083205371 	0.065751055 	0.8590126
0.0022713568 	-0.0079866705 	0.070164209 	0.85725578
0.0022914573 	-0.0079866705 	0.070164209 	0.85725578
0.0023115578 	-0.0079866705 	0.070164209 	0.85725578
0.0023316583 	-0.0071095028 	0.071782872 	0.85490189
0.0023517588 	-0.0071095028 	0.071782872 	0.85490189
0.0023718593 	-0.0055201384 	0.070372716 	0.8518413
0.0023919598 	-0.0055201384 	0.070372716 	0.8518413
0.0024120603 	-0.0032718185 	0.066058139 	0.8484139
0.0024321608 	-0.0032718185 	0.066058139 	0.8484139
0.0024522613 	-0.00058652323 	0.059334656 	0.84525721
0.0024723618 	-0.00058652323 	0.059334656 	0.84525721
0.0024924623 	0.0022922297 	0.050948064 	0.84303517
0.0025125628 	0.0022922297 	0.050948064 	0.84303517
0.0025326633 	0.0052555481 	0.04170904 	0.84221006
0.0025527638 	0.0052555481 	0.04170904 	0.84221006
0.0025728643 	0.0083767888 	0.032253786 	0.84301322
0.0025929648 	0.0083767888 	0.032253786 	0.84301322
0.0026130653 	0.011759624 	0.022918095 	0.84561034
0.0026331658 	0.011759624 	0.022918095 	0.84561034
0.0026532663 	0.015422084 	0.013788791 	0.85017215
0.0026733668 	0.015422084 	0.013788791 	0.85017215
0.0026934673 	0.019270475 	0.0048077576 	0.85672567
0.0027135678 	0.019270475 	0.0048077576 	0.85672567
0.0027336683 	0.023006353 	-0.0040918479 	0.86499234
0.0027537688 	0.023006353 	-0.0040918479 	0.86499234
0.0027738693 	0.026316916 	-0.012865956 	0.87438248
0.0027939698 	0.026316916 	-0.012865956 	0.87438248
0.0028140704 	0.028919749 	-0.021408324 	0.88413732
0.0028341709 	0.028919749 	-0.021408324 	0.88413732
0.0028542714 	0.030543077 	-0.029704568 	0.89341009
0.0028743719 	0.031257958 	-0.037616456 	0.90115494
0.0028944724 	0.031257958 	-0.037616456 	0.90115494
0.0029145729 	0.031442771 	-0.044998748 	0.90620879
0.0029346734 	0.031442771 	-0.044998748 	0.90620879
0.0029547739 	0.031488211 	-0.051521834 	0.90733496
0.0029748744 	0.031488211 	-0.051521834 	0.90733496
0.0029949749 	0.031637574 	-0.056664066 	0.90359996
0.0030150754 	0.031844157 	-0.059739753 	0.89503236
0.0030351759 	0.031844157 	-0.059739753 	0.89503236
0.0030552764 	0.031827729 	-0.059945187 	0.88300629
0.0030753769 	0.031827729 	-0.059945187 	0.88300629
0.0030954774 	0.031315379 	-0.056540499 	0.86991999
0.0031155779 	0.030321057 	-0.049063601 	0.85807161
0.0031356784 	0.030321057 	-0.049063601 	0.85807161
0.0031557789 	0.029143305 	-0.037486854 	0.84867754
0.0031758794 	0.029143305 	-0.037486854 	0.84867754
0.0031959799 	0.028245678 	-0.022366003 	0.84132097
0.0032160804 	0.02812061 	-0.0046676355 	0.83422321
0.0032361809 	0.02812061 	-0.0046676355 	0.83422321
0.0032562814 	0.029025238 	0.014440346 	0.8247327
0.0032763819 	0.030805465 	0.033724893 	0.81004317
0.0032964824 	0.030805465 	0.033724893 	0.81004317
0.0033165829 	0.032952915 	0.051990854 	0.78795319
0.0033366834 	0.034726773 	0.067916874 	0.75769327
0.0033567839 	0.034726773 	0.067916874 	0.75769327
0.0033768844 	0.035381359 	0.079818093 	0.72068183
0.0033969849 	0.034380398 	0.085645726 	0.68079482
0.0034170854 	0.034380398 	0.085645726 	0.68079482
0.0034371859 	0.031503307 	0.083661012 	0.64345351
0.0034572864 	0.026840404 	0.073622515 	0.61369366
0.0034773869 	0.020655799 	0.057456494 	0.59419872
0.0034974874 	0.020655799 	0.057456494 	0.59419872
0.0035175879 	0.013304529 	0.038623156 	0.58452454
0.0035376884 	0.0052490659 	0.020508751 	0.58166405
0.0035577889 	-0.0030414237 	0.0050471919 	0.58158852
0.0035778894 	-0.0030414237 	0.0050471919 	0.58158852
0.0035979899 	-0.010823119 	-0.0075441602 	0.58078588
0.0036180905 	-0.017211141 	-0.018072662 	0.57703423
0.003638191 	-0.021617452 	-0.027212199 	0.5692086
0.0036582915 	-0.021617452 	-0.027212199 	0.5692086
0.003678392 	-0.023784234 	-0.034876989 	0.55676523
0.0036984925 	-0.023822249 	-0.04039504 	0.53963284
0.003718593 	-0.022144565 	-0.043147639 	0.51828196
0.0037386935 	-0.019349098 	-0.042980277 	0.49358729
0.003758794 	-0.016055838 	-0.040287827 	0.4663597
0.0037788945 	-0.016055838 	-0.040287827 	0.4663597
0.003798995 	-0.01276788 	-0.035821054 	0.43690932
0.0038190955 	-0.0098083351 	-0.030432691 	0.40495868
0.003839196 	-0.0073272472 	-0.024865953 	0.36988569
0.0038592965 	-0.0053465127 	-0.019639285 	0.33107752
0.003879397 	-0.0038115931 	-0.015022713 	0.28820668
0.0038994975 	-0.0026331938 	-0.011077757 	0.24135668
0.003919598 	-0.0017169719 	-0.0077288576 	0.19101257
0.0039396985 	-0.00098880633 	-0.0048499301 	0.13796966
0.003959799 	-0.00042515126 	-0.0023743304 	0.083209398
0.0039798995 	-5.8695587e-05 	-0.00044787757 	0.027763955
0.004 	-5.8695587e-05 	-0.00044787757 	0.027763955
