0 	-0.031595493 	-0.047679316 	1.0048582
2.0100503e-05 	0.039973416 	-0.030733069 	1.0129275
4.0201005e-05 	0.039973416 	-0.030733069 	1.0129275
6.0301508e-05 	0.041224129 	-0.011867065 	1.0171182
8.040201e-05 	0.041224129 	-0.011867065 	1.0171182
0.00010050251 	0.041224129 	-0.011867065 	1.0171182
0.00012060302 	0.034055976 	-0.0085419732 	1.0172659
0.00014070352 	0.034055976 	-0.0085419732 	1.0172659
0.00016080402 	0.034055976 	-0.0085419732 	1.0172659
0.00018090452 	0.026433033 	-0.0070453433 	1.014412
0.00020100503 	0.026433033 	-0.0070453433 	1.014412
0.00022110553 	0.026433033 	-0.0070453433 	1.014412
0.00024120603 	0.019230656 	-0.0051443026 	1.0101893
0.00026130653 	0.019230656 	-0.0051443026 	1.0101893
0.00028140704 	0.012809736 	-0.0030773435 	1.0063164
0.00030150754 	0.012809736 	-0.0030773435 	1.0063164
0.00032160804 	0.012809736 	-0.0030773435 	1.0063164
0.00034170854 	0.0073137795 	-0.0020167549 	1.0041999
0.00036180905 	0.0073137795 	-0.0020167549 	1.0041999
0.00038190955 	0.0073137795 	-0.0020167549 	1.0041999
0.00040201005 	0.0026943675 	-0.0031755884 	1.0044838
0.00042211055 	0.0026943675 	-0.0031755884 	1.0044838
0.00044221106 	0.0026943675 	-0.0031755884 	1.0044838
0.00046231156 	-0.0012520782 	-0.0068758227 	1.0067743
0.00048241206 	-0.0012520782 	-0.0068758227 	1.0067743
0.00050251256 	-0.0047636776 	-0.011996837 	1.0099171
0.00052261307 	-0.0047636776 	-0.011996837 	1.0099171
0.00054271357 	-0.0047636776 	-0.011996837 	1.0099171
0.00056281407 	-0.0079776907 	-0.0164922 	1.0126318
0.00058291457 	-0.0079776907 	-0.0164922 	1.0126318
0.00060301508 	-0.0079776907 	-0.0164922 	1.0126318
0.00062311558 	-0.010882003 	-0.018663445 	1.0140026
0.00064321608 	-0.010882003 	-0.018663445 	1.0140026
0.00066331658 	-0.010882003 	-0.018663445 	1.0140026
0.00068341709 	-0.013357254 	-0.018057998 	1.0137332
0.00070351759 	-0.013357254 	-0.018057998 	1.0137332
0.00072361809 	-0.01526782 	-0.015409753 	1.0122533
0.00074371859 	-0.01526782 	-0.015409753 	1.0122533
0.0007638191 	-0.01526782 	-0.015409753 	1.0122533
0.0007839196 	-0.016512587 	-0.011935548 	1.0105589
0.0008040201 	-0.016512587 	-0.011935548 	1.0105589
0.0008241206 	-0.016512587 	-0.011935548 	1.0105589
0.00084422111 	-0.017084259 	-0.0086588857 	1.009766
0.00086432161 	-0.017084259 	-0.0086588857 	1.009766
0.00088442211 	-0.017084259 	-0.0086588857 	1.009766
0.00090452261 	-0.017138847 	-0.006184584 	1.0106284
0.00092462312 	-0.017138847 	-0.006184584 	1.0106284
0.00094472362 	-0.016928447 	-0.0049272768 	1.0132686
0.00096482412 	-0.016928447 	-0.0049272768 	1.0132686
0.00098492462 	-0.016928447 	-0.0049272768 	1.0132686
0.0010050251 	-0.016627976 	-0.0052736313 	1.0174312
0.0010251256 	-0.016627976 	-0.0052736313 	1.0174312
0.0010452261 	-0.016627976 	-0.0052736313 	1.0174312
0.0010653266 	-0.016257004 	-0.0077677369 	1.0221698
0.0010854271 	-0.01432244 	-0.01003357 	1.0214682
0.0011055276 	-0.01432244 	-0.01003357 	1.0214682
0.0011256281 	-0.012975444 	-0.013543074 	1.0258372
0.0011457286 	-0.012975444 	-0.013543074 	1.0258372
0.0011658291 	-0.012975444 	-0.013543074 	1.0258372
0.0011859296 	-0.010838853 	-0.01690088 	1.0286145
0.0012060302 	-0.010838853 	-0.01690088 	1.0286145
0.0012261307 	-0.010838853 	-0.01690088 	1.0286145
0.0012462312 	-0.0079769978 	-0.01873663 	1.0297206
0.0012663317 	-0.0079769978 	-0.01873663 	1.0297206
0.0012864322 	-0.0079769978 	-0.01873663 	1.0297206
0.0013065327 	-0.0045760182 	-0.018395126 	1.0293875
0.0013266332 	-0.0045760182 	-0.018395126 	1.0293875
0.0013467337 	-0.0045760182 	-0.018395126 	1.0293875
0.0013668342 	-0.00085374798 	-0.015994529 	1.0278026
0.0013869347 	-0.00085374798 	-0.015994529 	1.0278026
0.0014070352 	-0.00085374798 	-0.015994529 	1.0278026
0.0014271357 	0.0030243001 	-0.012036311 	1.024968
0.0014472362 	0.0030243001 	-0.012036311 	1.024968
0.0014673367 	0.0030243001 	-0.012036311 	1.024968
0.0014874372 	0.0069661628 	-0.0069850105 	1.0207217
0.0015075377 	0.0069661628 	-0.0069850105 	1.0207217
0.0015276382 	0.010984387 	-0.0010518044 	1.0148025
0.0015477387 	0.010984387 	-0.0010518044 	1.0148025
0.0015678392 	0.010984387 	-0.0010518044 	1.0148025
0.0015879397 	0.01520053 	0.0057813251 	1.0069791
0.0016080402 	0.01520053 	0.0057813251 	1.0069791
0.0016281407 	0.01520053 	0.0057813251 	1.0069791
0.0016482412 	0.019758249 	0.013606666 	0.99726735
0.0016683417 	0.019758249 	0.013606666 	0.99726735
0.0016884422 	0.024618551 	0.022297604 	0.98618922
0.0017085427 	0.024618551 	0.022297604 	0.98618922
0.0017286432 	0.024618551 	0.022297604 	0.98618922
0.0017487437 	0.029351722 	0.031307545 	0.97479786
0.0017688442 	0.029351722 	0.031307545 	0.97479786
0.0017889447 	0.029351722 	0.031307545 	0.97479786
0.0018090452 	0.033106604 	0.039734238 	0.96434936
0.0018291457 	0.033106604 	0.039734238 	0.96434936
0.0018492462 	0.034851444 	0.046605119 	0.95586209
0.0018693467 	0.034851444 	0.046605119 	0.95586209
0.0018894472 	0.034851444 	0.046605119 	0.95586209
0.0019095477 	0.033653183 	0.05112425 	0.94986395
0.0019296482 	0.033653183 	0.05112425 	0.94986395
0.0019497487 	0.028955414 	0.052833119 	0.94635822
0.0019698492 	0.028955414 	0.052833119 	0.94635822
0.0019899497 	0.028955414 	0.052833119 	0.94635822
0.0020100503 	0.020859867 	0.051738967 	0.94482226
0.0020301508 	0.020859867 	0.051738967 	0.94482226
0.0020502513 	0.010223671 	0.048419382 	0.94430989
0.0020703518 	0.010223671 	0.048419382 	0.94430989
0.0020904523 	-0.0015043476 	0.043823938 	0.94378283
0.0021105528 	-0.0015043476 	0.043823938 	0.94378283
0.0021306533 	-0.0015043476 	0.043823938 	0.94378283
0.0021507538 	-0.012786337 	0.03882061 	0.94246346
0.0021708543 	-0.012786337 	0.03882061 	0.94246346
0.0021909548 	-0.022542679 	0.033882583 	0.93974717
0.0022110553 	-0.022542679 	0.033882583 	0.93974717
0.0022311558 	-0.030447126 	0.029279217 	0.93508797
0.0022512563 	-0.030447126 	0.029279217 	0.93508797
0.0022713568 	-0.036801347 	0.025401875 	0.92839955
0.0022914573 	-0.036801347 	0.025401875 	0.92839955
0.0023115578 	-0.036801347 	0.025401875 	0.92839955
0.0023316583 	-0.042104912 	0.022594457 	0.92065318
0.0023517588 	-0.042104912 	0.022594457 	0.92065318
0.0023718593 	-0.046774969 	0.020711229 	0.91375736
0.0023919598 	-0.046774969 	0.020711229 	0.91375736
0.0024120603 	-0.051120721 	0.018999588 	0.90965981
0.0024321608 	-0.051120721 	0.018999588 	0.90965981
0.0024522613 	-0.055446054 	0.016563131 	0.90953641
0.0024723618 	-0.055446054 	0.016563131 	0.90953641
0.0024924623 	-0.060015281 	0.013037957 	0.91354045
0.0025125628 	-0.060015281 	0.013037957 	0.91354045
0.0025326633 	-0.064841339 	0.0088400987 	0.92078063
0.0025527638 	-0.064841339 	0.0088400987 	0.92078063
0.0025728643 	-0.069529745 	0.004904855 	0.929465
0.0025929648 	-0.069529745 	0.004904855 	0.929465
0.0026130653 	-0.073185054 	0.0023270322 	0.93731664
0.0026331658 	-0.073185054 	0.0023270322 	0.93731664
0.0026532663 	-0.074580479 	0.0019876218 	0.94205694
0.0026733668 	-0.074580479 	0.0019876218 	0.94205694
0.0026934673 	-0.072600378 	0.0042487671 	0.94190729
0.0027135678 	-0.072600378 	0.0042487671 	0.94190729
0.0027336683 	-0.066679883 	0.0088058193 	0.93615375
0.0027537688 	-0.066679883 	0.0088058193 	0.93615375
0.0027738693 	-0.057046626 	0.01478605 	0.92547919
0.0027939698 	-0.057046626 	0.01478605 	0.92547919
0.0028140704 	-0.044583082 	0.021129171 	0.9116849
0.0028341709 	-0.044583082 	0.021129171 	0.9116849
0.0028542714 	-0.030517227 	0.026983032 	0.89680042
0.0028743719 	-0.016038944 	0.03187706 	0.88228988
0.0028944724 	-0.016038944 	0.03187706 	0.88228988
0.0029145729 	-0.0020664502 	0.035696791 	0.86878343
0.0029346734 	-0.0020664502 	0.035696791 	0.86878343
0.0029547739 	0.010827563 	0.038504587 	0.85626653
0.0029748744 	0.010827563 	0.038504587 	0.85626653
0.0029949749 	0.022391521 	0.040403719 	0.84440034
0.0030150754 	0.032541974 	0.041496041 	0.83276288
0.0030351759 	0.032541974 	0.041496041 	0.83276288
0.0030552764 	0.041250273 	0.041896612 	0.82100787
0.0030753769 	0.041250273 	0.041896612 	0.82100787
0.0030954774 	0.04846198 	0.041733192 	0.80895216
0.0031155779 	0.054030947 	0.0411582 	0.7966001
0.0031356784 	0.054030947 	0.0411582 	0.7966001
0.0031557789 	0.057730251 	0.040281099 	0.78418115
0.0031758794 	0.057730251 	0.040281099 	0.78418115
0.0031959799 	0.059269284 	0.039050672 	0.77213459
0.0032160804 	0.058356565 	0.037113045 	0.76104422
0.0032361809 	0.058356565 	0.037113045 	0.76104422
0.0032562814 	0.054794369 	0.033744576 	0.75149835
0.0032763819 	0.048574285 	0.028001995 	0.74394068
0.0032964824 	0.048574285 	0.028001995 	0.74394068
0.0033165829 	0.039960427 	0.019158834 	0.73856764
0.0033366834 	0.029495 	0.0071974947 	0.73530237
0.0033567839 	0.029495 	0.0071974947 	0.73530237
0.0033768844 	0.017855612 	-0.0070194368 	0.73377896
0.0033969849 	0.005831635 	-0.0220363 	0.73333022
0.0034170854 	0.005831635 	-0.0220363 	0.73333022
0.0034371859 	-0.0056195064 	-0.036390857 	0.73296882
0.0034572864 	-0.015589843 	-0.049083653 	0.73149971
0.0034773869 	-0.02336177 	-0.059608981 	0.72777132
0.0034974874 	-0.02336177 	-0.059608981 	0.72777132
0.0035175879 	-0.028455657 	-0.067763399 	0.72087095
0.0035376884 	-0.03073265 	-0.073365293 	0.71027495
0.0035577889 	-0.030406957 	-0.076217532 	0.6959064
0.0035778894 	-0.030406957 	-0.076217532 	0.6959064
0.0035979899 	-0.028004803 	-0.076223602 	0.67811824
0.0036180905 	-0.024245898 	-0.073563489 	0.65758551
0.003638191 	-0.019876382 	-0.068756104 	0.63508131
0.0036582915 	-0.019876382 	-0.068756104 	0.63508131
0.003678392 	-0.015512011 	-0.06254813 	0.61120762
0.0036984925 	-0.011554363 	-0.055699789 	0.58621248
0.003718593 	-0.0081951295 	-0.0488089 	0.55996446
0.0037386935 	-0.0054741752 	-0.042237941 	0.53204975
0.003758794 	-0.0033487964 	-0.0361389 	0.5019143
0.0037788945 	-0.0033487964 	-0.0361389 	0.5019143
0.003798995 	-0.0017453027 	-0.03052942 	0.46899456
0.0038190955 	-0.00058720654 	-0.025374652 	0.43281606
0.003839196 	0.00019403463 	-0.020651028 	0.39306213
0.0038592965 	0.00065665896 	-0.016381395 	0.34961041
0.003879397 	0.00085193474 	-0.012636928 	0.30254667
0.0038994975 	0.00083118023 	-0.0095039967 	0.25215803
0.003919598 	0.0006534478 	-0.0070203793 	0.19891044
0.0039396985 	0.00039357251 	-0.005094883 	0.14341811
0.003959799 	0.00014250146 	-0.0034322594 	0.086418187
0.0039798995 	5.3000346e-06 	-0.0014901503 	0.028775779
0.004 	5.3000346e-06 	-0.0014901503 	0.028775779
