0 	0.0042772521 	0.03640851 	1.0129186
2.0100503e-05 	0.03135432 	-0.0040412821 	1.0132259
4.0201005e-05 	0.03135432 	-0.0040412821 	1.0132259
6.0301508e-05 	0.022017704 	-0.014695892 	1.0124851
8.040201e-05 	0.022017704 	-0.014695892 	1.0124851
0.00010050251 	0.022017704 	-0.014695892 	1.0124851
0.00012060302 	0.016447731 	-0.013789065 	1.0115618
0.00014070352 	0.016447731 	-0.013789065 	1.0115618
0.00016080402 	0.016447731 	-0.013789065 	1.0115618
0.00018090452 	0.012427528 	-0.011059292 	1.0108902
0.00020100503 	0.012427528 	-0.011059292 	1.0108902
0.00022110553 	0.012427528 	-0.011059292 	1.0108902
0.00024120603 	0.0089936002 	-0.0078041141 	1.0105143
0.00026130653 	0.0089936002 	-0.0078041141 	1.0105143
0.00028140704 	0.005780787 	-0.0041842768 	1.010358
0.00030150754 	0.005780787 	-0.0041842768 	1.010358
0.00032160804 	0.005780787 	-0.0041842768 	1.010358
0.00034170854 	0.0026245417 	-7.7225007e-05 	1.0103688
0.00036180905 	0.0026245417 	-7.7225007e-05 	1.0103688
0.00038190955 	0.0026245417 	-7.7225007e-05 	1.0103688
0.00040201005 	-0.00055711565 	0.0046210784 	1.010488
0.00042211055 	-0.00055711565 	0.0046210784 	1.010488
0.00044221106 	-0.00055711565 	0.0046210784 	1.010488
0.00046231156 	-0.0037930677 	0.0098346483 	1.0105864
0.00048241206 	-0.0037930677 	0.0098346483 	1.0105864
0.00050251256 	-0.00704911 	0.015260669 	1.0104312
0.00052261307 	-0.00704911 	0.015260669 	1.0104312
0.00054271357 	-0.00704911 	0.015260669 	1.0104312
0.00056281407 	-0.010227181 	0.020419666 	1.0097195
0.00058291457 	-0.010227181 	0.020419666 	1.0097195
0.00060301508 	-0.010227181 	0.020419666 	1.0097195
0.00062311558 	-0.012827877 	0.024871779 	1.0045511
0.00064321608 	-0.012827877 	0.024871779 	1.0045511
0.00066331658 	-0.013181064 	0.024789535 	1.0081504
0.00068341709 	-0.01575419 	0.027987438 	1.0054864
0.00070351759 	-0.01575419 	0.027987438 	1.0054864
0.00072361809 	-0.017819419 	0.029943402 	1.0015502
0.00074371859 	-0.017819419 	0.029943402 	1.0015502
0.0007638191 	-0.017819419 	0.029943402 	1.0015502
0.0007839196 	-0.019318244 	0.031008096 	0.99621623
0.0008040201 	-0.019318244 	0.031008096 	0.99621623
0.0008241206 	-0.019318244 	0.031008096 	0.99621623
0.00084422111 	-0.020238047 	0.031906732 	0.98946343
0.00086432161 	-0.020238047 	0.031906732 	0.98946343
0.00088442211 	-0.020238047 	0.031906732 	0.98946343
0.00090452261 	-0.020596335 	0.033440044 	0.98150819
0.00092462312 	-0.020596335 	0.033440044 	0.98150819
0.00094472362 	-0.020079426 	0.034914129 	0.96914508
0.00096482412 	-0.020079426 	0.034914129 	0.96914508
0.00098492462 	-0.020079426 	0.034914129 	0.96914508
0.0010050251 	-0.019561651 	0.039401508 	0.96355808
0.0010251256 	-0.019561651 	0.039401508 	0.96355808
0.0010452261 	-0.019561651 	0.039401508 	0.96355808
0.0010653266 	-0.017724495 	0.042483956 	0.95438705
0.0010854271 	-0.017724495 	0.042483956 	0.95438705
0.0011055276 	-0.017724495 	0.042483956 	0.95438705
0.0011256281 	-0.014994979 	0.044109151 	0.9460604
0.0011457286 	-0.014994979 	0.044109151 	0.9460604
0.0011658291 	-0.015381795 	0.039377176 	0.94597865
0.0011859296 	-0.012334776 	0.03836713 	0.94024161
0.0012060302 	-0.011488476 	0.044596052 	0.93878677
0.0012261307 	-0.011488476 	0.044596052 	0.93878677
0.0012462312 	-0.0075830699 	0.044771636 	0.93274813
0.0012663317 	-0.0075830699 	0.044771636 	0.93274813
0.0012864322 	-0.0075830699 	0.044771636 	0.93274813
0.0013065327 	-0.0035236102 	0.045052625 	0.92748274
0.0013266332 	-0.0035236102 	0.045052625 	0.92748274
0.0013467337 	-0.0035236102 	0.045052625 	0.92748274
0.0013668342 	0.00066772238 	0.045386287 	0.92215073
0.0013869347 	0.00066772238 	0.045386287 	0.92215073
0.0014070352 	0.00066772238 	0.045386287 	0.92215073
0.0014271357 	0.004764841 	0.045593746 	0.91656511
0.0014472362 	0.004764841 	0.045593746 	0.91656511
0.0014673367 	0.004764841 	0.045593746 	0.91656511
0.0014874372 	0.0082212443 	0.045441159 	0.91131615
0.0015075377 	0.0082212443 	0.045441159 	0.91131615
0.0015276382 	0.010342409 	0.044660674 	0.90734134
0.0015477387 	0.010342409 	0.044660674 	0.90734134
0.0015678392 	0.010342409 	0.044660674 	0.90734134
0.0015879397 	0.010495467 	0.043337378 	0.90518491
0.0016080402 	0.010495467 	0.043337378 	0.90518491
0.0016281407 	0.010495467 	0.043337378 	0.90518491
0.0016482412 	0.0085309754 	0.042194079 	0.90395021
0.0016683417 	0.0085309754 	0.042194079 	0.90395021
0.0016884422 	0.0053002381 	0.042557452 	0.90028808
0.0017085427 	0.0053002381 	0.042557452 	0.90028808
0.0017286432 	0.0053002381 	0.042557452 	0.90028808
0.0017487437 	0.0027179088 	0.045852718 	0.88901901
0.0017688442 	0.0027179088 	0.045852718 	0.88901901
0.0017889447 	0.0027179088 	0.045852718 	0.88901901
0.0018090452 	0.002616798 	0.052425892 	0.86704394
0.0018291457 	0.002616798 	0.052425892 	0.86704394
0.0018492462 	0.0050695177 	0.060843208 	0.83704528
0.0018693467 	0.0050695177 	0.060843208 	0.83704528
0.0018894472 	0.0050695177 	0.060843208 	0.83704528
0.0019095477 	0.0086097832 	0.069014898 	0.80526809
0.0019296482 	0.0086097832 	0.069014898 	0.80526809
0.0019497487 	0.0119305 	0.075791929 	0.77668828
0.0019698492 	0.0119305 	0.075791929 	0.77668828
0.0019899497 	0.014793695 	0.081361635 	0.75339654
0.0020100503 	0.014793695 	0.081361635 	0.75339654
0.0020301508 	0.014793695 	0.081361635 	0.75339654
0.0020502513 	0.017775895 	0.086540249 	0.7357733
0.0020703518 	0.017775895 	0.086540249 	0.7357733
0.0020904523 	0.021560352 	0.091811292 	0.72389872
0.0021105528 	0.021560352 	0.091811292 	0.72389872
0.0021306533 	0.021560352 	0.091811292 	0.72389872
0.0021507538 	0.026425333 	0.096852226 	0.71800746
0.0021708543 	0.026425333 	0.096852226 	0.71800746
0.0021909548 	0.032202506 	0.10071143 	0.71820324
0.0022110553 	0.032202506 	0.10071143 	0.71820324
0.0022311558 	0.038410187 	0.1023173 	0.72403313
0.0022512563 	0.038410187 	0.1023173 	0.72403313
0.0022713568 	0.044398245 	0.10096357 	0.73433943
0.0022914573 	0.044398245 	0.10096357 	0.73433943
0.0023115578 	0.044398245 	0.10096357 	0.73433943
0.0023316583 	0.049541171 	0.096590489 	0.74751639
0.0023517588 	0.049541171 	0.096590489 	0.74751639
0.0023718593 	0.053468468 	0.089803352 	0.76185915
0.0023919598 	0.053468468 	0.089803352 	0.76185915
0.0024120603 	0.056181109 	0.08159102 	0.77573682
0.0024321608 	0.056181109 	0.08159102 	0.77573682
0.0024522613 	0.058030807 	0.072808807 	0.78768577
0.0024723618 	0.058030807 	0.072808807 	0.78768577
0.0024924623 	0.059541149 	0.063551539 	0.79677169
0.0025125628 	0.059541149 	0.063551539 	0.79677169
0.0025326633 	0.060984499 	0.053081427 	0.80322753
0.0025527638 	0.060984499 	0.053081427 	0.80322753
0.0025728643 	0.062032898 	0.040489341 	0.80871734
0.0025929648 	0.062032898 	0.040489341 	0.80871734
0.0026130653 	0.061827413 	0.025751627 	0.81552431
0.0026331658 	0.061827413 	0.025751627 	0.81552431
0.0026532663 	0.059492145 	0.010141602 	0.82509962
0.0026733668 	0.059492145 	0.010141602 	0.82509962
0.0026934673 	0.054702426 	-0.0042083507 	0.83687341
0.0027135678 	0.054702426 	-0.0042083507 	0.83687341
0.0027336683 	0.047892358 	-0.015258364 	0.84808289
0.0027537688 	0.047892358 	-0.015258364 	0.84808289
0.0027738693 	0.040341699 	-0.021713695 	0.85502505
0.0027939698 	0.040341699 	-0.021713695 	0.85502505
0.0028140704 	0.033440307 	-0.02298542 	0.85501247
0.0028341709 	0.033440307 	-0.02298542 	0.85501247
0.0028542714 	0.02803867 	-0.019036389 	0.84773356
0.0028743719 	0.024361844 	-0.01036779 	0.83506372
0.0028944724 	0.024361844 	-0.01036779 	0.83506372
0.0029145729 	0.022249822 	0.0018634693 	0.81980566
0.0029346734 	0.022249822 	0.0018634693 	0.81980566
0.0029547739 	0.021300557 	0.015910694 	0.80442946
0.0029748744 	0.021300557 	0.015910694 	0.80442946
0.0029949749 	0.021076554 	0.02985043 	0.79051902
0.0030150754 	0.021275785 	0.041977852 	0.77893086
0.0030351759 	0.021275785 	0.041977852 	0.77893086
0.0030552764 	0.021532404 	0.051066052 	0.77027745
0.0030753769 	0.021532404 	0.051066052 	0.77027745
0.0030954774 	0.021468147 	0.056445905 	0.76523464
0.0031155779 	0.020779406 	0.057966067 	0.76448553
0.0031356784 	0.020779406 	0.057966067 	0.76448553
0.0031557789 	0.019290418 	0.055901805 	0.76849989
0.0031758794 	0.019290418 	0.055901805 	0.76849989
0.0031959799 	0.016961391 	0.05084302 	0.77727465
0.0032160804 	0.013874928 	0.043522287 	0.79016388
0.0032361809 	0.013874928 	0.043522287 	0.79016388
0.0032562814 	0.010202367 	0.034621828 	0.80585278
0.0032763819 	0.0061633852 	0.024652676 	0.82252435
0.0032964824 	0.0061633852 	0.024652676 	0.82252435
0.0033165829 	0.0019885035 	0.013946769 	0.83825138
0.0033366834 	-0.0021773469 	0.0027142722 	0.85136662
0.0033567839 	-0.0021773469 	0.0027142722 	0.85136662
0.0033768844 	-0.0062395081 	-0.0089259871 	0.8607819
0.0033969849 	-0.010142548 	-0.020911373 	0.86607333
0.0034170854 	-0.010142548 	-0.020911373 	0.86607333
0.0034371859 	-0.013901872 	-0.033205502 	0.86729958
0.0034572864 	-0.017543406 	-0.045739678 	0.86473029
0.0034773869 	-0.021063378 	-0.058360521 	0.85858914
0.0034974874 	-0.021063378 	-0.058360521 	0.85858914
0.0035175879 	-0.024409104 	-0.070803065 	0.84889432
0.0035376884 	-0.027476204 	-0.082697857 	0.83542689
0.0035577889 	-0.030118279 	-0.093604204 	0.81780384
0.0035778894 	-0.030118279 	-0.093604204 	0.81780384
0.0035979899 	-0.03217066 	-0.10305202 	0.79560589
0.0036180905 	-0.033472765 	-0.11059825 	0.76850455
0.003638191 	-0.03389078 	-0.11585554 	0.73636143
0.0036582915 	-0.03389078 	-0.11585554 	0.73636143
0.003678392 	-0.033344181 	-0.11852646 	0.69929229
0.0036984925 	-0.031826971 	-0.11844045 	0.65770438
0.003718593 	-0.029422821 	-0.11559341 	0.61230462
0.0037386935 	-0.026307805 	-0.11017929 	0.56406081
0.003758794 	-0.022733313 	-0.10259424 	0.51409241
0.0037788945 	-0.022733313 	-0.10259424 	0.51409241
0.003798995 	-0.018987123 	-0.093397317 	0.46348965
0.0038190955 	-0.01534093 	-0.08322845 	0.41310587
0.003839196 	-0.012002436 	-0.072704653 	0.36340675
0.0038592965 	-0.0090902826 	-0.062324435 	0.31444857
0.003879397 	-0.0066372793 	-0.052400561 	0.26599332
0.0038994975 	-0.0046147933 	-0.043024558 	0.21770172
0.003919598 	-0.0029665785 	-0.034059397 	0.16932091
0.0039396985 	-0.0016480667 	-0.025162225 	0.1207975
0.003959799 	-0.00066453282 	-0.015850347 	0.072278429
0.0039798995 	-8.0386693e-05 	-0.0056463426 	0.024016738
0.004 	-8.0386693e-05 	-0.0056463426 	0.024016738
