0 	-0.014765177 	0.00925679 	1.0518074
2.0100503e-05 	-0.0086414753 	-0.014663028 	1.0507419
4.0201005e-05 	-0.0086414753 	-0.014663028 	1.0507419
6.0301508e-05 	-0.00035207225 	-0.016835149 	1.0477413
8.040201e-05 	-0.00035207225 	-0.016835149 	1.0477413
0.00010050251 	-0.00035207225 	-0.016835149 	1.0477413
0.00012060302 	0.0026182385 	-0.017118368 	1.0434646
0.00014070352 	0.0026182385 	-0.017118368 	1.0434646
0.00016080402 	0.0026182385 	-0.017118368 	1.0434646
0.00018090452 	0.004500833 	-0.018087669 	1.0384201
0.00020100503 	0.004500833 	-0.018087669 	1.0384201
0.00022110553 	0.004500833 	-0.018087669 	1.0384201
0.00024120603 	0.0060667233 	-0.019848436 	1.0329739
0.00026130653 	0.0060667233 	-0.019848436 	1.0329739
0.00028140704 	0.0074869631 	-0.022256527 	1.0274353
0.00030150754 	0.0074869631 	-0.022256527 	1.0274353
0.00032160804 	0.0074869631 	-0.022256527 	1.0274353
0.00034170854 	0.0087335762 	-0.025130713 	1.0221093
0.00036180905 	0.0087335762 	-0.025130713 	1.0221093
0.00038190955 	0.0087335762 	-0.025130713 	1.0221093
0.00040201005 	0.0097005807 	-0.028361464 	1.0173031
0.00042211055 	0.0097005807 	-0.028361464 	1.0173031
0.00044221106 	0.0097005807 	-0.028361464 	1.0173031
0.00046231156 	0.010269862 	-0.031965164 	1.0133143
0.00048241206 	0.010269862 	-0.031965164 	1.0133143
0.00050251256 	0.010355091 	-0.036067866 	1.0104064
0.00052261307 	0.010355091 	-0.036067866 	1.0104064
0.00054271357 	0.010355091 	-0.036067866 	1.0104064
0.00056281407 	0.0099223952 	-0.040804677 	1.0087468
0.00058291457 	0.0099223952 	-0.040804677 	1.0087468
0.00060301508 	0.0099223952 	-0.040804677 	1.0087468
0.00062311558 	0.0089810214 	-0.04621051 	1.0082493
0.00064321608 	0.0089810214 	-0.04621051 	1.0082493
0.00066331658 	0.0089810214 	-0.04621051 	1.0082493
0.00068341709 	0.0075818261 	-0.052303555 	1.0083105
0.00070351759 	0.0075818261 	-0.052303555 	1.0083105
0.00072361809 	0.0058787695 	-0.05938853 	1.0076166
0.00074371859 	0.0058787695 	-0.05938853 	1.0076166
0.0007638191 	0.0058787695 	-0.05938853 	1.0076166
0.0007839196 	0.0041403985 	-0.068008192 	1.0044229
0.0008040201 	0.0041403985 	-0.068008192 	1.0044229
0.0008241206 	0.0041403985 	-0.068008192 	1.0044229
0.00084422111 	0.0024191272 	-0.078126567 	0.99761191
0.00086432161 	0.0024191272 	-0.078126567 	0.99761191
0.00088442211 	0.0024191272 	-0.078126567 	0.99761191
0.00090452261 	0.00047600046 	-0.088236718 	0.98791514
0.00092462312 	0.00047600046 	-0.088236718 	0.98791514
0.00094472362 	-0.0025303893 	-0.095783742 	0.97786218
0.00096482412 	-0.0025303893 	-0.095783742 	0.97786218
0.00098492462 	-0.0025303893 	-0.095783742 	0.97786218
0.0010050251 	0.0028795852 	-0.10014563 	0.97364435
0.0010251256 	0.0028795852 	-0.10014563 	0.97364435
0.0010452261 	0.0028795852 	-0.10014563 	0.97364435
0.0010653266 	-0.00093655134 	-0.10033083 	0.96751365
0.0010854271 	-0.012383914 	-0.09835463 	0.9640486
0.0011055276 	-0.012383914 	-0.09835463 	0.9640486
0.0011256281 	-0.01779508 	-0.093119845 	0.96120527
0.0011457286 	-0.01779508 	-0.093119845 	0.96120527
0.0011658291 	-0.01779508 	-0.093119845 	0.96120527
0.0011859296 	-0.0091581526 	-0.087785222 	0.96289552
0.0012060302 	-0.0091581526 	-0.087785222 	0.96289552
0.0012261307 	-0.0091581526 	-0.087785222 	0.96289552
0.0012462312 	-0.01270221 	-0.077296156 	0.96329988
0.0012663317 	-0.01270221 	-0.077296156 	0.96329988
0.0012864322 	-0.01270221 	-0.077296156 	0.96329988
0.0013065327 	-0.015620935 	-0.065233273 	0.96532665
0.0013266332 	-0.015620935 	-0.065233273 	0.96532665
0.0013467337 	-0.015620935 	-0.065233273 	0.96532665
0.0013668342 	-0.017820966 	-0.052346426 	0.96863181
0.0013869347 	-0.017820966 	-0.052346426 	0.96863181
0.0014070352 	-0.017820966 	-0.052346426 	0.96863181
0.0014271357 	-0.019205556 	-0.039299605 	0.97255563
0.0014472362 	-0.019205556 	-0.039299605 	0.97255563
0.0014673367 	-0.019205556 	-0.039299605 	0.97255563
0.0014874372 	-0.019751421 	-0.026722119 	0.97630434
0.0015075377 	-0.019751421 	-0.026722119 	0.97630434
0.0015276382 	-0.019492829 	-0.01517751 	0.97915503
0.0015477387 	-0.019492829 	-0.01517751 	0.97915503
0.0015678392 	-0.019492829 	-0.01517751 	0.97915503
0.0015879397 	-0.018456644 	-0.0050643386 	0.98058965
0.0016080402 	-0.018456644 	-0.0050643386 	0.98058965
0.0016281407 	-0.018456644 	-0.0050643386 	0.98058965
0.0016482412 	-0.016776829 	0.0033427876 	0.98035435
0.0016683417 	-0.016776829 	0.0033427876 	0.98035435
0.0016884422 	-0.014678778 	0.0099887569 	0.97845918
0.0017085427 	-0.014678778 	0.0099887569 	0.97845918
0.0017286432 	-0.014678778 	0.0099887569 	0.97845918
0.0017487437 	-0.012447748 	0.015005249 	0.97515931
0.0017688442 	-0.012447748 	0.015005249 	0.97515931
0.0017889447 	-0.012447748 	0.015005249 	0.97515931
0.0018090452 	-0.010437898 	0.018710301 	0.97090875
0.0018291457 	-0.010437898 	0.018710301 	0.97090875
0.0018492462 	-0.0089854811 	0.021560875 	0.96625144
0.0018693467 	-0.0089854811 	0.021560875 	0.96625144
0.0018894472 	-0.0089854811 	0.021560875 	0.96625144
0.0019095477 	-0.0083079926 	0.024054445 	0.96166414
0.0019296482 	-0.0083079926 	0.024054445 	0.96166414
0.0019497487 	-0.008410938 	0.026585138 	0.95740866
0.0019698492 	-0.008410938 	0.026585138 	0.95740866
0.0019899497 	-0.008410938 	0.026585138 	0.95740866
0.0020100503 	-0.0090722025 	0.029320734 	0.95350403
0.0020301508 	-0.0090722025 	0.029320734 	0.95350403
0.0020502513 	-0.0099516536 	0.032200121 	0.94982617
0.0020703518 	-0.0099516536 	0.032200121 	0.94982617
0.0020904523 	-0.010739684 	0.035105617 	0.946225
0.0021105528 	-0.010739684 	0.035105617 	0.946225
0.0021306533 	-0.010739684 	0.035105617 	0.946225
0.0021507538 	-0.011289287 	0.038120765 	0.94258083
0.0021708543 	-0.011289287 	0.038120765 	0.94258083
0.0021909548 	-0.011651092 	0.041657286 	0.93879202
0.0022110553 	-0.011651092 	0.041657286 	0.93879202
0.0022311558 	-0.011994582 	0.046281204 	0.93478182
0.0022512563 	-0.011994582 	0.046281204 	0.93478182
0.0022713568 	-0.012495871 	0.052353376 	0.93051298
0.0022914573 	-0.012495871 	0.052353376 	0.93051298
0.0023115578 	-0.012495871 	0.052353376 	0.93051298
0.0023316583 	-0.013215527 	0.059748763 	0.9260073
0.0023517588 	-0.013215527 	0.059748763 	0.9260073
0.0023718593 	-0.014086684 	0.067880869 	0.92139477
0.0023919598 	-0.014086684 	0.067880869 	0.92139477
0.0024120603 	-0.015054318 	0.076017938 	0.91716041
0.0024321608 	-0.015054318 	0.076017938 	0.91716041
0.0024522613 	-0.016247001 	0.083567883 	0.91445038
0.0024723618 	-0.016247001 	0.083567883 	0.91445038
0.0024924623 	-0.018126948 	0.089799686 	0.91481724
0.0025125628 	-0.018126948 	0.089799686 	0.91481724
0.0025326633 	-0.021366032 	0.092811372 	0.9187361
0.0025527638 	-0.021366032 	0.092811372 	0.9187361
0.0025728643 	-0.026505313 	0.088655739 	0.92354536
0.0025929648 	-0.026505313 	0.088655739 	0.92354536
0.0026130653 	-0.033364485 	0.072909818 	0.9223943
0.0026331658 	-0.033364485 	0.072909818 	0.9223943
0.0026532663 	-0.040776617 	0.045204513 	0.90618262
0.0026733668 	-0.040776617 	0.045204513 	0.90618262
0.0026934673 	-0.04730298 	0.01283816 	0.8698219
0.0027135678 	-0.04730298 	0.01283816 	0.8698219
0.0027336683 	-0.052172808 	-0.012330033 	0.81890444
0.0027537688 	-0.052172808 	-0.012330033 	0.81890444
0.0027738693 	-0.055462192 	-0.022165872 	0.7680149
0.0027939698 	-0.055462192 	-0.022165872 	0.7680149
0.0028140704 	-0.05753895 	-0.015841995 	0.73021511
0.0028341709 	-0.05753895 	-0.015841995 	0.73021511
0.0028542714 	-0.058826312 	0.0031635374 	0.70864994
0.0028743719 	-0.06010811 	0.029530445 	0.69619468
0.0028944724 	-0.06010811 	0.029530445 	0.69619468
0.0029145729 	-0.062136553 	0.056222436 	0.68238787
0.0029346734 	-0.062136553 	0.056222436 	0.68238787
0.0029547739 	-0.065378355 	0.075692296 	0.6611895
0.0029748744 	-0.065378355 	0.075692296 	0.6611895
0.0029949749 	-0.069953018 	0.083457109 	0.63357466
0.0030150754 	-0.075188587 	0.08050124 	0.60431603
0.0030351759 	-0.075188587 	0.08050124 	0.60431603
0.0030552764 	-0.080051178 	0.071560185 	0.57821394
0.0030753769 	-0.080051178 	0.071560185 	0.57821394
0.0030954774 	-0.083709999 	0.061390968 	0.55879696
0.0031155779 	-0.085763539 	0.05253663 	0.54833974
0.0031356784 	-0.085763539 	0.05253663 	0.54833974
0.0031557789 	-0.086162353 	0.04533534 	0.54775789
0.0031758794 	-0.086162353 	0.04533534 	0.54775789
0.0031959799 	-0.085035832 	0.039146663 	0.55659586
0.0032160804 	-0.082532511 	0.033468749 	0.57334227
0.0032361809 	-0.082532511 	0.033468749 	0.57334227
0.0032562814 	-0.0787722 	0.028205797 	0.59572521
0.0032763819 	-0.073886753 	0.02341262 	0.62101093
0.0032964824 	-0.073886753 	0.02341262 	0.62101093
0.0033165829 	-0.068047858 	0.019056726 	0.64639016
0.0033366834 	-0.061450413 	0.014957138 	0.66943125
0.0033567839 	-0.061450413 	0.014957138 	0.66943125
0.0033768844 	-0.054269706 	0.010867472 	0.68842637
0.0033969849 	-0.046651926 	0.0066080456 	0.70251097
0.0034170854 	-0.046651926 	0.0066080456 	0.70251097
0.0034371859 	-0.038855252 	0.0021798309 	0.71156722
0.0034572864 	-0.031206957 	-0.0022399372 	0.71590687
0.0034773869 	-0.023911092 	-0.0062750364 	0.71602372
0.0034974874 	-0.023911092 	-0.0062750364 	0.71602372
0.0035175879 	-0.017163178 	-0.0094644028 	0.71270592
0.0035376884 	-0.011163428 	-0.011390458 	0.70683953
0.0035577889 	-0.0061000285 	-0.011780611 	0.69928686
0.0035778894 	-0.0061000285 	-0.011780611 	0.69928686
0.0035979899 	-0.0021084354 	-0.010556111 	0.6907897
0.0036180905 	0.00072589013 	-0.0078532717 	0.68193213
0.003638191 	0.0024740919 	-0.0040451085 	0.67296466
0.0036582915 	0.0024740919 	-0.0040451085 	0.67296466
0.003678392 	0.0032924538 	0.00025715218 	0.66357001
0.0036984925 	0.0033313798 	0.004247492 	0.65264533
0.003718593 	0.0028470837 	0.0071739109 	0.63831835
0.0037386935 	0.0021168363 	0.0087119799 	0.61821473
0.003758794 	0.0014142605 	0.0092618795 	0.59030561
0.0037788945 	0.0014142605 	0.0092618795 	0.59030561
0.003798995 	0.0009423648 	0.0097913679 	0.55323279
0.0038190955 	0.00084437323 	0.011165999 	0.50621482
0.003839196 	0.0011688274 	0.013467031 	0.44921197
0.0038592965 	0.0017739912 	0.015927406 	0.38381274
0.003879397 	0.0023125068 	0.017504734 	0.31386684
0.0038994975 	0.0024245636 	0.017534055 	0.24448609
0.003919598 	0.0019898142 	0.015968974 	0.17986921
0.0039396985 	0.0012008308 	0.013120106 	0.12188339
0.003959799 	0.00042872054 	0.0091586181 	0.070201955
0.0039798995 	2.558324e-05 	0.0037754399 	0.023038658
0.004 	2.558324e-05 	0.0037754399 	0.023038658
