0 	-0.040156215 	-0.010012896 	1.0452144
2.0100503e-05 	-0.0056470573 	0.039786618 	1.0481536
4.0201005e-05 	-0.0056470573 	0.039786618 	1.0481536
6.0301508e-05 	0.016132747 	0.036571916 	1.0486673
8.040201e-05 	0.016132747 	0.036571916 	1.0486673
0.00010050251 	0.016132747 	0.036571916 	1.0486673
0.00012060302 	0.023121429 	0.033221436 	1.0463451
0.00014070352 	0.023121429 	0.033221436 	1.0463451
0.00016080402 	0.023121429 	0.033221436 	1.0463451
0.00018090452 	0.026481994 	0.031712036 	1.0413613
0.00020100503 	0.026481994 	0.031712036 	1.0413613
0.00022110553 	0.026481994 	0.031712036 	1.0413613
0.00024120603 	0.02772602 	0.031847207 	1.0345734
0.00026130653 	0.02772602 	0.031847207 	1.0345734
0.00028140704 	0.02730106 	0.03344756 	1.0271981
0.00030150754 	0.02730106 	0.03344756 	1.0271981
0.00032160804 	0.02730106 	0.03344756 	1.0271981
0.00034170854 	0.025697838 	0.03605425 	1.0202343
0.00036180905 	0.025697838 	0.03605425 	1.0202343
0.00038190955 	0.025697838 	0.03605425 	1.0202343
0.00040201005 	0.023538049 	0.038931509 	1.0140269
0.00042211055 	0.023538049 	0.038931509 	1.0140269
0.00044221106 	0.023538049 	0.038931509 	1.0140269
0.00046231156 	0.021411553 	0.041283949 	1.0082734
0.00048241206 	0.021411553 	0.041283949 	1.0082734
0.00050251256 	0.01969668 	0.042559972 	1.0024497
0.00052261307 	0.01969668 	0.042559972 	1.0024497
0.00054271357 	0.01969668 	0.042559972 	1.0024497
0.00056281407 	0.018484647 	0.042616708 	0.99627704
0.00058291457 	0.018484647 	0.042616708 	0.99627704
0.00060301508 	0.018484647 	0.042616708 	0.99627704
0.00062311558 	0.017642506 	0.041708157 	0.98988019
0.00064321608 	0.017642506 	0.041708157 	0.98988019
0.00066331658 	0.017642506 	0.041708157 	0.98988019
0.00068341709 	0.016937686 	0.040327419 	0.98361595
0.00070351759 	0.016937686 	0.040327419 	0.98361595
0.00072361809 	0.016148233 	0.039020693 	0.97781811
0.00074371859 	0.016148233 	0.039020693 	0.97781811
0.0007638191 	0.016148233 	0.039020693 	0.97781811
0.0007839196 	0.015120002 	0.038251375 	0.97267497
0.0008040201 	0.015120002 	0.038251375 	0.97267497
0.0008241206 	0.015120002 	0.038251375 	0.97267497
0.00084422111 	0.013776479 	0.038342871 	0.96825535
0.00086432161 	0.013776479 	0.038342871 	0.96825535
0.00088442211 	0.013776479 	0.038342871 	0.96825535
0.00090452261 	0.012131342 	0.039496741 	0.96458608
0.00092462312 	0.012131342 	0.039496741 	0.96458608
0.00094472362 	0.01019465 	0.041774759 	0.96173087
0.00096482412 	0.01019465 	0.041774759 	0.96173087
0.00098492462 	0.012683663 	0.04171148 	0.96363308
0.0010050251 	0.0079530445 	0.045479603 	0.95965608
0.0010251256 	0.0079530445 	0.045479603 	0.95965608
0.0010452261 	0.0079530445 	0.045479603 	0.95965608
0.0010653266 	0.0055261092 	0.050521623 	0.95873613
0.0010854271 	0.0055261092 	0.050521623 	0.95873613
0.0011055276 	0.0055261092 	0.050521623 	0.95873613
0.0011256281 	0.0048031214 	0.056383193 	0.96187923
0.0011457286 	0.0048031214 	0.056383193 	0.96187923
0.0011658291 	0.0048031214 	0.056383193 	0.96187923
0.0011859296 	0.0025493306 	0.062843929 	0.96356977
0.0012060302 	0.00062341434 	0.062731313 	0.96080544
0.0012261307 	0.00062341434 	0.062731313 	0.96080544
0.0012462312 	-0.0016513243 	0.068997863 	0.96344155
0.0012663317 	-0.0016513243 	0.068997863 	0.96344155
0.0012864322 	-0.0016513243 	0.068997863 	0.96344155
0.0013065327 	-0.0036007767 	0.074818607 	0.96665436
0.0013266332 	-0.0036007767 	0.074818607 	0.96665436
0.0013467337 	-0.0036007767 	0.074818607 	0.96665436
0.0013668342 	-0.0050896329 	0.079828753 	0.96994883
0.0013869347 	-0.0050896329 	0.079828753 	0.96994883
0.0014070352 	-0.0050896329 	0.079828753 	0.96994883
0.0014271357 	-0.0061199097 	0.083695417 	0.97291888
0.0014472362 	-0.0061199097 	0.083695417 	0.97291888
0.0014673367 	-0.0061199097 	0.083695417 	0.97291888
0.0014874372 	-0.0068148143 	0.085974909 	0.97543572
0.0015075377 	-0.0068148143 	0.085974909 	0.97543572
0.0015276382 	-0.0074469301 	0.086138989 	0.97768063
0.0015477387 	-0.0074469301 	0.086138989 	0.97768063
0.0015678392 	-0.0074469301 	0.086138989 	0.97768063
0.0015879397 	-0.0082734791 	0.083546297 	0.97992398
0.0016080402 	-0.0082734791 	0.083546297 	0.97992398
0.0016281407 	-0.0082734791 	0.083546297 	0.97992398
0.0016482412 	-0.0094752504 	0.077730053 	0.98218474
0.0016683417 	-0.0094752504 	0.077730053 	0.98218474
0.0016884422 	-0.01122937 	0.06897511 	0.98385005
0.0017085427 	-0.01122937 	0.06897511 	0.98385005
0.0017286432 	-0.01122937 	0.06897511 	0.98385005
0.0017487437 	-0.013713691 	0.058964988 	0.98358492
0.0017688442 	-0.013713691 	0.058964988 	0.98358492
0.0017889447 	-0.013713691 	0.058964988 	0.98358492
0.0018090452 	-0.017023266 	0.050305611 	0.97987547
0.0018291457 	-0.017023266 	0.050305611 	0.97987547
0.0018492462 	-0.020814857 	0.044443971 	0.97238536
0.0018693467 	-0.020814857 	0.044443971 	0.97238536
0.0018894472 	-0.020814857 	0.044443971 	0.97238536
0.0019095477 	-0.024392964 	0.039929511 	0.96292821
0.0019296482 	-0.024392964 	0.039929511 	0.96292821
0.0019497487 	-0.027407008 	0.033612509 	0.95452629
0.0019698492 	-0.027407008 	0.033612509 	0.95452629
0.0019899497 	-0.030492263 	0.023720132 	0.94910872
0.0020100503 	-0.030492263 	0.023720132 	0.94910872
0.0020301508 	-0.030492263 	0.023720132 	0.94910872
0.0020502513 	-0.035048862 	0.011283231 	0.94612668
0.0020703518 	-0.035048862 	0.011283231 	0.94612668
0.0020904523 	-0.041930492 	-0.00094681052 	0.94307085
0.0021105528 	-0.041930492 	-0.00094681052 	0.94307085
0.0021306533 	-0.041930492 	-0.00094681052 	0.94307085
0.0021507538 	-0.050116806 	-0.010128471 	0.93729012
0.0021708543 	-0.050116806 	-0.010128471 	0.93729012
0.0021909548 	-0.056918752 	-0.01430719 	0.92773426
0.0022110553 	-0.056918752 	-0.01430719 	0.92773426
0.0022311558 	-0.060203478 	-0.013556503 	0.9156108
0.0022512563 	-0.060203478 	-0.013556503 	0.9156108
0.0022713568 	-0.060296383 	-0.010477983 	0.90320527
0.0022914573 	-0.060296383 	-0.010477983 	0.90320527
0.0023115578 	-0.060296383 	-0.010477983 	0.90320527
0.0023316583 	-0.059055101 	-0.0079194004 	0.8917079
0.0023517588 	-0.059055101 	-0.0079194004 	0.8917079
0.0023718593 	-0.058119173 	-0.0067972352 	0.88042992
0.0023919598 	-0.058119173 	-0.0067972352 	0.88042992
0.0024120603 	-0.058053569 	-0.0065900538 	0.86783374
0.0024321608 	-0.058053569 	-0.0065900538 	0.86783374
0.0024522613 	-0.058292251 	-0.0064466202 	0.85282336
0.0024723618 	-0.058292251 	-0.0064466202 	0.85282336
0.0024924623 	-0.057591999 	-0.0058661707 	0.83538593
0.0025125628 	-0.057591999 	-0.0058661707 	0.83538593
0.0025326633 	-0.054893249 	-0.0048342018 	0.81686115
0.0025527638 	-0.054893249 	-0.0048342018 	0.81686115
0.0025728643 	-0.050260562 	-0.0036739258 	0.79954754
0.0025929648 	-0.050260562 	-0.0036739258 	0.79954754
0.0026130653 	-0.044935085 	-0.0031032962 	0.78541368
0.0026331658 	-0.044935085 	-0.0031032962 	0.78541368
0.0026532663 	-0.040494574 	-0.0042419816 	0.77462971
0.0026733668 	-0.040494574 	-0.0042419816 	0.77462971
0.0026934673 	-0.037954511 	-0.0080370229 	0.76618284
0.0027135678 	-0.037954511 	-0.0080370229 	0.76618284
0.0027336683 	-0.037490298 	-0.014767251 	0.7595335
0.0027537688 	-0.037490298 	-0.014767251 	0.7595335
0.0027738693 	-0.03868669 	-0.023868719 	0.75494377
0.0027939698 	-0.03868669 	-0.023868719 	0.75494377
0.0028140704 	-0.040911786 	-0.034119969 	0.75266011
0.0028341709 	-0.040911786 	-0.034119969 	0.75266011
0.0028542714 	-0.043629545 	-0.044060559 	0.75224541
0.0028743719 	-0.046635818 	-0.052409473 	0.75254389
0.0028944724 	-0.046635818 	-0.052409473 	0.75254389
0.0029145729 	-0.050004831 	-0.058328974 	0.75196866
0.0029346734 	-0.050004831 	-0.058328974 	0.75196866
0.0029547739 	-0.053881434 	-0.061459241 	0.74897849
0.0029748744 	-0.053881434 	-0.061459241 	0.74897849
0.0029949749 	-0.058373111 	-0.061947092 	0.74246491
0.0030150754 	-0.063342742 	-0.060344952 	0.73207365
0.0030351759 	-0.063342742 	-0.060344952 	0.73207365
0.0030552764 	-0.068386233 	-0.05737502 	0.71823573
0.0030753769 	-0.068386233 	-0.05737502 	0.71823573
0.0030954774 	-0.072940639 	-0.053677655 	0.70201564
0.0031155779 	-0.076467423 	-0.049628646 	0.68476434
0.0031356784 	-0.076467423 	-0.049628646 	0.68476434
0.0031557789 	-0.078688084 	-0.045324175 	0.66763231
0.0031758794 	-0.078688084 	-0.045324175 	0.66763231
0.0031959799 	-0.079599181 	-0.040760826 	0.65122891
0.0032160804 	-0.079308577 	-0.03605154 	0.63571254
0.0032361809 	-0.079308577 	-0.03605154 	0.63571254
0.0032562814 	-0.077885778 	-0.031482327 	0.62122286
0.0032763819 	-0.075357442 	-0.027420042 	0.60817021
0.0032964824 	-0.075357442 	-0.027420042 	0.60817021
0.0033165829 	-0.071778136 	-0.024196183 	0.59713289
0.0033366834 	-0.067287901 	-0.022023203 	0.58857542
0.0033567839 	-0.067287901 	-0.022023203 	0.58857542
0.0033768844 	-0.062123162 	-0.02095527 	0.58264512
0.0033969849 	-0.056567553 	-0.02091043 	0.57914524
0.0034170854 	-0.056567553 	-0.02091043 	0.57914524
0.0034371859 	-0.050905492 	-0.021729357 	0.57763852
0.0034572864 	-0.045388375 	-0.023221173 	0.5775763
0.0034773869 	-0.040208333 	-0.025200677 	0.57839076
0.0034974874 	-0.040208333 	-0.025200677 	0.57839076
0.0035175879 	-0.035494812 	-0.027502494 	0.57952869
0.0035376884 	-0.031319462 	-0.029985974 	0.58045953
0.0035577889 	-0.02770245 	-0.032534061 	0.58065868
0.0035778894 	-0.02770245 	-0.032534061 	0.58065868
0.0035979899 	-0.024622606 	-0.035042573 	0.5795786
0.0036180905 	-0.022029847 	-0.037412934 	0.57662719
0.003638191 	-0.019855719 	-0.039544819 	0.57115839
0.0036582915 	-0.019855719 	-0.039544819 	0.57115839
0.003678392 	-0.018021296 	-0.041330178 	0.56247857
0.0036984925 	-0.016442139 	-0.042651456 	0.54987654
0.003718593 	-0.015030494 	-0.04338335 	0.53267761
0.0037386935 	-0.013698996 	-0.043398368 	0.51031821
0.003758794 	-0.012365739 	-0.042579045 	0.48243366
0.0037788945 	-0.012365739 	-0.042579045 	0.48243366
0.003798995 	-0.010963049 	-0.040837399 	0.44894703
0.0038190955 	-0.0094501502 	-0.038141113 	0.41014186
0.003839196 	-0.0078267988 	-0.034542797 	0.36669585
0.0038592965 	-0.0061421335 	-0.030201611 	0.31964625
0.003879397 	-0.0044900866 	-0.025379438 	0.27026244
0.0038994975 	-0.0029881098 	-0.020394504 	0.2198333
0.003919598 	-0.001744076 	-0.015532248 	0.16943233
0.0039396985 	-0.00082705545 	-0.010945183 	0.11975882
0.003959799 	-0.00025586737 	-0.006591833 	0.071115748
0.0039798995 	-1.71617e-05 	-0.0022634695 	0.023503515
0.004 	-1.71617e-05 	-0.0022634695 	0.023503515
