0 	-0.00017722048 	-0.0077007211 	1.0314198
5.5555556e-05 	-0.0084416065 	-0.0011138526 	1.03993
0.00011111111 	-0.011746096 	0.0077221224 	1.0468291
0.00016666667 	-0.01313373 	0.016436569 	1.0523283
0.00022222222 	-0.013313588 	0.023730305 	1.0565542
0.00027777778 	-0.012657468 	0.028858556 	1.0593956
0.00033333333 	-0.011333104 	0.031983556 	1.0605985
0.00038888889 	-0.0093423007 	0.033918605 	1.0598955
0.00044444444 	-0.0066601024 	0.035615473 	1.0570498
0.0005 	-0.0033450892 	0.037660043 	1.0519805
0.00055555556 	0.00040826653 	0.040249802 	1.044861
0.00061111111 	0.0043192981 	0.043283974 	1.0360426
0.00066666667 	0.0080895829 	0.046510717 	1.0258512
0.00072222222 	0.011434584 	0.049688993 	1.0144027
0.00077777778 	0.014049266 	0.052584071 	1.0016067
0.00083333333 	0.015593233 	0.05498465 	0.98747164
0.00088888889 	0.015761443 	0.056606774 	0.97252947
0.00094444444 	0.014544152 	0.057129314 	0.9578626
0.001 	0.011425296 	0.056131484 	0.94348601
0.0010617451 	0.0060826356 	0.053266964 	0.9309748
0.0011226367 	-0.00021000147 	0.048307878 	0.9218183
0.0011826866 	-0.0071431715 	0.041700078 	0.91582667
0.0012419064 	-0.014016829 	0.034206994 	0.912652
0.0013003077 	-0.020389812 	0.026663471 	0.91207836
0.0013579017 	-0.026062619 	0.019567886 	0.91411809
0.0014146996 	-0.031038115 	0.013033451 	0.918679
0.0014707124 	-0.035287097 	0.006947847 	0.92522355
0.001525951 	-0.038651547 	0.0011303049 	0.93277144
0.001580426 	-0.040904113 	-0.0045006216 	0.94022348
0.001634148 	-0.041866217 	-0.0098799003 	0.94664237
0.0016871274 	-0.041502952 	-0.014759238 	0.95133682
0.0017393745 	-0.039940174 	-0.018772091 	0.95376366
0.0017908994 	-0.037401007 	-0.021579874 	0.95335586
0.0018417121 	-0.034146368 	-0.023026019 	0.94937531
0.0018918224 	-0.030459826 	-0.023256009 	0.94102978
0.0019412401 	-0.026647718 	-0.022695905 	0.9279696
0.0019899746 	-0.023038824 	-0.021840301 	0.91089772
0.0020380356 	-0.019930017 	-0.021001329 	0.89167539
0.0020854322 	-0.017491104 	-0.020206982 	0.87267285
0.0021321736 	-0.015718225 	-0.0193393 	0.85588261
0.002178269 	-0.014437176 	-0.018358328 	0.84241334
0.0022237272 	-0.013345373 	-0.017429599 	0.83245986
0.002268557 	-0.012080503 	-0.016885316 	0.82555442
0.0023127672 	-0.010301072 	-0.017068385 	0.82090842
0.0023563662 	-0.0077664017 	-0.018190598 	0.81771934
0.0023993626 	-0.0043780638 	-0.020234471 	0.81537001
0.0024417647 	-0.0002172487 	-0.022954908 	0.81349462
0.0024835806 	0.0045315485 	-0.025974721 	0.81195534
0.0025248186 	0.0096180482 	-0.028908335 	0.81076607
0.0025654865 	0.014728951 	-0.031482112 	0.81000232
0.0026055923 	0.019582191 	-0.033575551 	0.80973274
0.0026451437 	0.023955069 	-0.035210252 	0.80997157
0.0026841484 	0.027712605 	-0.036501488 	0.81066414
0.002722614 	0.030801679 	-0.037605142 	0.81169214
0.0027605478 	0.033237055 	-0.038668498 	0.81290064
0.0027979573 	0.035084822 	-0.039803008 	0.81412903
0.0028348498 	0.03643692 	-0.04107394 	0.81523505
0.0028712322 	0.037385917 	-0.042506402 	0.81610553
0.0029071118 	0.038006234 	-0.044096423 	0.81665663
0.0029424953 	0.038345801 	-0.045820162 	0.8168292
0.0029773898 	0.038424096 	-0.047638669 	0.81658381
0.003011802 	0.038236191 	-0.049498804 	0.81589924
0.0030457385 	0.037759857 	-0.051332926 	0.81477451
0.0030792059 	0.03696388 	-0.053057816 	0.81323447
0.0031122107 	0.035818625 	-0.054575856 	0.81133794
0.0031447592 	0.034306347 	-0.055776954 	0.80918533
0.0031768579 	0.032428987 	-0.056541118 	0.80692357
0.0032085129 	0.030212332 	-0.056740985 	0.80474076
0.0032397303 	0.027704936 	-0.05624672 	0.80284252
0.0032705162 	0.024972158 	-0.054937999 	0.80140676
0.0033008765 	0.022087912 	-0.052726212 	0.80052393
0.0033308172 	0.019130404 	-0.049591408 	0.80013798
0.0033603441 	0.016184197 	-0.045621307 	0.80000839
0.0033894627 	0.01334745 	-0.041037836 	0.79971099
0.0034181789 	0.010737929 	-0.036190078 	0.79868696
0.0034464982 	0.0084920333 	-0.031508306 	0.79633812
0.003474426 	0.006751047 	-0.027424293 	0.79215413
0.0035019678 	0.0056356656 	-0.024276549 	0.78583684
0.0035291288 	0.0052144192 	-0.022226125 	0.77737075
0.0035559144 	0.0054749772 	-0.021215754 	0.76700026
0.0035823298 	0.0063035393 	-0.020985994 	0.75512691
0.0036083801 	0.007471357 	-0.021139331 	0.74218029
0.0036340702 	0.0086413168 	-0.021227154 	0.72847609
0.0036594053 	0.0094296205 	-0.020848237 	0.71395423
0.0036843901 	0.0095481974 	-0.019758184 	0.69766912
0.0037090296 	0.0089817602 	-0.017943436 	0.67720831
0.0037333285 	0.0080609386 	-0.015551055 	0.64872684
0.0037572915 	0.0072885404 	-0.012675619 	0.6083098
0.0037809233 	0.0070279006 	-0.0092075575 	0.55432472
0.0038042285 	0.007230314 	-0.0050039523 	0.48903305
0.0038272115 	0.0074750335 	-0.00023753286 	0.4179157
0.0038498768 	0.0073133124 	0.0044562678 	0.34709241
0.0038722288 	0.0065367031 	0.0082421316 	0.28082886
0.0038942718 	0.0052243941 	0.010491959 	0.2206684
0.0039160102 	0.0036289819 	0.010977651 	0.16608024
0.003937448 	0.0020531795 	0.0097719094 	0.11565766
0.0039585896 	0.00078776401 	0.0070231618 	0.068059128
0.0039794389 	7.4416068e-05 	0.0028110756 	0.022378647
0.004 	7.4416068e-05 	0.0028110756 	0.022378647
