0 	0.0035386269 	0.0023234416 	1.0266806
5.5555556e-05 	-0.002652678 	0.00079451717 	1.022218
0.00011111111 	-0.0031199676 	0.0022194695 	1.0188144
0.00016666667 	-0.0033379614 	0.0026765393 	1.0147708
0.00022222222 	-0.003582959 	0.0022533106 	1.0101953
0.00027777778 	-0.0039468861 	0.00094876711 	1.005176
0.00033333333 	-0.0044018412 	-0.001185057 	0.99982103
0.00038888889 	-0.0048617683 	-0.003973233 	0.99436035
0.00044444444 	-0.0052817806 	-0.0071554527 	0.98922595
0.0005 	-0.005702583 	-0.010470982 	0.98493824
0.00055555556 	-0.0062090181 	-0.013655077 	0.9817733
0.00061111111 	-0.0068488801 	-0.01634734 	0.97948109
0.00066666667 	-0.0075652686 	-0.018098236 	0.97736793
0.00072222222 	-0.0082645738 	-0.018601165 	0.97472509
0.00077777778 	-0.0089861027 	-0.018088499 	0.97113744
0.00083333333 	-0.0099730041 	-0.017688519 	0.96632431
0.00088888889 	-0.011475042 	-0.019080094 	0.95974487
0.00094444444 	-0.013505813 	-0.023129246 	0.95076932
0.001 	-0.015627033 	-0.028915754 	0.93869179
0.0010617224 	-0.016484196 	-0.033159207 	0.92396141
0.0011225923 	-0.015242547 	-0.032578539 	0.90829791
0.0011826215 	-0.012358613 	-0.027450145 	0.89148092
0.0012418217 	-0.0090045631 	-0.019921202 	0.87247873
0.0013002041 	-0.0065327268 	-0.012475092 	0.8511026
0.0013577803 	-0.0060846746 	-0.0071490585 	0.82962339
0.0014145612 	-0.0083104171 	-0.0052185198 	0.8127774
0.0014705579 	-0.013171792 	-0.0069731562 	0.80532411
0.0015257812 	-0.019923782 	-0.011410089 	0.80903876
0.0015802418 	-0.027496068 	-0.016147025 	0.82172958
0.0016339502 	-0.035190388 	-0.018342841 	0.83856926
0.0016869168 	-0.043031859 	-0.016251683 	0.85459359
0.0017391518 	-0.051413119 	-0.009685182 	0.86711588
0.0017906654 	-0.060437099 	0.00080467705 	0.87634663
0.0018414676 	-0.069610631 	0.014571077 	0.88368753
0.0018915681 	-0.078174612 	0.030814255 	0.88983731
0.0019409766 	-0.085428887 	0.048361454 	0.89464097
0.0019897027 	-0.090881607 	0.065804755 	0.89767402
0.0020377558 	-0.094355913 	0.081729532 	0.89858885
0.0020851453 	-0.095986499 	0.095115079 	0.89714203
0.0021318802 	-0.096111128 	0.10558643 	0.89319657
0.0021779697 	-0.095081454 	0.11335728 	0.88677148
0.0022234225 	-0.093103389 	0.1188896 	0.87817592
0.0022682477 	-0.090166409 	0.12249653 	0.86811791
0.0023124537 	-0.086093175 	0.12411387 	0.85763967
0.0023560491 	-0.080687886 	0.12334007 	0.84789771
0.0023990425 	-0.073891691 	0.11969579 	0.83990489
0.002441442 	-0.065875714 	0.11293871 	0.83431381
0.002483256 	-0.05703862 	0.10326625 	0.83126909
0.0025244924 	-0.047937577 	0.091331539 	0.83040357
0.0025651593 	-0.039191329 	0.078121689 	0.83102411
0.0026052645 	-0.031370085 	0.064769553 	0.83235195
0.0026448158 	-0.024908847 	0.052334689 	0.8337018
0.0026838209 	-0.020059563 	0.041650945 	0.83457582
0.0027222872 	-0.016870336 	0.033219957 	0.83467993
0.0027602223 	-0.015248164 	0.027149574 	0.83389883
0.0027976334 	-0.014982732 	0.023085465 	0.83223089
0.0028345278 	-0.015750999 	0.020315746 	0.82974845
0.0028709126 	-0.017163938 	0.018002085 	0.82659928
0.002906795 	-0.018885526 	0.015470961 	0.82304896
0.0029421817 	-0.020759687 	0.012418308 	0.81950517
0.0029770797 	-0.022904053 	0.0088960972 	0.81643747
0.0030114957 	-0.025633163 	0.0051537982 	0.81421626
0.0030454363 	-0.029238642 	0.0014000478 	0.81299371
0.0030789082 	-0.03385705 	-0.0023332438 	0.81266166
0.0031119178 	-0.039376883 	-0.0061899527 	0.81295651
0.0031444715 	-0.045417951 	-0.010416195 	0.81348067
0.0031765755 	-0.051353752 	-0.015247671 	0.8136026
0.0032082362 	-0.056374178 	-0.020791415 	0.81239632
0.0032394596 	-0.059716339 	-0.027025273 	0.8087687
0.0032702517 	-0.060790812 	-0.033947735 	0.80183154
0.0033006186 	-0.059281713 	-0.04164356 	0.79120951
0.003330566 	-0.055239508 	-0.050299552 	0.77714003
0.0033600998 	-0.049006187 	-0.060093707 	0.76032657
0.0033892257 	-0.041096984 	-0.071066099 	0.74166033
0.0034179494 	-0.032079817 	-0.083045371 	0.7219906
0.0034462763 	-0.022496098 	-0.095627294 	0.70197154
0.003474212 	-0.012831534 	-0.1081881 	0.68199559
0.0035017619 	-0.0035033501 	-0.119914 	0.66221586
0.0035289312 	0.0050692959 	-0.12985743 	0.64261719
0.0035557253 	0.012519723 	-0.13702493 	0.62320166
0.0035821494 	0.018506342 	-0.14050441 	0.60414215
0.0036082084 	0.022622802 	-0.1396049 	0.58589216
0.0036339076 	0.024529559 	-0.13398158 	0.56918448
0.0036592518 	0.024068257 	-0.12372696 	0.55478583
0.003684246 	0.021369766 	-0.10940963 	0.54304235
0.003708895 	0.016914098 	-0.092003541 	0.53342471
0.0037332035 	0.011469533 	-0.0726509 	0.52436653
0.0037571763 	0.0059336287 	-0.05234068 	0.51355311
0.003780818 	0.0011376024 	-0.03177403 	0.49847483
0.0038041332 	-0.0023026297 	-0.011639372 	0.47690933
0.0038271264 	-0.0041958172 	0.0068631861 	0.44717452
0.0038498019 	-0.0047733151 	0.021781044 	0.40838359
0.0038721643 	-0.0044164298 	0.031043425 	0.36080122
0.0038942179 	-0.0035443587 	0.033691393 	0.30556294
0.0039159668 	-0.002506714 	0.030554571 	0.24405407
0.0039374154 	-0.0014821607 	0.023647683 	0.17779336
0.0039585677 	-0.00059318938 	0.014857572 	0.1084683
0.0039794279 	-3.4531574e-05 	0.0051777078 	0.03716357
0.004 	-3.4531574e-05 	0.0051777078 	0.03716357
