0 	-0.040474668 	0.0150112 	1.0670441
5.5555556e-05 	-0.030747419 	0.03306082 	1.068427
0.00011111111 	-0.025935469 	0.037732573 	1.0698571
0.00016666667 	-0.021581078 	0.03923885 	1.0713911
0.00022222222 	-0.016339872 	0.038505674 	1.0730615
0.00027777778 	-0.0098327725 	0.035407647 	1.0749055
0.00033333333 	-0.0021241637 	0.029731262 	1.0769593
0.00038888889 	0.0063833545 	0.021558739 	1.0791732
0.00044444444 	0.014986781 	0.011468458 	1.0812109
0.0005 	0.022825768 	0.00051661795 	1.0822063
0.00055555556 	0.029108654 	-0.010029311 	1.0807864
0.00061111111 	0.033228315 	-0.019054667 	1.0756518
0.00066666667 	0.034813095 	-0.02574171 	1.0663719
0.00072222222 	0.033822156 	-0.029632952 	1.0537726
0.00077777778 	0.030625867 	-0.030692389 	1.0396188
0.00083333333 	0.02598011 	-0.02931455 	1.0258633
0.00088888889 	0.020793437 	-0.026227782 	1.0140222
0.00094444444 	0.015787051 	-0.022366617 	1.004946
0.001 	0.01120711 	-0.018471017 	0.9986677
0.0010617199 	0.0072163843 	-0.015242418 	0.99587207
0.0011225874 	0.0037983943 	-0.012180324 	0.99635003
0.0011826143 	0.00090651269 	-0.0074554033 	0.99907408
0.0012418122 	-0.0011087261 	0.00078910774 	1.0024756
0.0013001926 	-0.0020136172 	0.012678683 	1.0048591
0.0013577668 	-0.0026161989 	0.025790769 	1.0054418
0.0014145458 	-0.0043152572 	0.036596498 	1.0047969
0.0014705407 	-0.007835395 	0.042984017 	1.0038999
0.0015257623 	-0.012765022 	0.045213036 	1.0031002
0.0015802213 	-0.018074082 	0.044791685 	1.0020306
0.0016339282 	-0.022825732 	0.043152098 	1.0000118
0.0016868934 	-0.026403556 	0.041156053 	0.99649006
0.0017391271 	-0.028542761 	0.039175742 	0.99121508
0.0017906395 	-0.029208093 	0.037401466 	0.98426487
0.0018414404 	-0.028502911 	0.035998317 	0.97591094
0.0018915398 	-0.026656241 	0.03524568 	0.96651571
0.0019409473 	-0.024028929 	0.035423383 	0.95635793
0.0019896725 	-0.021062745 	0.036602852 	0.94564855
0.0020377248 	-0.018249798 	0.038402776 	0.9346448
0.0020851134 	-0.015968526 	0.039980452 	0.92384825
0.0021318476 	-0.014431322 	0.040387957 	0.91404958
0.0021779364 	-0.013639658 	0.039075409 	0.90616256
0.0022233887 	-0.013433355 	0.036123163 	0.90098288
0.0022682133 	-0.013671403 	0.032108267 	0.89885842
0.0023124189 	-0.014223251 	0.027790596 	0.89942299
0.0023560139 	-0.014941415 	0.023841779 	0.90160344
0.0023990069 	-0.015647402 	0.020674271 	0.90397269
0.0024414062 	-0.016161029 	0.018415334 	0.90524238
0.0024832199 	-0.016347145 	0.016978669 	0.90461205
0.0025244562 	-0.01614464 	0.016141725 	0.90190173
0.002565123 	-0.015608782 	0.015610008 	0.89747088
0.0026052281 	-0.014889016 	0.01506601 	0.89199049
0.0026447794 	-0.014184485 	0.01421437 	0.88613777
0.0026837845 	-0.013700004 	0.012824377 	0.88030778
0.0027222509 	-0.013594151 	0.010759135 	0.8744401
0.0027601861 	-0.013939881 	0.0079644019 	0.86805712
0.0027975974 	-0.014720798 	0.0044348829 	0.86052744
0.002834492 	-0.015789634 	0.00016923303 	0.85145201
0.0028708772 	-0.016909634 	-0.0048277518 	0.84094227
0.0029067598 	-0.017900296 	-0.010526786 	0.82960354
0.0029421469 	-0.018564882 	-0.016763535 	0.81827743
0.0029770452 	-0.018692097 	-0.02325276 	0.8077053
0.0030114616 	-0.018154117 	-0.029616181 	0.79832941
0.0030454028 	-0.016907193 	-0.035445949 	0.79029183
0.0030788752 	-0.01499121 	-0.040377549 	0.78352585
0.0031118853 	-0.012524547 	-0.044146888 	0.77783231
0.0031444395 	-0.009684848 	-0.046620366 	0.77290262
0.0031765442 	-0.0066831253 	-0.047809704 	0.76829965
0.0032082055 	-0.0037346309 	-0.047870541 	0.76343328
0.0032394295 	-0.0010273175 	-0.047077412 	0.75756777
0.0032702223 	0.0013015351 	-0.045771982 	0.74987902
0.0033005899 	0.0031802788 	-0.044283173 	0.73955645
0.0033305381 	0.0046024134 	-0.042842856 	0.72593479
0.0033600727 	0.0056062462 	-0.041535448 	0.70865523
0.0033891994 	0.0062409601 	-0.040323693 	0.68785692
0.0034179239 	0.0065345748 	-0.039145328 	0.66432698
0.0034462517 	0.0064915027 	-0.038015489 	0.63945295
0.0034741882 	0.0061278575 	-0.037053324 	0.61487857
0.003501739 	0.0055116248 	-0.036406328 	0.59199988
0.0035289093 	0.0047663366 	-0.036126961 	0.57159503
0.0035557043 	0.0040343195 	-0.036088622 	0.55376399
0.0035821293 	0.0034297637 	-0.0359927 	0.53812209
0.0036081894 	0.0030084101 	-0.035455393 	0.52407647
0.0036338895 	0.0027607459 	-0.034120982 	0.51103616
0.0036592348 	0.0026237754 	-0.031749726 	0.49848002
0.00368423 	0.0025047111 	-0.028255295 	0.48587953
0.00370888 	0.0023107898 	-0.023698865 	0.47253896
0.0037331896 	0.0019786347 	-0.018262355 	0.45746106
0.0037571635 	0.001494394 	-0.012222907 	0.43935
0.0037808063 	0.00089692891 	-0.0059386225 	0.41680871
0.0038041226 	0.00026206468 	0.00016159068 	0.38869059
0.0038271169 	-0.00029825614 	0.0056019336 	0.35447061
0.0038497936 	-0.00068962042 	0.0099143877 	0.3144752
0.0038721572 	-0.00087739675 	0.01271716 	0.26978096
0.0038942119 	-0.00086558339 	0.013779683 	0.22190713
0.003915962 	-0.00069840125 	0.013061726 	0.17239092
0.0039374118 	-0.00044676667 	0.010713632 	0.12246023
0.0039585653 	-0.00019501159 	0.0070470364 	0.072905824
0.0039794267 	-2.6944772e-05 	0.0024892555 	0.024119265
0.004 	-2.6944772e-05 	0.0024892555 	0.024119265
