0 	-0.027130707 	-0.064948759 	1.0352835
2.0100503e-05 	-0.027130707 	-0.064948759 	1.0352835
4.0201005e-05 	-0.027130707 	-0.064948759 	1.0352835
6.0301508e-05 	0.0066177472 	-0.061150828 	1.0271727
8.040201e-05 	0.0066177472 	-0.061150828 	1.0271727
0.00010050251 	0.0066177472 	-0.061150828 	1.0271727
0.00012060302 	0.014659538 	-0.046577023 	1.0229936
0.00014070352 	0.014659538 	-0.046577023 	1.0229936
0.00016080402 	0.014659538 	-0.046577023 	1.0229936
0.00018090452 	0.016335944 	-0.030304798 	1.0231292
0.00020100503 	0.016335944 	-0.030304798 	1.0231292
0.00022110553 	0.016335944 	-0.030304798 	1.0231292
0.00024120603 	0.015308669 	-0.014591723 	1.0265826
0.00026130653 	0.015308669 	-0.014591723 	1.0265826
0.00028140704 	0.01315144 	-0.00092784961 	1.0317879
0.00030150754 	0.01315144 	-0.00092784961 	1.0317879
0.00032160804 	0.01315144 	-0.00092784961 	1.0317879
0.00034170854 	0.010916761 	0.01014543 	1.0372551
0.00036180905 	0.010916761 	0.01014543 	1.0372551
0.00038190955 	0.010916761 	0.01014543 	1.0372551
0.00040201005 	0.0093211024 	0.01873591 	1.0418712
0.00042211055 	0.0093211024 	0.01873591 	1.0418712
0.00044221106 	0.0093211024 	0.01873591 	1.0418712
0.00046231156 	0.0087957702 	0.025266841 	1.0449917
0.00048241206 	0.0087957702 	0.025266841 	1.0449917
0.00050251256 	0.0095172592 	0.030182725 	1.0464359
0.00052261307 	0.0095172592 	0.030182725 	1.0464359
0.00054271357 	0.0095172592 	0.030182725 	1.0464359
0.00056281407 	0.011459006 	0.03384036 	1.0464179
0.00058291457 	0.011459006 	0.03384036 	1.0464179
0.00060301508 	0.011459006 	0.03384036 	1.0464179
0.00062311558 	0.014418122 	0.036524422 	1.0454066
0.00064321608 	0.014418122 	0.036524422 	1.0454066
0.00066331658 	0.018263042 	0.038602999 	1.0469602
0.00068341709 	0.021857971 	0.040106571 	1.0447711
0.00070351759 	0.021857971 	0.040106571 	1.0447711
0.00072361809 	0.025560057 	0.04132126 	1.0428057
0.00074371859 	0.025560057 	0.04132126 	1.0428057
0.0007638191 	0.025560057 	0.04132126 	1.0428057
0.0007839196 	0.028971027 	0.042455475 	1.0408753
0.0008040201 	0.028971027 	0.042455475 	1.0408753
0.0008241206 	0.028971027 	0.042455475 	1.0408753
0.00084422111 	0.031676923 	0.043689583 	1.0386626
0.00086432161 	0.031676923 	0.043689583 	1.0386626
0.00088442211 	0.031676923 	0.043689583 	1.0386626
0.00090452261 	0.033353795 	0.045277934 	1.0362815
0.00092462312 	0.033353795 	0.045277934 	1.0362815
0.00094472362 	0.033480689 	0.047306755 	1.0343744
0.00096482412 	0.033480689 	0.047306755 	1.0343744
0.00098492462 	0.033480689 	0.047306755 	1.0343744
0.0010050251 	0.031012149 	0.04885965 	1.0291872
0.0010251256 	0.031012149 	0.04885965 	1.0291872
0.0010452261 	0.031012149 	0.04885965 	1.0291872
0.0010653266 	0.028095741 	0.053212639 	1.0301815
0.0010854271 	0.028650358 	0.054043391 	1.0351111
0.0011055276 	0.028650358 	0.054043391 	1.0351111
0.0011256281 	0.024782802 	0.058480989 	1.03771
0.0011457286 	0.024782802 	0.058480989 	1.03771
0.0011658291 	0.024606584 	0.058541916 	1.0330221
0.0011859296 	0.021296325 	0.064187092 	1.036372
0.0012060302 	0.021124999 	0.062873491 	1.0402942
0.0012261307 	0.021124999 	0.062873491 	1.0402942
0.0012462312 	0.018267136 	0.066410021 	1.0416433
0.0012663317 	0.018267136 	0.066410021 	1.0416433
0.0012864322 	0.018267136 	0.066410021 	1.0416433
0.0013065327 	0.016737364 	0.068511639 	1.0406397
0.0013266332 	0.016737364 	0.068511639 	1.0406397
0.0013467337 	0.016737364 	0.068511639 	1.0406397
0.0013668342 	0.016888576 	0.068949634 	1.0365305
0.0013869347 	0.017944508 	0.074043828 	1.0346399
0.0014070352 	0.017944508 	0.074043828 	1.0346399
0.0014271357 	0.020294582 	0.073553349 	1.0266892
0.0014472362 	0.020294582 	0.073553349 	1.0266892
0.0014673367 	0.020294582 	0.073553349 	1.0266892
0.0014874372 	0.022433595 	0.065467696 	1.018748
0.0015075377 	0.022433595 	0.065467696 	1.018748
0.0015276382 	0.02705 	0.062077508 	1.0060205
0.0015477387 	0.02705 	0.062077508 	1.0060205
0.0015678392 	0.02705 	0.062077508 	1.0060205
0.0015879397 	0.032174124 	0.057663971 	0.99182633
0.0016080402 	0.032174124 	0.057663971 	0.99182633
0.0016281407 	0.032174124 	0.057663971 	0.99182633
0.0016482412 	0.037378709 	0.052137345 	0.97700596
0.0016683417 	0.037378709 	0.052137345 	0.97700596
0.0016884422 	0.04242581 	0.045387633 	0.96222917
0.0017085427 	0.04242581 	0.045387633 	0.96222917
0.0017286432 	0.04242581 	0.045387633 	0.96222917
0.0017487437 	0.047336296 	0.0372393 	0.94791682
0.0017688442 	0.047336296 	0.0372393 	0.94791682
0.0017889447 	0.047336296 	0.0372393 	0.94791682
0.0018090452 	0.052253429 	0.02755503 	0.93428953
0.0018291457 	0.052253429 	0.02755503 	0.93428953
0.0018492462 	0.057296438 	0.016390923 	0.92152613
0.0018693467 	0.057296438 	0.016390923 	0.92152613
0.0018894472 	0.057296438 	0.016390923 	0.92152613
0.0019095477 	0.062544361 	0.0040757444 	0.90987641
0.0019296482 	0.062544361 	0.0040757444 	0.90987641
0.0019497487 	0.067973605 	-0.0087312663 	0.89966538
0.0019698492 	0.067973605 	-0.0087312663 	0.89966538
0.0019899497 	0.073446353 	-0.021129904 	0.89118279
0.0020100503 	0.073446353 	-0.021129904 	0.89118279
0.0020301508 	0.073446353 	-0.021129904 	0.89118279
0.0020502513 	0.078784497 	-0.032185838 	0.88462588
0.0020703518 	0.078784497 	-0.032185838 	0.88462588
0.0020904523 	0.083840127 	-0.041173008 	0.8800656
0.0021105528 	0.083840127 	-0.041173008 	0.8800656
0.0021306533 	0.083840127 	-0.041173008 	0.8800656
0.0021507538 	0.08851147 	-0.04772878 	0.87746191
0.0021708543 	0.08851147 	-0.04772878 	0.87746191
0.0021909548 	0.092762325 	-0.051853181 	0.87664118
0.0022110553 	0.092762325 	-0.051853181 	0.87664118
0.0022311558 	0.09660682 	-0.053849078 	0.87735561
0.0022512563 	0.09660682 	-0.053849078 	0.87735561
0.0022713568 	0.10007587 	-0.054161574 	0.8791892
0.0022914573 	0.10007587 	-0.054161574 	0.8791892
0.0023115578 	0.10007587 	-0.054161574 	0.8791892
0.0023316583 	0.10326498 	-0.053307313 	0.88163887
0.0023517588 	0.10326498 	-0.053307313 	0.88163887
0.0023718593 	0.10632671 	-0.051910755 	0.88407703
0.0023919598 	0.10632671 	-0.051910755 	0.88407703
0.0024120603 	0.10948492 	-0.050720401 	0.88583273
0.0024321608 	0.10948492 	-0.050720401 	0.88583273
0.0024522613 	0.11297382 	-0.050535974 	0.88621911
0.0024723618 	0.11297382 	-0.050535974 	0.88621911
0.0024924623 	0.1168769 	-0.05187308 	0.88458093
0.0025125628 	0.1168769 	-0.05187308 	0.88458093
0.0025326633 	0.12099293 	-0.054656597 	0.88033675
0.0025527638 	0.12099293 	-0.054656597 	0.88033675
0.0025728643 	0.12479109 	-0.058064071 	0.87319327
0.0025929648 	0.12479109 	-0.058064071 	0.87319327
0.0026130653 	0.12757462 	-0.06072921 	0.86326807
0.0026331658 	0.12757462 	-0.06072921 	0.86326807
0.0026532663 	0.12865347 	-0.061096009 	0.85113055
0.0026733668 	0.12865347 	-0.061096009 	0.85113055
0.0026934673 	0.12753904 	-0.057763103 	0.83783047
0.0027135678 	0.12753904 	-0.057763103 	0.83783047
0.0027336683 	0.12407192 	-0.049840351 	0.82468549
0.0027537688 	0.12407192 	-0.049840351 	0.82468549
0.0027738693 	0.11858105 	-0.036982568 	0.81300635
0.0027939698 	0.11858105 	-0.036982568 	0.81300635
0.0028140704 	0.11158962 	-0.019445209 	0.80396277
0.0028341709 	0.11158962 	-0.019445209 	0.80396277
0.0028542714 	0.10386696 	0.0012894666 	0.79837247
0.0028743719 	0.095991156 	0.023224552 	0.79661667
0.0028944724 	0.095991156 	0.023224552 	0.79661667
0.0029145729 	0.088332301 	0.04513061 	0.79830177
0.0029346734 	0.088332301 	0.04513061 	0.79830177
0.0029547739 	0.08116938 	0.065046643 	0.80209211
0.0029748744 	0.08116938 	0.065046643 	0.80209211
0.0029949749 	0.073278014 	0.078693656 	0.80502339
0.0030150754 	0.063083191 	0.082036135 	0.80492354
0.0030351759 	0.063083191 	0.082036135 	0.80492354
0.0030552764 	0.050590051 	0.076057206 	0.80272687
0.0030753769 	0.050590051 	0.076057206 	0.80272687
0.0030954774 	0.037401167 	0.066052705 	0.79946031
0.0031155779 	0.025133229 	0.057365306 	0.79296644
0.0031356784 	0.025133229 	0.057365306 	0.79296644
0.0031557789 	0.014599142 	0.053502385 	0.78024768
0.0031758794 	0.014599142 	0.053502385 	0.78024768
0.0031959799 	0.0059652807 	0.055488139 	0.76132505
0.0032160804 	-0.0008857296 	0.061583752 	0.73943128
0.0032361809 	-0.0008857296 	0.061583752 	0.73943128
0.0032562814 	-0.0061670039 	0.068167991 	0.71841398
0.0032763819 	-0.010195195 	0.071447466 	0.70050269
0.0032964824 	-0.010195195 	0.071447466 	0.70050269
0.0033165829 	-0.013282456 	0.068917788 	0.68551898
0.0033366834 	-0.015601286 	0.060261999 	0.67148538
0.0033567839 	-0.015601286 	0.060261999 	0.67148538
0.0033768844 	-0.017242354 	0.047280604 	0.65599589
0.0033969849 	-0.018109841 	0.032701287 	0.63764996
0.0034170854 	-0.018109841 	0.032701287 	0.63764996
0.0034371859 	-0.017979697 	0.018377421 	0.61706361
0.0034572864 	-0.016748679 	0.0044908133 	0.59701537
0.0034773869 	-0.014620042 	-0.0097907769 	0.58133907
0.0034974874 	-0.014620042 	-0.0097907769 	0.58133907
0.0035175879 	-0.012156046 	-0.025024005 	0.57284778
0.0035376884 	-0.010025075 	-0.040858526 	0.57171948
0.0035577889 	-0.0086846451 	-0.056278694 	0.57547176
0.0035778894 	-0.0086846451 	-0.056278694 	0.57547176
0.0035979899 	-0.0082116702 	-0.070249329 	0.58010344
0.0036180905 	-0.0083333725 	-0.082077341 	0.58142689
0.003638191 	-0.0086055929 	-0.091337126 	0.57614599
0.0036582915 	-0.0086055929 	-0.091337126 	0.57614599
0.003678392 	-0.0086342117 	-0.09760611 	0.56264209
0.0036984925 	-0.0082379425 	-0.10032466 	0.54132197
0.003718593 	-0.0074677742 	-0.098902427 	0.51426265
0.0037386935 	-0.0065032556 	-0.092994094 	0.48415564
0.003758794 	-0.0055203256 	-0.082802932 	0.45303137
0.0037788945 	-0.0055203256 	-0.082802932 	0.45303137
0.003798995 	-0.0046187274 	-0.069270938 	0.4214311
0.0038190955 	-0.003819045 	-0.054044177 	0.38838384
0.003839196 	-0.0030943029 	-0.039154643 	0.35208281
0.0038592965 	-0.002405888 	-0.026466864 	0.31091204
0.003879397 	-0.0017454554 	-0.017092984 	0.26440125
0.0038994975 	-0.0011546831 	-0.011079751 	0.2136855
0.003919598 	-0.0006982492 	-0.0075746685 	0.16121519
0.0039396985 	-0.0003990228 	-0.0053691837 	0.10987089
0.003959799 	-0.0002122142 	-0.0034482647 	0.062024995
0.0039798995 	-5.4490942e-05 	-0.0012492905 	0.01904289
0.004 	-5.4490942e-05 	-0.0012492905 	0.01904289
