0 	0.024257231 	0.011780813 	1.1039533
2.0100503e-05 	0.024257231 	0.011780813 	1.1039533
4.0201005e-05 	0.024257231 	0.011780813 	1.1039533
6.0301508e-05 	0.029371495 	0.0015242655 	1.1039123
8.040201e-05 	0.029371495 	0.0015242655 	1.1039123
0.00010050251 	0.029371495 	0.0015242655 	1.1039123
0.00012060302 	0.032040316 	-0.00061306835 	1.1031458
0.00014070352 	0.032040316 	-0.00061306835 	1.1031458
0.00016080402 	0.032040316 	-0.00061306835 	1.1031458
0.00018090452 	0.034787513 	-0.0010598195 	1.10183
0.00020100503 	0.034787513 	-0.0010598195 	1.10183
0.00022110553 	0.034787513 	-0.0010598195 	1.10183
0.00024120603 	0.037615941 	-0.00099177565 	1.1001352
0.00026130653 	0.037615941 	-0.00099177565 	1.1001352
0.00028140704 	0.0404757 	-0.00079683729 	1.0982152
0.00030150754 	0.0404757 	-0.00079683729 	1.0982152
0.00032160804 	0.0404757 	-0.00079683729 	1.0982152
0.00034170854 	0.043336457 	-0.00066088843 	1.0961978
0.00036180905 	0.043336457 	-0.00066088843 	1.0961978
0.00038190955 	0.043336457 	-0.00066088843 	1.0961978
0.00040201005 	0.046178621 	-0.00068102792 	1.0941773
0.00042211055 	0.046178621 	-0.00068102792 	1.0941773
0.00044221106 	0.046178621 	-0.00068102792 	1.0941773
0.00046231156 	0.048978275 	-0.00088966568 	1.0922133
0.00048241206 	0.048978275 	-0.00088966568 	1.0922133
0.00050251256 	0.051695018 	-0.0012657726 	1.0903338
0.00052261307 	0.051695018 	-0.0012657726 	1.0903338
0.00054271357 	0.051695018 	-0.0012657726 	1.0903338
0.00056281407 	0.054263755 	-0.0017434755 	1.0885432
0.00058291457 	0.054263755 	-0.0017434755 	1.0885432
0.00060301508 	0.054263755 	-0.0017434755 	1.0885432
0.00062311558 	0.056602506 	-0.0022428432 	1.0868288
0.00064321608 	0.056602506 	-0.0022428432 	1.0868288
0.00066331658 	0.056602506 	-0.0022428432 	1.0868288
0.00068341709 	0.058624073 	-0.0026977085 	1.0851659
0.00070351759 	0.058624073 	-0.0026977085 	1.0851659
0.00072361809 	0.060261627 	-0.003089841 	1.0835316
0.00074371859 	0.060261627 	-0.003089841 	1.0835316
0.0007638191 	0.060261627 	-0.003089841 	1.0835316
0.0007839196 	0.061472117 	-0.0034523439 	1.0819225
0.0008040201 	0.061472117 	-0.0034523439 	1.0819225
0.0008241206 	0.061472117 	-0.0034523439 	1.0819225
0.00084422111 	0.062266355 	-0.0038633263 	1.0803686
0.00086432161 	0.062266355 	-0.0038633263 	1.0803686
0.00088442211 	0.062266355 	-0.0038633263 	1.0803686
0.00090452261 	0.062659725 	-0.0044154534 	1.078935
0.00092462312 	0.062659725 	-0.0044154534 	1.078935
0.00094472362 	0.062732225 	-0.0051355137 	1.0776765
0.00096482412 	0.062732225 	-0.0051355137 	1.0776765
0.00098492462 	0.062732225 	-0.0051355137 	1.0776765
0.0010050251 	0.062617899 	-0.006126928 	1.0765386
0.0010251256 	0.062617899 	-0.006126928 	1.0765386
0.0010452261 	0.062617899 	-0.006126928 	1.0765386
0.0010653266 	0.062327134 	-0.0072802251 	1.0755591
0.0010854271 	0.062327134 	-0.0072802251 	1.0755591
0.0011055276 	0.062327134 	-0.0072802251 	1.0755591
0.0011256281 	0.062068018 	-0.0083836461 	1.0747075
0.0011457286 	0.062068018 	-0.0083836461 	1.0747075
0.0011658291 	0.062068018 	-0.0083836461 	1.0747075
0.0011859296 	0.061948655 	-0.0091337936 	1.0738883
0.0012060302 	0.061948655 	-0.0091337936 	1.0738883
0.0012261307 	0.061948655 	-0.0091337936 	1.0738883
0.0012462312 	0.061912564 	-0.0092192233 	1.0730698
0.0012663317 	0.061912564 	-0.0092192233 	1.0730698
0.0012864322 	0.061912564 	-0.0092192233 	1.0730698
0.0013065327 	0.061771928 	-0.0083345791 	1.0722621
0.0013266332 	0.061771928 	-0.0083345791 	1.0722621
0.0013467337 	0.061771928 	-0.0083345791 	1.0722621
0.0013668342 	0.061218586 	-0.0062760209 	1.0714003
0.0013869347 	0.061218586 	-0.0062760209 	1.0714003
0.0014070352 	0.061218586 	-0.0062760209 	1.0714003
0.0014271357 	0.059990657 	-0.0030359553 	1.0702917
0.0014472362 	0.059990657 	-0.0030359553 	1.0702917
0.0014673367 	0.059990657 	-0.0030359553 	1.0702917
0.0014874372 	0.05795835 	0.0011931596 	1.068698
0.0015075377 	0.05795835 	0.0011931596 	1.068698
0.0015276382 	0.055135261 	0.006091445 	1.0664319
0.0015477387 	0.055135261 	0.006091445 	1.0664319
0.0015678392 	0.055135261 	0.006091445 	1.0664319
0.0015879397 	0.051641108 	0.011469524 	1.063146
0.0016080402 	0.051641108 	0.011469524 	1.063146
0.0016281407 	0.051641108 	0.011469524 	1.063146
0.0016482412 	0.047728364 	0.017466617 	1.057902
0.0016683417 	0.047728364 	0.017466617 	1.057902
0.0016884422 	0.043797957 	0.024361026 	1.0496345
0.0017085427 	0.043797957 	0.024361026 	1.0496345
0.0017286432 	0.043797957 	0.024361026 	1.0496345
0.0017487437 	0.040164603 	0.031956749 	1.0385319
0.0017688442 	0.040164603 	0.031956749 	1.0385319
0.0017889447 	0.040164603 	0.031956749 	1.0385319
0.0018090452 	0.036974573 	0.039434158 	1.0263605
0.0018291457 	0.036974573 	0.039434158 	1.0263605
0.0018492462 	0.034453951 	0.045894954 	1.0150846
0.0018693467 	0.034453951 	0.045894954 	1.0150846
0.0018894472 	0.034453951 	0.045894954 	1.0150846
0.0019095477 	0.032941301 	0.050790664 	1.0056681
0.0019296482 	0.032941301 	0.050790664 	1.0056681
0.0019497487 	0.032703378 	0.053856026 	0.99813086
0.0019698492 	0.032703378 	0.053856026 	0.99813086
0.0019899497 	0.033829113 	0.054910252 	0.99210428
0.0020100503 	0.033829113 	0.054910252 	0.99210428
0.0020301508 	0.033829113 	0.054910252 	0.99210428
0.0020502513 	0.036224016 	0.053864927 	0.98722065
0.0020703518 	0.036224016 	0.053864927 	0.98722065
0.0020904523 	0.039661353 	0.050811026 	0.98322449
0.0021105528 	0.039661353 	0.050811026 	0.98322449
0.0021306533 	0.039661353 	0.050811026 	0.98322449
0.0021507538 	0.043855214 	0.046074801 	0.97993914
0.0021708543 	0.043855214 	0.046074801 	0.97993914
0.0021909548 	0.048479149 	0.040212094 	0.97722609
0.0022110553 	0.048479149 	0.040212094 	0.97722609
0.0022311558 	0.05317145 	0.033822678 	0.97495426
0.0022512563 	0.05317145 	0.033822678 	0.97495426
0.0022713568 	0.057590729 	0.027457906 	0.97299764
0.0022914573 	0.057590729 	0.027457906 	0.97299764
0.0023115578 	0.057590729 	0.027457906 	0.97299764
0.0023316583 	0.061434616 	0.021507948 	0.97124953
0.0023517588 	0.061434616 	0.021507948 	0.97124953
0.0023718593 	0.064458538 	0.016193522 	0.96963129
0.0023919598 	0.064458538 	0.016193522 	0.96963129
0.0024120603 	0.06649183 	0.011587999 	0.96809243
0.0024321608 	0.06649183 	0.011587999 	0.96809243
0.0024522613 	0.067477617 	0.0076621417 	0.96660488
0.0024723618 	0.067477617 	0.0076621417 	0.96660488
0.0024924623 	0.067424954 	0.0042719289 	0.96516381
0.0025125628 	0.067424954 	0.0042719289 	0.96516381
0.0025326633 	0.066392481 	0.001137652 	0.96382037
0.0025527638 	0.066392481 	0.001137652 	0.96382037
0.0025728643 	0.064490815 	-0.0021161448 	0.96268785
0.0025929648 	0.064490815 	-0.0021161448 	0.96268785
0.0026130653 	0.06184873 	-0.0058321462 	0.96191174
0.0026331658 	0.06184873 	-0.0058321462 	0.96191174
0.0026532663 	0.058723429 	-0.01017609 	0.96160886
0.0026733668 	0.058723429 	-0.01017609 	0.96160886
0.0026934673 	0.055433353 	-0.015115076 	0.96187134
0.0027135678 	0.055433353 	-0.015115076 	0.96187134
0.0027336683 	0.052263959 	-0.020629986 	0.96284765
0.0027537688 	0.052263959 	-0.020629986 	0.96284765
0.0027738693 	0.04945175 	-0.026869604 	0.96476183
0.0027939698 	0.04945175 	-0.026869604 	0.96476183
0.0028140704 	0.047181881 	-0.034199915 	0.9677345
0.0028341709 	0.047181881 	-0.034199915 	0.9677345
0.0028542714 	0.045560758 	-0.042978636 	0.97137427
0.0028743719 	0.044565933 	-0.053161511 	0.97445154
0.0028944724 	0.044565933 	-0.053161511 	0.97445154
0.0029145729 	0.044052413 	-0.064012564 	0.97505763
0.0029346734 	0.044052413 	-0.064012564 	0.97505763
0.0029547739 	0.043740746 	-0.07416502 	0.97142303
0.0029748744 	0.043740746 	-0.07416502 	0.97142303
0.0029949749 	0.043277605 	-0.08210832 	0.96293309
0.0030150754 	0.042336241 	-0.086807131 	0.95046589
0.0030351759 	0.042336241 	-0.086807131 	0.95046589
0.0030552764 	0.040760297 	-0.088033351 	0.93583902
0.0030753769 	0.040760297 	-0.088033351 	0.93583902
0.0030954774 	0.038615022 	-0.086200891 	0.92076782
0.0031155779 	0.036101979 	-0.081906678 	0.90622796
0.0031356784 	0.036101979 	-0.081906678 	0.90622796
0.0031557789 	0.033326915 	-0.075542336 	0.89248288
0.0031758794 	0.033326915 	-0.075542336 	0.89248288
0.0031959799 	0.030346975 	-0.067182627 	0.87942805
0.0032160804 	0.027224508 	-0.056808364 	0.86681513
0.0032361809 	0.027224508 	-0.056808364 	0.86681513
0.0032562814 	0.024001087 	-0.044540881 	0.85432535
0.0032763819 	0.020811585 	-0.031025052 	0.84161504
0.0032964824 	0.020811585 	-0.031025052 	0.84161504
0.0033165829 	0.017869365 	-0.017643307 	0.8283741
0.0033366834 	0.015479275 	-0.0063943075 	0.81459581
0.0033567839 	0.015479275 	-0.0063943075 	0.81459581
0.0033768844 	0.013928295 	0.001071436 	0.80121697
0.0033969849 	0.01334641 	0.0049985702 	0.79094892
0.0034170854 	0.01334641 	0.0049985702 	0.79094892
0.0034371859 	0.013223495 	0.0081600997 	0.78797725
0.0034572864 	0.012442397 	0.013961218 	0.79522524
0.0034773869 	0.0098784867 	0.023027138 	0.81095689
0.0034974874 	0.0098784867 	0.023027138 	0.81095689
0.0035175879 	0.004621805 	0.032772999 	0.83001671
0.0035376884 	-0.003347738 	0.040958642 	0.84900228
0.0035577889 	-0.013080639 	0.047564947 	0.8679404
0.0035778894 	-0.013080639 	0.047564947 	0.8679404
0.0035979899 	-0.023253651 	0.053831998 	0.88734198
0.0036180905 	-0.032432865 	0.060895963 	0.90553065
0.003638191 	-0.039417576 	0.069105055 	0.91899692
0.0036582915 	-0.039417576 	0.069105055 	0.91899692
0.003678392 	-0.043310393 	0.077979987 	0.92394744
0.0036984925 	-0.043666182 	0.08661201 	0.91753473
0.003718593 	-0.040490529 	0.094147763 	0.89841064
0.0037386935 	-0.034235553 	0.10006648 	0.86672316
0.003758794 	-0.02567265 	0.10410856 	0.82374647
0.0037788945 	-0.02567265 	0.10410856 	0.82374647
0.003798995 	-0.015783889 	0.10610974 	0.77127531
0.0038190955 	-0.0056547642 	0.1058822 	0.71097954
0.003839196 	0.0034107626 	0.10329475 	0.64403451
0.0038592965 	0.010331008 	0.098361607 	0.57104839
0.003879397 	0.01427513 	0.091107395 	0.49284029
0.0038994975 	0.014614586 	0.081236531 	0.41092636
0.003919598 	0.011792434 	0.068232537 	0.32653329
0.0039396985 	0.0074507403 	0.052026038 	0.23916758
0.003959799 	0.0034163751 	0.033088495 	0.14758974
0.0039798995 	0.00059244733 	0.01198343 	0.051314208
0.004 	0.00059244733 	0.01198343 	0.051314208
