0 	-0.015580258 	-0.0073935012 	1.0910134
2.0100503e-05 	-0.015580258 	-0.0073935012 	1.0910134
4.0201005e-05 	-0.015580258 	-0.0073935012 	1.0910134
6.0301508e-05 	-0.0083053256 	-0.013646306 	1.0953169
8.040201e-05 	-0.0083053256 	-0.013646306 	1.0953169
0.00010050251 	-0.0083053256 	-0.013646306 	1.0953169
0.00012060302 	-0.0042070241 	-0.013157006 	1.1004094
0.00014070352 	-0.0042070241 	-0.013157006 	1.1004094
0.00016080402 	-0.0042070241 	-0.013157006 	1.1004094
0.00018090452 	-0.0014519849 	-0.010934941 	1.1061957
0.00020100503 	-0.0014519849 	-0.010934941 	1.1061957
0.00022110553 	-0.0014519849 	-0.010934941 	1.1061957
0.00024120603 	0.00045805579 	-0.0079659209 	1.1123758
0.00026130653 	0.00045805579 	-0.0079659209 	1.1123758
0.00028140704 	0.0017609353 	-0.0047563966 	1.1183919
0.00030150754 	0.0017609353 	-0.0047563966 	1.1183919
0.00032160804 	0.0017609353 	-0.0047563966 	1.1183919
0.00034170854 	0.0026698071 	-0.0016156169 	1.1235614
0.00036180905 	0.0026698071 	-0.0016156169 	1.1235614
0.00038190955 	0.0026698071 	-0.0016156169 	1.1235614
0.00040201005 	0.0034204176 	0.0012680925 	1.1272615
0.00042211055 	0.0034204176 	0.0012680925 	1.1272615
0.00044221106 	0.0034204176 	0.0012680925 	1.1272615
0.00046231156 	0.0042097112 	0.0038109662 	1.1290688
0.00048241206 	0.0042097112 	0.0038109662 	1.1290688
0.00050251256 	0.0051722344 	0.0060230761 	1.1287917
0.00052261307 	0.0051722344 	0.0060230761 	1.1287917
0.00054271357 	0.0051722344 	0.0060230761 	1.1287917
0.00056281407 	0.0063836265 	0.0079950888 	1.1264515
0.00058291457 	0.0063836265 	0.0079950888 	1.1264515
0.00060301508 	0.0063836265 	0.0079950888 	1.1264515
0.00062311558 	0.010076691 	0.0065911303 	1.1314312
0.00064321608 	0.010076691 	0.0065911303 	1.1314312
0.00066331658 	0.010076691 	0.0065911303 	1.1314312
0.00068341709 	0.011399035 	0.0086356831 	1.1263835
0.00070351759 	0.011399035 	0.0086356831 	1.1263835
0.00072361809 	0.012696399 	0.010915706 	1.1199769
0.00074371859 	0.012696399 	0.010915706 	1.1199769
0.0007638191 	0.012696399 	0.010915706 	1.1199769
0.0007839196 	0.013920766 	0.013457597 	1.1124128
0.0008040201 	0.012580317 	0.016191931 	1.1012025
0.0008241206 	0.012580317 	0.016191931 	1.1012025
0.00084422111 	0.014079918 	0.018578941 	1.092373
0.00086432161 	0.014079918 	0.018578941 	1.092373
0.00088442211 	0.014079918 	0.018578941 	1.092373
0.00090452261 	0.015501586 	0.020933221 	1.0829548
0.00092462312 	0.015501586 	0.020933221 	1.0829548
0.00094472362 	0.016859588 	0.023098136 	1.0729996
0.00096482412 	0.016859588 	0.023098136 	1.0729996
0.00098492462 	0.016859588 	0.023098136 	1.0729996
0.0010050251 	0.018202015 	0.024931523 	1.0616795
0.0010251256 	0.018202015 	0.024931523 	1.0616795
0.0010452261 	0.018202015 	0.024931523 	1.0616795
0.0010653266 	0.019796851 	0.024484731 	1.0574432
0.0010854271 	0.019796851 	0.024484731 	1.0574432
0.0011055276 	0.019218447 	0.025792134 	1.0487859
0.0011256281 	0.019250881 	0.025115607 	1.0350721
0.0011457286 	0.019250881 	0.025115607 	1.0350721
0.0011658291 	0.019250881 	0.025115607 	1.0350721
0.0011859296 	0.018101088 	0.021114514 	1.02658
0.0012060302 	0.018101088 	0.021114514 	1.02658
0.0012261307 	0.018101088 	0.021114514 	1.02658
0.0012462312 	0.014372566 	0.018449645 	1.0135868
0.0012663317 	0.014372566 	0.018449645 	1.0135868
0.0012864322 	0.014372566 	0.018449645 	1.0135868
0.0013065327 	0.0091045758 	0.016696072 	1.0046551
0.0013266332 	0.0091045758 	0.016696072 	1.0046551
0.0013467337 	0.0091045758 	0.016696072 	1.0046551
0.0013668342 	0.0032493446 	0.016325886 	0.99991199
0.0013869347 	0.0032493446 	0.016325886 	0.99991199
0.0014070352 	0.0032493446 	0.016325886 	0.99991199
0.0014271357 	-0.002195608 	0.017098974 	0.99795709
0.0014472362 	-0.002195608 	0.017098974 	0.99795709
0.0014673367 	-0.002195608 	0.017098974 	0.99795709
0.0014874372 	-0.0064985545 	0.018502659 	0.99672362
0.0015075377 	-0.0064985545 	0.018502659 	0.99672362
0.0015276382 	-0.0093738677 	0.020197285 	0.99458801
0.0015477387 	-0.0093738677 	0.020197285 	0.99458801
0.0015678392 	-0.0093738677 	0.020197285 	0.99458801
0.0015879397 	-0.010952198 	0.022038013 	0.99117309
0.0016080402 	-0.010952198 	0.022038013 	0.99117309
0.0016281407 	-0.010952198 	0.022038013 	0.99117309
0.0016482412 	-0.011516074 	0.023874516 	0.98727182
0.0016683417 	-0.011516074 	0.023874516 	0.98727182
0.0016884422 	-0.011329823 	0.025427745 	0.9840066
0.0017085427 	-0.011329823 	0.025427745 	0.9840066
0.0017286432 	-0.011329823 	0.025427745 	0.9840066
0.0017487437 	-0.010607081 	0.026371404 	0.98207009
0.0017688442 	-0.010607081 	0.026371404 	0.98207009
0.0017889447 	-0.010607081 	0.026371404 	0.98207009
0.0018090452 	-0.0095158728 	0.026422301 	0.98150658
0.0018291457 	-0.0095158728 	0.026422301 	0.98150658
0.0018492462 	-0.0081861385 	0.025444151 	0.98193697
0.0018693467 	-0.0081861385 	0.025444151 	0.98193697
0.0018894472 	-0.0081861385 	0.025444151 	0.98193697
0.0019095477 	-0.0066992617 	0.023498671 	0.98285097
0.0019296482 	-0.0066992617 	0.023498671 	0.98285097
0.0019497487 	-0.0050788603 	0.020828016 	0.98382259
0.0019698492 	-0.0050788603 	0.020828016 	0.98382259
0.0019899497 	-0.0033095011 	0.017750318 	0.98459793
0.0020100503 	-0.0033095011 	0.017750318 	0.98459793
0.0020301508 	-0.0033095011 	0.017750318 	0.98459793
0.0020502513 	-0.0013880602 	0.014577878 	0.9851024
0.0020703518 	-0.0013880602 	0.014577878 	0.9851024
0.0020904523 	0.00068447159 	0.011544747 	0.98537933
0.0021105528 	0.00068447159 	0.011544747 	0.98537933
0.0021306533 	0.00068447159 	0.011544747 	0.98537933
0.0021507538 	0.0028839214 	0.0087971914 	0.98551988
0.0021708543 	0.0028839214 	0.0087971914 	0.98551988
0.0021909548 	0.0051719447 	0.0063975615 	0.98559502
0.0022110553 	0.0051719447 	0.0063975615 	0.98559502
0.0022311558 	0.0074940596 	0.0043455835 	0.98560124
0.0022512563 	0.0074940596 	0.0043455835 	0.98560124
0.0022713568 	0.0097870157 	0.0026109075 	0.98546387
0.0022914573 	0.0097870157 	0.0026109075 	0.98546387
0.0023115578 	0.0097870157 	0.0026109075 	0.98546387
0.0023316583 	0.01206506 	0.0011594041 	0.98505073
0.0023517588 	0.01206506 	0.0011594041 	0.98505073
0.0023718593 	0.014402692 	-7.8493897e-05 	0.98426411
0.0023919598 	0.014402692 	-7.8493897e-05 	0.98426411
0.0024120603 	0.016874782 	-0.0011686065 	0.98309741
0.0024321608 	0.016874782 	-0.0011686065 	0.98309741
0.0024522613 	0.01959341 	-0.0022022181 	0.98165166
0.0024723618 	0.01959341 	-0.0022022181 	0.98165166
0.0024924623 	0.022626316 	-0.0032888498 	0.98009632
0.0025125628 	0.022626316 	-0.0032888498 	0.98009632
0.0025326633 	0.025992437 	-0.0045411123 	0.97861551
0.0025527638 	0.025992437 	-0.0045411123 	0.97861551
0.0025728643 	0.029638884 	-0.0060485304 	0.97732773
0.0025929648 	0.029638884 	-0.0060485304 	0.97732773
0.0026130653 	0.033453471 	-0.0078649766 	0.97624244
0.0026331658 	0.033453471 	-0.0078649766 	0.97624244
0.0026532663 	0.0373303 	-0.010012685 	0.9752265
0.0026733668 	0.0373303 	-0.010012685 	0.9752265
0.0026934673 	0.041207491 	-0.012512472 	0.9740188
0.0027135678 	0.041207491 	-0.012512472 	0.9740188
0.0027336683 	0.045062437 	-0.015371215 	0.97227287
0.0027537688 	0.045062437 	-0.015371215 	0.97227287
0.0027738693 	0.048890754 	-0.018560143 	0.96963313
0.0027939698 	0.048890754 	-0.018560143 	0.96963313
0.0028140704 	0.052682539 	-0.022009901 	0.96579272
0.0028341709 	0.052682539 	-0.022009901 	0.96579272
0.0028542714 	0.05642079 	-0.025623706 	0.96056997
0.0028743719 	0.060077441 	-0.029268388 	0.95390803
0.0028944724 	0.060077441 	-0.029268388 	0.95390803
0.0029145729 	0.063647516 	-0.032773681 	0.94592452
0.0029346734 	0.063647516 	-0.032773681 	0.94592452
0.0029547739 	0.06713397 	-0.035916068 	0.93688043
0.0029748744 	0.06713397 	-0.035916068 	0.93688043
0.0029949749 	0.070542287 	-0.038425038 	0.92715303
0.0030150754 	0.073864027 	-0.039999346 	0.91720023
0.0030351759 	0.073864027 	-0.039999346 	0.91720023
0.0030552764 	0.077032457 	-0.040335037 	0.90751844
0.0030753769 	0.077032457 	-0.040335037 	0.90751844
0.0030954774 	0.079906238 	-0.039176418 	0.89857331
0.0031155779 	0.08229603 	-0.036364294 	0.89073846
0.0031356784 	0.08229603 	-0.036364294 	0.89073846
0.0031557789 	0.084003388 	-0.031863612 	0.88423877
0.0031758794 	0.084003388 	-0.031863612 	0.88423877
0.0031959799 	0.084852174 	-0.025760372 	0.87912359
0.0032160804 	0.084696304 	-0.018258572 	0.87528322
0.0032361809 	0.084696304 	-0.018258572 	0.87528322
0.0032562814 	0.083594906 	-0.0097031341 	0.87251682
0.0032763819 	0.081649324 	-0.00041437552 	0.87060666
0.0032964824 	0.081649324 	-0.00041437552 	0.87060666
0.0033165829 	0.078829798 	0.0092584791 	0.86938747
0.0033366834 	0.075142689 	0.018962307 	0.86878933
0.0033567839 	0.075142689 	0.018962307 	0.86878933
0.0033768844 	0.07061331 	0.028366644 	0.86889939
0.0033969849 	0.065288076 	0.037175557 	0.86992554
0.0034170854 	0.065288076 	0.037175557 	0.86992554
0.0034371859 	0.0592588 	0.045125773 	0.87208611
0.0034572864 	0.052706883 	0.051989964 	0.87539764
0.0034773869 	0.045957396 	0.057545961 	0.8793823
0.0034974874 	0.045957396 	0.057545961 	0.8793823
0.0035175879 	0.039472242 	0.061524983 	0.88283217
0.0035376884 	0.033784278 	0.063569076 	0.88382015
0.0035577889 	0.029363301 	0.063232981 	0.88011849
0.0035778894 	0.029363301 	0.063232981 	0.88011849
0.0035979899 	0.026405132 	0.060095511 	0.87004036
0.0036180905 	0.024653769 	0.053941227 	0.85347167
0.003638191 	0.023397132 	0.044893617 	0.83240641
0.0036582915 	0.023397132 	0.044893617 	0.83240641
0.003678392 	0.021730759 	0.033312146 	0.81008984
0.0036984925 	0.019078588 	0.019474515 	0.7885641
0.003718593 	0.015618899 	0.0035640306 	0.76621011
0.0037386935 	0.012273564 	-0.013720286 	0.73794413
0.003758794 	0.010008798 	-0.030652563 	0.69857493
0.0037788945 	0.010008798 	-0.030652563 	0.69857493
0.003798995 	0.009070685 	-0.04487883 	0.64649729
0.0038190955 	0.0089364183 	-0.054470222 	0.58458793
0.003839196 	0.0088419428 	-0.058728262 	0.51802637
0.0038592965 	0.008323448 	-0.05821253 	0.45115008
0.003879397 	0.0073240003 	-0.054203404 	0.38563772
0.0038994975 	0.0059963379 	-0.048044957 	0.32073758
0.003919598 	0.0044912668 	-0.040645144 	0.25462911
0.0039396985 	0.0029121685 	-0.032203029 	0.18570549
0.003959799 	0.0014083486 	-0.022088468 	0.113287
0.0039798995 	0.00024323273 	-0.0089245638 	0.038016731
0.004 	0.00024323273 	-0.0089245638 	0.038016731
