0 	0.025949268 	0.036226729 	1.0014041
5.5555556e-05 	-0.043605444 	0.016072973 	0.99378635
0.00011111111 	-0.045302877 	0.017912234 	0.98833424
0.00016666667 	-0.046521257 	0.024707677 	0.98123106
0.00022222222 	-0.047989609 	0.033938452 	0.97275127
0.00027777778 	-0.050185625 	0.043877069 	0.9640245
0.00033333333 	-0.053447041 	0.053121571 	0.95626849
0.00038888889 	-0.057722728 	0.061117609 	0.94948095
0.00044444444 	-0.062441 	0.068357287 	0.94212543
0.0005 	-0.066599255 	0.075733091 	0.93250046
0.00055555556 	-0.069130607 	0.083599556 	0.92066328
0.00061111111 	-0.069460844 	0.091460849 	0.90910968
0.00066666667 	-0.067791299 	0.098425621 	0.90112256
0.00072222222 	-0.064794051 	0.10384071 	0.89808593
0.00077777778 	-0.061184709 	0.10743014 	0.89878951
0.00083333333 	-0.057455944 	0.10898528 	0.90110067
0.00088888889 	-0.053738135 	0.1082037 	0.90347903
0.00094444444 	-0.049884613 	0.10488578 	0.90521501
0.001 	-0.045288519 	0.098955637 	0.90608038
0.0010617451 	-0.039864883 	0.090521162 	0.90577753
0.0011226367 	-0.033880953 	0.080999725 	0.90491422
0.0011826866 	-0.027746489 	0.071217615 	0.90491394
0.0012419064 	-0.0220493 	0.062009703 	0.90740935
0.0013003077 	-0.017285683 	0.05362964 	0.91309186
0.0013579017 	-0.013625777 	0.045934082 	0.92116587
0.0014146996 	-0.010962123 	0.038644938 	0.93001863
0.0014707124 	-0.0091030746 	0.031481301 	0.93828562
0.0015259509 	-0.0078166981 	0.024183717 	0.94528932
0.001580426 	-0.0068412871 	0.016661451 	0.95092022
0.001634148 	-0.0059239697 	0.0091533364 	0.9553536
0.0016871274 	-0.0048946602 	0.0021935323 	0.95874379
0.0017393745 	-0.0037340139 	-0.0035662864 	0.96104589
0.0017908994 	-0.0025594059 	-0.0076042354 	0.9620357
0.0018417121 	-0.0015285635 	-0.0097803905 	0.96145641
0.0018918224 	-0.00077952816 	-0.010387496 	0.95918199
0.0019412401 	-0.00035401792 	-0.0099903838 	0.95535108
0.0019899746 	-0.00014009836 	-0.0091159745 	0.95039962
0.0020380356 	8.6659958e-05 	-0.0079921487 	0.94495998
0.0020854322 	0.00059931757 	-0.0065008519 	0.93964094
0.0021321736 	0.0016335181 	-0.0043451642 	0.9348219
0.002178269 	0.0032762166 	-0.0012823816 	0.93060174
0.0022237272 	0.0054733301 	0.0027045471 	0.92689716
0.002268557 	0.0080251456 	0.0073744939 	0.92356345
0.0023127672 	0.01062262 	0.012302493 	0.92048315
0.0023563662 	0.013007476 	0.016956894 	0.91755266
0.0023993626 	0.014991913 	0.020790195 	0.91465703
0.0024417647 	0.016479648 	0.023360368 	0.91169286
0.0024835806 	0.017477808 	0.024397994 	0.90859244
0.0025248186 	0.018049586 	0.023876825 	0.90531992
0.0025654865 	0.018236729 	0.022003079 	0.90184886
0.0026055923 	0.018116725 	0.019125932 	0.89814734
0.0026451437 	0.017785993 	0.015651218 	0.89416572
0.0026841484 	0.017376928 	0.011992935 	0.889856
0.002722614 	0.017035932 	0.0084999643 	0.88514962
0.0027605478 	0.016890066 	0.0054776638 	0.87998706
0.0027979573 	0.017086554 	0.0031848933 	0.87433551
0.0028348498 	0.017731473 	0.0018153823 	0.86819847
0.0028712322 	0.018873775 	0.0015008525 	0.86163692
0.0029071118 	0.020501804 	0.0022898604 	0.85476241
0.0029424953 	0.022565904 	0.0041501012 	0.84772126
0.0029773898 	0.024949247 	0.0069519557 	0.84068464
0.003011802 	0.027511451 	0.010479717 	0.83385996
0.0030457385 	0.030076117 	0.014421397 	0.82749063
0.0030792059 	0.032403557 	0.018383027 	0.82187094
0.0031122107 	0.034273121 	0.021885554 	0.8173392
0.0031447592 	0.035485722 	0.024381559 	0.81425868
0.0031768579 	0.03590438 	0.025292073 	0.81294356
0.0032085129 	0.035470866 	0.024064123 	0.81361719
0.0032397303 	0.034235546 	0.020260959 	0.81632541
0.0032705162 	0.032357497 	0.013666773 	0.82082369
0.0033008765 	0.030158664 	0.0043779088 	0.8265228
0.0033308172 	0.028029038 	-0.0071666694 	0.8324949
0.0033603441 	0.026310208 	-0.020187048 	0.83754498
0.0033894627 	0.025288539 	-0.033647446 	0.84041148
0.0034181789 	0.025079484 	-0.046392758 	0.84003912
0.0034464982 	0.025569797 	-0.057287696 	0.83585411
0.003474426 	0.02638999 	-0.06537545 	0.82795524
0.0035019678 	0.026982344 	-0.070005809 	0.81717361
0.0035291288 	0.026763867 	-0.070874611 	0.80494221
0.0035559144 	0.025362765 	-0.067978592 	0.79284443
0.0035823298 	0.02283936 	-0.061588476 	0.78172853
0.0036083801 	0.019734463 	-0.052335677 	0.77062164
0.0036340702 	0.016848774 	-0.041353497 	0.75620072
0.0036594053 	0.014821152 	-0.030254098 	0.73369566
0.0036843901 	0.01378839 	-0.020785592 	0.69926482
0.0037090296 	0.013388733 	-0.014233319 	0.65245079
0.0037333285 	0.013067478 	-0.010760535 	0.59689702
0.0037572915 	0.012405519 	-0.0091589285 	0.53866784
0.0037809233 	0.011276312 	-0.0075872932 	0.48320707
0.0038042285 	0.0098083809 	-0.0048547114 	0.4329971
0.0038272115 	0.0082225883 	-0.0010390684 	0.3873237
0.0038498768 	0.0066733163 	0.0029085373 	0.34366536
0.0038722288 	0.0052465552 	0.0059549667 	0.29925258
0.0038942718 	0.0039533398 	0.0074970347 	0.2520104
0.0039160102 	0.002750886 	0.0074403565 	0.20091971
0.003937448 	0.0016449179 	0.0060443571 	0.14599738
0.0039585896 	0.00071212248 	0.0037384866 	0.088136152
0.0039794389 	9.1343244e-05 	0.0010675302 	0.029031055
0.004 	9.0797054e-05 	-0.0016733448 	0.029604162
