0 	0.036313315 	0.062929528 	0.98786322
2.0100503e-05 	-0.062075714 	0.038883454 	0.97974779
4.0201005e-05 	-0.062075714 	0.038883454 	0.97974779
6.0301508e-05 	-0.073115019 	0.0081435408 	0.97379934
8.040201e-05 	-0.073115019 	0.0081435408 	0.97379934
0.00010050251 	-0.073115019 	0.0081435408 	0.97379934
0.00012060302 	-0.073521719 	-0.001432608 	0.96989776
0.00014070352 	-0.073521719 	-0.001432608 	0.96989776
0.00016080402 	-0.073521719 	-0.001432608 	0.96989776
0.00018090452 	-0.072772153 	-0.0071756988 	0.9676766
0.00020100503 	-0.072772153 	-0.0071756988 	0.9676766
0.00022110553 	-0.072772153 	-0.0071756988 	0.9676766
0.00024120603 	-0.071341476 	-0.011866223 	0.96686999
0.00026130653 	-0.071341476 	-0.011866223 	0.96686999
0.00028140704 	-0.06925148 	-0.016063012 	0.96738172
0.00030150754 	-0.06925148 	-0.016063012 	0.96738172
0.00032160804 	-0.06925148 	-0.016063012 	0.96738172
0.00034170854 	-0.066469037 	-0.019883453 	0.96922757
0.00036180905 	-0.066469037 	-0.019883453 	0.96922757
0.00038190955 	-0.066469037 	-0.019883453 	0.96922757
0.00040201005 	-0.062983622 	-0.023364738 	0.97243843
0.00042211055 	-0.062983622 	-0.023364738 	0.97243843
0.00044221106 	-0.062983622 	-0.023364738 	0.97243843
0.00046231156 	-0.058838986 	-0.026541414 	0.97695747
0.00048241206 	-0.058838986 	-0.026541414 	0.97695747
0.00050251256 	-0.054157178 	-0.029433175 	0.98253079
0.00052261307 	-0.054157178 	-0.029433175 	0.98253079
0.00054271357 	-0.054157178 	-0.029433175 	0.98253079
0.00056281407 	-0.049151084 	-0.03199597 	0.98864265
0.00058291457 	-0.049151084 	-0.03199597 	0.98864265
0.00060301508 	-0.049151084 	-0.03199597 	0.98864265
0.00062311558 	-0.044112981 	-0.034076886 	0.9945474
0.00064321608 	-0.044112981 	-0.034076886 	0.9945474
0.00066331658 	-0.044112981 	-0.034076886 	0.9945474
0.00068341709 	-0.03935577 	-0.035420108 	0.99944268
0.00070351759 	-0.03935577 	-0.035420108 	0.99944268
0.00072361809 	-0.03512212 	-0.035757612 	1.0027598
0.00074371859 	-0.03512212 	-0.035757612 	1.0027598
0.0007638191 	-0.03512212 	-0.035757612 	1.0027598
0.0007839196 	-0.031501132 	-0.034941353 	1.0044294
0.0008040201 	-0.031501132 	-0.034941353 	1.0044294
0.0008241206 	-0.031501132 	-0.034941353 	1.0044294
0.00084422111 	-0.02838549 	-0.033022809 	1.0048872
0.00086432161 	-0.02838549 	-0.033022809 	1.0048872
0.00088442211 	-0.02838549 	-0.033022809 	1.0048872
0.00090452261 	-0.025572257 	-0.030232825 	1.0047656
0.00092462312 	-0.025572257 	-0.030232825 	1.0047656
0.00094472362 	-0.022848363 	-0.026861213 	1.0045113
0.00096482412 	-0.022848363 	-0.026861213 	1.0045113
0.00098492462 	-0.022848363 	-0.026861213 	1.0045113
0.0010050251 	-0.011772177 	-0.026334963 	1.0078549
0.0010251256 	-0.011772177 	-0.026334963 	1.0078549
0.0010452261 	-0.011772177 	-0.026334963 	1.0078549
0.0010653266 	-0.0085065555 	-0.021850749 	1.0085787
0.0010854271 	-0.0085065555 	-0.021850749 	1.0085787
0.0011055276 	-0.0085065555 	-0.021850749 	1.0085787
0.0011256281 	-0.00552928 	-0.017126564 	1.0086808
0.0011457286 	-0.00552928 	-0.017126564 	1.0086808
0.0011658291 	-0.00552928 	-0.017126564 	1.0086808
0.0011859296 	-0.0028437778 	-0.012443515 	1.008026
0.0012060302 	-0.0028437778 	-0.012443515 	1.008026
0.0012261307 	-0.0028437778 	-0.012443515 	1.008026
0.0012462312 	-0.00045690112 	-0.0079936414 	1.0067732
0.0012663317 	-0.00045690112 	-0.0079936414 	1.0067732
0.0012864322 	-0.00045690112 	-0.0079936414 	1.0067732
0.0013065327 	0.0016449349 	-0.0040486307 	1.0052293
0.0013266332 	0.0016449349 	-0.0040486307 	1.0052293
0.0013467337 	0.0016449349 	-0.0040486307 	1.0052293
0.0013668342 	-0.0053645252 	0.00015911915 	0.99229824
0.0013869347 	0.0034816945 	-0.00087168677 	1.0036731
0.0014070352 	0.0034816945 	-0.00087168677 	1.0036731
0.0014271357 	0.0050290753 	0.0012834062 	1.0022946
0.0014472362 	0.0050290753 	0.0012834062 	1.0022946
0.0014673367 	0.0050290753 	0.0012834062 	1.0022946
0.0014874372 	0.0062259484 	0.0022742468 	1.0012484
0.0015075377 	0.0062259484 	0.0022742468 	1.0012484
0.0015276382 	0.0069758602 	0.0021690132 	1.0007126
0.0015477387 	0.0069758602 	0.0021690132 	1.0007126
0.0015678392 	0.0069758602 	0.0021690132 	1.0007126
0.0015879397 	0.0071596768 	0.0013240067 	1.0008697
0.0016080402 	0.0071596768 	0.0013240067 	1.0008697
0.0016281407 	0.0071596768 	0.0013240067 	1.0008697
0.0016482412 	0.0066815117 	0.00028363666 	1.0017617
0.0016683417 	0.0066815117 	0.00028363666 	1.0017617
0.0016884422 	0.0054958774 	-0.00043580109 	1.0031846
0.0017085427 	0.0054958774 	-0.00043580109 	1.0031846
0.0017286432 	0.0054958774 	-0.00043580109 	1.0031846
0.0017487437 	0.0036295412 	-0.00058683551 	1.0047553
0.0017688442 	0.0036295412 	-0.00058683551 	1.0047553
0.0017889447 	0.0036295412 	-0.00058683551 	1.0047553
0.0018090452 	0.0011798378 	-0.00027669231 	1.0061498
0.0018291457 	0.0011798378 	-0.00027669231 	1.0061498
0.0018492462 	-0.0016671318 	0.00015223934 	1.0073215
0.0018693467 	-0.0016671318 	0.00015223934 	1.0073215
0.0018894472 	-0.0016671318 	0.00015223934 	1.0073215
0.0019095477 	-0.0046636509 	0.00033171349 	1.0085581
0.0019296482 	-0.0046636509 	0.00033171349 	1.0085581
0.0019497487 	-0.007605907 	9.262772e-05 	1.0103416
0.0019698492 	-0.007605907 	9.262772e-05 	1.0103416
0.0019899497 	-0.007605907 	9.262772e-05 	1.0103416
0.0020100503 	-0.010381831 	-0.0004873023 	1.0130388
0.0020301508 	-0.010381831 	-0.0004873023 	1.0130388
0.0020502513 	-0.012967582 	-0.001151644 	1.0166758
0.0020703518 	-0.012967582 	-0.001151644 	1.0166758
0.0020904523 	-0.015337028 	-0.0015605841 	1.0208792
0.0021105528 	-0.015337028 	-0.0015605841 	1.0208792
0.0021306533 	-0.015337028 	-0.0015605841 	1.0208792
0.0021507538 	-0.017365244 	-0.0013534731 	1.0250965
0.0021708543 	-0.017365244 	-0.0013534731 	1.0250965
0.0021909548 	-0.018808717 	-0.00022423872 	1.0289137
0.0022110553 	-0.018808717 	-0.00022423872 	1.0289137
0.0022311558 	-0.019383687 	0.0020127656 	1.032215
0.0022512563 	-0.019383687 	0.0020127656 	1.032215
0.0022713568 	-0.018874191 	0.0054121347 	1.0350858
0.0022914573 	-0.018874191 	0.0054121347 	1.0350858
0.0023115578 	-0.018874191 	0.0054121347 	1.0350858
0.0023316583 	-0.017217159 	0.0098695181 	1.0376072
0.0023517588 	-0.017217159 	0.0098695181 	1.0376072
0.0023718593 	-0.014495681 	0.015136063 	1.0397666
0.0023919598 	-0.014495681 	0.015136063 	1.0397666
0.0024120603 	-0.010875539 	0.020900662 	1.0414437
0.0024321608 	-0.010875539 	0.020900662 	1.0414437
0.0024522613 	-0.0065786748 	0.026819235 	1.0424498
0.0024723618 	-0.0065786748 	0.026819235 	1.0424498
0.0024924623 	-0.001848643 	0.032570395 	1.0425962
0.0025125628 	-0.001848643 	0.032570395 	1.0425962
0.0025326633 	0.0029852908 	0.037899165 	1.041763
0.0025527638 	0.0029852908 	0.037899165 	1.041763
0.0025728643 	0.0075904383 	0.042658449 	1.0399625
0.0025929648 	0.0075904383 	0.042658449 	1.0399625
0.0026130653 	0.011613119 	0.046871847 	1.0374039
0.0026331658 	0.011613119 	0.046871847 	1.0374039
0.0026532663 	0.014625086 	0.050673008 	1.0344847
0.0026733668 	0.014625086 	0.050673008 	1.0344847
0.0026934673 	0.016259979 	0.054205293 	1.0316504
0.0027135678 	0.016259979 	0.054205293 	1.0316504
0.0027336683 	0.016252528 	0.057313177 	1.028935
0.0027537688 	0.016252528 	0.057313177 	1.028935
0.0027738693 	0.014536023 	0.059363846 	1.0253949
0.0027939698 	0.014536023 	0.059363846 	1.0253949
0.0028140704 	0.011339228 	0.059268002 	1.0184827
0.0028341709 	0.011339228 	0.059268002 	1.0184827
0.0028542714 	0.0072548769 	0.055968478 	1.0042621
0.0028743719 	0.002991068 	0.049104325 	0.97915007
0.0028944724 	0.002991068 	0.049104325 	0.97915007
0.0029145729 	-0.00097011145 	0.039479878 	0.94314907
0.0029346734 	-0.00097011145 	0.039479878 	0.94314907
0.0029547739 	-0.0049128807 	0.02878342 	0.90182644
0.0029748744 	-0.0049128807 	0.02878342 	0.90182644
0.0029949749 	-0.0097213783 	0.018666856 	0.86362046
0.0030150754 	-0.015910775 	0.0099868931 	0.83415036
0.0030351759 	-0.015910775 	0.0099868931 	0.83415036
0.0030552764 	-0.023196621 	0.0027488929 	0.81376039
0.0030753769 	-0.023196621 	0.0027488929 	0.81376039
0.0030954774 	-0.030994744 	-0.0034893276 	0.79981022
0.0031155779 	-0.038811516 	-0.0091121555 	0.79002953
0.0031356784 	-0.038811516 	-0.0091121555 	0.79002953
0.0031557789 	-0.046469288 	-0.014345548 	0.78344221
0.0031758794 	-0.046469288 	-0.014345548 	0.78344221
0.0031959799 	-0.053840209 	-0.019091323 	0.78004965
0.0032160804 	-0.060702714 	-0.023199809 	0.77977014
0.0032361809 	-0.060702714 	-0.023199809 	0.77977014
0.0032562814 	-0.066793646 	-0.026558516 	0.78201204
0.0032763819 	-0.071878255 	-0.029148579 	0.78551267
0.0032964824 	-0.071878255 	-0.029148579 	0.78551267
0.0033165829 	-0.075796735 	-0.03102056 	0.7884721
0.0033366834 	-0.078448875 	-0.03223186 	0.78878895
0.0033567839 	-0.078448875 	-0.03223186 	0.78878895
0.0033768844 	-0.079772953 	-0.032860528 	0.78437425
0.0033969849 	-0.079719476 	-0.033050411 	0.77357568
0.0034170854 	-0.079719476 	-0.033050411 	0.77357568
0.0034371859 	-0.078307738 	-0.033080334 	0.75562607
0.0034572864 	-0.075698836 	-0.033211097 	0.7310062
0.0034773869 	-0.072173924 	-0.03349771 	0.7015139
0.0034974874 	-0.072173924 	-0.03349771 	0.7015139
0.0035175879 	-0.068047068 	-0.033643869 	0.66981655
0.0035376884 	-0.063537982 	-0.033226316 	0.63869656
0.0035577889 	-0.058712002 	-0.03205323 	0.610385
0.0035778894 	-0.058712002 	-0.03205323 	0.610385
0.0035979899 	-0.053504285 	-0.030384909 	0.58624439
0.0036180905 	-0.047836314 	-0.028892377 	0.56683295
0.003638191 	-0.041707392 	-0.02840643 	0.55218879
0.0036582915 	-0.041707392 	-0.02840643 	0.55218879
0.003678392 	-0.035170147 	-0.029625232 	0.54201879
0.0036984925 	-0.02838633 	-0.032792244 	0.53565888
0.003718593 	-0.021595809 	-0.037678234 	0.53215925
0.0037386935 	-0.015009109 	-0.043667581 	0.53018734
0.003758794 	-0.0087946073 	-0.04990222 	0.52804365
0.0037788945 	-0.0087946073 	-0.04990222 	0.52804365
0.003798995 	-0.0031134072 	-0.055439133 	0.52370259
0.0038190955 	0.0017782752 	-0.059409421 	0.51495204
0.003839196 	0.0055217983 	-0.061166758 	0.4994962
0.0038592965 	0.0078560344 	-0.060382965 	0.47491421
0.003879397 	0.0086825684 	-0.057112551 	0.43864731
0.0038994975 	0.0080552186 	-0.05172942 	0.38815789
0.003919598 	0.0062866526 	-0.044659041 	0.32186514
0.0039396985 	0.0039382983 	-0.035918626 	0.24050031
0.003959799 	0.0017135072 	-0.02475078 	0.14773988
0.0039798995 	0.00025114708 	-0.0098093265 	0.049313531
0.004 	0.00025114708 	-0.0098093265 	0.049313531
