0 	0.057131561 	-0.017797459 	1.1003085
2.0100503e-05 	0.057131561 	-0.017797459 	1.1003085
4.0201005e-05 	0.057131561 	-0.017797459 	1.1003085
6.0301508e-05 	0.057137682 	0.013542631 	1.0950625
8.040201e-05 	0.057137682 	0.013542631 	1.0950625
0.00010050251 	0.057137682 	0.013542631 	1.0950625
0.00012060302 	0.050951544 	0.022733264 	1.088073
0.00014070352 	0.050951544 	0.022733264 	1.088073
0.00016080402 	0.050951544 	0.022733264 	1.088073
0.00018090452 	0.044211848 	0.025537059 	1.0805912
0.00020100503 	0.044211848 	0.025537059 	1.0805912
0.00022110553 	0.044211848 	0.025537059 	1.0805912
0.00024120603 	0.037194595 	0.02470659 	1.0745222
0.00026130653 	0.037194595 	0.02470659 	1.0745222
0.00028140704 	0.030113353 	0.021338399 	1.0715573
0.00030150754 	0.030113353 	0.021338399 	1.0715573
0.00032160804 	0.030113353 	0.021338399 	1.0715573
0.00034170854 	0.023298412 	0.016060294 	1.0721465
0.00036180905 	0.023298412 	0.016060294 	1.0721465
0.00038190955 	0.023298412 	0.016060294 	1.0721465
0.00040201005 	0.017263894 	0.0092578976 	1.0750952
0.00042211055 	0.017263894 	0.0092578976 	1.0750952
0.00044221106 	0.017263894 	0.0092578976 	1.0750952
0.00046231156 	0.012642796 	0.0015497811 	1.0782
0.00048241206 	0.012642796 	0.0015497811 	1.0782
0.00050251256 	0.0099613095 	-0.0056694312 	1.0795086
0.00052261307 	0.0099613095 	-0.0056694312 	1.0795086
0.00054271357 	0.0099613095 	-0.0056694312 	1.0795086
0.00056281407 	0.0094104295 	-0.010340562 	1.0783203
0.00058291457 	0.0094104295 	-0.010340562 	1.0783203
0.00060301508 	0.0094104295 	-0.010340562 	1.0783203
0.00062311558 	0.013324426 	-0.0075783451 	1.0764432
0.00064321608 	0.013324426 	-0.0075783451 	1.0764432
0.00066331658 	0.013324426 	-0.0075783451 	1.0764432
0.00068341709 	0.015207268 	-0.0038114091 	1.0723069
0.00070351759 	0.015207268 	-0.0038114091 	1.0723069
0.00072361809 	0.017489826 	-0.0015301361 	1.0661886
0.00074371859 	0.017489826 	-0.0015301361 	1.0661886
0.0007638191 	0.017489826 	-0.0015301361 	1.0661886
0.0007839196 	0.02173197 	0.0034572221 	1.0615606
0.0008040201 	0.02173197 	0.0034572221 	1.0615606
0.0008241206 	0.02173197 	0.0034572221 	1.0615606
0.00084422111 	0.026117709 	0.0060920603 	1.0571444
0.00086432161 	0.026117709 	0.0060920603 	1.0571444
0.00088442211 	0.026117709 	0.0060920603 	1.0571444
0.00090452261 	0.027097682 	0.0084353685 	1.0504186
0.00092462312 	0.027097682 	0.0084353685 	1.0504186
0.00094472362 	0.029458397 	0.0074695804 	1.0451112
0.00096482412 	0.029458397 	0.0074695804 	1.0451112
0.00098492462 	0.029458397 	0.0074695804 	1.0451112
0.0010050251 	0.030357251 	0.0064629304 	1.0390004
0.0010251256 	0.030357251 	0.0064629304 	1.0390004
0.0010452261 	0.030357251 	0.0064629304 	1.0390004
0.0010653266 	0.028968574 	0.0053067301 	1.0310535
0.0010854271 	0.034830057 	0.0042148216 	1.0355033
0.0011055276 	0.034830057 	0.0042148216 	1.0355033
0.0011256281 	0.031988026 	0.00021970726 	1.0260312
0.0011457286 	0.031988026 	0.00021970726 	1.0260312
0.0011658291 	0.02554023 	0.002266154 	1.0215019
0.0011859296 	0.021315824 	-0.0046731438 	1.0116365
0.0012060302 	0.021315824 	-0.0046731438 	1.0116365
0.0012261307 	0.021315824 	-0.0046731438 	1.0116365
0.0012462312 	0.017889002 	-0.016254629 	1.0028315
0.0012663317 	0.017889002 	-0.016254629 	1.0028315
0.0012864322 	0.017889002 	-0.016254629 	1.0028315
0.0013065327 	0.016591838 	-0.031708066 	0.9955222
0.0013266332 	0.016591838 	-0.031708066 	0.9955222
0.0013467337 	0.016591838 	-0.031708066 	0.9955222
0.0013668342 	0.017836442 	-0.049243667 	0.98921741
0.0013869347 	0.017836442 	-0.049243667 	0.98921741
0.0014070352 	0.017836442 	-0.049243667 	0.98921741
0.0014271357 	0.021196333 	-0.066844875 	0.98362613
0.0014472362 	0.021196333 	-0.066844875 	0.98362613
0.0014673367 	0.021196333 	-0.066844875 	0.98362613
0.0014874372 	0.025670855 	-0.082866467 	0.97901369
0.0015075377 	0.025670855 	-0.082866467 	0.97901369
0.0015276382 	0.030313984 	-0.096073024 	0.97562006
0.0015477387 	0.030313984 	-0.096073024 	0.97562006
0.0015678392 	0.030313984 	-0.096073024 	0.97562006
0.0015879397 	0.034608761 	-0.10572713 	0.97324102
0.0016080402 	0.034608761 	-0.10572713 	0.97324102
0.0016281407 	0.034608761 	-0.10572713 	0.97324102
0.0016482412 	0.038254509 	-0.11140137 	0.97141885
0.0016683417 	0.038254509 	-0.11140137 	0.97141885
0.0016884422 	0.041143944 	-0.11293069 	0.96967782
0.0017085427 	0.041143944 	-0.11293069 	0.96967782
0.0017286432 	0.041143944 	-0.11293069 	0.96967782
0.0017487437 	0.043354559 	-0.11044562 	0.96764463
0.0017688442 	0.043354559 	-0.11044562 	0.96764463
0.0017889447 	0.043354559 	-0.11044562 	0.96764463
0.0018090452 	0.045041729 	-0.10445294 	0.96512988
0.0018291457 	0.045041729 	-0.10445294 	0.96512988
0.0018492462 	0.046267095 	-0.095845194 	0.96232961
0.0018693467 	0.046267095 	-0.095845194 	0.96232961
0.0018894472 	0.046267095 	-0.095845194 	0.96232961
0.0019095477 	0.046879884 	-0.085818095 	0.95999126
0.0019296482 	0.046879884 	-0.085818095 	0.95999126
0.0019497487 	0.046601614 	-0.075521886 	0.95912049
0.0019698492 	0.046601614 	-0.075521886 	0.95912049
0.0019899497 	0.04524264 	-0.065795202 	0.96031397
0.0020100503 	0.04524264 	-0.065795202 	0.96031397
0.0020301508 	0.04524264 	-0.065795202 	0.96031397
0.0020502513 	0.042821279 	-0.057194053 	0.96332467
0.0020703518 	0.042821279 	-0.057194053 	0.96332467
0.0020904523 	0.039554441 	-0.050179956 	0.96718034
0.0021105528 	0.039554441 	-0.050179956 	0.96718034
0.0021306533 	0.039554441 	-0.050179956 	0.96718034
0.0021507538 	0.035802549 	-0.045145239 	0.97063969
0.0021708543 	0.035802549 	-0.045145239 	0.97063969
0.0021909548 	0.031968622 	-0.042258502 	0.97266344
0.0022110553 	0.031968622 	-0.042258502 	0.97266344
0.0022311558 	0.028384314 	-0.041383187 	0.97270739
0.0022512563 	0.028384314 	-0.041383187 	0.97270739
0.0022713568 	0.025277394 	-0.042122893 	0.97080728
0.0022914573 	0.025277394 	-0.042122893 	0.97080728
0.0023115578 	0.025277394 	-0.042122893 	0.97080728
0.0023316583 	0.022756799 	-0.043919079 	0.9674633
0.0023517588 	0.022756799 	-0.043919079 	0.9674633
0.0023718593 	0.020859424 	-0.046111728 	0.96344917
0.0023919598 	0.020859424 	-0.046111728 	0.96344917
0.0024120603 	0.019655038 	-0.047924119 	0.95956699
0.0024321608 	0.019655038 	-0.047924119 	0.95956699
0.0024522613 	0.019290096 	-0.048479647 	0.95647611
0.0024723618 	0.019290096 	-0.048479647 	0.95647611
0.0024924623 	0.01996831 	-0.046974052 	0.95460297
0.0025125628 	0.01996831 	-0.046974052 	0.95460297
0.0025326633 	0.021906423 	-0.042892717 	0.95411482
0.0025527638 	0.021906423 	-0.042892717 	0.95411482
0.0025728643 	0.025264826 	-0.036144317 	0.95488777
0.0025929648 	0.025264826 	-0.036144317 	0.95488777
0.0026130653 	0.030127223 	-0.027093698 	0.95649117
0.0026331658 	0.030127223 	-0.027093698 	0.95649117
0.0026532663 	0.036405842 	-0.016365857 	0.95827283
0.0026733668 	0.036405842 	-0.016365857 	0.95827283
0.0026934673 	0.043856977 	-0.0046343475 	0.95956472
0.0027135678 	0.043856977 	-0.0046343475 	0.95956472
0.0027336683 	0.052121111 	0.0075532589 	0.96000958
0.0027537688 	0.052121111 	0.0075532589 	0.96000958
0.0027738693 	0.060576937 	0.019760019 	0.95972511
0.0027939698 	0.060576937 	0.019760019 	0.95972511
0.0028140704 	0.068404131 	0.031549067 	0.9592342
0.0028341709 	0.068404131 	0.031549067 	0.9592342
0.0028542714 	0.074759556 	0.042255945 	0.95905234
0.0028743719 	0.078932311 	0.050944951 	0.95920304
0.0028944724 	0.078932311 	0.050944951 	0.95920304
0.0029145729 	0.080596363 	0.05660357 	0.95900313
0.0029346734 	0.080596363 	0.05660357 	0.95900313
0.0029547739 	0.079836757 	0.058564542 	0.9572745
0.0029748744 	0.079836757 	0.058564542 	0.9572745
0.0029949749 	0.077025229 	0.056620197 	0.9524355
0.0030150754 	0.072905673 	0.051140725 	0.94294213
0.0030351759 	0.072905673 	0.051140725 	0.94294213
0.0030552764 	0.068257533 	0.043144151 	0.92778027
0.0030753769 	0.068257533 	0.043144151 	0.92778027
0.0030954774 	0.063577333 	0.034246597 	0.90716672
0.0031155779 	0.058941661 	0.026512354 	0.88305697
0.0031356784 	0.058941661 	0.026512354 	0.88305697
0.0031557789 	0.054101035 	0.021887863 	0.85885311
0.0031758794 	0.054101035 	0.021887863 	0.85885311
0.0031959799 	0.048693765 	0.021485406 	0.83831266
0.0032160804 	0.042469311 	0.025199855 	0.82419701
0.0032361809 	0.042469311 	0.025199855 	0.82419701
0.0032562814 	0.035473811 	0.031882433 	0.81733131
0.0032763819 	0.027911078 	0.039771689 	0.81653779
0.0032964824 	0.027911078 	0.039771689 	0.81653779
0.0033165829 	0.020112353 	0.04703816 	0.81939726
0.0033366834 	0.012455281 	0.052185852 	0.82321705
0.0033567839 	0.012455281 	0.052185852 	0.82321705
0.0033768844 	0.0053140812 	0.054312512 	0.82580311
0.0033969849 	-0.0009685795 	0.053151646 	0.82577343
0.0034170854 	-0.0009685795 	0.053151646 	0.82577343
0.0034371859 	-0.0061000929 	0.048958536 	0.82245887
0.0034572864 	-0.0098522581 	0.042332853 	0.81558248
0.0034773869 	-0.012131438 	0.034027436 	0.80496816
0.0034974874 	-0.012131438 	0.034027436 	0.80496816
0.0035175879 	-0.013032322 	0.024786286 	0.79043664
0.0035376884 	-0.012845789 	0.015259012 	0.7718776
0.0035577889 	-0.011906543 	0.0058869361 	0.74938028
0.0035778894 	-0.011906543 	0.0058869361 	0.74938028
0.0035979899 	-0.0106046 	-0.0030395521 	0.72354477
0.0036180905 	-0.0093612157 	-0.011453309 	0.69511715
0.003638191 	-0.0083847766 	-0.019361606 	0.66491495
0.0036582915 	-0.0083847766 	-0.019361606 	0.66491495
0.003678392 	-0.0076320479 	-0.026735529 	0.63351654
0.0036984925 	-0.0069170472 	-0.033385357 	0.60113628
0.003718593 	-0.0060251436 	-0.038927152 	0.56773719
0.0037386935 	-0.0048496018 	-0.042879632 	0.53327361
0.003758794 	-0.0034480305 	-0.044855137 	0.49782504
0.0037788945 	-0.0034480305 	-0.044855137 	0.49782504
0.003798995 	-0.0020007913 	-0.044736201 	0.46149515
0.0038190955 	-0.00070431718 	-0.042736386 	0.42417531
0.003839196 	0.00028975436 	-0.039326541 	0.38539425
0.0038592965 	0.00089246109 	-0.035077924 	0.3443763
0.003879397 	0.0011088896 	-0.030492481 	0.30027403
0.0038994975 	0.0010135718 	-0.025873314 	0.25243818
0.003919598 	0.00071742165 	-0.021255317 	0.20063795
0.0039396985 	0.00035578478 	-0.016405138 	0.14520289
0.003959799 	6.0274209e-05 	-0.010877016 	0.087152828
0.0039798995 	-3.1292522e-05 	-0.004146697 	0.028394082
0.004 	-3.1292522e-05 	-0.004146697 	0.028394082
