0 	0.00059559434 	0.0081361273 	1.0964309
2.0100503e-05 	-0.0088821835 	0.0034915136 	1.0982871
4.0201005e-05 	-0.0088821835 	0.0034915136 	1.0982871
6.0301508e-05 	-0.011449863 	0.0010556003 	1.1005331
8.040201e-05 	-0.011449863 	0.0010556003 	1.1005331
0.00010050251 	-0.011449863 	0.0010556003 	1.1005331
0.00012060302 	-0.013279612 	0.00038102355 	1.1020833
0.00014070352 	-0.013279612 	0.00038102355 	1.1020833
0.00016080402 	-0.013279612 	0.00038102355 	1.1020833
0.00018090452 	-0.01424015 	-0.0011030683 	1.1009816
0.00020100503 	-0.01424015 	-0.0011030683 	1.1009816
0.00022110553 	-0.01424015 	-0.0011030683 	1.1009816
0.00024120603 	-0.013906235 	-0.0039352675 	1.0950683
0.00026130653 	-0.013906235 	-0.0039352675 	1.0950683
0.00028140704 	-0.012294977 	-0.0078297459 	1.0831905
0.00030150754 	-0.012294977 	-0.0078297459 	1.0831905
0.00032160804 	-0.012294977 	-0.0078297459 	1.0831905
0.00034170854 	-0.0099404196 	-0.011820951 	1.0662013
0.00036180905 	-0.0099404196 	-0.011820951 	1.0662013
0.00038190955 	-0.0099404196 	-0.011820951 	1.0662013
0.00040201005 	-0.0076481638 	-0.014672729 	1.0468419
0.00042211055 	-0.0076481638 	-0.014672729 	1.0468419
0.00044221106 	-0.0076481638 	-0.014672729 	1.0468419
0.00046231156 	-0.0060791659 	-0.015385039 	1.028482
0.00048241206 	-0.0060791659 	-0.015385039 	1.028482
0.00050251256 	-0.0054835661 	-0.013416 	1.0136818
0.00052261307 	-0.0054835661 	-0.013416 	1.0136818
0.00054271357 	-0.0054835661 	-0.013416 	1.0136818
0.00056281407 	-0.0057496288 	-0.0086474487 	1.003445
0.00058291457 	-0.0057496288 	-0.0086474487 	1.003445
0.00060301508 	-0.0057496288 	-0.0086474487 	1.003445
0.00062311558 	-0.0065461207 	-0.0012110444 	0.99721871
0.00064321608 	-0.0065461207 	-0.0012110444 	0.99721871
0.00066331658 	-0.0065461207 	-0.0012110444 	0.99721871
0.00068341709 	-0.0074189003 	0.0086584962 	0.99330913
0.00070351759 	-0.0074189003 	0.0086584962 	0.99330913
0.00072361809 	-0.0078712386 	0.020801289 	0.98951687
0.00074371859 	-0.0078712386 	0.020801289 	0.98951687
0.0007638191 	-0.0078712386 	0.020801289 	0.98951687
0.0007839196 	-0.0074332405 	0.035093509 	0.98395849
0.0008040201 	-0.0074332405 	0.035093509 	0.98395849
0.0008241206 	-0.0074332405 	0.035093509 	0.98395849
0.00084422111 	-0.0058940984 	0.050958516 	0.97591653
0.00086432161 	-0.0058940984 	0.050958516 	0.97591653
0.00088442211 	-0.0058940984 	0.050958516 	0.97591653
0.00090452261 	-0.0036715054 	0.066790015 	0.96632849
0.00092462312 	-0.0036715054 	0.066790015 	0.96632849
0.00094472362 	-0.0017096983 	0.080301216 	0.95736325
0.00096482412 	-0.0017096983 	0.080301216 	0.95736325
0.00098492462 	-0.0017096983 	0.080301216 	0.95736325
0.0010050251 	-0.0075974841 	0.091313222 	0.94596909
0.0010251256 	-0.0075974841 	0.091313222 	0.94596909
0.0010452261 	-0.0075974841 	0.091313222 	0.94596909
0.0010653266 	-0.0087825224 	0.095988305 	0.94410278
0.0010854271 	-0.0087825224 	0.095988305 	0.94410278
0.0011055276 	-0.0087825224 	0.095988305 	0.94410278
0.0011256281 	-0.0096481107 	0.096315981 	0.94622795
0.0011457286 	-0.0096481107 	0.096315981 	0.94622795
0.0011658291 	-0.0096481107 	0.096315981 	0.94622795
0.0011859296 	-0.010012787 	0.09382955 	0.9508352
0.0012060302 	-0.010012787 	0.09382955 	0.9508352
0.0012261307 	-0.010012787 	0.09382955 	0.9508352
0.0012462312 	-0.010181258 	0.090590727 	0.9564517
0.0012663317 	-0.010181258 	0.090590727 	0.9564517
0.0012864322 	-0.010181258 	0.090590727 	0.9564517
0.0013065327 	-0.010811225 	0.089144616 	0.9613284
0.0013266332 	-0.010811225 	0.089144616 	0.9613284
0.0013467337 	-0.010811225 	0.089144616 	0.9613284
0.0013668342 	-0.0125723 	0.091711658 	0.96338637
0.0013869347 	-0.0125723 	0.091711658 	0.96338637
0.0014070352 	-0.0125723 	0.091711658 	0.96338637
0.0014271357 	-0.015670525 	0.099020913 	0.96073701
0.0014472362 	-0.015670525 	0.099020913 	0.96073701
0.0014673367 	-0.015670525 	0.099020913 	0.96073701
0.0014874372 	-0.019715944 	0.1097577 	0.95221449
0.0015075377 	-0.019715944 	0.1097577 	0.95221449
0.0015276382 	-0.024094211 	0.1209535 	0.93751984
0.0015477387 	-0.024094211 	0.1209535 	0.93751984
0.0015678392 	-0.024094211 	0.1209535 	0.93751984
0.0015879397 	-0.02830727 	0.12918413 	0.91758254
0.0016080402 	-0.02830727 	0.12918413 	0.91758254
0.0016281407 	-0.02830727 	0.12918413 	0.91758254
0.0016482412 	-0.032005746 	0.13172818 	0.89493453
0.0016683417 	-0.032005746 	0.13172818 	0.89493453
0.0016884422 	-0.035069898 	0.12723949 	0.87289528
0.0017085427 	-0.035069898 	0.12723949 	0.87289528
0.0017286432 	-0.035069898 	0.12723949 	0.87289528
0.0017487437 	-0.037741026 	0.11604424 	0.85408723
0.0017688442 	-0.037741026 	0.11604424 	0.85408723
0.0017889447 	-0.037741026 	0.11604424 	0.85408723
0.0018090452 	-0.040402682 	0.10000629 	0.83990599
0.0018291457 	-0.040402682 	0.10000629 	0.83990599
0.0018492462 	-0.043162668 	0.081847938 	0.83082352
0.0018693467 	-0.043162668 	0.081847938 	0.83082352
0.0018894472 	-0.043162668 	0.081847938 	0.83082352
0.0019095477 	-0.045528484 	0.064284928 	0.82641354
0.0019296482 	-0.045528484 	0.064284928 	0.82641354
0.0019497487 	-0.046474521 	0.049461134 	0.82526856
0.0019698492 	-0.046474521 	0.049461134 	0.82526856
0.0019899497 	-0.046474521 	0.049461134 	0.82526856
0.0020100503 	-0.044953092 	0.038542046 	0.82555352
0.0020301508 	-0.044953092 	0.038542046 	0.82555352
0.0020502513 	-0.040529336 	0.031422457 	0.82604762
0.0020703518 	-0.040529336 	0.031422457 	0.82604762
0.0020904523 	-0.033724933 	0.026809075 	0.8266189
0.0021105528 	-0.033724933 	0.026809075 	0.8266189
0.0021306533 	-0.033724933 	0.026809075 	0.8266189
0.0021507538 	-0.025694829 	0.022934776 	0.82772621
0.0021708543 	-0.025694829 	0.022934776 	0.82772621
0.0021909548 	-0.017544012 	0.01860312 	0.82962763
0.0022110553 	-0.017544012 	0.01860312 	0.82962763
0.0022311558 	-0.0099627497 	0.013419394 	0.83221244
0.0022512563 	-0.0099627497 	0.013419394 	0.83221244
0.0022713568 	-0.0033100502 	0.0074589521 	0.83525276
0.0022914573 	-0.0033100502 	0.0074589521 	0.83525276
0.0023115578 	-0.0033100502 	0.0074589521 	0.83525276
0.0023316583 	0.0021990005 	0.0010125255 	0.8385761
0.0023517588 	0.0021990005 	0.0010125255 	0.8385761
0.0023718593 	0.0065045968 	-0.0055990398 	0.84208502
0.0023919598 	0.0065045968 	-0.0055990398 	0.84208502
0.0024120603 	0.0094873617 	-0.012026049 	0.84573881
0.0024321608 	0.0094873617 	-0.012026049 	0.84573881
0.0024522613 	0.01099685 	-0.017977093 	0.84957076
0.0024723618 	0.01099685 	-0.017977093 	0.84957076
0.0024924623 	0.011099516 	-0.023175055 	0.85369255
0.0025125628 	0.011099516 	-0.023175055 	0.85369255
0.0025326633 	0.0098730029 	-0.027373049 	0.85825627
0.0025527638 	0.0098730029 	-0.027373049 	0.85825627
0.0025728643 	0.0074705085 	-0.030371366 	0.86344029
0.0025929648 	0.0074705085 	-0.030371366 	0.86344029
0.0026130653 	0.0041500106 	-0.032084047 	0.86936686
0.0026331658 	0.0041500106 	-0.032084047 	0.86936686
0.0026532663 	0.00022793853 	-0.032637038 	0.87602958
0.0026733668 	0.00022793853 	-0.032637038 	0.87602958
0.0026934673 	-0.0038926852 	-0.032450888 	0.8831902
0.0027135678 	-0.0038926852 	-0.032450888 	0.8831902
0.0027336683 	-0.0078831999 	-0.032226459 	0.89032909
0.0027537688 	-0.0078831999 	-0.032226459 	0.89032909
0.0027738693 	-0.011554905 	-0.032758428 	0.89670086
0.0027939698 	-0.011554905 	-0.032758428 	0.89670086
0.0028140704 	-0.014802469 	-0.034636084 	0.90158083
0.0028341709 	-0.014802469 	-0.034636084 	0.90158083
0.0028542714 	-0.017660849 	-0.037990878 	0.90459564
0.0028743719 	-0.0201936 	-0.042442729 	0.90592125
0.0028944724 	-0.0201936 	-0.042442729 	0.90592125
0.0029145729 	-0.02239988 	-0.047243201 	0.90616608
0.0029346734 	-0.02239988 	-0.047243201 	0.90616608
0.0029547739 	-0.024191288 	-0.051503737 	0.90603904
0.0029748744 	-0.024191288 	-0.051503737 	0.90603904
0.0029949749 	-0.025419973 	-0.054407288 	0.90603751
0.0030150754 	-0.025932327 	-0.055355857 	0.90629123
0.0030351759 	-0.025932327 	-0.055355857 	0.90629123
0.0030552764 	-0.025620637 	-0.054050649 	0.90654452
0.0030753769 	-0.025620637 	-0.054050649 	0.90654452
0.0030954774 	-0.024450455 	-0.050515891 	0.90619924
0.0031155779 	-0.022458594 	-0.045074081 	0.90438137
0.0031356784 	-0.022458594 	-0.045074081 	0.90438137
0.0031557789 	-0.01973082 	-0.038281865 	0.90005081
0.0031758794 	-0.01973082 	-0.038281865 	0.90005081
0.0031959799 	-0.016381709 	-0.030840323 	0.89218825
0.0032160804 	-0.012562364 	-0.023499372 	0.88007467
0.0032361809 	-0.012562364 	-0.023499372 	0.88007467
0.0032562814 	-0.0084970254 	-0.016977988 	0.8635932
0.0032763819 	-0.0045112711 	-0.011916057 	0.84342714
0.0032964824 	-0.0045112711 	-0.011916057 	0.84342714
0.0033165829 	-0.0010070601 	-0.0088745766 	0.82102681
0.0033366834 	0.0015517651 	-0.0082631213 	0.79824145
0.0033567839 	0.0015517651 	-0.0082631213 	0.79824145
0.0033768844 	0.0028456537 	-0.010164434 	0.77663293
0.0033969849 	0.0028746938 	-0.014080442 	0.75665686
0.0034170854 	0.0028746938 	-0.014080442 	0.75665686
0.0034371859 	0.0019465208 	-0.018749408 	0.73711589
0.0034572864 	0.00063957226 	-0.022308332 	0.71537065
0.0034773869 	-0.00044257262 	-0.022979392 	0.68852716
0.0034974874 	-0.00044257262 	-0.022979392 	0.68852716
0.0035175879 	-0.0010090618 	-0.02005582 	0.65529016
0.0035376884 	-0.0012173799 	-0.014488625 	0.6172146
0.0035577889 	-0.001462139 	-0.0083415915 	0.5780799
0.0035778894 	-0.001462139 	-0.0083415915 	0.5780799
0.0035979899 	-0.0020512528 	-0.0034673649 	0.54177767
0.0036180905 	-0.0030280264 	-0.00065475883 	0.51046665
0.003638191 	-0.004252714 	0.00022771525 	0.48424406
0.0036582915 	-0.004252714 	0.00022771525 	0.48424406
0.003678392 	-0.0055502046 	-0.0003073638 	0.46187856
0.0036984925 	-0.0067500599 	-0.001732993 	0.44166178
0.003718593 	-0.0077054636 	-0.0036301869 	0.42195541
0.0037386935 	-0.0083013554 	-0.0056882068 	0.40141275
0.003758794 	-0.0084654398 	-0.0076586285 	0.3790388
0.0037788945 	-0.0084654398 	-0.0076586285 	0.3790388
0.003798995 	-0.0081792327 	-0.0093257109 	0.35416711
0.0038190955 	-0.0074792795 	-0.010507372 	0.32644636
0.003839196 	-0.0064589253 	-0.011074508 	0.29582077
0.0038592965 	-0.0052427502 	-0.010970891 	0.26246802
0.003879397 	-0.0039614289 	-0.010217127 	0.2266967
0.0038994975 	-0.0027343702 	-0.0088974352 	0.18883759
0.003919598 	-0.0016607442 	-0.0071399339 	0.14917337
0.0039396985 	-0.00081744834 	-0.0050955407 	0.10793648
0.003959799 	-0.00025735819 	-0.0029289192 	0.065382314
0.0039798995 	-1.4076979e-05 	-0.00084117152 	0.021927497
0.004 	-1.4076979e-05 	-0.00084117152 	0.021927497
