0 	0.011363433 	0.025250594 	0.99932502
5.5555625e-05 	0.025086857 	0.018692827 	0.99757606
0.00011111111 	0.030903845 	0.015800091 	0.99581852
0.00016666667 	0.035247673 	0.013898436 	0.99409778
0.00022222222 	0.038868302 	0.012271145 	0.99243239
0.00027777778 	0.041891682 	0.010765403 	0.99082122
0.00033333333 	0.044318022 	0.0093932715 	0.98924922
0.00038888889 	0.046129024 	0.0082178058 	0.9876642
0.00044444444 	0.047327081 	0.0073276676 	0.98592729
0.0005 	0.047935157 	0.0068398716 	0.98380306
0.00055555556 	0.047964276 	0.0068832039 	0.98105572
0.00061111111 	0.047384634 	0.0075734678 	0.97759483
0.00066666667 	0.04612068 	0.0090186545 	0.97355598
0.00072222222 	0.044075414 	0.011361537 	0.9692872
0.00077777778 	0.041161129 	0.014770607 	0.96526043
0.00083333333 	0.037370661 	0.019252165 	0.96179565
0.00088888889 	0.032850664 	0.024222008 	0.95851282
0.00094444444 	0.028153629 	0.028116776 	0.95410081
0.001 	0.024037749 	0.028204798 	0.9470779
0.0010617199 	0.022167262 	0.020797565 	0.93829645
0.0011225874 	0.023038508 	0.0083166348 	0.93161011
0.0011826143 	0.025116725 	-0.0017985879 	0.92934755
0.0012418122 	0.026414602 	-0.0045948985 	0.93152535
0.0013001926 	0.026092689 	-2.8002909e-05 	0.936234
0.0013577668 	0.024386054 	0.0091433595 	0.94112038
0.0014145458 	0.021772292 	0.019983608 	0.94457397
0.0014705407 	0.018894571 	0.030796344 	0.94625126
0.0015257623 	0.016174844 	0.040962594 	0.94687947
0.0015802213 	0.013791505 	0.050277455 	0.94758537
0.0016339282 	0.01184887 	0.058596534 	0.94922174
0.0016868934 	0.010477262 	0.065739466 	0.9521249
0.0017391271 	0.0096089852 	0.071407252 	0.95621733
0.0017906395 	0.0089764797 	0.075427098 	0.96116779
0.0018414404 	0.0084151039 	0.077841275 	0.96657236
0.0018915398 	0.007890284 	0.078975524 	0.97206328
0.0019409473 	0.0075128838 	0.079409782 	0.97734382
0.0019896725 	0.0075097169 	0.079871109 	0.98217256
0.0020377248 	0.0081154012 	0.080955854 	0.98634999
0.0020851134 	0.0094271187 	0.082881879 	0.98974378
0.0021318476 	0.011368435 	0.085369553 	0.99231857
0.0021779364 	0.0137426 	0.087795308 	0.99410221
0.0022233887 	0.01634164 	0.08950097 	0.99509163
0.0022682133 	0.019014005 	0.090072546 	0.99512801
0.0023124189 	0.021668216 	0.089433635 	0.99383671
0.0023560139 	0.024256297 	0.087752345 	0.99071101
0.0023990069 	0.026774935 	0.085261244 	0.98533996
0.0024414062 	0.029275886 	0.082106782 	0.97768712
0.0024832199 	0.031863651 	0.078367188 	0.96825806
0.0025244562 	0.034676533 	0.074244215 	0.95798586
0.002565123 	0.037859227 	0.070289179 	0.94780329
0.0026052281 	0.041514505 	0.067485538 	0.9381661
0.0026447794 	0.045621348 	0.067083758 	0.92889332
0.0026837845 	0.049967677 	0.070197705 	0.91941789
0.0027222509 	0.054161947 	0.077319655 	0.90912638
0.0027601861 	0.057741365 	0.088008091 	0.89747513
0.0027975974 	0.06028653 	0.10081905 	0.88394918
0.002834492 	0.061437689 	0.11342541 	0.86817333
0.0028708772 	0.060845683 	0.12307456 	0.85024566
0.0029067598 	0.058188953 	0.1274543 	0.83113543
0.0029421469 	0.05330031 	0.12560926 	0.81302248
0.0029770452 	0.046307655 	0.11834042 	0.79912533
0.0030114616 	0.037679486 	0.10782616 	0.79252585
0.0030454028 	0.028135067 	0.096439899 	0.79443783
0.0030788752 	0.018457721 	0.085459868 	0.80331007
0.0031118853 	0.0092802125 	0.074684759 	0.81553488
0.0031444395 	0.00090228097 	0.063175519 	0.82725171
0.0031765442 	-0.006701963 	0.050297906 	0.8360898
0.0032082055 	-0.013726552 	0.03615991 	0.84177413
0.0032394295 	-0.020327498 	0.02140039 	0.84542189
0.0032702223 	-0.026415829 	0.0067208538 	0.84817767
0.0033005899 	-0.031555221 	-0.0073643512 	0.85028146
0.0033305381 	-0.035314659 	-0.020477335 	0.85105039
0.0033600727 	-0.037401653 	-0.032188332 	0.84953616
0.0033891994 	-0.03765013 	-0.041933002 	0.84509847
0.0034179239 	-0.036171479 	-0.049024198 	0.8375632
0.0034462517 	-0.033278438 	-0.05276984 	0.82707602
0.0034741882 	-0.029393447 	-0.052652542 	0.81384496
0.003501739 	-0.024939627 	-0.048538928 	0.79787941
0.0035289093 	-0.020237118 	-0.040855957 	0.77879382
0.0035557043 	-0.015448494 	-0.030634237 	0.75577361
0.0035821293 	-0.010599989 	-0.019340811 	0.7277621
0.0036081894 	-0.0056695998 	-0.0085276131 	0.69383375
0.0036338895 	-0.00071878998 	0.00055696822 	0.65367886
0.0036592348 	0.0040586449 	0.0072394313 	0.60805366
0.00368423 	0.0083594989 	0.011446956 	0.55908176
0.00370888 	0.011738379 	0.01349105 	0.50994721
0.0037331896 	0.013792373 	0.013766116 	0.46398898
0.0037571635 	0.014366923 	0.012521742 	0.42346162
0.0037808063 	0.013575744 	0.0098351657 	0.38872741
0.0038041226 	0.011756714 	0.0057736329 	0.35825279
0.0038271169 	0.0093604084 	0.0006224483 	0.32928729
0.0038497936 	0.0068395514 	-0.0049735514 	0.2988167
0.0038721572 	0.0045522097 	-0.010043133 	0.26442425
0.0038942119 	0.0027147708 	-0.013494745 	0.22484456
0.003915962 	0.0014069619 	-0.014439246 	0.18007299
0.0039374118 	0.00059170357 	-0.012509361 	0.13109883
0.0039585653 	0.00016421037 	-0.0080915959 	0.079414601
0.0039794267 	1.1120834e-05 	-0.0024327287 	0.026548813
0.004 	1.1120834e-05 	-0.0024327287 	0.026548813
