0 	0.057131561 	-0.017797459 	1.1003085
2.0100503e-05 	0.02267289 	0.061196761 	1.0978013
4.0201005e-05 	0.02267289 	0.061196761 	1.0978013
6.0301508e-05 	-0.0055597955 	0.068069949 	1.0923677
8.040201e-05 	-0.0055597955 	0.068069949 	1.0923677
0.00010050251 	-0.0055597955 	0.068069949 	1.0923677
0.00012060302 	-0.013870864 	0.067530463 	1.0846819
0.00014070352 	-0.013870864 	0.067530463 	1.0846819
0.00016080402 	-0.013870864 	0.067530463 	1.0846819
0.00018090452 	-0.018935291 	0.064582349 	1.0757289
0.00020100503 	-0.018935291 	0.064582349 	1.0757289
0.00022110553 	-0.018935291 	0.064582349 	1.0757289
0.00024120603 	-0.024303133 	0.058425345 	1.0659238
0.00026130653 	-0.024303133 	0.058425345 	1.0659238
0.00028140704 	-0.031782608 	0.047428645 	1.0548954
0.00030150754 	-0.031782608 	0.047428645 	1.0548954
0.00032160804 	-0.031782608 	0.047428645 	1.0548954
0.00034170854 	-0.042433497 	0.030501398 	1.0422953
0.00036180905 	-0.042433497 	0.030501398 	1.0422953
0.00038190955 	-0.042433497 	0.030501398 	1.0422953
0.00040201005 	-0.056075358 	0.0094898059 	1.0282861
0.00042211055 	-0.056075358 	0.0094898059 	1.0282861
0.00044221106 	-0.056075358 	0.0094898059 	1.0282861
0.00046231156 	-0.0710488 	-0.010649154 	1.0129432
0.00048241206 	-0.0710488 	-0.010649154 	1.0129432
0.00050251256 	-0.084968017 	-0.025446592 	0.99645169
0.00052261307 	-0.084968017 	-0.025446592 	0.99645169
0.00054271357 	-0.084968017 	-0.025446592 	0.99645169
0.00056281407 	-0.096054218 	-0.033983057 	0.97988815
0.00058291457 	-0.096054218 	-0.033983057 	0.97988815
0.00060301508 	-0.096054218 	-0.033983057 	0.97988815
0.00062311558 	-0.10382988 	-0.038069349 	0.96435095
0.00064321608 	-0.10382988 	-0.038069349 	0.96435095
0.00066331658 	-0.10382988 	-0.038069349 	0.96435095
0.00068341709 	-0.10867187 	-0.039886966 	0.95005349
0.00070351759 	-0.10867187 	-0.039886966 	0.95005349
0.00072361809 	-0.11113987 	-0.040884766 	0.93679383
0.00074371859 	-0.11113987 	-0.040884766 	0.93679383
0.0007638191 	-0.11113987 	-0.040884766 	0.93679383
0.0007839196 	-0.11175095 	-0.041926151 	0.92434433
0.0008040201 	-0.11175095 	-0.041926151 	0.92434433
0.0008241206 	-0.11175095 	-0.041926151 	0.92434433
0.00084422111 	-0.11102097 	-0.043566647 	0.91241155
0.00086432161 	-0.11102097 	-0.043566647 	0.91241155
0.00088442211 	-0.11102097 	-0.043566647 	0.91241155
0.00090452261 	-0.10932696 	-0.046205047 	0.90082846
0.00092462312 	-0.10932696 	-0.046205047 	0.90082846
0.00094472362 	-0.10672389 	-0.05002694 	0.88970281
0.00096482412 	-0.10672389 	-0.05002694 	0.88970281
0.00098492462 	-0.10672389 	-0.05002694 	0.88970281
0.0010050251 	-0.10723779 	-0.05891447 	0.87283181
0.0010251256 	-0.10723779 	-0.05891447 	0.87283181
0.0010452261 	-0.10723779 	-0.05891447 	0.87283181
0.0010653266 	-0.10307009 	-0.063971506 	0.86271203
0.0010854271 	-0.10307009 	-0.063971506 	0.86271203
0.0011055276 	-0.10307009 	-0.063971506 	0.86271203
0.0011256281 	-0.098256808 	-0.068786195 	0.85485905
0.0011457286 	-0.098256808 	-0.068786195 	0.85485905
0.0011658291 	-0.098256808 	-0.068786195 	0.85485905
0.0011859296 	-0.093973162 	-0.071604098 	0.84884239
0.0012060302 	-0.093973162 	-0.071604098 	0.84884239
0.0012261307 	-0.093973162 	-0.071604098 	0.84884239
0.0012462312 	-0.091046733 	-0.071075802 	0.84376939
0.0012663317 	-0.091046733 	-0.071075802 	0.84376939
0.0012864322 	-0.091046733 	-0.071075802 	0.84376939
0.0013065327 	-0.089328374 	-0.06699843 	0.83896248
0.0013266332 	-0.089328374 	-0.06699843 	0.83896248
0.0013467337 	-0.089328374 	-0.06699843 	0.83896248
0.0013668342 	-0.087700975 	-0.060974322 	0.83436074
0.0013869347 	-0.087700975 	-0.060974322 	0.83436074
0.0014070352 	-0.087700975 	-0.060974322 	0.83436074
0.0014271357 	-0.085184045 	-0.055014627 	0.83024888
0.0014472362 	-0.085184045 	-0.055014627 	0.83024888
0.0014673367 	-0.085184045 	-0.055014627 	0.83024888
0.0014874372 	-0.081529544 	-0.050310673 	0.82676498
0.0015075377 	-0.081529544 	-0.050310673 	0.82676498
0.0015276382 	-0.076796259 	-0.047275801 	0.82396176
0.0015477387 	-0.076796259 	-0.047275801 	0.82396176
0.0015678392 	-0.076796259 	-0.047275801 	0.82396176
0.0015879397 	-0.071358713 	-0.045802005 	0.82198236
0.0016080402 	-0.071358713 	-0.045802005 	0.82198236
0.0016281407 	-0.071358713 	-0.045802005 	0.82198236
0.0016482412 	-0.066019402 	-0.04527408 	0.82072992
0.0016683417 	-0.066019402 	-0.04527408 	0.82072992
0.0016884422 	-0.061610103 	-0.045092407 	0.81980095
0.0017085427 	-0.061610103 	-0.045092407 	0.81980095
0.0017286432 	-0.061610103 	-0.045092407 	0.81980095
0.0017487437 	-0.058699312 	-0.045159658 	0.81895191
0.0017688442 	-0.058699312 	-0.045159658 	0.81895191
0.0017889447 	-0.058699312 	-0.045159658 	0.81895191
0.0018090452 	-0.057641399 	-0.045698718 	0.81824367
0.0018291457 	-0.057641399 	-0.045698718 	0.81824367
0.0018492462 	-0.058578235 	-0.046765964 	0.81765885
0.0018693467 	-0.058578235 	-0.046765964 	0.81765885
0.0018894472 	-0.058578235 	-0.046765964 	0.81765885
0.0019095477 	-0.061222901 	-0.048267528 	0.81704904
0.0019296482 	-0.061222901 	-0.048267528 	0.81704904
0.0019497487 	-0.064862748 	-0.050010429 	0.81635661
0.0019698492 	-0.064862748 	-0.050010429 	0.81635661
0.0019899497 	-0.064862748 	-0.050010429 	0.81635661
0.0020100503 	-0.068730356 	-0.051416221 	0.81535277
0.0020301508 	-0.068730356 	-0.051416221 	0.81535277
0.0020502513 	-0.072309639 	-0.051473727 	0.813307
0.0020703518 	-0.072309639 	-0.051473727 	0.813307
0.0020904523 	-0.075366805 	-0.048935233 	0.80924583
0.0021105528 	-0.075366805 	-0.048935233 	0.80924583
0.0021306533 	-0.075366805 	-0.048935233 	0.80924583
0.0021507538 	-0.077762458 	-0.042580173 	0.80261447
0.0021708543 	-0.077762458 	-0.042580173 	0.80261447
0.0021909548 	-0.079277418 	-0.031647206 	0.79380662
0.0022110553 	-0.079277418 	-0.031647206 	0.79380662
0.0022311558 	-0.079658445 	-0.016392267 	0.78417011
0.0022512563 	-0.079658445 	-0.016392267 	0.78417011
0.0022713568 	-0.078744993 	0.0015912319 	0.77542251
0.0022914573 	-0.078744993 	0.0015912319 	0.77542251
0.0023115578 	-0.078744993 	0.0015912319 	0.77542251
0.0023316583 	-0.076747517 	0.019770851 	0.76883245
0.0023517588 	-0.076747517 	0.019770851 	0.76883245
0.0023718593 	-0.074282799 	0.035614809 	0.76468412
0.0023919598 	-0.074282799 	0.035614809 	0.76468412
0.0024120603 	-0.07166862 	0.047620323 	0.7622564
0.0024321608 	-0.07166862 	0.047620323 	0.7622564
0.0024522613 	-0.068815564 	0.055382199 	0.76021925
0.0024723618 	-0.068815564 	0.055382199 	0.76021925
0.0024924623 	-0.065532146 	0.058889825 	0.75716258
0.0025125628 	-0.065532146 	0.058889825 	0.75716258
0.0025326633 	-0.061691886 	0.057835806 	0.75197467
0.0025527638 	-0.061691886 	0.057835806 	0.75197467
0.0025728643 	-0.057392127 	0.05160119 	0.74404333
0.0025929648 	-0.057392127 	0.05160119 	0.74404333
0.0026130653 	-0.053128062 	0.039973758 	0.73331324
0.0026331658 	-0.053128062 	0.039973758 	0.73331324
0.0026532663 	-0.049653249 	0.023916692 	0.72022733
0.0026733668 	-0.049653249 	0.023916692 	0.72022733
0.0026934673 	-0.047735367 	0.0059346781 	0.70577854
0.0027135678 	-0.047735367 	0.0059346781 	0.70577854
0.0027336683 	-0.048006678 	-0.010468012 	0.69137255
0.0027537688 	-0.048006678 	-0.010468012 	0.69137255
0.0027738693 	-0.050575902 	-0.021953499 	0.67859654
0.0027939698 	-0.050575902 	-0.021953499 	0.67859654
0.0028140704 	-0.054707826 	-0.026789691 	0.66875563
0.0028341709 	-0.054707826 	-0.026789691 	0.66875563
0.0028542714 	-0.059312601 	-0.025463094 	0.66239246
0.0028743719 	-0.063396677 	-0.020119276 	0.65918395
0.0028944724 	-0.063396677 	-0.020119276 	0.65918395
0.0029145729 	-0.066170188 	-0.013479302 	0.65820408
0.0029346734 	-0.066170188 	-0.013479302 	0.65820408
0.0029547739 	-0.067338264 	-0.0080929099 	0.65868096
0.0029748744 	-0.067338264 	-0.0080929099 	0.65868096
0.0029949749 	-0.067006579 	-0.005937059 	0.66060586
0.0030150754 	-0.065550502 	-0.0078589059 	0.6645677
0.0030351759 	-0.065550502 	-0.0078589059 	0.6645677
0.0030552764 	-0.06353919 	-0.013336668 	0.67090433
0.0030753769 	-0.06353919 	-0.013336668 	0.67090433
0.0030954774 	-0.061307459 	-0.020710355 	0.67907314
0.0031155779 	-0.058863469 	-0.028050276 	0.68799217
0.0031356784 	-0.058863469 	-0.028050276 	0.68799217
0.0031557789 	-0.056097567 	-0.034283535 	0.69693663
0.0031758794 	-0.056097567 	-0.034283535 	0.69693663
0.0031959799 	-0.052834639 	-0.039395397 	0.70574876
0.0032160804 	-0.048974262 	-0.043814012 	0.71452574
0.0032361809 	-0.048974262 	-0.043814012 	0.71452574
0.0032562814 	-0.044643755 	-0.047856001 	0.72331227
0.0032763819 	-0.040083291 	-0.051561394 	0.73196471
0.0032964824 	-0.040083291 	-0.051561394 	0.73196471
0.0033165829 	-0.0355285 	-0.054803763 	0.74016758
0.0033366834 	-0.031130825 	-0.057416015 	0.74752123
0.0033567839 	-0.031130825 	-0.057416015 	0.74752123
0.0033768844 	-0.026950646 	-0.059258144 	0.75360893
0.0033969849 	-0.022989307 	-0.060228697 	0.75801856
0.0034170854 	-0.022989307 	-0.060228697 	0.75801856
0.0034371859 	-0.019227771 	-0.06024951 	0.7603469
0.0034572864 	-0.01565759 	-0.059251963 	0.76020449
0.0034773869 	-0.012298099 	-0.057179763 	0.75723127
0.0034974874 	-0.012298099 	-0.057179763 	0.75723127
0.0035175879 	-0.0092024728 	-0.054017883 	0.751121
0.0035376884 	-0.0064544776 	-0.049849405 	0.74164641
0.0035577889 	-0.0041571403 	-0.044929017 	0.72866993
0.0035778894 	-0.0041571403 	-0.044929017 	0.72866993
0.0035979899 	-0.0024110857 	-0.039743624 	0.71211789
0.0036180905 	-0.0012844529 	-0.035006335 	0.69189732
0.003638191 	-0.00078229771 	-0.031532317 	0.66776809
0.0036582915 	-0.00078229771 	-0.031532317 	0.66776809
0.003678392 	-0.00082623398 	-0.029986946 	0.63925239
0.0036984925 	-0.0012574021 	-0.030592293 	0.60570683
0.003718593 	-0.0018667325 	-0.03295669 	0.56662099
0.0037386935 	-0.0024412394 	-0.036167226 	0.52202829
0.003758794 	-0.0028058889 	-0.039126587 	0.47276799
0.0037788945 	-0.0028058889 	-0.039126587 	0.47276799
0.003798995 	-0.0028540246 	-0.040940732 	0.4204059
0.0038190955 	-0.002566883 	-0.041142694 	0.36686859
0.003839196 	-0.0020153986 	-0.039688195 	0.3140061
0.0038592965 	-0.0013335418 	-0.036809921 	0.2632483
0.003879397 	-0.0006702087 	-0.032843284 	0.21541716
0.0038994975 	-0.00013983871 	-0.028088372 	0.17071368
0.003919598 	0.00017835839 	-0.022731252 	0.12886913
0.0039396985 	0.00026968243 	-0.016829807 	0.089408869
0.003959799 	0.00019302007 	-0.010370805 	0.051953747
0.0039798995 	4.0592866e-05 	-0.0034435996 	0.016512099
0.004 	4.0592866e-05 	-0.0034435996 	0.016512099
