0 	-0.037454032 	0.033262966 	0.99690037
5.5555556e-05 	-0.017495081 	0.042836109 	0.99934661
0.00011111111 	-0.011934258 	0.041156844 	1.0021357
0.00016666667 	-0.010547365 	0.038878447 	1.0049189
0.00022222222 	-0.011290212 	0.037176846 	1.0072993
0.00027777778 	-0.013408561 	0.036172836 	1.0089992
0.00033333333 	-0.016337578 	0.035600359 	1.0099485
0.00038888889 	-0.019520003 	0.035078378 	1.0102757
0.00044444444 	-0.02243916 	0.034330528 	1.0102031
0.0005 	-0.024690043 	0.033316043 	1.0099266
0.00055555556 	-0.026027946 	0.032213407 	1.0095379
0.00061111111 	-0.02639398 	0.031311667 	1.0090244
0.00066666667 	-0.025896833 	0.030878257 	1.0083363
0.00072222222 	-0.024761008 	0.031067324 	1.0074629
0.00077777778 	-0.023260089 	0.031883051 	1.0064665
0.00083333333 	-0.021649617 	0.033193964 	1.0054669
0.00088888889 	-0.020129691 	0.034782887 	1.0046035
0.00094444444 	-0.018780702 	0.036402797 	1.0040096
0.001 	-0.017647651 	0.037859912 	1.0037625
0.0010617199 	-0.016848208 	0.038933597 	1.0040679
0.0011225874 	-0.016185062 	0.039481568 	1.0050708
0.0011826143 	-0.015637118 	0.039630987 	1.0068248
0.0012418122 	-0.015128117 	0.039620284 	1.009373
0.0013001926 	-0.014646144 	0.039739819 	1.0127049
0.0013577668 	-0.014209492 	0.040236653 	1.0167209
0.0014145458 	-0.013867323 	0.041248311 	1.0212161
0.0014705407 	-0.013678599 	0.042780988 	1.0259129
0.0015257623 	-0.013694739 	0.044732021 	1.0305318
0.0015802213 	-0.013959133 	0.046940796 	1.0348561
0.0016339282 	-0.014519441 	0.049225106 	1.0387362
0.0016868934 	-0.015433282 	0.051392768 	1.0420102
0.0017391271 	-0.016745706 	0.053232494 	1.0443681
0.0017906395 	-0.01845008 	0.054508696 	1.0452305
0.0018414404 	-0.02045415 	0.054976223 	1.0437379
0.0018915398 	-0.022583251 	0.054414585 	1.0389259
0.0019409473 	-0.024606862 	0.052691039 	1.0300683
0.0019896725 	-0.026258775 	0.049859891 	1.0170434
0.0020377248 	-0.027259892 	0.046256686 	1.0005338
0.0020851134 	-0.027376681 	0.042514287 	0.98192849
0.0021318476 	-0.026518878 	0.039445894 	0.96300722
0.0021779364 	-0.024829651 	0.037853041 	0.94563432
0.0022233887 	-0.02273251 	0.038299084 	0.93154217
0.0022682133 	-0.020879176 	0.040915714 	0.92211856
0.0023124189 	-0.019986698 	0.045345636 	0.91812384
0.0023560139 	-0.02060849 	0.050899682 	0.91943297
0.0023990069 	-0.022926333 	0.056872589 	0.92498617
0.0024414062 	-0.026641513 	0.06282479 	0.93297825
0.0024832199 	-0.031032146 	0.068590993 	0.94109728
0.0025244562 	-0.035163759 	0.074030719 	0.94670207
0.002565123 	-0.038219441 	0.078844575 	0.94711737
0.0026052281 	-0.039796268 	0.082648051 	0.94028528
0.0026447794 	-0.040013305 	0.085217588 	0.9257235
0.0026837845 	-0.03940167 	0.086539616 	0.90514017
0.0027222509 	-0.038522124 	0.086677806 	0.88195653
0.0027601861 	-0.037641872 	0.085712706 	0.85982268
0.0027975974 	-0.036649783 	0.083801312 	0.84119575
0.002834492 	-0.035202918 	0.081264883 	0.82687483
0.0028708772 	-0.032980443 	0.078509331 	0.81643066
0.0029067598 	-0.029829268 	0.075883388 	0.80896039
0.0029421469 	-0.025745026 	0.073575046 	0.80357018
0.0029770452 	-0.020864942 	0.071629291 	0.79954144
0.0030114616 	-0.0153946 	0.069979519 	0.79643353
0.0030454028 	-0.0095289658 	0.068530462 	0.79395009
0.0030788752 	-0.0035000607 	0.067186591 	0.79189051
0.0031118853 	0.0024916953 	0.065849687 	0.79012534
0.0031444395 	0.0082739536 	0.064430373 	0.78854784
0.0031765442 	0.013674186 	0.062834351 	0.78707517
0.0032082055 	0.018567489 	0.060984722 	0.78563823
0.0032394295 	0.022866506 	0.058822323 	0.78414296
0.0032702223 	0.026514897 	0.056310733 	0.78248671
0.0033005899 	0.029481174 	0.053439408 	0.78054227
0.0033305381 	0.03176892 	0.050220199 	0.77818007
0.0033600727 	0.033373979 	0.046670927 	0.77531345
0.0033891994 	0.03426936 	0.042807171 	0.77192766
0.0034179239 	0.03442008 	0.038640031 	0.7680731
0.0034462517 	0.033784438 	0.034186106 	0.76384415
0.0034741882 	0.032301801 	0.029459223 	0.75927411
0.003501739 	0.029934659 	0.024435471 	0.75430979
0.0035289093 	0.026708023 	0.018997005 	0.74871179
0.0035557043 	0.022740246 	0.012893837 	0.74191721
0.0035821293 	0.018262406 	0.0058521819 	0.73283376
0.0036081894 	0.013661785 	-0.0021510266 	0.71983282
0.0036338895 	0.0093684162 	-0.010683482 	0.7011046
0.0036592348 	0.005684137 	-0.018955815 	0.67534632
0.00368423 	0.0027204892 	-0.026199867 	0.64230798
0.00370888 	0.00043959603 	-0.032031524 	0.60278655
0.0037331896 	-0.0012628429 	-0.036496615 	0.55812082
0.0037571635 	-0.0024783318 	-0.039806112 	0.50962435
0.0037808063 	-0.0032529542 	-0.042038556 	0.45834273
0.0038041226 	-0.0036044985 	-0.043056874 	0.4051728
0.0038271169 	-0.0035621322 	-0.042647581 	0.35109878
0.0038497936 	-0.0031959228 	-0.040710458 	0.29727797
0.0038721572 	-0.0026157457 	-0.037340496 	0.24488884
0.0038942119 	-0.0019445446 	-0.032769415 	0.19485395
0.003915962 	-0.0012876805 	-0.027234013 	0.14762059
0.0039374118 	-0.00071881918 	-0.02085325 	0.10311313
0.0039585653 	-0.00028733019 	-0.013554784 	0.06085081
0.0039794267 	-3.1971254e-05 	-0.0050609739 	0.020131008
0.004 	-3.1971254e-05 	-0.0050609739 	0.020131008
