0 	0.059131967 	-0.0028524638 	0.98105704
5.5555625e-05 	0.048029224 	-0.027858507 	0.98018372
0.00011111111 	0.040341116 	-0.031729634 	0.98042303
0.00016666667 	0.034706892 	-0.031132056 	0.981575
0.00022222222 	0.030327824 	-0.028288966 	0.98319291
0.00027777778 	0.026981922 	-0.023902357 	0.9847338
0.00033333333 	0.024391153 	-0.018596943 	0.9857458
0.00038888889 	0.022129563 	-0.013071995 	0.98596956
0.00044444444 	0.019733725 	-0.0079638003 	0.98533001
0.0005 	0.016838481 	-0.0036964067 	0.98389815
0.00055555556 	0.013264759 	-0.00040505041 	0.9819062
0.00061111111 	0.0090549956 	0.002081785 	0.97980327
0.00066666667 	0.0044603062 	0.0041992723 	0.97825555
0.00072222222 	-0.00014186749 	0.0065202319 	0.97798528
0.00077777778 	-0.0044172836 	0.0095461576 	0.97944286
0.00083333333 	-0.0082385604 	0.013484246 	0.98246031
0.00088888889 	-0.011777772 	0.018112351 	0.98613343
0.00094444444 	-0.015331793 	0.022882924 	0.98910688
0.001 	-0.019553329 	0.027352396 	0.99018965
0.0010617199 	-0.024377766 	0.03109564 	0.98821154
0.0011225874 	-0.029108707 	0.033884646 	0.98327572
0.0011826143 	-0.033308373 	0.035972917 	0.97639435
0.0012418122 	-0.036686746 	0.037523871 	0.96865066
0.0013001926 	-0.039193962 	0.038540219 	0.96081166
0.0013577668 	-0.040957437 	0.038940105 	0.95319761
0.0014145458 	-0.042225219 	0.038669 	0.94573263
0.0014705407 	-0.043255119 	0.037808887 	0.93808638
0.0015257623 	-0.044186321 	0.036621151 	0.92990208
0.0015802213 	-0.044942786 	0.035483517 	0.92112074
0.0016339282 	-0.045228779 	0.034689051 	0.91235184
0.0016868934 	-0.044657516 	0.034185452 	0.90499288
0.0017391271 	-0.042991588 	0.033481807 	0.90068768
0.0017906395 	-0.040308951 	0.031954696 	0.9001639
0.0018414404 	-0.036951047 	0.029427612 	0.90244019
0.0018915398 	-0.033303747 	0.026349918 	0.90542708
0.0019409473 	-0.029621265 	0.023332994 	0.9074004
0.0019896725 	-0.026042295 	0.020650176 	0.90783561
0.0020377248 	-0.022661163 	0.018221596 	0.90715671
0.0020851134 	-0.019567704 	0.015903022 	0.90610396
0.0021318476 	-0.016866273 	0.013690902 	0.90529115
0.0021779364 	-0.014659599 	0.011746484 	0.9050399
0.0022233887 	-0.013030407 	0.010299913 	0.90540645
0.0022682133 	-0.012005076 	0.0095293974 	0.9062986
0.0023124189 	-0.011555384 	0.0094942177 	0.90757481
0.0023560139 	-0.011622886 	0.010137449 	0.9091051
0.0023990069 	-0.012122463 	0.011318172 	0.91080251
0.0024414062 	-0.013003053 	0.012890145 	0.91258495
0.0024832199 	-0.014261279 	0.014717906 	0.91436822
0.0025244562 	-0.015909227 	0.016670798 	0.91605002
0.002565123 	-0.017975185 	0.01857843 	0.9175095
0.0026052281 	-0.020538401 	0.020208338 	0.91864231
0.0026447794 	-0.02366702 	0.021287472 	0.91940572
0.0026837845 	-0.027288983 	0.021605471 	0.91986435
0.0027222509 	-0.031182367 	0.021095432 	0.92018673
0.0027601861 	-0.03499682 	0.019862828 	0.92058296
0.0027975974 	-0.038328811 	0.018146233 	0.92122315
0.002834492 	-0.040838947 	0.01622657 	0.92218617
0.0028708772 	-0.042291086 	0.014318291 	0.92346811
0.0029067598 	-0.042573738 	0.01250393 	0.92502523
0.0029421469 	-0.041691497 	0.010738666 	0.92681619
0.0029770452 	-0.039748306 	0.0089016212 	0.92881146
0.0030114616 	-0.03692662 	0.0068535295 	0.93100654
0.0030454028 	-0.033436554 	0.0044862452 	0.93339201
0.0030788752 	-0.029503099 	0.0017408152 	0.93595225
0.0031118853 	-0.025377923 	-0.001400418 	0.93870145
0.0031444395 	-0.021272724 	-0.004880731 	0.94158581
0.0031765442 	-0.017350206 	-0.0085983077 	0.94453078
0.0032082055 	-0.013744245 	-0.012402004 	0.9473798
0.0032394295 	-0.010513051 	-0.01612366 	0.94990705
0.0032702223 	-0.0077053754 	-0.019600978 	0.95188201
0.0033005899 	-0.0053972208 	-0.022738535 	0.95312864
0.0033305381 	-0.0035970817 	-0.02553141 	0.95352269
0.0033600727 	-0.0022396353 	-0.028046031 	0.95287967
0.0033891994 	-0.0011699246 	-0.030396814 	0.95085886
0.0034179239 	-0.00015800341 	-0.03270194 	0.94688448
0.0034462517 	0.0010430874 	-0.035061086 	0.9401978
0.0034741882 	0.0026314763 	-0.037556006 	0.93003104
0.003501739 	0.0047019012 	-0.040237497 	0.91586107
0.0035289093 	0.0072063691 	-0.043096179 	0.89767146
0.0035557043 	0.0099540166 	-0.0460379 	0.8760946
0.0035821293 	0.012665035 	-0.048890003 	0.8523259
0.0036081894 	0.015057061 	-0.05138715 	0.82788488
0.0036338895 	0.016896077 	-0.053122336 	0.8043706
0.0036592348 	0.017970615 	-0.053551543 	0.78320829
0.00368423 	0.018045732 	-0.052139559 	0.76519163
0.00370888 	0.016909654 	-0.048545942 	0.74970793
0.0037331896 	0.01455187 	-0.042645694 	0.73393428
0.0037571635 	0.011339426 	-0.034429351 	0.71278854
0.0037808063 	0.0079830062 	-0.024109679 	0.68043636
0.0038041226 	0.0051629611 	-0.012518915 	0.63300132
0.0038271169 	0.0031873721 	-0.0012666793 	0.57061822
0.0038497936 	0.0019689199 	0.0077669584 	0.49720758
0.0038721572 	0.0012584945 	0.013387352 	0.41810601
0.0038942119 	0.00082743601 	0.015539849 	0.33775039
0.003915962 	0.00051442879 	0.014922417 	0.25875105
0.0039374118 	0.00026808043 	0.012338031 	0.18219382
0.0039585653 	9.4204594e-05 	0.0083142067 	0.10819495
0.0039794267 	7.3723902e-06 	0.0031050527 	0.036133401
0.004 	7.3723902e-06 	0.0031050527 	0.036133401
