0 	0.027932724 	-0.015563781 	1.0162814
2.0100503e-05 	0.027932724 	-0.015563781 	1.0162814
4.0201005e-05 	0.027932724 	-0.015563781 	1.0162814
6.0301508e-05 	0.030212983 	-0.0034499777 	1.0154846
8.040201e-05 	0.030212983 	-0.0034499777 	1.0154846
0.00010050251 	0.030212983 	-0.0034499777 	1.0154846
0.00012060302 	0.028469207 	-0.0008672634 	1.015046
0.00014070352 	0.028469207 	-0.0008672634 	1.015046
0.00016080402 	0.028469207 	-0.0008672634 	1.015046
0.00018090452 	0.02594929 	0.00051372518 	1.0151526
0.00020100503 	0.02594929 	0.00051372518 	1.0151526
0.00022110553 	0.02594929 	0.00051372518 	1.0151526
0.00024120603 	0.022531929 	0.0021383728 	1.0160281
0.00026130653 	0.022531929 	0.0021383728 	1.0160281
0.00028140704 	0.017974483 	0.0043713716 	1.0179471
0.00030150754 	0.017974483 	0.0043713716 	1.0179471
0.00032160804 	0.017974483 	0.0043713716 	1.0179471
0.00034170854 	0.012094464 	0.0072753824 	1.0210645
0.00036180905 	0.012094464 	0.0072753824 	1.0210645
0.00038190955 	0.012094464 	0.0072753824 	1.0210645
0.00040201005 	0.0049483183 	0.010676821 	1.0249557
0.00042211055 	0.0049483183 	0.010676821 	1.0249557
0.00044221106 	0.0049483183 	0.010676821 	1.0249557
0.00046231156 	-0.0030204377 	0.014059666 	1.0281906
0.00048241206 	-0.0030204377 	0.014059666 	1.0281906
0.00050251256 	-0.011007595 	0.016656046 	1.0285639
0.00052261307 	-0.011007595 	0.016656046 	1.0285639
0.00054271357 	-0.011007595 	0.016656046 	1.0285639
0.00056281407 	-0.018123788 	0.01791058 	1.0241256
0.00058291457 	-0.018123788 	0.01791058 	1.0241256
0.00060301508 	-0.018123788 	0.01791058 	1.0241256
0.00062311558 	-0.023785064 	0.017939882 	1.0143544
0.00064321608 	-0.023785064 	0.017939882 	1.0143544
0.00066331658 	-0.023785064 	0.017939882 	1.0143544
0.00068341709 	-0.02789741 	0.017415983 	1.0005782
0.00070351759 	-0.02789741 	0.017415983 	1.0005782
0.00072361809 	-0.030726438 	0.016967783 	0.98536948
0.00074371859 	-0.030726438 	0.016967783 	0.98536948
0.0007638191 	-0.030726438 	0.016967783 	0.98536948
0.0007839196 	-0.032638011 	0.016764002 	0.97155023
0.0008040201 	-0.032638011 	0.016764002 	0.97155023
0.0008241206 	-0.032638011 	0.016764002 	0.97155023
0.00084422111 	-0.033901003 	0.01659767 	0.9615842
0.00086432161 	-0.033901003 	0.01659767 	0.9615842
0.00088442211 	-0.033901003 	0.01659767 	0.9615842
0.00090452261 	-0.034572772 	0.016136689 	0.95743856
0.00092462312 	-0.034572772 	0.016136689 	0.95743856
0.00094472362 	-0.034436157 	0.015042935 	0.96045688
0.00096482412 	-0.034436157 	0.015042935 	0.96045688
0.00098492462 	-0.034436157 	0.015042935 	0.96045688
0.0010050251 	-0.037897088 	0.0060956713 	0.96674413
0.0010251256 	-0.037897088 	0.0060956713 	0.96674413
0.0010452261 	-0.037897088 	0.0060956713 	0.96674413
0.0010653266 	-0.035551069 	0.003430592 	0.98456817
0.0010854271 	-0.035551069 	0.003430592 	0.98456817
0.0011055276 	-0.030004966 	0.0092030171 	0.99098814
0.0011256281 	-0.025644469 	0.0040533118 	1.0137921
0.0011457286 	-0.031611609 	-0.00059642708 	1.005915
0.0011658291 	-0.031611609 	-0.00059642708 	1.005915
0.0011859296 	-0.026782292 	-0.0053695065 	1.0253136
0.0012060302 	-0.026782292 	-0.0053695065 	1.0253136
0.0012261307 	-0.020757548 	-0.00134638 	1.0344661
0.0012462312 	-0.022115028 	-0.010086599 	1.0375529
0.0012663317 	-0.022115028 	-0.010086599 	1.0375529
0.0012864322 	-0.022115028 	-0.010086599 	1.0375529
0.0013065327 	-0.018537607 	-0.01467604 	1.0387886
0.0013266332 	-0.018537607 	-0.01467604 	1.0387886
0.0013467337 	-0.018537607 	-0.01467604 	1.0387886
0.0013668342 	-0.016633909 	-0.019975561 	1.0276352
0.0013869347 	-0.016633909 	-0.019975561 	1.0276352
0.0014070352 	-0.016633909 	-0.019975561 	1.0276352
0.0014271357 	-0.016394691 	-0.025941337 	1.0060813
0.0014472362 	-0.016394691 	-0.025941337 	1.0060813
0.0014673367 	-0.016394691 	-0.025941337 	1.0060813
0.0014874372 	-0.017192375 	-0.029945142 	0.97811859
0.0015075377 	-0.017192375 	-0.029945142 	0.97811859
0.0015276382 	-0.018311419 	-0.028374178 	0.94744431
0.0015477387 	-0.018311419 	-0.028374178 	0.94744431
0.0015678392 	-0.018311419 	-0.028374178 	0.94744431
0.0015879397 	-0.019588028 	-0.020193207 	0.91827211
0.0016080402 	-0.019588028 	-0.020193207 	0.91827211
0.0016281407 	-0.019588028 	-0.020193207 	0.91827211
0.0016482412 	-0.021327759 	-0.0076673901 	0.8964869
0.0016683417 	-0.021327759 	-0.0076673901 	0.8964869
0.0016884422 	-0.023544437 	0.006054566 	0.88640608
0.0017085427 	-0.023544437 	0.006054566 	0.88640608
0.0017286432 	-0.023544437 	0.006054566 	0.88640608
0.0017487437 	-0.025764659 	0.018997981 	0.88739286
0.0017688442 	-0.025764659 	0.018997981 	0.88739286
0.0017889447 	-0.025764659 	0.018997981 	0.88739286
0.0018090452 	-0.027423755 	0.030634481 	0.89481101
0.0018291457 	-0.027423755 	0.030634481 	0.89481101
0.0018492462 	-0.02808867 	0.041135087 	0.90340081
0.0018693467 	-0.02808867 	0.041135087 	0.90340081
0.0018894472 	-0.02808867 	0.041135087 	0.90340081
0.0019095477 	-0.027509268 	0.050457827 	0.90966664
0.0019296482 	-0.027509268 	0.050457827 	0.90966664
0.0019497487 	-0.025740222 	0.057970695 	0.91223966
0.0019698492 	-0.025740222 	0.057970695 	0.91223966
0.0019899497 	-0.023219585 	0.062934521 	0.91114668
0.0020100503 	-0.023219585 	0.062934521 	0.91114668
0.0020301508 	-0.023219585 	0.062934521 	0.91114668
0.0020502513 	-0.020537383 	0.065172848 	0.90723789
0.0020703518 	-0.020537383 	0.065172848 	0.90723789
0.0020904523 	-0.018187099 	0.065179906 	0.90183949
0.0021105528 	-0.018187099 	0.065179906 	0.90183949
0.0021306533 	-0.018187099 	0.065179906 	0.90183949
0.0021507538 	-0.01645585 	0.063797016 	0.89628845
0.0021708543 	-0.01645585 	0.063797016 	0.89628845
0.0021909548 	-0.015437326 	0.061885643 	0.89152226
0.0022110553 	-0.015437326 	0.061885643 	0.89152226
0.0022311558 	-0.015078607 	0.060149687 	0.88794613
0.0022512563 	-0.015078607 	0.060149687 	0.88794613
0.0022713568 	-0.015227039 	0.059055869 	0.8855189
0.0022914573 	-0.015227039 	0.059055869 	0.8855189
0.0023115578 	-0.015227039 	0.059055869 	0.8855189
0.0023316583 	-0.015664555 	0.058829625 	0.88392815
0.0023517588 	-0.015664555 	0.058829625 	0.88392815
0.0023718593 	-0.016147719 	0.059475224 	0.88275972
0.0023919598 	-0.016147719 	0.059475224 	0.88275972
0.0024120603 	-0.016435406 	0.060824156 	0.88162253
0.0024321608 	-0.016435406 	0.060824156 	0.88162253
0.0024522613 	-0.016318369 	0.062574906 	0.88022813
0.0024723618 	-0.016318369 	0.062574906 	0.88022813
0.0024924623 	-0.015650989 	0.064343006 	0.8784235
0.0025125628 	-0.015650989 	0.064343006 	0.8784235
0.0025326633 	-0.014372614 	0.065723635 	0.87618393
0.0025527638 	-0.014372614 	0.065723635 	0.87618393
0.0025728643 	-0.012510335 	0.066341491 	0.87356566
0.0025929648 	-0.012510335 	0.066341491 	0.87356566
0.0026130653 	-0.010153856 	0.065888582 	0.87063014
0.0026331658 	-0.010153856 	0.065888582 	0.87063014
0.0026532663 	-0.0074394994 	0.064151697 	0.86737336
0.0026733668 	-0.0074394994 	0.064151697 	0.86737336
0.0026934673 	-0.004538671 	0.061041041 	0.86370293
0.0027135678 	-0.004538671 	0.061041041 	0.86370293
0.0027336683 	-0.0016481707 	0.056611252 	0.85948863
0.0027537688 	-0.0016481707 	0.056611252 	0.85948863
0.0027738693 	0.001065547 	0.051061744 	0.85466214
0.0027939698 	0.001065547 	0.051061744 	0.85466214
0.0028140704 	0.0034876904 	0.044706301 	0.84930727
0.0028341709 	0.0034876904 	0.044706301 	0.84930727
0.0028542714 	0.005554056 	0.037893908 	0.84367614
0.0028743719 	0.0072627431 	0.030919599 	0.83813359
0.0028944724 	0.0072627431 	0.030919599 	0.83813359
0.0029145729 	0.0086381064 	0.023960517 	0.83309165
0.0029346734 	0.0086381064 	0.023960517 	0.83309165
0.0029547739 	0.0096987836 	0.017062627 	0.82896093
0.0029748744 	0.0096987836 	0.017062627 	0.82896093
0.0029949749 	0.01044116 	0.010183061 	0.8261098
0.0030150754 	0.010846427 	0.0032545152 	0.82480291
0.0030351759 	0.010846427 	0.0032545152 	0.82480291
0.0030552764 	0.010914174 	-0.0037279775 	0.82512505
0.0030753769 	0.010914174 	-0.0037279775 	0.82512505
0.0030954774 	0.010658168 	-0.010677762 	0.82692952
0.0031155779 	0.010102953 	-0.017417895 	0.82978041
0.0031356784 	0.010102953 	-0.017417895 	0.82978041
0.0031557789 	0.009317939 	-0.023706339 	0.83304127
0.0031758794 	0.009317939 	-0.023706339 	0.83304127
0.0031959799 	0.0083605399 	-0.029290448 	0.83592971
0.0032160804 	0.0072806422 	-0.033965295 	0.83757464
0.0032361809 	0.0072806422 	-0.033965295 	0.83757464
0.0032562814 	0.0061236562 	-0.03761027 	0.83705496
0.0032763819 	0.0049433108 	-0.040206721 	0.83346661
0.0032964824 	0.0049433108 	-0.040206721 	0.83346661
0.0033165829 	0.0038045501 	-0.041829233 	0.82605922
0.0033366834 	0.0027615578 	-0.042603767 	0.81443039
0.0033567839 	0.0027615578 	-0.042603767 	0.81443039
0.0033768844 	0.0018215405 	-0.042636364 	0.79869445
0.0033969849 	0.00092061232 	-0.041935015 	0.77951963
0.0034170854 	0.00092061232 	-0.041935015 	0.77951963
0.0034371859 	-6.0348274e-05 	-0.04036992 	0.75797356
0.0034572864 	-0.0012317158 	-0.037720579 	0.7351943
0.0034773869 	-0.0026156475 	-0.03383567 	0.71199059
0.0034974874 	-0.0026156475 	-0.03383567 	0.71199059
0.0035175879 	-0.0041019337 	-0.02884549 	0.68855624
0.0035376884 	-0.005473705 	-0.023282577 	0.6644618
0.0035577889 	-0.0064882496 	-0.017984272 	0.63893144
0.0035778894 	-0.0064882496 	-0.017984272 	0.63893144
0.0035979899 	-0.0069641379 	-0.013797986 	0.61124417
0.0036180905 	-0.0068360917 	-0.011255814 	0.58106831
0.003638191 	-0.0061646853 	-0.01039768 	0.54861776
0.0036582915 	-0.0061646853 	-0.01039768 	0.54861776
0.003678392 	-0.0051084212 	-0.010811325 	0.51460347
0.0036984925 	-0.0038734819 	-0.011831965 	0.48001284
0.003718593 	-0.0026589008 	-0.012785349 	0.44580063
0.0037386935 	-0.0016139874 	-0.013174815 	0.41260544
0.003758794 	-0.00081825135 	-0.012766337 	0.38058902
0.0037788945 	-0.00081825135 	-0.012766337 	0.38058902
0.003798995 	-0.00028406731 	-0.011578225 	0.34943607
0.0038190955 	2.1670892e-05 	-0.0098104239 	0.31848805
0.003839196 	0.00015892047 	-0.0077524563 	0.28694689
0.0038592965 	0.0001926387 	-0.005699495 	0.25408193
0.003879397 	0.00017326323 	-0.0038912808 	0.21938798
0.0038994975 	0.0001339139 	-0.0024788932 	0.18266937
0.003919598 	9.1510822e-05 	-0.0015138432 	0.14404508
0.0039396985 	5.2622481e-05 	-0.00094992879 	0.1038874
0.003959799 	2.1021896e-05 	-0.00064360161 	0.062713085
0.0039798995 	2.2892306e-06 	-0.00034244982 	0.021040587
0.004 	2.2892306e-06 	-0.00034244982 	0.021040587
