0 	-0.018295196 	-0.047084642 	0.98537633
5.5555625e-05 	-0.035743437 	-0.030857028 	0.98154687
0.00011111111 	-0.037140989 	-0.022533894 	0.97848464
0.00016666667 	-0.035987674 	-0.016172699 	0.97581574
0.00022222222 	-0.034076277 	-0.010184937 	0.97330553
0.00027777778 	-0.031859269 	-0.0041677953 	0.97087346
0.00033333333 	-0.029456975 	0.0018805934 	0.96857396
0.00038888889 	-0.026900809 	0.0077937205 	0.96652666
0.00044444444 	-0.024239781 	0.013381513 	0.96481457
0.0005 	-0.021574712 	0.018491824 	0.96340564
0.00055555556 	-0.019023702 	0.022977804 	0.96217341
0.00061111111 	-0.016676606 	0.02668504 	0.96096767
0.00066666667 	-0.014567649 	0.029662534 	0.95970549
0.00072222222 	-0.012694719 	0.032308774 	0.95830697
0.00077777778 	-0.011057428 	0.035094356 	0.9566177
0.00083333333 	-0.0095662003 	0.03807367 	0.95450824
0.00088888889 	-0.008035432 	0.040776399 	0.95204034
0.00094444444 	-0.0063592435 	0.042706149 	0.94947418
0.001 	-0.0045138311 	0.043729704 	0.9470249
0.0010617199 	-0.0029557017 	0.044003365 	0.9449462
0.0011225874 	-0.002162396 	0.043758537 	0.94332694
0.0011826143 	-0.0022653771 	0.043042098 	0.94193115
0.0012418122 	-0.0033331907 	0.04174717 	0.94035017
0.0013001926 	-0.0053552109 	0.03992099 	0.93834741
0.0013577668 	-0.0081358815 	0.037688475 	0.93607539
0.0014145458 	-0.011247754 	0.035094151 	0.93389237
0.0014705407 	-0.014070816 	0.032099543 	0.93205579
0.0015257623 	-0.015998822 	0.028652662 	0.9305577
0.0015802213 	-0.016665647 	0.024773056 	0.92921206
0.0016339282 	-0.016030501 	0.020608991 	0.92781914
0.0016868934 	-0.01429598 	0.01641574 	0.926252
0.0017391271 	-0.011776416 	0.012482578 	0.92445487
0.0017906395 	-0.008781189 	0.0090718821 	0.92242466
0.0018414404 	-0.0055515936 	0.0063545977 	0.92019898
0.0018915398 	-0.0022770244 	0.0043851053 	0.91787447
0.0019409473 	0.00089558758 	0.003164039 	0.91564347
0.0019896725 	0.0038214903 	0.0026648579 	0.91379511
0.0020377248 	0.0063303355 	0.0028717537 	0.91266631
0.0020851134 	0.00825023 	0.0037748218 	0.91253987
0.0021318476 	0.0094459319 	0.0053432403 	0.91356414
0.0021779364 	0.0098434613 	0.0075058179 	0.91571666
0.0022233887 	0.0094432006 	0.010152216 	0.91881326
0.0022682133 	0.0083523464 	0.013123341 	0.92257338
0.0023124189 	0.006732711 	0.016233995 	0.92665679
0.0023560139 	0.0047977422 	0.019271413 	0.93071505
0.0023990069 	0.0028093856 	0.022027765 	0.93444959
0.0024414062 	0.00099751114 	0.024336104 	0.93763743
0.0024832199 	-0.00046684348 	0.026085116 	0.9401443
0.0025244562 	-0.0014558842 	0.027228776 	0.94191388
0.002565123 	-0.0018951349 	0.027782763 	0.94294506
0.0026052281 	-0.0017662445 	0.027794558 	0.94326915
0.0026447794 	-0.0010828853 	0.027314943 	0.94293337
0.0026837845 	0.00011884787 	0.026388801 	0.94199788
0.0027222509 	0.0017971867 	0.025049887 	0.94052935
0.0027601861 	0.0039061542 	0.02331737 	0.93861413
0.0027975974 	0.0063888938 	0.021217185 	0.93635272
0.002834492 	0.0091839922 	0.018778131 	0.93385653
0.0028708772 	0.012211596 	0.016053397 	0.9312449
0.0029067598 	0.015397406 	0.01311744 	0.92862407
0.0029421469 	0.01867365 	0.010043434 	0.92608789
0.0029770452 	0.021963308 	0.0069240006 	0.92369369
0.0030114616 	0.025212654 	0.0038532218 	0.92144965
0.0030454028 	0.02839363 	0.00090319466 	0.91929619
0.0030788752 	0.031449842 	-0.0018424809 	0.91712034
0.0031118853 	0.034276432 	-0.0043303476 	0.91478517
0.0031444395 	0.036785023 	-0.0065326104 	0.91218811
0.0031765442 	0.038882571 	-0.0084374579 	0.90930592
0.0032082055 	0.040439542 	-0.010036485 	0.90623024
0.0032394295 	0.041301483 	-0.0113282 	0.90318363
0.0032702223 	0.041314566 	-0.012286918 	0.90047462
0.0033005899 	0.040366426 	-0.012862832 	0.8984508
0.0033305381 	0.038463639 	-0.012947935 	0.897405
0.0033600727 	0.035737301 	-0.012443598 	0.89746418
0.0033891994 	0.032424834 	-0.011265091 	0.89847852
0.0034179239 	0.028772039 	-0.0093416931 	0.89997353
0.0034462517 	0.024999528 	-0.0066079134 	0.90113812
0.0034741882 	0.021295826 	-0.0029621775 	0.90086223
0.003501739 	0.017866096 	0.0017178692 	0.89775276
0.0035289093 	0.015064776 	0.007512838 	0.89016576
0.0035557043 	0.013351756 	0.014291441 	0.87643253
0.0035821293 	0.01304739 	0.021611383 	0.85526595
0.0036081894 	0.014112053 	0.02864148 	0.82633745
0.0036338895 	0.016191714 	0.034240136 	0.79073405
0.0036592348 	0.018564822 	0.037158626 	0.75068849
0.00368423 	0.020311608 	0.036408491 	0.70887851
0.00370888 	0.020735493 	0.031737309 	0.66737244
0.0037331896 	0.019525956 	0.02395426 	0.62685348
0.0037571635 	0.016826497 	0.014793399 	0.58657629
0.0037808063 	0.013241336 	0.0062159719 	0.54495956
0.0038041226 	0.0095831487 	-0.00036793451 	0.50051666
0.0038271169 	0.0065109393 	-0.004400028 	0.45243385
0.0038497936 	0.0043368944 	-0.0059341732 	0.40072552
0.0038721572 	0.0029876757 	-0.0054230713 	0.34588531
0.0038942119 	0.0021906931 	-0.0036396277 	0.28838796
0.003915962 	0.001653842 	-0.0015082593 	0.22839403
0.0039374118 	0.0011569121 	0.00016489016 	0.16579483
0.0039585653 	0.00062106227 	0.00088987049 	0.10056266
0.0039794267 	0.00010721541 	0.00055283929 	0.03343923
0.004 	0.00010721541 	0.00055283929 	0.03343923
