0 	-0.032657872 	0.0048600778 	0.99860343
5.5555625e-05 	-0.025801685 	0.017954275 	0.99825211
0.00011111111 	-0.021717078 	0.017930691 	0.99659126
0.00016666667 	-0.019074022 	0.014714679 	0.99487881
0.00022222222 	-0.017347409 	0.010400428 	0.99415549
0.00027777778 	-0.01644663 	0.0059314484 	0.99494622
0.00033333333 	-0.016343822 	0.001737151 	0.99720161
0.00038888889 	-0.01698228 	-0.0020985158 	1.0004572
0.00044444444 	-0.018277301 	-0.0056907751 	1.0040735
0.0005 	-0.020118608 	-0.0091646808 	1.007379
0.00055555556 	-0.022324272 	-0.01243745 	1.0096566
0.00061111111 	-0.024582665 	-0.015096085 	1.0101081
0.00066666667 	-0.026485366 	-0.01648395 	1.0079733
0.00072222222 	-0.027685709 	-0.015996093 	1.002788
0.00077777778 	-0.028102105 	-0.013412942 	0.99457348
0.00083333333 	-0.028011178 	-0.0090409702 	0.98387363
0.00088888889 	-0.027944213 	-0.0036281785 	0.97179377
0.00094444444 	-0.028559744 	0.0017111372 	0.96011718
0.001 	-0.030766874 	0.0058500236 	0.95055809
0.0010617199 	-0.035617241 	0.0069642929 	0.94589773
0.0011225874 	-0.042151521 	0.0041741134 	0.9467404
0.0011826143 	-0.049343478 	-0.0010440481 	0.95052528
0.0012418122 	-0.055880694 	-0.0066281339 	0.95475191
0.0013001926 	-0.061394525 	-0.011123661 	0.95857263
0.0013577668 	-0.066221488 	-0.014259353 	0.96265742
0.0014145458 	-0.070870722 	-0.016344139 	0.9679729
0.0014705407 	-0.075526351 	-0.017719876 	0.97488918
0.0015257623 	-0.079984595 	-0.018572861 	0.98299653
0.0015802213 	-0.083824455 	-0.018963345 	0.99137925
0.0016339282 	-0.086615243 	-0.018919639 	0.999004
0.0016868934 	-0.088029278 	-0.018501529 	1.0050744
0.0017391271 	-0.08790148 	-0.017802411 	1.009214
0.0017906395 	-0.08623831 	-0.016928612 	1.0114546
0.0018414404 	-0.08320237 	-0.015968313 	1.0120791
0.0018915398 	-0.079057009 	-0.014956188 	1.0114466
0.0019409473 	-0.074077462 	-0.013851876 	1.0098318
0.0019896725 	-0.068514096 	-0.012442078 	1.0072944
0.0020377248 	-0.062557161 	-0.010412067 	1.0036515
0.0020851134 	-0.056363572 	-0.0073684389 	0.99854996
0.0021318476 	-0.05013815 	-0.003024776 	0.9916617
0.0021779364 	-0.044155498 	0.0026221714 	0.98282709
0.0022233887 	-0.038716955 	0.0092256208 	0.9720983
0.0022682133 	-0.034124796 	0.016120852 	0.95968471
0.0023124189 	-0.030545611 	0.022443645 	0.94582543
0.0023560139 	-0.028087981 	0.02737028 	0.93074997
0.0023990069 	-0.026672436 	0.030300192 	0.91474879
0.0024414062 	-0.026078363 	0.031036137 	0.89834073
0.0024832199 	-0.025962334 	0.029869121 	0.88229736
0.0025244562 	-0.025894139 	0.027380476 	0.86746434
0.002565123 	-0.025397801 	0.024357895 	0.85442303
0.0026052281 	-0.024176213 	0.021480064 	0.84326547
0.0026447794 	-0.02216708 	0.019276273 	0.83375173
0.0026837845 	-0.01951223 	0.017999611 	0.82555892
0.0027222509 	-0.016481166 	0.017568809 	0.81841018
0.0027601861 	-0.013349964 	0.017589355 	0.81201339
0.0027975974 	-0.010296717 	0.017462911 	0.80597062
0.002834492 	-0.0073744272 	0.016472833 	0.79979795
0.0028708772 	-0.004547984 	0.013949104 	0.79315662
0.0029067598 	-0.0017739587 	0.009501923 	0.78616942
0.0029421469 	0.00078450854 	0.0032969685 	0.77957197
0.0029770452 	0.0025545038 	-0.004013749 	0.77464091
0.0030114616 	0.0029367257 	-0.011651167 	0.77305478
0.0030454028 	0.0015719416 	-0.019132258 	0.77585058
0.0030788752 	-0.0013346239 	-0.026520926 	0.78183007
0.0031118853 	-0.0048784751 	-0.034480571 	0.78710554
0.0031444395 	-0.008069082 	-0.044022729 	0.78677985
0.0031765442 	-0.010346575 	-0.055923994 	0.7770515
0.0032082055 	-0.011880674 	-0.069976853 	0.75666726
0.0032394295 	-0.013515102 	-0.084463766 	0.7276928
0.0032702223 	-0.016367683 	-0.096343433 	0.69531924
0.0033005899 	-0.02133075 	-0.10235304 	0.66622474
0.0033305381 	-0.028647644 	-0.10036823 	0.64601606
0.0033600727 	-0.037771382 	-0.090180481 	0.6370169
0.0033891994 	-0.04757345 	-0.073520449 	0.63744446
0.0034179239 	-0.056774077 	-0.05356361 	0.64251255
0.0034462517 	-0.0643346 	-0.033954304 	0.64693387
0.0034741882 	-0.069640684 	-0.017597396 	0.64719382
0.003501739 	-0.072485845 	-0.0058662333 	0.64228242
0.0035289093 	-0.072972256 	0.0013156885 	0.63298884
0.0035557043 	-0.071383357 	0.0048402408 	0.62075761
0.0035821293 	-0.068081529 	0.0058499066 	0.60689905
0.0036081894 	-0.063445319 	0.0054372535 	0.59229753
0.0036338895 	-0.057898067 	0.0045062394 	0.57735795
0.0036592348 	-0.05182165 	0.0037557259 	0.56212581
0.00368423 	-0.045558398 	0.0037205165 	0.54636182
0.00370888 	-0.039460409 	0.0048133475 	0.52967071
0.0037331896 	-0.033844122 	0.0073517593 	0.51159717
0.0037571635 	-0.028943601 	0.011527445 	0.49164128
0.0037808063 	-0.02484263 	0.017285245 	0.469169
0.0038041226 	-0.021430977 	0.024153544 	0.44329743
0.0038271169 	-0.018431778 	0.031138932 	0.41292556
0.0038497936 	-0.015493532 	0.036862318 	0.37707098
0.0038721572 	-0.012395044 	0.03985907 	0.33523306
0.0038942119 	-0.0091737713 	0.039057084 	0.28755324
0.003915962 	-0.0060452297 	0.034185993 	0.23441261
0.0039374118 	-0.0033005454 	0.025887734 	0.17573489
0.0039585653 	-0.0012297312 	0.01552301 	0.11080503
0.0039794267 	-0.00010871928 	0.0048041891 	0.039023612
0.004 	-0.00010871928 	0.0048041891 	0.039023612
