0 	0.0055918088 	-0.0035565502 	0.98405857
2.0100503e-05 	0.0048250247 	0.0053760783 	0.98555637
4.0201005e-05 	0.0048250247 	0.0053760783 	0.98555637
6.0301508e-05 	0.0031065419 	0.0081143148 	0.98710468
8.040201e-05 	0.0031065419 	0.0081143148 	0.98710468
0.00010050251 	0.0031065419 	0.0081143148 	0.98710468
0.00012060302 	0.0027131421 	0.0095364349 	0.98927912
0.00014070352 	0.0027131421 	0.0095364349 	0.98927912
0.00016080402 	0.0027131421 	0.0095364349 	0.98927912
0.00018090452 	0.0021767427 	0.0094167817 	0.99285666
0.00020100503 	0.0021767427 	0.0094167817 	0.99285666
0.00022110553 	0.0021767427 	0.0094167817 	0.99285666
0.00024120603 	0.0013006945 	0.0069236058 	0.99834925
0.00026130653 	0.0013006945 	0.0069236058 	0.99834925
0.00028140704 	0.00016796876 	0.0018031631 	1.0056259
0.00030150754 	0.00016796876 	0.0018031631 	1.0056259
0.00032160804 	0.00016796876 	0.0018031631 	1.0056259
0.00034170854 	-0.0011056733 	-0.0055464095 	1.0140128
0.00036180905 	-0.0011056733 	-0.0055464095 	1.0140128
0.00038190955 	-0.0011056733 	-0.0055464095 	1.0140128
0.00040201005 	-0.002472453 	-0.014392024 	1.0227383
0.00042211055 	-0.002472453 	-0.014392024 	1.0227383
0.00044221106 	-0.002472453 	-0.014392024 	1.0227383
0.00046231156 	-0.0039110748 	-0.023903923 	1.0312854
0.00048241206 	-0.0039110748 	-0.023903923 	1.0312854
0.00050251256 	-0.0054040061 	-0.033271652 	1.0394294
0.00052261307 	-0.0054040061 	-0.033271652 	1.0394294
0.00054271357 	-0.0054040061 	-0.033271652 	1.0394294
0.00056281407 	-0.0069027318 	-0.041715353 	1.0470981
0.00058291457 	-0.0069027318 	-0.041715353 	1.0470981
0.00060301508 	-0.0069027318 	-0.041715353 	1.0470981
0.00062311558 	-0.0083136969 	-0.048568111 	1.0541977
0.00064321608 	-0.0083136969 	-0.048568111 	1.0541977
0.00066331658 	-0.0083136969 	-0.048568111 	1.0541977
0.00068341709 	-0.0095065494 	-0.053380118 	1.0604915
0.00070351759 	-0.0095065494 	-0.053380118 	1.0604915
0.00072361809 	-0.010337042 	-0.05598873 	1.0655733
0.00074371859 	-0.010337042 	-0.05598873 	1.0655733
0.0007638191 	-0.010337042 	-0.05598873 	1.0655733
0.0007839196 	-0.010698416 	-0.056490929 	1.0689436
0.0008040201 	-0.010698416 	-0.056490929 	1.0689436
0.0008241206 	-0.010698416 	-0.056490929 	1.0689436
0.00084422111 	-0.010519274 	-0.055141137 	1.0701474
0.00086432161 	-0.010519274 	-0.055141137 	1.0701474
0.00088442211 	-0.010519274 	-0.055141137 	1.0701474
0.00090452261 	-0.0098011966 	-0.052177549 	1.0689064
0.00092462312 	-0.0098011966 	-0.052177549 	1.0689064
0.00094472362 	-0.008648469 	-0.047760184 	1.0652343
0.00096482412 	-0.008648469 	-0.047760184 	1.0652343
0.00098492462 	-0.008648469 	-0.047760184 	1.0652343
0.0010050251 	-0.0071854523 	-0.041627486 	1.0591378
0.0010251256 	-0.0071854523 	-0.041627486 	1.0591378
0.0010452261 	-0.0071854523 	-0.041627486 	1.0591378
0.0010653266 	-0.0057831381 	-0.033710386 	1.0510933
0.0010854271 	-0.005217357 	-0.036316937 	1.046583
0.0011055276 	-0.005217357 	-0.036316937 	1.046583
0.0011256281 	-0.0049959603 	-0.028075042 	1.0392151
0.0011457286 	-0.0049959603 	-0.028075042 	1.0392151
0.0011658291 	-0.0049959603 	-0.028075042 	1.0392151
0.0011859296 	-0.005719521 	-0.01961794 	1.0332103
0.0012060302 	-0.005719521 	-0.01961794 	1.0332103
0.0012261307 	-0.005719521 	-0.01961794 	1.0332103
0.0012462312 	-0.0073322338 	-0.011240454 	1.0292379
0.0012663317 	-0.0073322338 	-0.011240454 	1.0292379
0.0012864322 	-0.0073322338 	-0.011240454 	1.0292379
0.0013065327 	-0.0095300695 	-0.0030317694 	1.0273347
0.0013266332 	-0.0095300695 	-0.0030317694 	1.0273347
0.0013467337 	-0.0095300695 	-0.0030317694 	1.0273347
0.0013668342 	-0.011963258 	0.0049586452 	1.027015
0.0013869347 	-0.011963258 	0.0049586452 	1.027015
0.0014070352 	-0.011963258 	0.0049586452 	1.027015
0.0014271357 	-0.014340501 	0.012573415 	1.0275552
0.0014472362 	-0.014340501 	0.012573415 	1.0275552
0.0014673367 	-0.014340501 	0.012573415 	1.0275552
0.0014874372 	-0.016461181 	0.019540346 	1.0282598
0.0015075377 	-0.016461181 	0.019540346 	1.0282598
0.0015276382 	-0.018221303 	0.025569342 	1.028617
0.0015477387 	-0.018221303 	0.025569342 	1.028617
0.0015678392 	-0.018221303 	0.025569342 	1.028617
0.0015879397 	-0.019589862 	0.030428914 	1.0283235
0.0016080402 	-0.019589862 	0.030428914 	1.0283235
0.0016281407 	-0.019589862 	0.030428914 	1.0283235
0.0016482412 	-0.020605398 	0.034002434 	1.0272501
0.0016683417 	-0.020605398 	0.034002434 	1.0272501
0.0016884422 	-0.021371689 	0.036294782 	1.0254334
0.0017085427 	-0.021371689 	0.036294782 	1.0254334
0.0017286432 	-0.021371689 	0.036294782 	1.0254334
0.0017487437 	-0.022031535 	0.037398403 	1.0230782
0.0017688442 	-0.022031535 	0.037398403 	1.0230782
0.0017889447 	-0.022031535 	0.037398403 	1.0230782
0.0018090452 	-0.022728732 	0.037432154 	1.0205262
0.0018291457 	-0.022728732 	0.037432154 	1.0205262
0.0018492462 	-0.023545904 	0.036477858 	1.0181386
0.0018693467 	-0.023545904 	0.036477858 	1.0181386
0.0018894472 	-0.023545904 	0.036477858 	1.0181386
0.0019095477 	-0.024468055 	0.034581708 	1.0161054
0.0019296482 	-0.024468055 	0.034581708 	1.0161054
0.0019497487 	-0.025349571 	0.03182385 	1.01428
0.0019698492 	-0.025349571 	0.03182385 	1.01428
0.0019899497 	-0.025349571 	0.03182385 	1.01428
0.0020100503 	-0.025927574 	0.02837638 	1.0121757
0.0020301508 	-0.025927574 	0.02837638 	1.0121757
0.0020502513 	-0.025915272 	0.024423543 	1.0092119
0.0020703518 	-0.025915272 	0.024423543 	1.0092119
0.0020904523 	-0.025187889 	0.020021401 	1.0051298
0.0021105528 	-0.025187889 	0.020021401 	1.0051298
0.0021306533 	-0.025187889 	0.020021401 	1.0051298
0.0021507538 	-0.023914623 	0.014993061 	1.00024
0.0021708543 	-0.023914623 	0.014993061 	1.00024
0.0021909548 	-0.02251624 	0.0089433117 	0.99517418
0.0022110553 	-0.02251624 	0.0089433117 	0.99517418
0.0022311558 	-0.02141945 	0.0015562164 	0.99012849
0.0022512563 	-0.02141945 	0.0015562164 	0.99012849
0.0022713568 	-0.020803013 	-0.0068627884 	0.98402004
0.0022914573 	-0.020803013 	-0.0068627884 	0.98402004
0.0023115578 	-0.020803013 	-0.0068627884 	0.98402004
0.0023316583 	-0.020485881 	-0.0149617 	0.97445495
0.0023517588 	-0.020485881 	-0.0149617 	0.97445495
0.0023718593 	-0.020042422 	-0.020772738 	0.95893929
0.0023919598 	-0.020042422 	-0.020772738 	0.95893929
0.0024120603 	-0.019109982 	-0.022999337 	0.93631032
0.0024321608 	-0.019109982 	-0.022999337 	0.93631032
0.0024522613 	-0.017696773 	-0.021880122 	0.9070342
0.0024723618 	-0.017696773 	-0.021880122 	0.9070342
0.0024924623 	-0.016179723 	-0.018600049 	0.87287802
0.0025125628 	-0.016179723 	-0.018600049 	0.87287802
0.0025326633 	-0.015054351 	-0.014137434 	0.83666207
0.0025527638 	-0.015054351 	-0.014137434 	0.83666207
0.0025728643 	-0.014883217 	-0.0085611111 	0.80137117
0.0025929648 	-0.014883217 	-0.0085611111 	0.80137117
0.0026130653 	-0.016007539 	-0.0014396798 	0.76927738
0.0026331658 	-0.016007539 	-0.0014396798 	0.76927738
0.0026532663 	-0.018252674 	0.0075591643 	0.74153921
0.0026733668 	-0.018252674 	0.0075591643 	0.74153921
0.0026934673 	-0.021116598 	0.018256282 	0.71846375
0.0027135678 	-0.021116598 	0.018256282 	0.71846375
0.0027336683 	-0.023896011 	0.029933582 	0.69983116
0.0027537688 	-0.023896011 	0.029933582 	0.69983116
0.0027738693 	-0.025924586 	0.041327292 	0.6852725
0.0027939698 	-0.025924586 	0.041327292 	0.6852725
0.0028140704 	-0.026923347 	0.0511685 	0.67439924
0.0028341709 	-0.026923347 	0.0511685 	0.67439924
0.0028542714 	-0.02687468 	0.058689317 	0.66676211
0.0028743719 	-0.025819909 	0.063711472 	0.66175947
0.0028944724 	-0.025819909 	0.063711472 	0.66175947
0.0029145729 	-0.023727131 	0.066426466 	0.65866763
0.0029346734 	-0.023727131 	0.066426466 	0.65866763
0.0029547739 	-0.020512556 	0.067088015 	0.65676562
0.0029748744 	-0.020512556 	0.067088015 	0.65676562
0.0029949749 	-0.016157466 	0.065853912 	0.65544154
0.0030150754 	-0.010760198 	0.062894342 	0.65429847
0.0030351759 	-0.010760198 	0.062894342 	0.65429847
0.0030552764 	-0.0044881889 	0.058424762 	0.65319902
0.0030753769 	-0.0044881889 	0.058424762 	0.65319902
0.0030954774 	0.0024210457 	0.052579459 	0.65221993
0.0031155779 	0.0095977167 	0.045456695 	0.65154538
0.0031356784 	0.0095977167 	0.045456695 	0.65154538
0.0031557789 	0.016605306 	0.037269865 	0.6513567
0.0031758794 	0.016605306 	0.037269865 	0.6513567
0.0031959799 	0.02307245 	0.028287282 	0.65172914
0.0032160804 	0.028719846 	0.01871368 	0.65262433
0.0032361809 	0.028719846 	0.01871368 	0.65262433
0.0032562814 	0.033355849 	0.0086518123 	0.65392984
0.0032763819 	0.036965387 	-0.0018941845 	0.65553045
0.0032964824 	0.036965387 	-0.0018941845 	0.65553045
0.0033165829 	0.039604879 	-0.012987673 	0.65743362
0.0033366834 	0.041373416 	-0.024657241 	0.65982646
0.0033567839 	0.041373416 	-0.024657241 	0.65982646
0.0033768844 	0.042467457 	-0.036780949 	0.66300616
0.0033969849 	0.043053554 	-0.049052675 	0.66720222
0.0034170854 	0.043053554 	-0.049052675 	0.66720222
0.0034371859 	0.04323663 	-0.061037378 	0.67242691
0.0034572864 	0.043102721 	-0.072284501 	0.67840483
0.0034773869 	0.042748859 	-0.082407006 	0.68454951
0.0034974874 	0.042748859 	-0.082407006 	0.68454951
0.0035175879 	0.042270225 	-0.091134202 	0.68998492
0.0035376884 	0.041742443 	-0.098346157 	0.69360532
0.0035577889 	0.041224644 	-0.10406827 	0.69417942
0.0035778894 	0.041224644 	-0.10406827 	0.69417942
0.0035979899 	0.040771951 	-0.10839362 	0.69053084
0.0036180905 	0.040427523 	-0.11133771 	0.68183499
0.003638191 	0.040164887 	-0.11270109 	0.6680196
0.0036582915 	0.040164887 	-0.11270109 	0.6680196
0.003678392 	0.039825452 	-0.11204557 	0.6501196
0.0036984925 	0.039131347 	-0.10884553 	0.63027252
0.003718593 	0.037796533 	-0.10272882 	0.61115503
0.0037386935 	0.035658916 	-0.093615458 	0.59512371
0.003758794 	0.032725639 	-0.081689939 	0.58344023
0.0037788945 	0.032725639 	-0.081689939 	0.58344023
0.003798995 	0.029118491 	-0.067392115 	0.57556413
0.0038190955 	0.02501274 	-0.051587086 	0.56840507
0.003839196 	0.02061724 	-0.035760522 	0.55592425
0.0038592965 	0.016194864 	-0.021904141 	0.52999513
0.003879397 	0.012046246 	-0.011723221 	0.48311438
0.0038994975 	0.0084344861 	-0.005582681 	0.41243902
0.003919598 	0.0055041331 	-0.0023054208 	0.32285584
0.0039396985 	0.0031977253 	-0.00030276746 	0.22539352
0.003959799 	0.0014068693 	0.0011820597 	0.13058158
0.0039798995 	0.00021146472 	0.0015524444 	0.04250056
0.004 	0.00021146472 	0.0015524444 	0.04250056
