0 	0.0049083775 	0.019189744 	1.043356
5.5555625e-05 	0.010573332 	0.017461518 	1.0438458
0.00011111111 	0.010417453 	0.018085002 	1.0440593
0.00016666667 	0.0091024665 	0.018982083 	1.0443056
0.00022222222 	0.0072174391 	0.019641184 	1.0448715
0.00027777778 	0.0048952647 	0.01997068 	1.0460039
0.00033333333 	0.0022149758 	0.019991995 	1.047886
0.00038888889 	-0.00069453742 	0.019789895 	1.050609
0.00044444444 	-0.0036216386 	0.01953056 	1.0541467
0.0005 	-0.0062717202 	0.019500103 	1.0583558
0.00055555556 	-0.0083263889 	0.02005822 	1.0629848
0.00061111111 	-0.0095268295 	0.021530958 	1.0676975
0.00066666667 	-0.0097167703 	0.024070201 	1.0721197
0.00072222222 	-0.0088420703 	0.027609162 	1.0759077
0.00077777778 	-0.0069320695 	0.031938802 	1.0787638
0.00083333333 	-0.0040686474 	0.036810462 	1.0803921
0.00088888889 	-0.00020092027 	0.042108288 	1.0803805
0.00094444444 	0.0044856845 	0.047656089 	1.0782348
0.001 	0.010453905 	0.053975483 	1.0731512
0.0010617224 	0.017144574 	0.060833592 	1.0642651
0.0011225923 	0.023827803 	0.067545704 	1.0526066
0.0011826215 	0.029786889 	0.073677379 	1.0391309
0.0012418217 	0.034323931 	0.078807913 	1.0250229
0.0013002041 	0.036930804 	0.082646497 	1.0114172
0.0013577803 	0.037293713 	0.085123642 	0.99938291
0.0014145612 	0.035201378 	0.086335712 	0.98977785
0.0014705579 	0.030546839 	0.086448989 	0.98299673
0.0015257812 	0.023469683 	0.085652055 	0.97889587
0.0015802418 	0.014432125 	0.084074118 	0.9769837
0.0016339502 	0.0042969205 	0.081609654 	0.97661846
0.0016869168 	-0.0058799679 	0.077689133 	0.97702388
0.0017391518 	-0.015217718 	0.071558678 	0.97740776
0.0017906654 	-0.023203703 	0.062926224 	0.97727702
0.0018414676 	-0.029612724 	0.052432397 	0.97658982
0.0018915681 	-0.034392847 	0.04135169 	0.97554632
0.0019409766 	-0.037596572 	0.030990853 	0.97426613
0.0019897027 	-0.039357205 	0.02222452 	0.97272539
0.0020377558 	-0.039886791 	0.015371096 	0.97084829
0.0020851453 	-0.039499708 	0.010338675 	0.96861017
0.0021318802 	-0.038540816 	0.0068141882 	0.96610435
0.0021779697 	-0.037409202 	0.0044632363 	0.96349466
0.0022234225 	-0.036534235 	0.0030013382 	0.96097646
0.0022682477 	-0.036288263 	0.0022053372 	0.95871312
0.0023124537 	-0.03693626 	0.0018748688 	0.95674449
0.0023560491 	-0.038508116 	0.0017966082 	0.95494978
0.0023990425 	-0.040833804 	0.0016467234 	0.95303486
0.002441442 	-0.043635567 	0.00097782382 	0.95054077
0.002483256 	-0.04648201 	-0.0007626827 	0.94681467
0.0025244924 	-0.048897026 	-0.0040532494 	0.94101166
0.0025651593 	-0.050584171 	-0.0090453183 	0.93221189
0.0026052645 	-0.051485624 	-0.015463267 	0.91963847
0.0026448158 	-0.051711016 	-0.022645391 	0.90302598
0.0026838209 	-0.051505207 	-0.029795225 	0.88301632
0.0027222872 	-0.051152018 	-0.036330723 	0.86145142
0.0027602223 	-0.05084612 	-0.042292811 	0.84136234
0.0027976334 	-0.050583361 	-0.048483334 	0.82641259
0.0028345278 	-0.050142617 	-0.056078877 	0.8196082
0.0028709126 	-0.049246119 	-0.065768934 	0.82184342
0.002906795 	-0.047862523 	-0.077155196 	0.83125594
0.0029421817 	-0.046254112 	-0.089069887 	0.84404333
0.0029770797 	-0.044701721 	-0.10041194 	0.85621228
0.0030114957 	-0.043266384 	-0.11054985 	0.86486875
0.0030454363 	-0.041784747 	-0.11914146 	0.86842722
0.0030789082 	-0.040006461 	-0.12582865 	0.86622806
0.0031119178 	-0.037724356 	-0.13012533 	0.85823953
0.0031444715 	-0.034832374 	-0.13150483 	0.84502479
0.0031765755 	-0.031327015 	-0.12954896 	0.82771106
0.0032082362 	-0.02730609 	-0.12405385 	0.80781287
0.0032394596 	-0.022915252 	-0.11507382 	0.78693674
0.0032702517 	-0.01832912 	-0.10289603 	0.7664636
0.0033006186 	-0.013742065 	-0.088002221 	0.74736696
0.003330566 	-0.0093395794 	-0.071028412 	0.73018754
0.0033600998 	-0.0052969987 	-0.052726748 	0.71510429
0.0033892257 	-0.0017533302 	-0.033892315 	0.70202708
0.0034179494 	0.0012150855 	-0.015289587 	0.69066296
0.0034462763 	0.0035526525 	0.0024060242 	0.68053908
0.003474212 	0.0051927955 	0.018628213 	0.67109673
0.0035017619 	0.0062014367 	0.03292398 	0.66177205
0.0035289312 	0.0067695301 	0.044950465 	0.65209852
0.0035557253 	0.0070700602 	0.054419649 	0.64178528
0.0035821494 	0.0072644276 	0.061047546 	0.63076193
0.0036082084 	0.0074809905 	0.064507465 	0.61911978
0.0036339076 	0.00778435 	0.064475215 	0.60693584
0.0036592518 	0.0081640146 	0.060782826 	0.5940198
0.003684246 	0.0085493021 	0.053620287 	0.57970204
0.003708895 	0.0088536073 	0.043649458 	0.56282586
0.0037332035 	0.0090327405 	0.031909803 	0.54205841
0.0037571763 	0.0091109413 	0.01953952 	0.51645789
0.003780818 	0.009133145 	0.0075468477 	0.48597854
0.0038041332 	0.009096931 	-0.0031815574 	0.45150581
0.0038271264 	0.008872973 	-0.011790359 	0.4142771
0.0038498019 	0.0082716059 	-0.017497799 	0.37504605
0.0038721643 	0.0071806275 	-0.019851367 	0.33338661
0.0038942179 	0.0056222402 	-0.018969927 	0.28762508
0.0039159668 	0.0037932585 	-0.015600965 	0.23559623
0.0039374154 	0.0020280611 	-0.010928601 	0.17591854
0.0039585677 	0.00068694054 	-0.0061680686 	0.10902649
0.0039794279 	4.7047552e-05 	-0.0020162826 	0.037176509
0.004 	4.7047552e-05 	-0.0020162826 	0.037176509
