0 	0.04601983 	-0.0057915524 	1.1022187
5.5555625e-05 	0.038726338 	-0.028286322 	1.0986829
0.00011111111 	0.035659649 	-0.037461468 	1.0948982
0.00016666667 	0.034700541 	-0.045759155 	1.0911393
0.00022222222 	0.034722312 	-0.054432981 	1.0876009
0.00027777778 	0.03527439 	-0.063268626 	1.0843263
0.00033333333 	0.036135838 	-0.071692823 	1.0811631
0.00038888889 	0.037178917 	-0.079056416 	1.0778019
0.00044444444 	0.038311754 	-0.084820155 	1.0739134
0.0005 	0.039488537 	-0.088754311 	1.0693391
0.00055555556 	0.040687824 	-0.091044346 	1.0642085
0.00061111111 	0.041863104 	-0.092230096 	1.0589291
0.00066666667 	0.042891925 	-0.092916042 	1.0540461
0.00072222222 	0.043527823 	-0.09345937 	1.0500499
0.00077777778 	0.043576882 	-0.093887036 	1.0471527
0.00083333333 	0.042918302 	-0.094012975 	1.0452372
0.00088888889 	0.041728007 	-0.093654107 	1.0440394
0.00094444444 	0.040204771 	-0.092608803 	1.0432118
0.001 	0.038438683 	-0.090878005 	1.0424481
0.0010617199 	0.036559859 	-0.08839531 	1.041434
0.0011225874 	0.034700019 	-0.085488835 	1.0398044
0.0011826143 	0.032785529 	-0.082347381 	1.0370881
0.0012418122 	0.030722323 	-0.079165886 	1.0327692
0.0013001926 	0.028396278 	-0.076228414 	1.0263435
0.0013577668 	0.0256764 	-0.073842093 	1.0175157
0.0014145458 	0.022455089 	-0.072245933 	1.0065413
0.0014705407 	0.018676085 	-0.071610183 	0.99443912
0.0015257623 	0.014339569 	-0.072072445 	0.98274974
0.0015802213 	0.0095412024 	-0.073672037 	0.97289775
0.0016339282 	0.0044949894 	-0.076172184 	0.9655762
0.0016868934 	-0.00040015816 	-0.078848859 	0.96050116
0.0017391271 	-0.004559682 	-0.080493761 	0.95659382
0.0017906395 	-0.0073109168 	-0.079710332 	0.95240948
0.0018414404 	-0.0081217943 	-0.075387072 	0.94661285
0.0018915398 	-0.0068264538 	-0.067134498 	0.93837756
0.0019409473 	-0.0037819834 	-0.055453161 	0.92759324
0.0019896725 	0.00021465924 	-0.041574736 	0.91493033
0.0020377248 	0.0041375456 	-0.027188773 	0.90160469
0.0020851134 	0.00698296 	-0.014000363 	0.88906206
0.0021318476 	0.0081606675 	-0.0034431533 	0.87847566
0.0021779364 	0.0075669277 	0.0036524889 	0.87043914
0.0022233887 	0.00552077 	0.0072195126 	0.86484451
0.0022682133 	0.0026129782 	0.0078708929 	0.86104804
0.0023124189 	-0.00056631627 	0.0066153079 	0.85824374
0.0023560139 	-0.0035405857 	0.0045607223 	0.85590116
0.0023990069 	-0.0060611935 	0.0025311809 	0.85397303
0.0024414062 	-0.0082165527 	0.00080312066 	0.85278395
0.0024832199 	-0.010275318 	-0.00074207839 	0.85268348
0.0025244562 	-0.012308901 	-0.0022054996 	0.85377018
0.002565123 	-0.014274685 	-0.0034199187 	0.85584333
0.0026052281 	-0.016204115 	-0.0039938441 	0.8585616
0.0026447794 	-0.018142062 	-0.003502588 	0.861623
0.0026837845 	-0.020145201 	-0.0016967269 	0.86492474
0.0027222509 	-0.022179632 	0.0013390119 	0.86858639
0.0027601861 	-0.024193067 	0.0050323829 	0.87270171
0.0027975974 	-0.026114492 	0.008238447 	0.87698299
0.002834492 	-0.027686269 	0.0094758036 	0.88051093
0.0028708772 	-0.028577352 	0.0074205699 	0.88189883
0.0029067598 	-0.02856516 	0.0014837291 	0.8798842
0.0029421469 	-0.027591678 	-0.007929823 	0.87388382
0.0029770452 	-0.025772244 	-0.019561935 	0.86420926
0.0030114616 	-0.023320412 	-0.031670723 	0.85196074
0.0030454028 	-0.02047138 	-0.042409747 	0.83869595
0.0030788752 	-0.017451816 	-0.050059845 	0.82587491
0.0031118853 	-0.01441003 	-0.05312279 	0.81432142
0.0031444395 	-0.011348982 	-0.050425754 	0.80388625
0.0031765442 	-0.0081810434 	-0.041343029 	0.79358677
0.0032082055 	-0.0048546451 	-0.026077665 	0.78238425
0.0032394295 	-0.0014279669 	-0.0058098036 	0.7702119
0.0032702223 	0.0016500863 	0.017354626 	0.75808114
0.0033005899 	0.0036966514 	0.040521447 	0.74705203
0.0033305381 	0.0048528299 	0.060792727 	0.73803832
0.0033600727 	0.0056128828 	0.075849349 	0.73078801
0.0033891994 	0.0061136246 	0.084582436 	0.72374328
0.0034179239 	0.0061302098 	0.086991799 	0.71382252
0.0034462517 	0.0057601189 	0.083775107 	0.69706365
0.0034741882 	0.005533315 	0.075353919 	0.67075029
0.003501739 	0.005846801 	0.061492943 	0.63517226
0.0035289093 	0.006603104 	0.042471586 	0.59311431
0.0035557043 	0.0068753639 	0.020376116 	0.54804199
0.0035821293 	0.0054352888 	-0.00090652877 	0.50359502
0.0036081894 	0.0018651319 	-0.017586844 	0.46293752
0.0036338895 	-0.0031683534 	-0.028269089 	0.4279375
0.0036592348 	-0.0084787578 	-0.034303394 	0.39832518
0.00368423 	-0.012869148 	-0.037913658 	0.37229882
0.00370888 	-0.015748572 	-0.04057426 	0.34799618
0.0037331896 	-0.017071707 	-0.0428128 	0.32403162
0.0037571635 	-0.017044149 	-0.044537411 	0.29936112
0.0037808063 	-0.015967766 	-0.045415375 	0.27330076
0.0038041226 	-0.014164482 	-0.045142635 	0.24558476
0.0038271169 	-0.011951088 	-0.043567138 	0.21636855
0.0038497936 	-0.0095986007 	-0.040685551 	0.1861295
0.0038721572 	-0.00731171 	-0.036577587 	0.15552664
0.0038942119 	-0.005219152 	-0.031348249 	0.12527009
0.003915962 	-0.0033901614 	-0.02511702 	0.096011067
0.0039374118 	-0.0018665048 	-0.01806054 	0.06818821
0.0039585653 	-0.00071047506 	-0.010503887 	0.041690332
0.0039794267 	-6.3062603e-05 	-0.0030719913 	0.015152703
0.004 	-6.3062603e-05 	-0.0030719913 	0.015152703
