0 	-0.05343578 	-0.019807076 	1.0657544
2.0100503e-05 	-0.015197667 	0.05978267 	1.0639444
4.0201005e-05 	-0.015197667 	0.05978267 	1.0639444
6.0301508e-05 	0.019684005 	0.063898938 	1.0619907
8.040201e-05 	0.019684005 	0.063898938 	1.0619907
0.00010050251 	0.019684005 	0.063898938 	1.0619907
0.00012060302 	0.033849319 	0.06385213 	1.0598641
0.00014070352 	0.033849319 	0.06385213 	1.0598641
0.00016080402 	0.033849319 	0.06385213 	1.0598641
0.00018090452 	0.043277949 	0.064571799 	1.0575362
0.00020100503 	0.043277949 	0.064571799 	1.0575362
0.00022110553 	0.043277949 	0.064571799 	1.0575362
0.00024120603 	0.05068049 	0.065913021 	1.0549907
0.00026130653 	0.05068049 	0.065913021 	1.0549907
0.00028140704 	0.056840381 	0.067724334 	1.0522349
0.00030150754 	0.056840381 	0.067724334 	1.0522349
0.00032160804 	0.056840381 	0.067724334 	1.0522349
0.00034170854 	0.062052852 	0.069884159 	1.0493092
0.00036180905 	0.062052852 	0.069884159 	1.0493092
0.00038190955 	0.062052852 	0.069884159 	1.0493092
0.00040201005 	0.066431941 	0.072255589 	1.0462799
0.00042211055 	0.066431941 	0.072255589 	1.0462799
0.00044221106 	0.066431941 	0.072255589 	1.0462799
0.00046231156 	0.070013137 	0.07468423 	1.0432129
0.00048241206 	0.070013137 	0.07468423 	1.0432129
0.00050251256 	0.072797152 	0.077005795 	1.0401446
0.00052261307 	0.072797152 	0.077005795 	1.0401446
0.00054271357 	0.072797152 	0.077005795 	1.0401446
0.00056281407 	0.074790558 	0.079075911 	1.0370537
0.00058291457 	0.074790558 	0.079075911 	1.0370537
0.00060301508 	0.074790558 	0.079075911 	1.0370537
0.00062311558 	0.076002453 	0.080772666 	1.0338624
0.00064321608 	0.076002453 	0.080772666 	1.0338624
0.00066331658 	0.076002453 	0.080772666 	1.0338624
0.00068341709 	0.076479387 	0.081999543 	1.0304699
0.00070351759 	0.076479387 	0.081999543 	1.0304699
0.00072361809 	0.076255625 	0.082663649 	1.0267966
0.00074371859 	0.076255625 	0.082663649 	1.0267966
0.0007638191 	0.076255625 	0.082663649 	1.0267966
0.0007839196 	0.075398625 	0.08269407 	1.0228642
0.0008040201 	0.075398625 	0.08269407 	1.0228642
0.0008241206 	0.075398625 	0.08269407 	1.0228642
0.00084422111 	0.073862084 	0.082039376 	1.0187519
0.00086432161 	0.073862084 	0.082039376 	1.0187519
0.00088442211 	0.073862084 	0.082039376 	1.0187519
0.00090452261 	0.071745269 	0.080808053 	1.014727
0.00092462312 	0.071745269 	0.080808053 	1.014727
0.00094472362 	0.068854155 	0.079186363 	1.0108969
0.00096482412 	0.068854155 	0.079186363 	1.0108969
0.00098492462 	0.068854155 	0.079186363 	1.0108969
0.0010050251 	0.063726042 	0.075443508 	1.0064471
0.0010251256 	0.063726042 	0.075443508 	1.0064471
0.0010452261 	0.063726042 	0.075443508 	1.0064471
0.0010653266 	0.058580666 	0.074249876 	1.0036579
0.0010854271 	0.058580666 	0.074249876 	1.0036579
0.0011055276 	0.058580666 	0.074249876 	1.0036579
0.0011256281 	0.054960763 	0.074869929 	1.0037033
0.0011457286 	0.054960763 	0.074869929 	1.0037033
0.0011658291 	0.052895097 	0.073122328 	1.0014247
0.0011859296 	0.047035444 	0.071848236 	0.99940298
0.0012060302 	0.047035444 	0.071848236 	0.99940298
0.0012261307 	0.047035444 	0.071848236 	0.99940298
0.0012462312 	0.041318802 	0.070317317 	0.99703928
0.0012663317 	0.043512538 	0.072110453 	1.0032129
0.0012864322 	0.043512538 	0.072110453 	1.0032129
0.0013065327 	0.038352791 	0.070387934 	1.0026051
0.0013266332 	0.038352791 	0.070387934 	1.0026051
0.0013467337 	0.038352791 	0.070387934 	1.0026051
0.0013668342 	0.034149115 	0.067213237 	1.0015297
0.0013869347 	0.034149115 	0.067213237 	1.0015297
0.0014070352 	0.034149115 	0.067213237 	1.0015297
0.0014271357 	0.031707735 	0.06052112 	1.0011522
0.0014472362 	0.02959472 	0.051351881 	0.99369641
0.0014673367 	0.02959472 	0.051351881 	0.99369641
0.0014874372 	0.027911468 	0.036933046 	0.99674861
0.0015075377 	0.031383169 	0.049254004 	1.0026858
0.0015276382 	0.031940401 	0.035503675 	1.005844
0.0015477387 	0.031940401 	0.035503675 	1.005844
0.0015678392 	0.031940401 	0.035503675 	1.005844
0.0015879397 	0.031360487 	0.023173563 	1.0092722
0.0016080402 	0.031360487 	0.023173563 	1.0092722
0.0016281407 	0.031360487 	0.023173563 	1.0092722
0.0016482412 	0.028488637 	0.014967743 	1.0119524
0.0016683417 	0.028488637 	0.014967743 	1.0119524
0.0016884422 	0.023516141 	0.011168165 	1.0136114
0.0017085427 	0.023516141 	0.011168165 	1.0136114
0.0017286432 	0.023516141 	0.011168165 	1.0136114
0.0017487437 	0.017354815 	0.010460168 	1.0143832
0.0017688442 	0.017354815 	0.010460168 	1.0143832
0.0017889447 	0.017354815 	0.010460168 	1.0143832
0.0018090452 	0.010945276 	0.011254592 	1.014484
0.0018291457 	0.010945276 	0.011254592 	1.014484
0.0018492462 	0.0049245549 	0.012501904 	1.0141635
0.0018693467 	0.0049245549 	0.012501904 	1.0141635
0.0018894472 	0.0049245549 	0.012501904 	1.0141635
0.0019095477 	-0.00042869011 	0.013787248 	1.0137396
0.0019296482 	-0.00042869011 	0.013787248 	1.0137396
0.0019497487 	-0.0050626173 	0.015092511 	1.0135974
0.0019698492 	-0.0050626173 	0.015092511 	1.0135974
0.0019899497 	-0.0090326624 	0.016573475 	1.014107
0.0020100503 	-0.0090326624 	0.016573475 	1.014107
0.0020301508 	-0.0090326624 	0.016573475 	1.014107
0.0020502513 	-0.01242542 	0.018382783 	1.0154335
0.0020703518 	-0.01242542 	0.018382783 	1.0154335
0.0020904523 	-0.015315108 	0.020582715 	1.0172989
0.0021105528 	-0.015315108 	0.020582715 	1.0172989
0.0021306533 	-0.015315108 	0.020582715 	1.0172989
0.0021507538 	-0.01772157 	0.023091453 	1.0188698
0.0021708543 	-0.01772157 	0.023091453 	1.0188698
0.0021909548 	-0.019602439 	0.025668752 	1.0189165
0.0022110553 	-0.019602439 	0.025668752 	1.0189165
0.0022311558 	-0.020862495 	0.027972831 	1.0161896
0.0022512563 	-0.020862495 	0.027972831 	1.0161896
0.0022713568 	-0.021417628 	0.029682269 	1.0098051
0.0022914573 	-0.021417628 	0.029682269 	1.0098051
0.0023115578 	-0.021417628 	0.029682269 	1.0098051
0.0023316583 	-0.021299013 	0.030632403 	0.99947007
0.0023517588 	-0.021299013 	0.030632403 	0.99947007
0.0023718593 	-0.020741327 	0.03090364 	0.9855617
0.0023919598 	-0.020741327 	0.03090364 	0.9855617
0.0024120603 	-0.020239817 	0.03083499 	0.96908807
0.0024321608 	-0.020239817 	0.03083499 	0.96908807
0.0024522613 	-0.020490656 	0.030991 	0.95154165
0.0024723618 	-0.020490656 	0.030991 	0.95154165
0.0024924623 	-0.022235702 	0.032069512 	0.93456616
0.0025125628 	-0.022235702 	0.032069512 	0.93456616
0.0025326633 	-0.026039659 	0.034685055 	0.91949643
0.0025527638 	-0.026039659 	0.034685055 	0.91949643
0.0025728643 	-0.032001847 	0.038980988 	0.90689472
0.0025929648 	-0.032001847 	0.038980988 	0.90689472
0.0026130653 	-0.039564655 	0.04426512 	0.89635273
0.0026331658 	-0.039564655 	0.04426512 	0.89635273
0.0026532663 	-0.047584924 	0.049130519 	0.88677676
0.0026733668 	-0.047584924 	0.049130519 	0.88677676
0.0026934673 	-0.054723678 	0.052115481 	0.87701308
0.0027135678 	-0.054723678 	0.052115481 	0.87701308
0.0027336683 	-0.059914015 	0.052304677 	0.86635441
0.0027537688 	-0.059914015 	0.052304677 	0.86635441
0.0027738693 	-0.062581733 	0.049425345 	0.85463586
0.0027939698 	-0.062581733 	0.049425345 	0.85463586
0.0028140704 	-0.062585344 	0.043610185 	0.84205059
0.0028341709 	-0.062585344 	0.043610185 	0.84205059
0.0028542714 	-0.060042495 	0.035169673 	0.82893045
0.0028743719 	-0.05517443 	0.024478351 	0.81560668
0.0028944724 	-0.05517443 	0.024478351 	0.81560668
0.0029145729 	-0.048236398 	0.011973159 	0.80235909
0.0029346734 	-0.048236398 	0.011973159 	0.80235909
0.0029547739 	-0.039485863 	-0.0018380507 	0.78936914
0.0029748744 	-0.039485863 	-0.0018380507 	0.78936914
0.0029949749 	-0.029145662 	-0.016283836 	0.7768052
0.0030150754 	-0.0175188 	-0.030536832 	0.76484962
0.0030351759 	-0.0175188 	-0.030536832 	0.76484962
0.0030552764 	-0.0050304921 	-0.043695725 	0.75374735
0.0030753769 	-0.0050304921 	-0.043695725 	0.75374735
0.0030954774 	0.0078174391 	-0.054931068 	0.74380801
0.0031155779 	0.020502038 	-0.063611672 	0.73537718
0.0031356784 	0.020502038 	-0.063611672 	0.73537718
0.0031557789 	0.032541656 	-0.069441493 	0.72870889
0.0031758794 	0.032541656 	-0.069441493 	0.72870889
0.0031959799 	0.043528472 	-0.072428285 	0.72388489
0.0032160804 	0.053178528 	-0.072869467 	0.72077869
0.0032361809 	0.053178528 	-0.072869467 	0.72077869
0.0032562814 	0.061348962 	-0.071273768 	0.71908612
0.0032763819 	0.068031468 	-0.068263186 	0.71839595
0.0032964824 	0.068031468 	-0.068263186 	0.71839595
0.0033165829 	0.073329704 	-0.064468021 	0.71826003
0.0033366834 	0.07742677 	-0.06043256 	0.71823715
0.0033567839 	0.07742677 	-0.06043256 	0.71823715
0.0033768844 	0.080544184 	-0.056547249 	0.71791375
0.0033969849 	0.082898252 	-0.053016059 	0.71693061
0.0034170854 	0.082898252 	-0.053016059 	0.71693061
0.0034371859 	0.084657996 	-0.049855803 	0.71503749
0.0034572864 	0.085914957 	-0.046922119 	0.71217442
0.0034773869 	0.08667026 	-0.043951428 	0.70854519
0.0034974874 	0.08667026 	-0.043951428 	0.70854519
0.0035175879 	0.086840625 	-0.040612509 	0.70463658
0.0035376884 	0.086288577 	-0.03656425 	0.7011513
0.0035577889 	0.084854002 	-0.031508687 	0.69886888
0.0035778894 	0.084854002 	-0.031508687 	0.69886888
0.0035979899 	0.082405092 	-0.025237848 	0.69848934
0.0036180905 	0.078832121 	-0.017688975 	0.70051534
0.003638191 	0.074095429 	-0.0090687616 	0.70523561
0.0036582915 	0.074095429 	-0.0090687616 	0.70523561
0.003678392 	0.068174585 	0.00010917546 	0.71277026
0.0036984925 	0.061045968 	0.0090408464 	0.72305421
0.003718593 	0.052785077 	0.016866013 	0.73550092
0.0037386935 	0.043659689 	0.023106266 	0.74818795
0.003758794 	0.03417487 	0.028081313 	0.75693458
0.0037788945 	0.03417487 	0.028081313 	0.75693458
0.003798995 	0.02514728 	0.032952828 	0.75531616
0.0038190955 	0.017512567 	0.039044561 	0.73647878
0.003839196 	0.011862031 	0.046617475 	0.69610305
0.0038592965 	0.0081379789 	0.054134296 	0.63437389
0.003879397 	0.0057725532 	0.059011076 	0.55535481
0.0038994975 	0.0041244305 	0.059318274 	0.46450932
0.003919598 	0.0027898588 	0.054668088 	0.36650179
0.0039396985 	0.0016398769 	0.045540917 	0.26440759
0.003959799 	0.00071662487 	0.032033528 	0.15994828
0.0039798995 	0.00010688386 	0.0131425 	0.053949219
0.004 	0.00010688386 	0.0131425 	0.053949219
