0 	-0.03656317 	0.028762262 	1.0030464
2.0100503e-05 	-0.03656317 	0.028762262 	1.0030464
4.0201005e-05 	-0.03656317 	0.028762262 	1.0030464
6.0301508e-05 	-0.043785433 	0.0089544428 	1.0005435
8.040201e-05 	-0.043785433 	0.0089544428 	1.0005435
0.00010050251 	-0.043785433 	0.0089544428 	1.0005435
0.00012060302 	-0.042751529 	0.0037920301 	0.9980133
0.00014070352 	-0.042751529 	0.0037920301 	0.9980133
0.00016080402 	-0.042751529 	0.0037920301 	0.9980133
0.00018090452 	-0.041110684 	-0.017387565 	0.9921144
0.00020100503 	-0.041110684 	-0.017387565 	0.9921144
0.00022110553 	-0.041110684 	-0.017387565 	0.9921144
0.00024120603 	-0.040506522 	-0.014609049 	0.98957564
0.00026130653 	-0.040151214 	0.0027273777 	0.99333479
0.00028140704 	-0.039290811 	0.0038074335 	0.99137843
0.00030150754 	-0.039290811 	0.0038074335 	0.99137843
0.00032160804 	-0.039290811 	0.0038074335 	0.99137843
0.00034170854 	-0.039757698 	-0.0094868778 	0.98584804
0.00036180905 	-0.039757698 	-0.0094868778 	0.98584804
0.00038190955 	-0.039757698 	-0.0094868778 	0.98584804
0.00040201005 	-0.038746122 	0.0069669861 	0.98805663
0.00042211055 	-0.038746122 	0.0069669861 	0.98805663
0.00044221106 	-0.038746122 	0.0069669861 	0.98805663
0.00046231156 	-0.039184077 	0.0086173941 	0.98635824
0.00048241206 	-0.039184077 	0.0086173941 	0.98635824
0.00050251256 	-0.040500997 	-0.003540407 	0.98104058
0.00052261307 	-0.040077815 	0.01006188 	0.98437338
0.00054271357 	-0.040077815 	0.01006188 	0.98437338
0.00056281407 	-0.041301557 	0.011102153 	0.98197306
0.00058291457 	-0.041301557 	0.011102153 	0.98197306
0.00060301508 	-0.041301557 	0.011102153 	0.98197306
0.00062311558 	-0.042661013 	0.011529644 	0.9791261
0.00064321608 	-0.042661013 	0.011529644 	0.9791261
0.00066331658 	-0.042661013 	0.011529644 	0.9791261
0.00068341709 	-0.043916656 	0.011174803 	0.97588717
0.00070351759 	-0.043916656 	0.011174803 	0.97588717
0.00072361809 	-0.042485973 	-0.002130814 	0.97004569
0.00074371859 	-0.042485973 	-0.002130814 	0.97004569
0.0007638191 	-0.042485973 	-0.002130814 	0.97004569
0.0007839196 	-0.042057418 	-0.0033846916 	0.96667643
0.0008040201 	-0.042057418 	-0.0033846916 	0.96667643
0.0008241206 	-0.042057418 	-0.0033846916 	0.96667643
0.00084422111 	-0.040947953 	-0.0052998503 	0.96332231
0.00086432161 	-0.040947953 	-0.0052998503 	0.96332231
0.00088442211 	-0.040947953 	-0.0052998503 	0.96332231
0.00090452261 	-0.039088005 	-0.0077459026 	0.96009589
0.00092462312 	-0.039088005 	-0.0077459026 	0.96009589
0.00094472362 	-0.036403442 	-0.010483894 	0.9570498
0.00096482412 	-0.036403442 	-0.010483894 	0.9570498
0.00098492462 	-0.036403442 	-0.010483894 	0.9570498
0.0010050251 	-0.0326958 	-0.013547779 	0.95401849
0.0010251256 	-0.0326958 	-0.013547779 	0.95401849
0.0010452261 	-0.0326958 	-0.013547779 	0.95401849
0.0010653266 	-0.027865613 	-0.016186161 	0.95127354
0.0010854271 	-0.027865613 	-0.016186161 	0.95127354
0.0011055276 	-0.027865613 	-0.016186161 	0.95127354
0.0011256281 	-0.022757009 	-0.017739398 	0.94880417
0.0011457286 	-0.022757009 	-0.017739398 	0.94880417
0.0011658291 	-0.022757009 	-0.017739398 	0.94880417
0.0011859296 	-0.017678591 	-0.017844022 	0.94663555
0.0012060302 	-0.017678591 	-0.017844022 	0.94663555
0.0012261307 	-0.028226552 	-0.01688184 	0.94215341
0.0012462312 	-0.013181423 	-0.016648132 	0.94454896
0.0012663317 	-0.013181423 	-0.016648132 	0.94454896
0.0012864322 	-0.013181423 	-0.016648132 	0.94454896
0.0013065327 	-0.0095494701 	-0.014542609 	0.9421946
0.0013266332 	-0.0095494701 	-0.014542609 	0.9421946
0.0013467337 	-0.022087362 	-0.01621418 	0.93375437
0.0013668342 	-0.020119591 	-0.014910524 	0.92855423
0.0013869347 	-0.0069049559 	-0.012026874 	0.93912955
0.0014070352 	-0.0069049559 	-0.012026874 	0.93912955
0.0014271357 	-0.005108049 	-0.0094836568 	0.93504376
0.0014472362 	-0.005108049 	-0.0094836568 	0.93504376
0.0014673367 	-0.005108049 	-0.0094836568 	0.93504376
0.0014874372 	-0.0038589947 	-0.007087048 	0.92988556
0.0015075377 	-0.0038589947 	-0.007087048 	0.92988556
0.0015276382 	-0.0027106684 	-0.0047911659 	0.92388948
0.0015477387 	-0.0027106684 	-0.0047911659 	0.92388948
0.0015678392 	-0.0027106684 	-0.0047911659 	0.92388948
0.0015879397 	-0.0012369485 	-0.0025174222 	0.91744065
0.0016080402 	-0.0012369485 	-0.0025174222 	0.91744065
0.0016281407 	-0.0012369485 	-0.0025174222 	0.91744065
0.0016482412 	0.00088920361 	-0.00011432032 	0.91100957
0.0016683417 	0.00088920361 	-0.00011432032 	0.91100957
0.0016884422 	0.0038605057 	0.0024617569 	0.905064
0.0017085427 	0.0038605057 	0.0024617569 	0.905064
0.0017286432 	0.0038605057 	0.0024617569 	0.905064
0.0017487437 	0.0077644015 	0.0052069125 	0.90009217
0.0017688442 	0.0077644015 	0.0052069125 	0.90009217
0.0017889447 	0.0077644015 	0.0052069125 	0.90009217
0.0018090452 	0.012336683 	0.0079950784 	0.89656566
0.0018291457 	0.012336683 	0.0079950784 	0.89656566
0.0018492462 	0.017260191 	0.01074218 	0.89483148
0.0018693467 	0.017260191 	0.01074218 	0.89483148
0.0018894472 	0.017260191 	0.01074218 	0.89483148
0.0019095477 	0.02220525 	0.013190375 	0.89501333
0.0019296482 	0.02220525 	0.013190375 	0.89501333
0.0019497487 	0.026826317 	0.015300485 	0.89698632
0.0019698492 	0.026826317 	0.015300485 	0.89698632
0.0019899497 	0.031202096 	0.016852577 	0.90043085
0.0020100503 	0.031202096 	0.016852577 	0.90043085
0.0020301508 	0.031202096 	0.016852577 	0.90043085
0.0020502513 	0.035473616 	0.017771323 	0.9049155
0.0020703518 	0.035473616 	0.017771323 	0.9049155
0.0020904523 	0.039817603 	0.018074633 	0.91001868
0.0021105528 	0.039817603 	0.018074633 	0.91001868
0.0021306533 	0.039817603 	0.018074633 	0.91001868
0.0021507538 	0.044522809 	0.017899791 	0.91540883
0.0021708543 	0.044522809 	0.017899791 	0.91540883
0.0021909548 	0.04973684 	0.017430108 	0.92085513
0.0022110553 	0.04973684 	0.017430108 	0.92085513
0.0022311558 	0.05543916 	0.016955754 	0.92620397
0.0022512563 	0.05543916 	0.016955754 	0.92620397
0.0022713568 	0.061623546 	0.016726557 	0.93138267
0.0022914573 	0.061623546 	0.016726557 	0.93138267
0.0023115578 	0.061623546 	0.016726557 	0.93138267
0.0023316583 	0.068268914 	0.016938672 	0.9363586
0.0023517588 	0.068268914 	0.016938672 	0.9363586
0.0023718593 	0.075223249 	0.017755271 	0.94114505
0.0023919598 	0.075223249 	0.017755271 	0.94114505
0.0024120603 	0.082226855 	0.019258356 	0.94580209
0.0024321608 	0.082226855 	0.019258356 	0.94580209
0.0024522613 	0.089201413 	0.021433423 	0.95043342
0.0024723618 	0.089201413 	0.021433423 	0.95043342
0.0024924623 	0.095945879 	0.024233096 	0.95519279
0.0025125628 	0.095945879 	0.024233096 	0.95519279
0.0025326633 	0.10213596 	0.027569716 	0.96022545
0.0025527638 	0.10213596 	0.027569716 	0.96022545
0.0025728643 	0.10763198 	0.031281407 	0.96561592
0.0025929648 	0.10763198 	0.031281407 	0.96561592
0.0026130653 	0.11230037 	0.03519029 	0.97134998
0.0026331658 	0.11230037 	0.03519029 	0.97134998
0.0026532663 	0.11603151 	0.039063067 	0.97730721
0.0026733668 	0.11603151 	0.039063067 	0.97730721
0.0026934673 	0.11878825 	0.042676239 	0.98324967
0.0027135678 	0.11878825 	0.042676239 	0.98324967
0.0027336683 	0.12056965 	0.04581771 	0.98890903
0.0027537688 	0.12056965 	0.04581771 	0.98890903
0.0027738693 	0.12141917 	0.048296529 	0.99401496
0.0027939698 	0.12141917 	0.048296529 	0.99401496
0.0028140704 	0.12140044 	0.049961119 	0.99833685
0.0028341709 	0.12140044 	0.049961119 	0.99833685
0.0028542714 	0.1205318 	0.050702905 	1.001718
0.0028743719 	0.11879786 	0.050453699 	1.0040517
0.0028944724 	0.11879786 	0.050453699 	1.0040517
0.0029145729 	0.11621389 	0.049181938 	1.0052855
0.0029346734 	0.11621389 	0.049181938 	1.0052855
0.0029547739 	0.11279972 	0.046894479 	1.0054256
0.0029748744 	0.11279972 	0.046894479 	1.0054256
0.0029949749 	0.1085915 	0.043635008 	1.0045285
0.0030150754 	0.10365016 	0.039499391 	1.0026879
0.0030351759 	0.10365016 	0.039499391 	1.0026879
0.0030552764 	0.098032226 	0.034620603 	1.0000415
0.0030753769 	0.098032226 	0.034620603 	1.0000415
0.0030954774 	0.091860247 	0.029184822 	0.99675003
0.0031155779 	0.085338485 	0.023434479 	0.99298689
0.0031356784 	0.085338485 	0.023434479 	0.99298689
0.0031557789 	0.078780772 	0.017702661 	0.98883937
0.0031758794 	0.078780772 	0.017702661 	0.98883937
0.0031959799 	0.072613966 	0.012424625 	0.98422248
0.0032160804 	0.067214914 	0.008054241 	0.97892034
0.0032361809 	0.067214914 	0.008054241 	0.97892034
0.0032562814 	0.06272415 	0.0049363026 	0.97283996
0.0032763819 	0.05896417 	0.0032841762 	0.96632766
0.0032964824 	0.05896417 	0.0032841762 	0.96632766
0.0033165829 	0.055536924 	0.0033615691 	0.96026781
0.0033366834 	0.052059093 	0.0056908895 	0.95573587
0.0033567839 	0.052059093 	0.0056908895 	0.95573587
0.0033768844 	0.04836622 	0.010918544 	0.9532572
0.0033969849 	0.044555285 	0.019251367 	0.95212647
0.0034170854 	0.044555285 	0.019251367 	0.95212647
0.0034371859 	0.040849229 	0.029892073 	0.95042033
0.0034572864 	0.037403164 	0.041032371 	0.94591597
0.0034773869 	0.03419962 	0.050401704 	0.93734706
0.0034974874 	0.03419962 	0.050401704 	0.93734706
0.0035175879 	0.031074153 	0.055912144 	0.92509712
0.0035376884 	0.027826868 	0.05598957 	0.91083113
0.0035577889 	0.024329856 	0.049651257 	0.8964264
0.0035778894 	0.024329856 	0.049651257 	0.8964264
0.0035979899 	0.020574157 	0.036662049 	0.88291825
0.0036180905 	0.016685366 	0.017891104 	0.8698703
0.003638191 	0.012878627 	-0.0043515583 	0.85518589
0.0036582915 	0.012878627 	-0.0043515583 	0.85518589
0.003678392 	0.0094261746 	-0.0264647 	0.83545025
0.0036984925 	0.0066581358 	-0.044339836 	0.80691998
0.003718593 	0.0048503495 	-0.054691018 	0.76684057
0.0037386935 	0.0040533377 	-0.056271324 	0.71456015
0.003758794 	0.0040307548 	-0.050263995 	0.65173269
0.0037788945 	0.0040307548 	-0.050263995 	0.65173269
0.003798995 	0.0043626493 	-0.039646968 	0.58147786
0.0038190955 	0.0046484221 	-0.02792216 	0.50719523
0.003839196 	0.0046606994 	-0.01786045 	0.43184162
0.0038592965 	0.0043585994 	-0.010827942 	0.35785184
0.003879397 	0.0037995935 	-0.0068345192 	0.28730631
0.0038994975 	0.0030507606 	-0.0050854198 	0.22189588
0.003919598 	0.0021770679 	-0.0045946307 	0.16263934
0.0039396985 	0.0012779469 	-0.0045061189 	0.1096567
0.003959799 	0.0005011878 	-0.0040424263 	0.062279546
0.0039798995 	4.3721269e-05 	-0.0022401596 	0.019517662
0.004 	4.3721269e-05 	-0.0022401596 	0.019517662
