0 	-0.010155502 	0.055520283 	1.024443
2.0100503e-05 	-0.056675745 	-0.0088119895 	1.0187374
4.0201005e-05 	-0.056675745 	-0.0088119895 	1.0187374
6.0301508e-05 	-0.048772459 	-0.031306845 	1.0130161
8.040201e-05 	-0.048772459 	-0.031306845 	1.0130161
0.00010050251 	-0.048772459 	-0.031306845 	1.0130161
0.00012060302 	-0.047134197 	-0.03414903 	1.0070331
0.00014070352 	-0.047134197 	-0.03414903 	1.0070331
0.00016080402 	-0.047134197 	-0.03414903 	1.0070331
0.00018090452 	-0.048208474 	-0.032826973 	1.0008195
0.00020100503 	-0.048208474 	-0.032826973 	1.0008195
0.00022110553 	-0.048208474 	-0.032826973 	1.0008195
0.00024120603 	-0.050398305 	-0.029920503 	0.99489552
0.00026130653 	-0.050398305 	-0.029920503 	0.99489552
0.00028140704 	-0.05300948 	-0.02634913 	0.99016021
0.00030150754 	-0.05300948 	-0.02634913 	0.99016021
0.00032160804 	-0.05300948 	-0.02634913 	0.99016021
0.00034170854 	-0.055718057 	-0.022234475 	0.98731359
0.00036180905 	-0.055718057 	-0.022234475 	0.98731359
0.00038190955 	-0.055718057 	-0.022234475 	0.98731359
0.00040201005 	-0.058463849 	-0.01704012 	0.98612454
0.00042211055 	-0.058463849 	-0.01704012 	0.98612454
0.00044221106 	-0.058463849 	-0.01704012 	0.98612454
0.00046231156 	-0.061316877 	-0.0099785743 	0.98534618
0.00048241206 	-0.061316877 	-0.0099785743 	0.98534618
0.00050251256 	-0.064309149 	-0.00067527542 	0.98372541
0.00052261307 	-0.064309149 	-0.00067527542 	0.98372541
0.00054271357 	-0.064309149 	-0.00067527542 	0.98372541
0.00056281407 	-0.067284321 	0.01030627 	0.98115199
0.00058291457 	-0.067284321 	0.01030627 	0.98115199
0.00060301508 	-0.067284321 	0.01030627 	0.98115199
0.00062311558 	-0.070003695 	0.021453354 	0.97850538
0.00064321608 	-0.070003695 	0.021453354 	0.97850538
0.00066331658 	-0.070003695 	0.021453354 	0.97850538
0.00068341709 	-0.072197824 	0.031206344 	0.97634293
0.00070351759 	-0.072197824 	0.031206344 	0.97634293
0.00072361809 	-0.07334799 	0.038480915 	0.97419555
0.00074371859 	-0.07334799 	0.038480915 	0.97419555
0.0007638191 	-0.07334799 	0.038480915 	0.97419555
0.0007839196 	-0.072790508 	0.042374115 	0.97100824
0.0008040201 	-0.072790508 	0.042374115 	0.97100824
0.0008241206 	-0.072790508 	0.042374115 	0.97100824
0.00084422111 	-0.069999529 	0.041851507 	0.96589851
0.00086432161 	-0.069999529 	0.041851507 	0.96589851
0.00088442211 	-0.069999529 	0.041851507 	0.96589851
0.00090452261 	-0.06484511 	0.0361866 	0.95858965
0.00092462312 	-0.06484511 	0.0361866 	0.95858965
0.00094472362 	-0.057817056 	0.025774052 	0.9497293
0.00096482412 	-0.057817056 	0.025774052 	0.9497293
0.00098492462 	-0.057817056 	0.025774052 	0.9497293
0.0010050251 	-0.060928223 	0.016866082 	0.9412496
0.0010251256 	-0.060928223 	0.016866082 	0.9412496
0.0010452261 	-0.060928223 	0.016866082 	0.9412496
0.0010653266 	-0.052828669 	0.0007134923 	0.92927013
0.0010854271 	-0.041488757 	-0.0035617496 	0.93301749
0.0011055276 	-0.041488757 	-0.0035617496 	0.93301749
0.0011256281 	-0.035723285 	-0.016385664 	0.92860126
0.0011457286 	-0.046589188 	-0.013889295 	0.9211688
0.0011658291 	-0.046589188 	-0.013889295 	0.9211688
0.0011859296 	-0.042616317 	-0.026015367 	0.91687708
0.0012060302 	-0.042616317 	-0.026015367 	0.91687708
0.0012261307 	-0.042616317 	-0.026015367 	0.91687708
0.0012462312 	-0.040237222 	-0.036392956 	0.91480759
0.0012663317 	-0.040237222 	-0.036392956 	0.91480759
0.0012864322 	-0.040237222 	-0.036392956 	0.91480759
0.0013065327 	-0.039246695 	-0.045334252 	0.91422014
0.0013266332 	-0.039246695 	-0.045334252 	0.91422014
0.0013467337 	-0.039246695 	-0.045334252 	0.91422014
0.0013668342 	-0.039509165 	-0.052792661 	0.9147858
0.0013869347 	-0.039509165 	-0.052792661 	0.9147858
0.0014070352 	-0.039509165 	-0.052792661 	0.9147858
0.0014271357 	-0.040842 	-0.058788452 	0.91600408
0.0014472362 	-0.040842 	-0.058788452 	0.91600408
0.0014673367 	-0.040842 	-0.058788452 	0.91600408
0.0014874372 	-0.043031429 	-0.063505454 	0.91711939
0.0015075377 	-0.043031429 	-0.063505454 	0.91711939
0.0015276382 	-0.045858033 	-0.067190813 	0.91741748
0.0015477387 	-0.045858033 	-0.067190813 	0.91741748
0.0015678392 	-0.045858033 	-0.067190813 	0.91741748
0.0015879397 	-0.049088907 	-0.070065976 	0.91646403
0.0016080402 	-0.049088907 	-0.070065976 	0.91646403
0.0016281407 	-0.049088907 	-0.070065976 	0.91646403
0.0016482412 	-0.052481984 	-0.072280469 	0.91411849
0.0016683417 	-0.052481984 	-0.072280469 	0.91411849
0.0016884422 	-0.055807076 	-0.073900833 	0.91040382
0.0017085427 	-0.055807076 	-0.073900833 	0.91040382
0.0017286432 	-0.055807076 	-0.073900833 	0.91040382
0.0017487437 	-0.058869412 	-0.074887988 	0.90538914
0.0017688442 	-0.058869412 	-0.074887988 	0.90538914
0.0017889447 	-0.058869412 	-0.074887988 	0.90538914
0.0018090452 	-0.061526683 	-0.075093491 	0.89922876
0.0018291457 	-0.061526683 	-0.075093491 	0.89922876
0.0018492462 	-0.063698823 	-0.074286541 	0.89233452
0.0018693467 	-0.063698823 	-0.074286541 	0.89233452
0.0018894472 	-0.063698823 	-0.074286541 	0.89233452
0.0019095477 	-0.065359302 	-0.072196644 	0.88545869
0.0019296482 	-0.065359302 	-0.072196644 	0.88545869
0.0019497487 	-0.066539285 	-0.06865964 	0.87950602
0.0019698492 	-0.066539285 	-0.06865964 	0.87950602
0.0019899497 	-0.066539285 	-0.06865964 	0.87950602
0.0020100503 	-0.067309963 	-0.063699401 	0.87514376
0.0020301508 	-0.067309963 	-0.063699401 	0.87514376
0.0020502513 	-0.067782548 	-0.057591245 	0.87250652
0.0020703518 	-0.067782548 	-0.057591245 	0.87250652
0.0020904523 	-0.068088045 	-0.050825775 	0.87116455
0.0021105528 	-0.068088045 	-0.050825775 	0.87116455
0.0021306533 	-0.068088045 	-0.050825775 	0.87116455
0.0021507538 	-0.068339289 	-0.043998122 	0.87039167
0.0021708543 	-0.068339289 	-0.043998122 	0.87039167
0.0021909548 	-0.068575968 	-0.037619333 	0.86949252
0.0022110553 	-0.068575968 	-0.037619333 	0.86949252
0.0022311558 	-0.068837202 	-0.031985674 	0.86797743
0.0022512563 	-0.068837202 	-0.031985674 	0.86797743
0.0022713568 	-0.069107805 	-0.027113011 	0.86565686
0.0022914573 	-0.069107805 	-0.027113011 	0.86565686
0.0023115578 	-0.069107805 	-0.027113011 	0.86565686
0.0023316583 	-0.069319286 	-0.02283372 	0.86257081
0.0023517588 	-0.069319286 	-0.02283372 	0.86257081
0.0023718593 	-0.069500697 	-0.018932076 	0.85892325
0.0023919598 	-0.069500697 	-0.018932076 	0.85892325
0.0024120603 	-0.0697202 	-0.015268293 	0.85501135
0.0024321608 	-0.0697202 	-0.015268293 	0.85501135
0.0024522613 	-0.069990109 	-0.011805073 	0.85115544
0.0024723618 	-0.069990109 	-0.011805073 	0.85115544
0.0024924623 	-0.070292877 	-0.0086156136 	0.8476652
0.0025125628 	-0.070292877 	-0.0086156136 	0.8476652
0.0025326633 	-0.070597989 	-0.0058199918 	0.84476012
0.0025527638 	-0.070597989 	-0.0058199918 	0.84476012
0.0025728643 	-0.070811163 	-0.0035107095 	0.84260274
0.0025929648 	-0.070811163 	-0.0035107095 	0.84260274
0.0026130653 	-0.070807721 	-0.0016925112 	0.84139009
0.0026331658 	-0.070807721 	-0.0016925112 	0.84139009
0.0026532663 	-0.07049895 	-0.00023585813 	0.84140806
0.0026733668 	-0.07049895 	-0.00023585813 	0.84140806
0.0026934673 	-0.069865932 	0.0010898093 	0.84300928
0.0027135678 	-0.069865932 	0.0010898093 	0.84300928
0.0027336683 	-0.068952804 	0.0025490429 	0.84648853
0.0027537688 	-0.068952804 	0.0025490429 	0.84648853
0.0027738693 	-0.067851506 	0.0043268043 	0.85194398
0.0027939698 	-0.067851506 	0.0043268043 	0.85194398
0.0028140704 	-0.066705161 	0.0064972718 	0.85919055
0.0028341709 	-0.066705161 	0.0064972718 	0.85919055
0.0028542714 	-0.065668079 	0.0090171534 	0.867748
0.0028743719 	-0.064886498 	0.011766091 	0.87691162
0.0028944724 	-0.064886498 	0.011766091 	0.87691162
0.0029145729 	-0.064467486 	0.014607409 	0.88587023
0.0029346734 	-0.064467486 	0.014607409 	0.88587023
0.0029547739 	-0.064447539 	0.017450083 	0.89388014
0.0029748744 	-0.064447539 	0.017450083 	0.89388014
0.0029949749 	-0.064768737 	0.020273832 	0.90047263
0.0030150754 	-0.065277142 	0.0231006 	0.90557607
0.0030351759 	-0.065277142 	0.0231006 	0.90557607
0.0030552764 	-0.065770285 	0.025946859 	0.9094793
0.0030753769 	-0.065770285 	0.025946859 	0.9094793
0.0030954774 	-0.066065517 	0.028793727 	0.91264562
0.0031155779 	-0.066057071 	0.031594515 	0.91550061
0.0031356784 	-0.066057071 	0.031594515 	0.91550061
0.0031557789 	-0.065725875 	0.034298324 	0.91831283
0.0031758794 	-0.065725875 	0.034298324 	0.91831283
0.0031959799 	-0.065106203 	0.036873065 	0.92117423
0.0032160804 	-0.064233685 	0.039316658 	0.92401531
0.0032361809 	-0.064233685 	0.039316658 	0.92401531
0.0032562814 	-0.06309731 	0.041646244 	0.92661759
0.0032763819 	-0.061620528 	0.043881557 	0.9286198
0.0032964824 	-0.061620528 	0.043881557 	0.9286198
0.0033165829 	-0.059680672 	0.046034326 	0.9295248
0.0033366834 	-0.05715822 	0.048115158 	0.92868998
0.0033567839 	-0.05715822 	0.048115158 	0.92868998
0.0033768844 	-0.05399502 	0.050154978 	0.92529293
0.0033969849 	-0.0502286 	0.052231252 	0.91827375
0.0034170854 	-0.0502286 	0.052231252 	0.91827375
0.0034371859 	-0.045974478 	0.05446689 	0.90630084
0.0034572864 	-0.041355576 	0.056974989 	0.88785601
0.0034773869 	-0.036416645 	0.059734902 	0.86153577
0.0034974874 	-0.036416645 	0.059734902 	0.86153577
0.0035175879 	-0.031104067 	0.062444601 	0.8265873
0.0035376884 	-0.025375149 	0.06444618 	0.78355973
0.0035577889 	-0.019401692 	0.064823469 	0.73476315
0.0035778894 	-0.019401692 	0.064823469 	0.73476315
0.0035979899 	-0.013694441 	0.062690521 	0.68406082
0.0036180905 	-0.0089854912 	0.057535284 	0.63572059
0.003638191 	-0.0058939077 	0.049399357 	0.59274646
0.0036582915 	-0.0058939077 	0.049399357 	0.59274646
0.003678392 	-0.0046034326 	0.038819824 	0.5556547
0.0036984925 	-0.0047773541 	0.026675926 	0.52242414
0.003718593 	-0.0057412222 	0.014071934 	0.48964635
0.0037386935 	-0.0067788384 	0.0022073479 	0.45420654
0.003758794 	-0.0073862936 	-0.0078507707 	0.41449548
0.0037788945 	-0.0073862936 	-0.0078507707 	0.41449548
0.003798995 	-0.0073806214 	-0.015395329 	0.37082687
0.0038190955 	-0.0068176246 	-0.020187257 	0.32493417
0.003839196 	-0.0058672929 	-0.022402849 	0.27904055
0.0038592965 	-0.0047368525 	-0.022468932 	0.23501158
0.003879397 	-0.0035976411 	-0.020880113 	0.19388858
0.0038994975 	-0.0025530014 	-0.018070554 	0.15582721
0.003919598 	-0.0016465316 	-0.014368648 	0.12030753
0.0039396985 	-0.00089647684 	-0.010044056 	0.086410594
0.003959799 	-0.00033402887 	-0.0054452962 	0.052983533
0.0039798995 	-2.6488881e-05 	-0.0012353145 	0.01862409
0.004 	-2.6488881e-05 	-0.0012353145 	0.01862409
